# ValueCount deltaRoads
10 0 0 0 0 0 0 0 0 0 0 0 0 0 0 0 0 0 0 0 0 0 0 
124 1 7 1 0 1 0 1 0 1 7 1 0 1 0 1 0 1 0 1 0 1 0 
126 2 8 2 0 2 0 2 0 2 7 2 0 2 8 2 0 2 0 2 0 2 0 
128 3 9 3 0 3 0 3 0 3 7 3 0 3 8 3 0 3 9 3 0 3 0 
130 4 6 4 0 4 0 4 0 4 7 4 0 4 8 4 0 4 9 4 0 4 6 
139 5 5 5 0 5 0 5 0 5 5 5 0 5 8 5 0 5 9 5 0 5 6 
142 6 7 6 0 6 0 6 0 6 5 6 0 6 8 6 7 6 9 6 0 6 6 
143 7 5 7 0 7 0 7 0 7 5 7 0 7 8 7 7 7 5 7 0 7 6 
154 8 4 8 0 8 0 8 0 8 4 8 0 8 8 8 7 8 5 8 0 8 6 
157 9 4.5 9 0 9 0 9 0 9 4 9 0 9 4 9 5 9 5 9 0 9 6 
158 10 4 10 0 10 0 10 0 10 4 10 0 10 4 10 5 10 4 10 0 10 6 
169 11 2 11 0 11 0 11 0 11 0 11 0 11 4 11 5 11 4 11 0 11 4 
171 12 0 12 0 12 0 12 0 12 0 12 0 12 0 12 5 12 4 12 0 12 4 
172 13 4 13 0 13 0 13 0 13 0 13 0 13 0 13 4 13 4 13 0 13 4 
173 14 0 14 0 14 0 14 0 14 0 14 0 14 0 14 4 14 0 14 0 14 4 
1957 15 3 15 0 15 0 15 0 15 0 15 0 15 0 15 6 15 0 15 0 15 0 
1972 16 8 16 0 16 0 16 0 16 0 16 0 16 0 16 8 16 0 16 0 16 0 
1987 17 6 17 0 17 0 17 0 17 0 17 0 17 0 17 6 17 0 17 0 17 0 
2002 18 8 18 0 18 0 18 0 18 0 18 0 18 0 18 8 18 0 18 0 18 0 
2047 19 6 19 0 19 0 19 0 19 0 19 0 19 0 19 6 19 0 19 0 19 0 
2062 20 8 20 0 20 0 20 0 20 0 20 0 20 0 20 8 20 0 20 0 20 0 
2077 21 7 21 0 21 0 21 0 21 0 21 0 21 0 21 7 21 0 21 0 21 0 
2107 22 5 22 0 22 0 22 0 22 0 22 0 22 0 22 5 22 0 22 0 22 0 
2122 23 162 23 0 23 0 23 0 23 0 23 0 23 0 23 162 23 0 23 0 23 0 
2137 24 7 24 0 24 0 24 0 24 0 24 0 24 0 24 7 24 0 24 0 24 0 
2152 25 2 25 0 25 0 25 0 25 0 25 0 25 0 25 2 25 0 25 0 25 0 
2167 26 0 26 0 26 0 26 0 26 0 26 0 26 0 26 0 26 0 26 0 26 0 
3670 27 8 27 0 27 0 27 0 27 0 27 0 27 0 27 0 27 0 27 0 27 8 
3700 28 10 28 0 28 0 28 0 28 0 28 0 28 0 28 0 28 0 28 0 28 10 
3715 29 8 29 0 29 0 29 0 29 0 29 0 29 0 29 0 29 0 29 0 29 8 
3760 30 27 30 0 30 0 30 0 30 0 30 0 30 0 30 0 30 0 30 0 30 27 
3771 31 2 31 0 31 0 31 0 31 0 31 0 31 2 31 0 31 0 31 0 31 27 
3775 32 5 32 0 32 0 32 0 32 0 32 0 32 2 32 0 32 0 32 0 32 5 
3786 33 8 33 0 33 0 33 0 33 0 33 0 33 8 33 0 33 0 33 0 33 5 
3831 34 7 34 0 34 0 34 0 34 0 34 0 34 6 34 0 34 0 34 0 34 8 
3835 35 6 35 0 35 0 35 0 35 0 35 0 35 6 35 0 35 0 35 0 35 6 
3846 36 10 36 0 36 0 36 0 36 0 36 0 36 10 36 0 36 0 36 0 36 6 
3850 37 8 37 0 37 0 37 0 37 0 37 0 37 10 37 0 37 0 37 0 37 8 
3861 38 26 38 0 38 0 38 0 38 0 38 0 38 26 38 0 38 0 38 0 38 8 
3865 39 9 39 0 39 0 39 0 39 0 39 0 39 26 39 0 39 0 39 0 39 9 
3876 40 8 40 0 40 0 40 0 40 0 40 0 40 8 40 0 40 0 40 0 40 9 
3880 41 7 41 0 41 0 41 0 41 0 41 0 41 8 41 0 41 0 41 0 41 7 
3891 42 6 42 0 42 0 42 0 42 0 42 0 42 6 42 0 42 0 42 0 42 7 
3895 43 8 43 0 43 0 43 0 43 0 43 0 43 6 43 0 43 0 43 0 43 8 
3952 44 1 44 0 44 0 44 0 44 0 44 0 44 6 44 1 44 0 44 0 44 8 
3955 45 5 45 0 45 0 45 0 45 0 45 0 45 6 45 1 45 0 45 0 45 5 
3966 46 8 46 0 46 0 46 0 46 0 46 0 46 8 46 1 46 0 46 0 46 5 
3967 47 0 47 0 47 0 47 0 47 0 47 0 47 8 47 0 47 0 47 0 47 5 
3970 48 8 48 0 48 0 48 0 48 0 48 0 48 8 48 0 48 0 48 0 48 8 
3985 49 0 49 0 49 0 49 0 49 0 49 0 49 8 49 0 49 0 49 0 49 0 
4026 50 9 50 0 50 0 50 0 50 0 50 0 50 9 50 0 50 0 50 0 50 0 
4041 51 7 51 0 51 0 51 0 51 0 51 0 51 7 51 0 51 0 51 0 51 0 
4056 52 0 52 0 52 0 52 0 52 0 52 0 52 0 52 0 52 0 52 0 52 0 
4086 53 2 53 0 53 0 53 0 53 0 53 0 53 2 53 0 53 0 53 0 53 0 
4101 54 5 54 0 54 0 54 0 54 0 54 0 54 5 54 0 54 0 54 0 54 0 
4116 55 35 55 0 55 0 55 0 55 0 55 0 55 35 55 0 55 0 55 0 55 0 
4131 56 0 56 0 56 0 56 0 56 0 56 0 56 0 56 0 56 0 56 0 56 0 
4165 57 6 57 0 57 0 57 0 57 0 57 0 57 0 57 0 57 0 57 0 57 6 
4180 58 26 58 0 58 0 58 0 58 0 58 0 58 0 58 0 58 0 58 0 58 26 
4195 59 5 59 0 59 0 59 0 59 0 59 0 59 0 59 0 59 0 59 0 59 5 
4210 60 3 60 0 60 0 60 0 60 0 60 0 60 0 60 0 60 0 60 0 60 3 
4225 61 0 61 0 61 0 61 0 61 0 61 0 61 0 61 0 61 0 61 0 61 0 
4507 62 1 62 0 62 0 62 0 62 0 62 0 62 0 62 1 62 0 62 0 62 0 
4522 63 0.5 63 0 63 0 63 0 63 0 63 0 63 0 63 0 63 0 63 0 63 1 
4525 64 0 64 0 64 0 64 0 64 0 64 0 64 0 64 0 64 0 64 0 64 0 
4973 65 8 65 0 65 0 65 0 65 0 65 0 65 0 65 0 65 8 65 0 65 0 
5003 66 6 66 0 66 0 66 0 66 0 66 0 66 0 66 0 66 6 66 0 66 0 
5018 67 10 67 0 67 0 67 0 67 0 67 0 67 0 67 0 67 10 67 0 67 0 
5033 68 8 68 0 68 0 68 0 68 0 68 0 68 0 68 0 68 8 68 0 68 0 
5063 69 6 69 0 69 0 69 0 69 0 69 0 69 0 69 0 69 6 69 0 69 0 
5078 70 8 70 0 70 0 70 0 70 0 70 0 70 0 70 0 70 8 70 0 70 0 
5093 71 10 71 0 71 0 71 0 71 0 71 0 71 0 71 0 71 10 71 0 71 0 
5108 72 8 72 0 72 0 72 0 72 0 72 0 72 0 72 0 72 8 72 0 72 0 
5123 73 6 73 0 73 0 73 0 73 0 73 0 73 0 73 0 73 6 73 0 73 0 
5138 74 8 74 0 74 0 74 0 74 0 74 0 74 0 74 0 74 8 74 0 74 0 
5183 75 6 75 0 75 0 75 0 75 0 75 0 75 0 75 0 75 6 75 0 75 0 
5198 76 10 76 0 76 0 76 0 76 0 76 0 76 0 76 0 76 10 76 0 76 0 
5213 77 8 77 0 77 0 77 0 77 0 77 0 77 0 77 0 77 8 77 0 77 0 
5228 78 4 78 0 78 0 78 0 78 0 78 0 78 0 78 0 78 4 78 0 78 0 
5243 79 0 79 0 79 0 79 0 79 0 79 0 79 0 79 0 79 0 79 0 79 0 
5915 80 6 80 0 80 0 80 0 80 0 80 6 80 0 80 0 80 0 80 0 80 0 
5930 81 4 81 0 81 0 81 0 81 0 81 4 81 0 81 0 81 0 81 0 81 0 
5945 82 6 82 0 82 0 82 0 82 0 82 6 82 0 82 0 82 0 82 0 82 0 
5960 83 0 83 0 83 0 83 0 83 0 83 0 83 0 83 0 83 0 83 0 83 0 
6092 84 4 84 0 84 4 84 0 84 0 84 0 84 0 84 0 84 0 84 0 84 0 
6122 85 7 85 0 85 7 85 0 85 0 85 0 85 0 85 0 85 0 85 0 85 0 
6137 86 1 86 0 86 1 86 0 86 0 86 0 86 0 86 0 86 0 86 0 86 0 
6152 87 0 87 0 87 0 87 0 87 0 87 0 87 0 87 0 87 0 87 0 87 0 
6409 88 4 88 0 88 0 88 0 88 4 88 0 88 0 88 0 88 0 88 0 88 0 
6424 89 8 89 0 89 0 89 0 89 8 89 0 89 0 89 0 89 0 89 0 89 0 
6439 90 6 90 0 90 0 90 0 90 6 90 0 90 0 90 0 90 0 90 0 90 0 
6454 91 10 91 0 91 0 91 0 91 10 91 0 91 0 91 0 91 0 91 0 91 0 
6484 92 8 92 0 92 0 92 0 92 8 92 0 92 0 92 0 92 0 92 0 92 0 
6499 93 6 93 0 93 0 93 0 93 6 93 0 93 0 93 0 93 0 93 0 93 0 
6514 94 8 94 0 94 0 94 0 94 8 94 0 94 0 94 0 94 0 94 0 94 0 
6544 95 10 95 0 95 0 95 0 95 10 95 0 95 0 95 0 95 0 95 0 95 0 
6559 96 6 96 0 96 0 96 0 96 6 96 0 96 0 96 0 96 0 96 0 96 0 
6574 97 8 97 0 97 0 97 0 97 8 97 0 97 0 97 0 97 0 97 0 97 0 
6619 98 6 98 0 98 0 98 0 98 6 98 0 98 0 98 0 98 0 98 0 98 0 
6634 99 10 99 0 99 0 99 0 99 10 99 0 99 0 99 0 99 0 99 0 99 0 
6649 100 8 100 0 100 0 100 0 100 8 100 0 100 0 100 0 100 0 100 0 100 0 
6679 101 6 101 0 101 0 101 0 101 6 101 0 101 0 101 0 101 0 101 0 101 0 
6694 102 8 102 0 102 0 102 0 102 8 102 0 102 0 102 0 102 0 102 0 102 0 
6724 103 26 103 0 103 0 103 0 103 26 103 0 103 0 103 0 103 0 103 0 103 0 
6739 104 4 104 0 104 0 104 0 104 4 104 0 104 0 104 0 104 0 104 0 104 0 
6754 105 0 105 0 105 0 105 0 105 0 105 0 105 0 105 0 105 0 105 0 105 0 
8991 106 6 106 0 106 0 106 0 106 0 106 0 106 6 106 0 106 0 106 0 106 0 
9006 107 8 107 0 107 0 107 0 107 0 107 0 107 8 107 0 107 0 107 0 107 0 
9021 108 6 108 0 108 0 108 0 108 0 108 0 108 6 108 0 108 0 108 0 108 0 
9036 109 0 109 0 109 0 109 0 109 0 109 0 109 0 109 0 109 0 109 0 109 0 
9212 110 6 110 0 110 6 110 0 110 0 110 0 110 0 110 0 110 0 110 0 110 0 
9242 111 8 111 0 111 8 111 0 111 0 111 0 111 0 111 0 111 0 111 0 111 0 
9272 112 42 112 0 112 42 112 0 112 0 112 0 112 0 112 0 112 0 112 0 112 0 
9287 113 6 113 0 113 6 113 0 113 0 113 0 113 0 113 0 113 0 113 0 113 0 
9302 114 8 114 0 114 8 114 0 114 0 114 0 114 0 114 0 114 0 114 0 114 0 
9347 115 6 115 0 115 6 115 0 115 0 115 0 115 0 115 0 115 0 115 0 115 0 
9362 116 10 116 0 116 10 116 0 116 0 116 0 116 0 116 0 116 0 116 0 116 0 
9377 117 8 117 0 117 8 117 0 117 0 117 0 117 0 117 0 117 0 117 0 117 0 
9385 118 6 118 0 118 8 118 0 118 0 118 0 118 0 118 0 118 0 118 0 118 6 
9415 119 5 119 0 119 6 119 0 119 0 119 0 119 0 119 0 119 0 119 0 119 4 
9422 120 10 120 0 120 10 120 0 120 0 120 0 120 0 120 0 120 0 120 0 120 4 
9430 121 0 121 0 121 10 121 0 121 0 121 0 121 0 121 0 121 0 121 0 121 0 
9437 122 8 122 0 122 8 122 0 122 0 122 0 122 0 122 0 122 0 122 0 122 0 
9452 123 0 123 0 123 0 123 0 123 0 123 0 123 0 123 0 123 0 123 0 123 0 
10103 124 4 124 0 124 0 124 0 124 0 124 0 124 0 124 0 124 4 124 0 124 0 
10118 125 6 125 0 125 0 125 0 125 0 125 0 125 0 125 0 125 6 125 0 125 0 
10148 126 0 126 0 126 0 126 0 126 0 126 0 126 0 126 0 126 0 126 0 126 0 
10780 127 8 127 0 127 0 127 0 127 0 127 0 127 0 127 0 127 0 127 0 127 8 
10795 128 6 128 0 128 0 128 0 128 0 128 0 128 0 128 0 128 0 128 0 128 6 
10810 129 26 129 0 129 0 129 0 129 0 129 0 129 0 129 0 129 0 129 0 129 26 
10840 130 9 130 0 130 0 130 0 130 0 130 0 130 0 130 0 130 0 130 0 130 9 
10855 131 6 131 0 131 0 131 0 131 0 131 0 131 0 131 0 131 0 131 0 131 6 
10870 132 7 132 0 132 0 132 0 132 0 132 0 132 0 132 0 132 0 132 0 132 7 
10885 133 8 133 0 133 0 133 0 133 0 133 0 133 0 133 0 133 0 133 0 133 8 
10898 134 4 134 0 134 0 134 0 134 0 134 0 134 0 134 0 134 4 134 0 134 8 
10913 135 8 135 0 135 0 135 0 135 0 135 0 135 0 135 0 135 8 135 0 135 8 
10915 136 6 136 0 136 0 136 0 136 0 136 0 136 0 136 0 136 8 136 0 136 6 
10930 137 8 137 0 137 0 137 0 137 0 137 0 137 0 137 0 137 8 137 0 137 8 
10943 138 6 138 0 138 0 138 0 138 0 138 0 138 0 138 0 138 6 138 0 138 8 
10958 139 8 139 0 139 0 139 0 139 0 139 0 139 0 139 0 139 8 139 0 139 8 
10960 140 0 140 0 140 0 140 0 140 0 140 0 140 0 140 0 140 8 140 0 140 0 
10973 141 9 141 0 141 0 141 0 141 0 141 0 141 0 141 0 141 9 141 0 141 0 
10988 142 7 142 0 142 0 142 0 142 0 142 0 142 0 142 0 142 7 142 0 142 0 
11003 143 6 143 0 143 0 143 0 143 0 143 0 143 0 143 0 143 6 143 0 143 0 
11018 144 8 144 0 144 0 144 0 144 0 144 0 144 0 144 0 144 8 144 0 144 0 
11063 145 2 145 0 145 0 145 0 145 0 145 0 145 0 145 0 145 2 145 0 145 0 
11078 146 0 146 0 146 0 146 0 146 0 146 0 146 0 146 0 146 0 146 0 146 0 
11990 147 6 147 0 147 0 147 0 147 0 147 6 147 0 147 0 147 0 147 0 147 0 
12005 148 8 148 0 148 0 148 0 148 0 148 8 148 0 148 0 148 0 148 0 148 0 
12020 149 9 149 0 149 0 149 0 149 0 149 9 149 0 149 0 149 0 149 0 149 0 
12035 150 5 150 0 150 0 150 0 150 0 150 5 150 0 150 0 150 0 150 0 150 0 
12050 151 8 151 0 151 0 151 0 151 0 151 8 151 0 151 0 151 0 151 0 151 0 
12080 152 27 152 0 152 0 152 0 152 0 152 27 152 0 152 0 152 0 152 0 152 0 
12095 153 5 153 0 153 0 153 0 153 0 153 5 153 0 153 0 153 0 153 0 153 0 
12099 154 4 154 0 154 0 154 0 154 0 154 5 154 0 154 0 154 0 154 4 154 0 
12110 155 10 155 0 155 0 155 0 155 0 155 10 155 0 155 0 155 0 155 4 155 0 
12114 156 6 156 0 156 0 156 0 156 0 156 10 156 0 156 0 156 0 156 6 156 0 
12125 157 8 157 0 157 0 157 0 157 0 157 8 157 0 157 0 157 0 157 6 157 0 
12144 158 0 158 0 158 0 158 0 158 0 158 8 158 0 158 0 158 0 158 0 158 0 
12200 159 26 159 0 159 0 159 0 159 0 159 26 159 0 159 0 159 0 159 0 159 0 
12215 160 8 160 0 160 0 160 0 160 0 160 8 160 0 160 0 160 0 160 0 160 0 
12275 161 6 161 0 161 0 161 0 161 0 161 6 161 0 161 0 161 0 161 0 161 0 
12290 162 8 162 0 162 0 162 0 162 0 162 8 162 0 162 0 162 0 162 0 162 0 
12305 163 6 163 0 163 0 163 0 163 0 163 6 163 0 163 0 163 0 163 0 163 0 
12320 164 0 164 0 164 0 164 0 164 0 164 0 164 0 164 0 164 0 164 0 164 0 
12474 165 8 165 0 165 0 165 0 165 0 165 0 165 0 165 0 165 0 165 8 165 0 
12504 166 10 166 0 166 0 166 0 166 0 166 0 166 0 166 0 166 0 166 10 166 0 
12519 167 6 167 0 167 0 167 0 167 0 167 0 167 0 167 0 167 0 167 6 167 0 
12534 168 8 168 0 168 0 168 0 168 0 168 0 168 0 168 0 168 0 168 8 168 0 
12562 169 2 169 0 169 0 169 0 169 0 169 0 169 0 169 2 169 0 169 8 169 0 
12564 170 4 170 0 170 0 170 0 170 0 170 0 170 0 170 2 170 0 170 4 170 0 
12579 171 2 171 0 171 0 171 0 171 0 171 0 171 0 171 4 171 0 171 0 171 0 
12592 172 6 172 0 172 0 172 0 172 0 172 0 172 0 172 6 172 0 172 0 172 0 
12607 173 2 173 0 173 0 173 0 173 0 173 0 173 0 173 2 173 0 173 0 173 0 
12622 174 0 174 0 174 0 174 0 174 0 174 0 174 0 174 0 174 0 174 0 174 0 
12783 175 6 175 0 175 0 175 6 175 0 175 0 175 0 175 0 175 0 175 0 175 0 
12813 176 4 176 0 176 0 176 4 176 0 176 0 176 0 176 0 176 0 176 0 176 0 
12828 177 0 177 0 177 0 177 0 177 0 177 0 177 0 177 0 177 0 177 0 177 0 
15411 178 6 178 0 178 0 178 0 178 0 178 0 178 6 178 0 178 0 178 0 178 0 
15426 179 9 179 0 179 0 179 0 179 0 179 0 179 9 179 0 179 0 179 0 179 0 
15441 180 137 180 0 180 0 180 0 180 0 180 0 180 137 180 0 180 0 180 0 180 0 
15456 181 8 181 0 181 0 181 0 181 0 181 0 181 8 181 0 181 0 181 0 181 0 
15471 182 5 182 0 182 0 182 0 182 0 182 0 182 5 182 0 182 0 182 0 182 0 
15486 183 7 183 0 183 0 183 0 183 0 183 0 183 7 183 0 183 0 183 0 183 0 
15501 184 66 184 0 184 0 184 0 184 0 184 0 184 66 184 0 184 0 184 0 184 0 
15516 185 8 185 0 185 0 185 0 185 0 185 0 185 8 185 0 185 0 185 0 185 0 
15531 186 6 186 0 186 0 186 0 186 0 186 0 186 6 186 0 186 0 186 0 186 0 
15546 187 8 187 0 187 0 187 0 187 0 187 0 187 8 187 0 187 0 187 0 187 0 
15561 188 9 188 0 188 0 188 0 188 0 188 0 188 9 188 0 188 0 188 0 188 0 
15576 189 7 189 0 189 0 189 0 189 0 189 0 189 7 189 0 189 0 189 0 189 0 
15591 190 6 190 0 190 0 190 0 190 0 190 0 190 6 190 0 190 0 190 0 190 0 
15606 191 8 191 0 191 0 191 0 191 0 191 0 191 8 191 0 191 0 191 0 191 0 
15651 192 6 192 0 192 0 192 0 192 0 192 0 192 6 192 0 192 0 192 0 192 0 
15662 193 2 193 0 193 2 193 0 193 0 193 0 193 6 193 0 193 0 193 0 193 0 
15666 194 4 194 0 194 2 194 0 194 0 194 0 194 4 194 0 194 0 194 0 194 0 
15677 195 0 195 0 195 0 195 0 195 0 195 0 195 4 195 0 195 0 195 0 195 0 
15757 196 1 196 0 196 0 196 0 196 0 196 0 196 0 196 2 196 0 196 0 196 0 
15772 197 8 197 0 197 0 197 0 197 0 197 0 197 0 197 8 197 0 197 0 197 0 
15787 198 6 198 0 198 0 198 0 198 0 198 0 198 0 198 6 198 0 198 0 198 0 
15802 199 10 199 0 199 0 199 0 199 0 199 0 199 0 199 10 199 0 199 0 199 0 
15817 200 5 200 0 200 0 200 0 200 0 200 0 200 0 200 5 200 0 200 0 200 0 
15832 201 29 201 0 201 0 201 0 201 0 201 0 201 0 201 29 201 0 201 0 201 0 
15835 202 3 202 0 202 0 202 0 202 0 202 0 202 0 202 29 202 0 202 0 202 3 
15847 203 6 203 0 203 0 203 0 203 0 203 0 203 0 203 6 203 0 203 0 203 3 
15850 204 5 204 0 204 0 204 0 204 0 204 0 204 0 204 6 204 0 204 0 204 5 
15862 205 8 205 0 205 0 205 0 205 0 205 0 205 0 205 8 205 0 205 0 205 5 
15865 206 4 206 0 206 0 206 0 206 0 206 0 206 0 206 8 206 0 206 0 206 4 
15880 207 0 207 0 207 0 207 0 207 0 207 0 207 0 207 8 207 0 207 0 207 0 
15907 208 6 208 0 208 0 208 0 208 0 208 0 208 0 208 6 208 0 208 0 208 0 
15922 209 8 209 0 209 0 209 0 209 0 209 0 209 0 209 8 209 0 209 0 209 0 
15937 210 9 210 0 210 0 210 0 210 0 210 0 210 0 210 9 210 0 210 0 210 0 
15938 211 6 211 0 211 0 211 0 211 0 211 0 211 0 211 9 211 6 211 0 211 0 
15952 212 7 212 0 212 0 212 0 212 0 212 0 212 0 212 7 212 6 212 0 212 0 
15967 213 6 213 0 213 0 213 0 213 0 213 0 213 0 213 6 213 6 213 0 213 0 
15968 214 4 214 0 214 0 214 0 214 0 214 0 214 0 214 6 214 4 214 0 214 0 
15983 215 2 215 0 215 0 215 0 215 0 215 0 215 0 215 4 215 0 215 0 215 0 
15997 216 0 216 0 216 0 216 0 216 0 216 0 216 0 216 0 216 0 216 0 216 0 
16291 217 4 217 4 217 0 217 0 217 0 217 0 217 0 217 0 217 0 217 0 217 0 
16321 218 -8 218 -8 218 0 218 0 218 0 218 0 218 0 218 0 218 0 218 0 218 0 
16336 219 0 219 0 219 0 219 0 219 0 219 0 219 0 219 0 219 0 219 0 219 0 
16741 220 6 220 6 220 0 220 0 220 0 220 0 220 0 220 0 220 0 220 0 220 0 
16756 221 4 221 4 221 0 221 0 221 0 221 0 221 0 221 0 221 0 221 0 221 0 
16765 222 2 222 4 222 0 222 0 222 0 222 0 222 0 222 0 222 0 222 0 222 2 
16780 223 1 223 2 223 0 223 0 223 0 223 0 223 0 223 0 223 0 223 0 223 0 
16786 224 0 224 0 224 0 224 0 224 0 224 0 224 0 224 0 224 0 224 0 224 0 
17180 225 2 225 0 225 0 225 0 225 0 225 2 225 0 225 0 225 0 225 0 225 0 
17195 226 5 226 0 226 0 226 0 226 0 226 5 226 0 226 0 226 0 226 0 226 0 
17225 227 4 227 0 227 0 227 0 227 0 227 4 227 0 227 0 227 0 227 0 227 0 
17240 228 0 228 0 228 0 228 0 228 0 228 0 228 0 228 0 228 0 228 0 228 0 
17314 229 6 229 0 229 0 229 0 229 6 229 0 229 0 229 0 229 0 229 0 229 0 
17344 230 4 230 0 230 0 230 0 230 4 230 0 230 0 230 0 230 0 230 0 230 0 
17359 231 0 231 0 231 0 231 0 231 0 231 0 231 0 231 0 231 0 231 0 231 0 
17439 232 2 232 0 232 0 232 0 232 0 232 0 232 0 232 0 232 0 232 2 232 0 
17454 233 6 233 0 233 0 233 0 233 0 233 0 233 0 233 0 233 0 233 6 233 0 
17469 234 7 234 0 234 0 234 0 234 0 234 0 234 0 234 0 234 0 234 7 234 0 
17484 235 1 235 0 235 0 235 0 235 0 235 0 235 0 235 0 235 0 235 1 235 0 
17499 236 0 236 0 236 0 236 0 236 0 236 0 236 0 236 0 236 0 236 0 236 0 
17538 237 6 237 0 237 0 237 6 237 0 237 0 237 0 237 0 237 0 237 0 237 0 
17553 238 8 238 0 238 0 238 8 238 0 238 0 238 0 238 0 238 0 238 0 238 0 
17568 239 10 239 0 239 0 239 10 239 0 239 0 239 0 239 0 239 0 239 0 239 0 
17583 240 6 240 0 240 0 240 6 240 0 240 0 240 0 240 0 240 0 240 0 240 0 
17598 241 8 241 0 241 0 241 8 241 0 241 0 241 0 241 0 241 0 241 0 241 0 
17643 242 6 242 0 242 0 242 6 242 0 242 0 242 0 242 0 242 0 242 0 242 0 
17658 243 8 243 0 243 0 243 8 243 0 243 0 243 0 243 0 243 0 243 0 243 0 
17673 244 115 244 0 244 0 244 115 244 0 244 0 244 0 244 0 244 0 244 0 244 0 
17688 245 7 245 0 245 0 245 7 245 0 245 0 245 0 245 0 245 0 245 0 245 0 
17703 246 6 246 0 246 0 246 6 246 0 246 0 246 0 246 0 246 0 246 0 246 0 
17718 247 8 247 0 247 0 247 8 247 0 247 0 247 0 247 0 247 0 247 0 247 0 
17733 248 50 248 0 248 0 248 50 248 0 248 0 248 0 248 0 248 0 248 0 248 0 
17748 249 8 249 0 249 0 249 8 249 0 249 0 249 0 249 0 249 0 249 0 249 0 
17763 250 6 250 0 250 0 250 6 250 0 250 0 250 0 250 0 250 0 250 0 250 0 
17778 251 8 251 0 251 0 251 8 251 0 251 0 251 0 251 0 251 0 251 0 251 0 
17808 252 2 252 0 252 0 252 2 252 0 252 0 252 0 252 0 252 0 252 0 252 0 
17823 253 0 253 0 253 0 253 0 253 0 253 0 253 0 253 0 253 0 253 0 253 0 
18010 254 7 254 0 254 0 254 0 254 0 254 0 254 0 254 0 254 0 254 0 254 7 
18025 255 9 255 0 255 0 255 0 255 0 255 0 255 0 255 0 255 0 255 0 255 9 
18055 256 6 256 0 256 0 256 0 256 0 256 0 256 0 256 0 256 0 256 0 256 6 
18070 257 8 257 0 257 0 257 0 257 0 257 0 257 0 257 0 257 0 257 0 257 8 
18085 258 37 258 0 258 0 258 0 258 0 258 0 258 0 258 0 258 0 258 0 258 37 
18100 259 7 259 0 259 0 259 0 259 0 259 0 259 0 259 0 259 0 259 0 259 7 
18115 260 6 260 0 260 0 260 0 260 0 260 0 260 0 260 0 260 0 260 0 260 6 
18130 261 8 261 0 261 0 261 0 261 0 261 0 261 0 261 0 261 0 261 0 261 8 
18145 262 9 262 0 262 0 262 0 262 0 262 0 262 0 262 0 262 0 262 0 262 9 
18160 263 7 263 0 263 0 263 0 263 0 263 0 263 0 263 0 263 0 263 0 263 7 
18175 264 6 264 0 264 0 264 0 264 0 264 0 264 0 264 0 264 0 264 0 264 6 
18190 265 2 265 0 265 0 265 0 265 0 265 0 265 0 265 0 265 0 265 0 265 2 
18205 266 0 266 0 266 0 266 0 266 0 266 0 266 0 266 0 266 0 266 0 266 0 
18796 267 2 267 2 267 0 267 0 267 0 267 0 267 0 267 0 267 0 267 0 267 0 
18800 268 1 268 2 268 0 268 0 268 0 268 1 268 0 268 0 268 0 268 0 268 0 
18811 269 6 269 6 269 0 269 0 269 0 269 1 269 0 269 0 269 0 269 0 269 0 
18815 270 5 270 6 270 0 270 0 270 0 270 5 270 0 270 0 270 0 270 0 270 0 
18817 271 1 271 6 271 0 271 0 271 0 271 5 271 0 271 1 271 0 271 0 271 0 
18826 272 8 272 8 272 0 272 0 272 0 272 5 272 0 272 1 272 0 272 0 272 0 
18830 273 2 273 8 273 0 273 0 273 0 273 2 273 0 273 1 273 0 273 0 273 0 
18832 274 0 274 8 274 0 274 0 274 0 274 2 274 0 274 0 274 0 274 0 274 0 
18856 275 17 275 34 275 0 275 0 275 0 275 0 275 0 275 0 275 0 275 0 275 0 
18871 276 6 276 6 276 0 276 0 276 0 276 0 276 0 276 0 276 0 276 0 276 0 
18886 277 8 277 8 277 0 277 0 277 0 277 0 277 0 277 0 277 0 277 0 277 0 
18910 278 1 278 8 278 0 278 0 278 0 278 0 278 0 278 0 278 0 278 0 278 1 
18916 279 5 279 5 279 0 279 0 279 0 279 0 279 0 279 0 279 0 279 0 279 1 
18922 280 1 280 5 280 0 280 0 280 0 280 0 280 0 280 1 280 0 280 0 280 1 
18931 281 0 281 0 281 0 281 0 281 0 281 0 281 0 281 1 281 0 281 0 281 1 
19013 282 2 282 0 282 0 282 0 282 0 282 0 282 0 282 0 282 6 282 0 282 0 
19028 283 8 283 0 283 0 283 0 283 0 283 0 283 0 283 0 283 8 283 0 283 0 
19043 284 6 284 0 284 0 284 0 284 0 284 0 284 0 284 0 284 6 284 0 284 0 
19058 285 10 285 0 285 0 285 0 285 0 285 0 285 0 285 0 285 10 285 0 285 0 
19073 286 8 286 0 286 0 286 0 286 0 286 0 286 0 286 0 286 8 286 0 286 0 
19103 287 6 287 0 287 0 287 0 287 0 287 0 287 0 287 0 287 6 287 0 287 0 
19118 288 8 288 0 288 0 288 0 288 0 288 0 288 0 288 0 288 8 288 0 288 0 
19148 289 10 289 0 289 0 289 0 289 0 289 0 289 0 289 0 289 10 289 0 289 0 
19163 290 32 290 0 290 0 290 0 290 0 290 0 290 0 290 0 290 32 290 0 290 0 
19178 291 9 291 0 291 0 291 0 291 0 291 0 291 0 291 0 291 9 291 0 291 0 
19193 292 7 292 0 292 0 292 0 292 0 292 0 292 0 292 0 292 7 292 0 292 0 
19208 293 8 293 0 293 0 293 0 293 0 293 0 293 0 293 0 293 8 293 0 293 0 
19223 294 6 294 0 294 0 294 0 294 0 294 0 294 0 294 0 294 6 294 0 294 0 
19238 295 8 295 0 295 0 295 0 295 0 295 0 295 0 295 0 295 8 295 0 295 0 
19283 296 6 296 0 296 0 296 0 296 0 296 0 296 0 296 0 296 6 296 0 296 0 
19298 297 4 297 0 297 0 297 0 297 0 297 0 297 0 297 0 297 4 297 0 297 0 
19313 298 0 298 0 298 0 298 0 298 0 298 0 298 0 298 0 298 0 298 0 298 0 
20184 299 8 299 0 299 0 299 0 299 0 299 0 299 0 299 0 299 0 299 8 299 0 
20199 300 6 300 0 300 0 300 0 300 0 300 0 300 0 300 0 300 0 300 6 300 0 
20214 301 5 301 0 301 0 301 0 301 0 301 0 301 0 301 0 301 0 301 5 301 0 
20229 302 28 302 0 302 0 302 0 302 0 302 0 302 0 302 0 302 0 302 28 302 0 
20239 303 2 303 0 303 0 303 0 303 2 303 0 303 0 303 0 303 0 303 28 303 0 
20244 304 7 304 0 304 0 304 0 304 2 304 0 304 0 304 0 304 0 304 7 304 0 
20254 305 0 305 0 305 0 305 0 305 0 305 0 305 0 305 0 305 0 305 7 305 0 
20259 306 6 306 0 306 0 306 0 306 0 306 0 306 0 306 0 306 0 306 6 306 0 
20274 307 9 307 0 307 0 307 0 307 0 307 0 307 0 307 0 307 0 307 9 307 0 
20289 308 7 308 0 308 0 308 0 308 0 308 0 308 0 308 0 308 0 308 7 308 0 
20304 309 8 309 0 309 0 309 0 309 0 309 0 309 0 309 0 309 0 309 8 309 0 
20319 310 6 310 0 310 0 310 0 310 0 310 0 310 0 310 0 310 0 310 6 310 0 
20334 311 8 311 0 311 0 311 0 311 0 311 0 311 0 311 0 311 0 311 8 311 0 
20379 312 6 312 0 312 0 312 0 312 0 312 0 312 0 312 0 312 0 312 6 312 0 
20394 313 4 313 0 313 0 313 0 313 0 313 0 313 0 313 0 313 0 313 4 313 0 
20409 314 0 314 0 314 0 314 0 314 0 314 0 314 0 314 0 314 0 314 0 314 0 
20974 315 4 315 0 315 0 315 0 315 4 315 0 315 0 315 0 315 0 315 0 315 0 
20989 316 8 316 0 316 0 316 0 316 8 316 0 316 0 316 0 316 0 316 0 316 0 
21019 317 6 317 0 317 0 317 0 317 6 317 0 317 0 317 0 317 0 317 0 317 0 
21034 318 8 318 0 318 0 318 0 318 8 318 0 318 0 318 0 318 0 318 0 318 0 
21079 319 6 319 0 319 0 319 0 319 6 319 0 319 0 319 0 319 0 319 0 319 0 
21094 320 8 320 0 320 0 320 0 320 8 320 0 320 0 320 0 320 0 320 0 320 0 
21139 321 6 321 0 321 0 321 0 321 6 321 0 321 0 321 0 321 0 321 0 321 0 
21154 322 8 322 0 322 0 322 0 322 8 322 0 322 0 322 0 322 0 322 0 322 0 
21199 323 6 323 0 323 0 323 0 323 6 323 0 323 0 323 0 323 0 323 0 323 0 
21214 324 8 324 0 324 0 324 0 324 8 324 0 324 0 324 0 324 0 324 0 324 0 
21259 325 0 325 0 325 0 325 0 325 0 325 0 325 0 325 0 325 0 325 0 325 0 
23806 326 4 326 4 326 0 326 0 326 0 326 0 326 0 326 0 326 0 326 0 326 0 
23836 327 -8 327 -8 327 0 327 0 327 0 327 0 327 0 327 0 327 0 327 0 327 0 
23851 328 0 328 0 328 0 328 0 328 0 328 0 328 0 328 0 328 0 328 0 328 0 
24256 329 6 329 6 329 0 329 0 329 0 329 0 329 0 329 0 329 0 329 0 329 0 
24271 330 2 330 2 330 0 330 0 330 0 330 0 330 0 330 0 330 0 330 0 330 0 
24286 331 7 331 7 331 0 331 0 331 0 331 0 331 0 331 0 331 0 331 0 331 0 
24301 332 1 332 1 332 0 332 0 332 0 332 0 332 0 332 0 332 0 332 0 332 0 
24316 333 0 333 0 333 0 333 0 333 0 333 0 333 0 333 0 333 0 333 0 333 0 
25036 334 4 334 4 334 0 334 0 334 0 334 0 334 0 334 0 334 0 334 0 334 0 
25051 335 6 335 6 335 0 335 0 335 0 335 0 335 0 335 0 335 0 335 0 335 0 
25066 336 8 336 8 336 0 336 0 336 0 336 0 336 0 336 0 336 0 336 0 336 0 
25081 337 10 337 10 337 0 337 0 337 0 337 0 337 0 337 0 337 0 337 0 337 0 
25096 338 9 338 9 338 0 338 0 338 0 338 0 338 0 338 0 338 0 338 0 338 0 
25111 339 5 339 5 339 0 339 0 339 0 339 0 339 0 339 0 339 0 339 0 339 0 
25126 340 8 340 8 340 0 340 0 340 0 340 0 340 0 340 0 340 0 340 0 340 0 
25156 341 10 341 10 341 0 341 0 341 0 341 0 341 0 341 0 341 0 341 0 341 0 
25171 342 7 342 7 342 0 342 0 342 0 342 0 342 0 342 0 342 0 342 0 342 0 
25186 343 1 343 1 343 0 343 0 343 0 343 0 343 0 343 0 343 0 343 0 343 0 
25201 344 0 344 0 344 0 344 0 344 0 344 0 344 0 344 0 344 0 344 0 344 0 
25269 345 4 345 0 345 0 345 0 345 0 345 0 345 0 345 0 345 0 345 4 345 0 
25295 346 2 346 0 346 0 346 0 346 0 346 2 346 0 346 0 346 0 346 4 346 0 
25299 347 3 347 0 347 0 347 0 347 0 347 2 347 0 347 0 347 0 347 3 347 0 
25310 348 0 348 0 348 0 348 0 348 0 348 0 348 0 348 0 348 0 348 3 348 0 
25314 349 1 349 0 349 0 349 0 349 0 349 0 349 0 349 0 349 0 349 1 349 0 
25329 350 0 350 0 350 0 350 0 350 0 350 0 350 0 350 0 350 0 350 0 350 0 
26134 351 4 351 0 351 0 351 0 351 4 351 0 351 0 351 0 351 0 351 0 351 0 
26149 352 3 352 0 352 0 352 0 352 3 352 0 352 0 352 0 352 0 352 0 352 0 
26179 353 0 353 0 353 0 353 0 353 0 353 0 353 0 353 0 353 0 353 0 353 0 
