# ValueCount deltaRoads
10 0 0 0 0 0 0 0 0 0 0 0 0 0 0 0 0 0 0 0 0 0 0 
128 1 7 1 0 1 0 1 0 1 0 1 0 1 0 1 0 1 7 1 0 1 0 
143 2 5 2 0 2 0 2 0 2 0 2 0 2 0 2 0 2 5 2 0 2 0 
158 3 4 3 0 3 0 3 0 3 0 3 0 3 0 3 0 3 4 3 0 3 0 
173 4 0 4 0 4 0 4 0 4 0 4 0 4 0 4 0 4 0 4 0 4 0 
4283 5 2 5 0 5 0 5 0 5 0 5 0 5 0 5 0 5 2 5 0 5 0 
4298 6 8 6 0 6 0 6 0 6 0 6 0 6 0 6 0 6 8 6 0 6 0 
4313 7 9 7 0 7 0 7 0 7 0 7 0 7 0 7 0 7 9 7 0 7 0 
4328 8 8 8 0 8 0 8 0 8 0 8 0 8 0 8 0 8 8 8 0 8 0 
4343 9 7 9 0 9 0 9 0 9 0 9 0 9 0 9 0 9 7 9 0 9 0 
4358 10 9 10 0 10 0 10 0 10 0 10 0 10 0 10 0 10 9 10 0 10 0 
4373 11 8 11 0 11 0 11 0 11 0 11 0 11 0 11 0 11 8 11 0 11 0 
4403 12 6 12 0 12 0 12 0 12 0 12 0 12 0 12 0 12 6 12 0 12 0 
4418 13 8 13 0 13 0 13 0 13 0 13 0 13 0 13 0 13 8 13 0 13 0 
4463 14 6 14 0 14 0 14 0 14 0 14 0 14 0 14 0 14 6 14 0 14 0 
4478 15 8 15 0 15 0 15 0 15 0 15 0 15 0 15 0 15 8 15 0 15 0 
4508 16 51 16 0 16 0 16 0 16 0 16 0 16 0 16 0 16 51 16 0 16 0 
4523 17 6 17 0 17 0 17 0 17 0 17 0 17 0 17 0 17 6 17 0 17 0 
4538 18 8 18 0 18 0 18 0 18 0 18 0 18 0 18 0 18 8 18 0 18 0 
4583 19 2 19 0 19 0 19 0 19 0 19 0 19 0 19 0 19 2 19 0 19 0 
4598 20 0 20 0 20 0 20 0 20 0 20 0 20 0 20 0 20 0 20 0 20 0 
6111 21 6 21 0 21 0 21 0 21 0 21 0 21 6 21 0 21 0 21 0 21 0 
6126 22 4 22 0 22 0 22 0 22 0 22 0 22 4 22 0 22 0 22 0 22 0 
6141 23 6 23 0 23 0 23 0 23 0 23 0 23 6 23 0 23 0 23 0 23 0 
6156 24 0 24 0 24 0 24 0 24 0 24 0 24 0 24 0 24 0 24 0 24 0 
6693 25 6 25 0 25 0 25 6 25 0 25 0 25 0 25 0 25 0 25 0 25 0 
6708 26 4 26 0 26 0 26 4 26 0 26 0 26 0 26 0 26 0 26 0 26 0 
6723 27 5 27 0 27 0 27 5 27 0 27 0 27 0 27 0 27 0 27 0 27 0 
6738 28 1 28 0 28 0 28 1 28 0 28 0 28 0 28 0 28 0 28 0 28 0 
6753 29 0 29 0 29 0 29 0 29 0 29 0 29 0 29 0 29 0 29 0 29 0 
7818 30 9 30 0 30 0 30 9 30 0 30 0 30 0 30 0 30 0 30 0 30 0 
7833 31 10 31 0 31 0 31 10 31 0 31 0 31 0 31 0 31 0 31 0 31 0 
7848 32 8 32 0 32 0 32 8 32 0 32 0 32 0 32 0 32 0 32 0 32 0 
7863 33 6 33 0 33 0 33 6 33 0 33 0 33 0 33 0 33 0 33 0 33 0 
7878 34 8 34 0 34 0 34 8 34 0 34 0 34 0 34 0 34 0 34 0 34 0 
7923 35 7 35 0 35 0 35 7 35 0 35 0 35 0 35 0 35 0 35 0 35 0 
7938 36 8 36 0 36 0 36 8 36 0 36 0 36 0 36 0 36 0 36 0 36 0 
7941 37 5 37 0 37 0 37 8 37 0 37 0 37 5 37 0 37 0 37 0 37 0 
7953 38 6 38 0 38 0 38 6 38 0 38 0 38 5 38 0 38 0 38 0 38 0 
7956 39 7 39 0 39 0 39 6 39 0 39 0 39 7 39 0 39 0 39 0 39 0 
7968 40 2 40 0 40 0 40 2 40 0 40 0 40 7 40 0 40 0 40 0 40 0 
7971 41 6 41 0 41 0 41 2 41 0 41 0 41 6 41 0 41 0 41 0 41 0 
7983 42 0 42 0 42 0 42 0 42 0 42 0 42 6 42 0 42 0 42 0 42 0 
7986 43 8 43 0 43 0 43 0 43 0 43 0 43 8 43 0 43 0 43 0 43 0 
8016 44 9 44 0 44 0 44 0 44 0 44 0 44 9 44 0 44 0 44 0 44 0 
8031 45 6 45 0 45 0 45 0 45 0 45 0 45 6 45 0 45 0 45 0 45 0 
8046 46 8 46 0 46 0 46 0 46 0 46 0 46 8 46 0 46 0 46 0 46 0 
8076 47 35 47 0 47 0 47 0 47 0 47 0 47 35 47 0 47 0 47 0 47 0 
8091 48 4 48 0 48 0 48 0 48 0 48 0 48 4 48 0 48 0 48 0 48 0 
8106 49 3 49 0 49 0 49 0 49 0 49 0 49 3 49 0 49 0 49 0 49 0 
8121 50 0 50 0 50 0 50 0 50 0 50 0 50 0 50 0 50 0 50 0 50 0 
9458 51 4 51 0 51 0 51 0 51 0 51 0 51 0 51 0 51 4 51 0 51 0 
9488 52 7 52 0 52 0 52 0 52 0 52 0 52 0 52 0 52 7 52 0 52 0 
9503 53 1 53 0 53 0 53 0 53 0 53 0 53 0 53 0 53 1 53 0 53 0 
9518 54 0 54 0 54 0 54 0 54 0 54 0 54 0 54 0 54 0 54 0 54 0 
10269 55 4 55 0 55 0 55 0 55 0 55 0 55 0 55 0 55 0 55 4 55 0 
10299 56 -6 56 0 56 0 56 0 56 0 56 0 56 0 56 0 56 0 56 -6 56 0 
10314 57 -2 57 0 57 0 57 0 57 0 57 0 57 0 57 0 57 0 57 -2 57 0 
10329 58 0 58 0 58 0 58 0 58 0 58 0 58 0 58 0 58 0 58 0 58 0 
10734 59 7 59 0 59 0 59 0 59 0 59 0 59 0 59 0 59 0 59 7 59 0 
10749 60 -3 60 0 60 0 60 0 60 0 60 0 60 0 60 0 60 0 60 -3 60 0 
10764 61 -4 61 0 61 0 61 0 61 0 61 0 61 0 61 0 61 0 61 -4 61 0 
10779 62 0 62 0 62 0 62 0 62 0 62 0 62 0 62 0 62 0 62 0 62 0 
11453 63 2 63 0 63 0 63 0 63 0 63 0 63 0 63 0 63 2 63 0 63 0 
11468 64 8 64 0 64 0 64 0 64 0 64 0 64 0 64 0 64 8 64 0 64 0 
11483 65 6 65 0 65 0 65 0 65 0 65 0 65 0 65 0 65 6 65 0 65 0 
11498 66 8 66 0 66 0 66 0 66 0 66 0 66 0 66 0 66 8 66 0 66 0 
11513 67 9 67 0 67 0 67 0 67 0 67 0 67 0 67 0 67 9 67 0 67 0 
11528 68 5 68 0 68 0 68 0 68 0 68 0 68 0 68 0 68 5 68 0 68 0 
11543 69 6 69 0 69 0 69 0 69 0 69 0 69 0 69 0 69 6 69 0 69 0 
11558 70 8 70 0 70 0 70 0 70 0 70 0 70 0 70 0 70 8 70 0 70 0 
11603 71 6 71 0 71 0 71 0 71 0 71 0 71 0 71 0 71 6 71 0 71 0 
11618 72 8 72 0 72 0 72 0 72 0 72 0 72 0 72 0 72 8 72 0 72 0 
11633 73 2 73 0 73 0 73 0 73 0 73 0 73 0 73 0 73 2 73 0 73 0 
11648 74 0 74 0 74 0 74 0 74 0 74 0 74 0 74 0 74 0 74 0 74 0 
11911 75 4 75 4 75 0 75 0 75 0 75 0 75 0 75 0 75 0 75 0 75 0 
11941 76 -8 76 -8 76 0 76 0 76 0 76 0 76 0 76 0 76 0 76 0 76 0 
11956 77 0 77 0 77 0 77 0 77 0 77 0 77 0 77 0 77 0 77 0 77 0 
12981 78 4 78 0 78 0 78 0 78 0 78 0 78 4 78 0 78 0 78 0 78 0 
13011 79 -6 79 0 79 0 79 0 79 0 79 0 79 -6 79 0 79 0 79 0 79 0 
13026 80 -2 80 0 80 0 80 0 80 0 80 0 80 -2 80 0 80 0 80 0 80 0 
13041 81 0 81 0 81 0 81 0 81 0 81 0 81 0 81 0 81 0 81 0 81 0 
13570 82 6 82 0 82 0 82 0 82 0 82 0 82 0 82 0 82 0 82 0 82 6 
13600 83 4 83 0 83 0 83 0 83 0 83 0 83 0 83 0 83 0 83 0 83 4 
13615 84 0 84 0 84 0 84 0 84 0 84 0 84 0 84 0 84 0 84 0 84 0 
15790 85 2 85 0 85 0 85 0 85 0 85 0 85 0 85 0 85 0 85 0 85 2 
15805 86 8 86 0 86 0 86 0 86 0 86 0 86 0 86 0 86 0 86 0 86 8 
15835 87 6 87 0 87 0 87 0 87 0 87 0 87 0 87 0 87 0 87 0 87 6 
15850 88 8 88 0 88 0 88 0 88 0 88 0 88 0 88 0 88 0 88 0 88 8 
15895 89 7 89 0 89 0 89 0 89 0 89 0 89 0 89 0 89 0 89 0 89 7 
15910 90 8 90 0 90 0 90 0 90 0 90 0 90 0 90 0 90 0 90 0 90 8 
15940 91 42 91 0 91 0 91 0 91 0 91 0 91 0 91 0 91 0 91 0 91 42 
15955 92 6 92 0 92 0 92 0 92 0 92 0 92 0 92 0 92 0 92 0 92 6 
15970 93 8 93 0 93 0 93 0 93 0 93 0 93 0 93 0 93 0 93 0 93 8 
16015 94 6 94 0 94 0 94 0 94 0 94 0 94 0 94 0 94 0 94 0 94 6 
16030 95 9 95 0 95 0 95 0 95 0 95 0 95 0 95 0 95 0 95 0 95 9 
16045 96 8 96 0 96 0 96 0 96 0 96 0 96 0 96 0 96 0 96 0 96 8 
16060 97 2 97 0 97 0 97 0 97 0 97 0 97 0 97 0 97 0 97 0 97 2 
16075 98 0 98 0 98 0 98 0 98 0 98 0 98 0 98 0 98 0 98 0 98 0 
17401 99 6 99 6 99 0 99 0 99 0 99 0 99 0 99 0 99 0 99 0 99 0 
17431 100 4 100 4 100 0 100 0 100 0 100 0 100 0 100 0 100 0 100 0 100 0 
17446 101 0 101 0 101 0 101 0 101 0 101 0 101 0 101 0 101 0 101 0 101 0 
19322 102 6 102 0 102 6 102 0 102 0 102 0 102 0 102 0 102 0 102 0 102 0 
19337 103 4 103 0 103 4 103 0 103 0 103 0 103 0 103 0 103 0 103 0 103 0 
19367 104 0 104 0 104 0 104 0 104 0 104 0 104 0 104 0 104 0 104 0 104 0 
19411 105 2 105 2 105 0 105 0 105 0 105 0 105 0 105 0 105 0 105 0 105 0 
19426 106 8 106 8 106 0 106 0 106 0 106 0 106 0 106 0 106 0 106 0 106 0 
19471 107 6 107 6 107 0 107 0 107 0 107 0 107 0 107 0 107 0 107 0 107 0 
19486 108 8 108 8 108 0 108 0 108 0 108 0 108 0 108 0 108 0 108 0 108 0 
19516 109 9 109 9 109 0 109 0 109 0 109 0 109 0 109 0 109 0 109 0 109 0 
19531 110 6 110 6 110 0 110 0 110 0 110 0 110 0 110 0 110 0 110 0 110 0 
19546 111 8 111 8 111 0 111 0 111 0 111 0 111 0 111 0 111 0 111 0 111 0 
19561 112 9 112 9 112 0 112 0 112 0 112 0 112 0 112 0 112 0 112 0 112 0 
19576 113 8 113 8 113 0 113 0 113 0 113 0 113 0 113 0 113 0 113 0 113 0 
19585 114 2 114 8 114 0 114 0 114 0 114 0 114 0 114 0 114 0 114 0 114 2 
19600 115 1 115 2 115 0 115 0 115 0 115 0 115 0 115 0 115 0 115 0 115 0 
19606 116 0 116 0 116 0 116 0 116 0 116 0 116 0 116 0 116 0 116 0 116 0 
19684 117 4 117 0 117 0 117 0 117 4 117 0 117 0 117 0 117 0 117 0 117 0 
19714 118 8 118 0 118 0 118 0 118 8 118 0 118 0 118 0 118 0 118 0 118 0 
19729 119 1 119 0 119 0 119 0 119 1 119 0 119 0 119 0 119 0 119 0 119 0 
19744 120 0 120 0 120 0 120 0 120 0 120 0 120 0 120 0 120 0 120 0 120 0 
19957 121 7 121 0 121 0 121 0 121 0 121 0 121 0 121 7 121 0 121 0 121 0 
19987 122 2 122 0 122 0 122 0 122 0 122 0 122 0 122 2 122 0 122 0 122 0 
20002 123 0 123 0 123 0 123 0 123 0 123 0 123 0 123 0 123 0 123 0 123 0 
20524 124 2 124 0 124 0 124 0 124 2 124 0 124 0 124 0 124 0 124 0 124 0 
20539 125 6 125 0 125 0 125 0 125 6 125 0 125 0 125 0 125 0 125 0 125 0 
20554 126 8 126 0 126 0 126 0 126 8 126 0 126 0 126 0 126 0 126 0 126 0 
20599 127 6 127 0 127 0 127 0 127 6 127 0 127 0 127 0 127 0 127 0 127 0 
20614 128 9 128 0 128 0 128 0 128 9 128 0 128 0 128 0 128 0 128 0 128 0 
20629 129 27 129 0 129 0 129 0 129 27 129 0 129 0 129 0 129 0 129 0 129 0 
20644 130 7 130 0 130 0 130 0 130 7 130 0 130 0 130 0 130 0 130 0 130 0 
20659 131 6 131 0 131 0 131 0 131 6 131 0 131 0 131 0 131 0 131 0 131 0 
20674 132 9 132 0 132 0 132 0 132 9 132 0 132 0 132 0 132 0 132 0 132 0 
20689 133 8 133 0 133 0 133 0 133 8 133 0 133 0 133 0 133 0 133 0 133 0 
20719 134 6 134 0 134 0 134 0 134 6 134 0 134 0 134 0 134 0 134 0 134 0 
20734 135 4 135 0 135 0 135 0 135 4 135 0 135 0 135 0 135 0 135 0 135 0 
20749 136 0 136 0 136 0 136 0 136 0 136 0 136 0 136 0 136 0 136 0 136 0 
20777 137 6 137 0 137 6 137 0 137 0 137 0 137 0 137 0 137 0 137 0 137 0 
20792 138 8 138 0 138 8 138 0 138 0 138 0 138 0 138 0 138 0 138 0 138 0 
20807 139 6 139 0 139 6 139 0 139 0 139 0 139 0 139 0 139 0 139 0 139 0 
20822 140 8 140 0 140 8 140 0 140 0 140 0 140 0 140 0 140 0 140 0 140 0 
20852 141 37 141 0 141 37 141 0 141 0 141 0 141 0 141 0 141 0 141 0 141 0 
20867 142 5 142 0 142 5 142 0 142 0 142 0 142 0 142 0 142 0 142 0 142 0 
20897 143 37 143 0 143 37 143 0 143 0 143 0 143 0 143 0 143 0 143 0 143 0 
20912 144 9 144 0 144 9 144 0 144 0 144 0 144 0 144 0 144 0 144 0 144 0 
20927 145 6 145 0 145 6 145 0 145 0 145 0 145 0 145 0 145 0 145 0 145 0 
20942 146 5 146 0 146 5 146 0 146 0 146 0 146 0 146 0 146 0 146 0 146 0 
20957 147 0 147 0 147 0 147 0 147 0 147 0 147 0 147 0 147 0 147 0 147 0 
21037 148 2 148 0 148 0 148 0 148 0 148 0 148 0 148 2 148 0 148 0 148 0 
21052 149 8 149 0 149 0 149 0 149 0 149 0 149 0 149 8 149 0 149 0 149 0 
21067 150 6 150 0 150 0 150 0 150 0 150 0 150 0 150 6 150 0 150 0 150 0 
21082 151 8 151 0 151 0 151 0 151 0 151 0 151 0 151 8 151 0 151 0 151 0 
21127 152 6 152 0 152 0 152 0 152 0 152 0 152 0 152 6 152 0 152 0 152 0 
21142 153 8 153 0 153 0 153 0 153 0 153 0 153 0 153 8 153 0 153 0 153 0 
21157 154 5 154 0 154 0 154 0 154 0 154 0 154 0 154 5 154 0 154 0 154 0 
21172 155 29 155 0 155 0 155 0 155 0 155 0 155 0 155 29 155 0 155 0 155 0 
21187 156 6 156 0 156 0 156 0 156 0 156 0 156 0 156 6 156 0 156 0 156 0 
21202 157 8 157 0 157 0 157 0 157 0 157 0 157 0 157 8 157 0 157 0 157 0 
21247 158 6 158 0 158 0 158 0 158 0 158 0 158 0 158 6 158 0 158 0 158 0 
21262 159 8 159 0 159 0 159 0 159 0 159 0 159 0 159 8 159 0 159 0 159 0 
21277 160 9 160 0 160 0 160 0 160 0 160 0 160 0 160 9 160 0 160 0 160 0 
21290 161 4 161 0 161 0 161 0 161 0 161 4 161 0 161 9 161 0 161 0 161 0 
21292 162 6 162 0 162 0 162 0 162 0 162 4 162 0 162 6 162 0 162 0 162 0 
21307 163 3 163 0 163 0 163 0 163 0 163 6 163 0 163 0 163 0 163 0 163 0 
21335 164 0 164 0 164 0 164 0 164 0 164 0 164 0 164 0 164 0 164 0 164 0 
23330 165 5 165 0 165 0 165 0 165 0 165 5 165 0 165 0 165 0 165 0 165 0 
23345 166 26 166 0 166 0 166 0 166 0 166 26 166 0 166 0 166 0 166 0 166 0 
23360 167 8 167 0 167 0 167 0 167 0 167 8 167 0 167 0 167 0 167 0 167 0 
23375 168 7 168 0 168 0 168 0 168 0 168 7 168 0 168 0 168 0 168 0 168 0 
23390 169 8 169 0 169 0 169 0 169 0 169 8 169 0 169 0 169 0 169 0 169 0 
23404 170 2 170 0 170 0 170 0 170 2 170 8 170 0 170 0 170 0 170 0 170 0 
23405 171 6 171 0 171 0 171 0 171 2 171 6 171 0 171 0 171 0 171 0 171 0 
23419 172 0 172 0 172 0 172 0 172 0 172 6 172 0 172 0 172 0 172 0 172 0 
23420 173 5 173 0 173 0 173 0 173 0 173 5 173 0 173 0 173 0 173 0 173 0 
23435 174 0 174 0 174 0 174 0 174 0 174 0 174 0 174 0 174 0 174 0 174 0 
23585 175 25 175 0 175 0 175 0 175 0 175 25 175 0 175 0 175 0 175 0 175 0 
23600 176 8 176 0 176 0 176 0 176 0 176 8 176 0 176 0 176 0 176 0 176 0 
23615 177 6 177 0 177 0 177 0 177 0 177 6 177 0 177 0 177 0 177 0 177 0 
23645 178 0 178 0 178 0 178 0 178 0 178 0 178 0 178 0 178 0 178 0 178 0 
25624 179 7 179 0 179 0 179 0 179 7 179 0 179 0 179 0 179 0 179 0 179 0 
25639 180 3 180 0 180 0 180 0 180 3 180 0 180 0 180 0 180 0 180 0 180 0 
25654 181 6 181 0 181 0 181 0 181 6 181 0 181 0 181 0 181 0 181 0 181 0 
25669 182 3 182 0 182 0 182 0 182 0 182 0 182 6 182 0 182 0 182 0 182 0 
25671 183 4 183 0 183 0 183 0 183 0 183 0 183 4 183 0 183 0 183 0 183 0 
25686 184 6 184 0 184 0 184 0 184 0 184 0 184 6 184 0 184 0 184 0 184 0 
25701 185 0 185 0 185 0 185 0 185 0 185 0 185 0 185 0 185 0 185 0 185 0 
25817 186 6 186 0 186 6 186 0 186 0 186 0 186 0 186 0 186 0 186 0 186 0 
25847 187 4 187 0 187 4 187 0 187 0 187 0 187 0 187 0 187 0 187 0 187 0 
25862 188 0 188 0 188 0 188 0 188 0 188 0 188 0 188 0 188 0 188 0 188 0 
26342 189 4 189 0 189 4 189 0 189 0 189 0 189 0 189 0 189 0 189 0 189 0 
26357 190 8 190 0 190 8 190 0 190 0 190 0 190 0 190 0 190 0 190 0 190 0 
26387 191 6 191 0 191 6 191 0 191 0 191 0 191 0 191 0 191 0 191 0 191 0 
26402 192 8 192 0 192 8 192 0 192 0 192 0 192 0 192 0 192 0 192 0 192 0 
26417 193 9 193 0 193 9 193 0 193 0 193 0 193 0 193 0 193 0 193 0 193 0 
26432 194 8 194 0 194 8 194 0 194 0 194 0 194 0 194 0 194 0 194 0 194 0 
26447 195 6 195 0 195 6 195 0 195 0 195 0 195 0 195 0 195 0 195 0 195 0 
26462 196 8 196 0 196 8 196 0 196 0 196 0 196 0 196 0 196 0 196 0 196 0 
26477 197 4 197 0 197 4 197 0 197 0 197 0 197 0 197 0 197 0 197 0 197 0 
26492 198 0 198 0 198 0 198 0 198 0 198 0 198 0 198 0 198 0 198 0 198 0 
