# ValueCount deltaRoads
10 0 0 0 0 0 0 0 0 0 0 0 0 0 0 0 0 0 0 0 0 0 0 
121 1 6 1 6 1 0 1 0 1 0 1 0 1 0 1 0 1 0 1 0 1 0 
128 2 7 2 6 2 0 2 0 2 0 2 0 2 0 2 0 2 7 2 0 2 0 
129 3 6 3 6 3 0 3 0 3 0 3 0 3 0 3 0 3 7 3 6 3 0 
140 4 7 4 6 4 0 4 0 4 0 4 7 4 0 4 0 4 7 4 6 4 0 
143 5 5 5 6 5 0 5 0 5 0 5 7 5 0 5 0 5 5 5 6 5 0 
151 6 4 6 4 6 0 6 0 6 0 6 7 6 0 6 0 6 5 6 6 6 0 
155 7 3 7 4 7 0 7 0 7 0 7 3 7 0 7 0 7 5 7 6 7 0 
158 8 4 8 4 8 0 8 0 8 0 8 3 8 0 8 0 8 4 8 6 8 0 
166 9 2 9 0 9 0 9 0 9 0 9 3 9 0 9 0 9 4 9 4 9 0 
170 10 6 10 0 10 0 10 0 10 0 10 6 10 0 10 0 10 4 10 4 10 0 
173 11 0 11 0 11 0 11 0 11 0 11 6 11 0 11 0 11 0 11 4 11 0 
625 12 2 12 0 12 0 12 0 12 0 12 0 12 0 12 0 12 0 12 0 12 6 
655 13 4 13 0 13 0 13 0 13 0 13 0 13 0 13 0 13 0 13 0 13 4 
670 14 0 14 0 14 0 14 0 14 0 14 0 14 0 14 0 14 0 14 0 14 0 
894 15 2 15 0 15 0 15 0 15 0 15 0 15 0 15 0 15 0 15 2 15 0 
909 16 8 16 0 16 0 16 0 16 0 16 0 16 0 16 0 16 0 16 8 16 0 
939 17 16 17 0 17 0 17 0 17 0 17 0 17 0 17 0 17 0 17 16 17 0 
954 18 8 18 0 18 0 18 0 18 0 18 0 18 0 18 0 18 0 18 8 18 0 
999 19 6 19 0 19 0 19 0 19 0 19 0 19 0 19 0 19 0 19 6 19 0 
1014 20 8 20 0 20 0 20 0 20 0 20 0 20 0 20 0 20 0 20 8 20 0 
1059 21 16 21 0 21 0 21 0 21 0 21 0 21 0 21 0 21 0 21 16 21 0 
1074 22 8 22 0 22 0 22 0 22 0 22 0 22 0 22 0 22 0 22 8 22 0 
1104 23 26 23 0 23 0 23 0 23 0 23 0 23 0 23 0 23 0 23 26 23 0 
1119 24 2 24 0 24 0 24 0 24 0 24 0 24 0 24 0 24 0 24 2 24 0 
1134 25 0 25 0 25 0 25 0 25 0 25 0 25 0 25 0 25 0 25 0 25 0 
2135 26 4 26 0 26 0 26 0 26 0 26 4 26 0 26 0 26 0 26 0 26 0 
2150 27 8 27 0 27 0 27 0 27 0 27 8 27 0 27 0 27 0 27 0 27 0 
2195 28 6 28 0 28 0 28 0 28 0 28 6 28 0 28 0 28 0 28 0 28 0 
2210 29 18 29 0 29 0 29 0 29 0 29 18 29 0 29 0 29 0 29 0 29 0 
2225 30 8 30 0 30 0 30 0 30 0 30 8 30 0 30 0 30 0 30 0 30 0 
2255 31 6 31 0 31 0 31 0 31 0 31 6 31 0 31 0 31 0 31 0 31 0 
2270 32 18 32 0 32 0 32 0 32 0 32 18 32 0 32 0 32 0 32 0 32 0 
2285 33 8 33 0 33 0 33 0 33 0 33 8 33 0 33 0 33 0 33 0 33 0 
2300 34 26 34 0 34 0 34 0 34 0 34 26 34 0 34 0 34 0 34 0 34 0 
2315 35 16 35 0 35 0 35 0 35 0 35 16 35 0 35 0 35 0 35 0 35 0 
2330 36 8 36 0 36 0 36 0 36 0 36 8 36 0 36 0 36 0 36 0 36 0 
2345 37 6 37 0 37 0 37 0 37 0 37 6 37 0 37 0 37 0 37 0 37 0 
2360 38 0 38 0 38 0 38 0 38 0 38 0 38 0 38 0 38 0 38 0 38 0 
2723 39 2 39 0 39 0 39 0 39 0 39 0 39 0 39 0 39 2 39 0 39 0 
2738 40 8 40 0 40 0 40 0 40 0 40 0 40 0 40 0 40 8 40 0 40 0 
2783 41 6 41 0 41 0 41 0 41 0 41 0 41 0 41 0 41 6 41 0 41 0 
2798 42 8 42 0 42 0 42 0 42 0 42 0 42 0 42 0 42 8 42 0 42 0 
2843 43 6 43 0 43 0 43 0 43 0 43 0 43 0 43 0 43 6 43 0 43 0 
2858 44 8 44 0 44 0 44 0 44 0 44 0 44 0 44 0 44 8 44 0 44 0 
2888 45 34 45 0 45 0 45 0 45 0 45 0 45 0 45 0 45 34 45 0 45 0 
2903 46 6 46 0 46 0 46 0 46 0 46 0 46 0 46 0 46 6 46 0 46 0 
2918 47 8 47 0 47 0 47 0 47 0 47 0 47 0 47 0 47 8 47 0 47 0 
2963 48 5 48 0 48 0 48 0 48 0 48 0 48 0 48 0 48 5 48 0 48 0 
2978 49 7 49 0 49 0 49 0 49 0 49 0 49 0 49 0 49 7 49 0 49 0 
2993 50 8 50 0 50 0 50 0 50 0 50 0 50 0 50 0 50 8 50 0 50 0 
3023 51 0 51 0 51 0 51 0 51 0 51 0 51 0 51 0 51 0 51 0 51 0 
4366 52 8 52 8 52 0 52 0 52 0 52 0 52 0 52 0 52 0 52 0 52 0 
4411 53 6 53 6 53 0 53 0 53 0 53 0 53 0 53 0 53 0 53 0 53 0 
4426 54 8 54 8 54 0 54 0 54 0 54 0 54 0 54 0 54 0 54 0 54 0 
4471 55 6 55 6 55 0 55 0 55 0 55 0 55 0 55 0 55 0 55 0 55 0 
4486 56 18 56 18 56 0 56 0 56 0 56 0 56 0 56 0 56 0 56 0 56 0 
4501 57 8 57 8 57 0 57 0 57 0 57 0 57 0 57 0 57 0 57 0 57 0 
4531 58 6 58 6 58 0 58 0 58 0 58 0 58 0 58 0 58 0 58 0 58 0 
4546 59 8 59 8 59 0 59 0 59 0 59 0 59 0 59 0 59 0 59 0 59 0 
4576 60 6 60 6 60 0 60 0 60 0 60 0 60 0 60 0 60 0 60 0 60 0 
4606 61 8 61 8 61 0 61 0 61 0 61 0 61 0 61 0 61 0 61 0 61 0 
4621 62 4 62 4 62 0 62 0 62 0 62 0 62 0 62 0 62 0 62 0 62 0 
4636 63 0 63 0 63 0 63 0 63 0 63 0 63 0 63 0 63 0 63 0 63 0 
5883 64 2 64 0 64 0 64 2 64 0 64 0 64 0 64 0 64 0 64 0 64 0 
5898 65 6 65 0 65 0 65 6 65 0 65 0 65 0 65 0 65 0 65 0 65 0 
5913 66 7 66 0 66 0 66 7 66 0 66 0 66 0 66 0 66 0 66 0 66 0 
5928 67 1 67 0 67 0 67 1 67 0 67 0 67 0 67 0 67 0 67 0 67 0 
5943 68 0 68 0 68 0 68 0 68 0 68 0 68 0 68 0 68 0 68 0 68 0 
6258 69 6 69 0 69 0 69 6 69 0 69 0 69 0 69 0 69 0 69 0 69 0 
6271 70 2 70 2 70 0 70 6 70 0 70 0 70 0 70 0 70 0 70 0 70 0 
6286 71 1 71 0 71 0 71 2 71 0 71 0 71 0 71 0 71 0 71 0 71 0 
6288 72 0 72 0 72 0 72 0 72 0 72 0 72 0 72 0 72 0 72 0 72 0 
6772 73 2 73 0 73 0 73 0 73 0 73 0 73 0 73 2 73 0 73 0 73 0 
6787 74 5 74 0 74 0 74 0 74 0 74 0 74 0 74 5 74 0 74 0 74 0 
6817 75 4 75 0 75 0 75 0 75 0 75 0 75 0 75 4 75 0 75 0 75 0 
6832 76 0 76 0 76 0 76 0 76 0 76 0 76 0 76 0 76 0 76 0 76 0 
7220 77 6 77 0 77 0 77 0 77 0 77 6 77 0 77 0 77 0 77 0 77 0 
7235 78 4 78 0 78 0 78 0 78 0 78 4 78 0 78 0 78 0 78 0 78 0 
7250 79 6 79 0 79 0 79 0 79 0 79 6 79 0 79 0 79 0 79 0 79 0 
7265 80 0 80 0 80 0 80 0 80 0 80 0 80 0 80 0 80 0 80 0 80 0 
7898 81 6 81 0 81 0 81 0 81 0 81 0 81 0 81 0 81 6 81 0 81 0 
7913 82 4 82 0 82 0 82 0 82 0 82 0 82 0 82 0 82 4 82 0 82 0 
7928 83 6 83 0 83 0 83 0 83 0 83 0 83 0 83 0 83 6 83 0 83 0 
7943 84 0 84 0 84 0 84 0 84 0 84 0 84 0 84 0 84 0 84 0 84 0 
8555 85 16 85 0 85 0 85 0 85 0 85 16 85 0 85 0 85 0 85 0 85 0 
8570 86 18 86 0 86 0 86 0 86 0 86 18 86 0 86 0 86 0 86 0 86 0 
8585 87 8 87 0 87 0 87 0 87 0 87 8 87 0 87 0 87 0 87 0 87 0 
8615 88 6 88 0 88 0 88 0 88 0 88 6 88 0 88 0 88 0 88 0 88 0 
8630 89 8 89 0 89 0 89 0 89 0 89 8 89 0 89 0 89 0 89 0 89 0 
8660 90 5 90 0 90 0 90 0 90 0 90 5 90 0 90 0 90 0 90 0 90 0 
8661 91 6 91 0 91 0 91 0 91 0 91 5 91 6 91 0 91 0 91 0 91 0 
8675 92 67 92 0 92 0 92 0 92 0 92 67 92 6 92 0 92 0 92 0 92 0 
8676 93 3 93 0 93 0 93 0 93 0 93 67 93 3 93 0 93 0 93 0 93 0 
8690 94 8 94 0 94 0 94 0 94 0 94 8 94 3 94 0 94 0 94 0 94 0 
8691 95 4 95 0 95 0 95 0 95 0 95 8 95 4 95 0 95 0 95 0 95 0 
8706 96 1 96 0 96 0 96 0 96 0 96 8 96 1 96 0 96 0 96 0 96 0 
8721 97 0 97 0 97 0 97 0 97 0 97 8 97 0 97 0 97 0 97 0 97 0 
9220 98 -2 98 0 98 0 98 0 98 0 98 0 98 0 98 0 98 0 98 0 98 -4 
9235 99 -6 99 0 99 0 99 0 99 0 99 0 99 0 99 0 99 0 99 0 99 -6 
9265 100 0 100 0 100 0 100 0 100 0 100 0 100 0 100 0 100 0 100 0 100 0 
9670 101 7 101 0 101 0 101 0 101 0 101 0 101 0 101 0 101 0 101 0 101 7 
9685 102 -3 102 0 102 0 102 0 102 0 102 0 102 0 102 0 102 0 102 0 102 -3 
9700 103 -4 103 0 103 0 103 0 103 0 103 0 103 0 103 0 103 0 103 0 103 -4 
9715 104 0 104 0 104 0 104 0 104 0 104 0 104 0 104 0 104 0 104 0 104 0 
10742 105 4 105 0 105 4 105 0 105 0 105 0 105 0 105 0 105 0 105 0 105 0 
10757 106 6 106 0 106 6 106 0 106 0 106 0 106 0 106 0 106 0 106 0 106 0 
10787 107 0 107 0 107 0 107 0 107 0 107 0 107 0 107 0 107 0 107 0 107 0 
11148 108 7 108 0 108 0 108 7 108 0 108 0 108 0 108 0 108 0 108 0 108 0 
11163 109 5 109 0 109 0 109 5 109 0 109 0 109 0 109 0 109 0 109 0 109 0 
11178 110 4 110 0 110 0 110 4 110 0 110 0 110 0 110 0 110 0 110 0 110 0 
11193 111 0 111 0 111 0 111 0 111 0 111 0 111 0 111 0 111 0 111 0 111 0 
12182 112 1 112 0 112 1 112 0 112 0 112 0 112 0 112 0 112 0 112 0 112 0 
12197 113 105 113 0 113 105 113 0 113 0 113 0 113 0 113 0 113 0 113 0 113 0 
12212 114 8 114 0 114 8 114 0 114 0 114 0 114 0 114 0 114 0 114 0 114 0 
12227 115 6 115 0 115 6 115 0 115 0 115 0 115 0 115 0 115 0 115 0 115 0 
12242 116 18 116 0 116 18 116 0 116 0 116 0 116 0 116 0 116 0 116 0 116 0 
12257 117 8 117 0 117 8 117 0 117 0 117 0 117 0 117 0 117 0 117 0 117 0 
12287 118 6 118 0 118 6 118 0 118 0 118 0 118 0 118 0 118 0 118 0 118 0 
12302 119 8 119 0 119 8 119 0 119 0 119 0 119 0 119 0 119 0 119 0 119 0 
12332 120 4 120 0 120 4 120 0 120 0 120 0 120 0 120 0 120 0 120 0 120 0 
12347 121 0 121 0 121 0 121 0 121 0 121 0 121 0 121 0 121 0 121 0 121 0 
12354 122 2 122 0 122 0 122 0 122 0 122 0 122 0 122 0 122 0 122 2 122 0 
12369 123 6 123 0 123 0 123 0 123 0 123 0 123 0 123 0 123 0 123 6 123 0 
12384 124 7 124 0 124 0 124 0 124 0 124 0 124 0 124 0 124 0 124 7 124 0 
12399 125 1 125 0 125 0 125 0 125 0 125 0 125 0 125 0 125 0 125 1 125 0 
12414 126 0 126 0 126 0 126 0 126 0 126 0 126 0 126 0 126 0 126 0 126 0 
12487 127 1 127 0 127 0 127 0 127 0 127 0 127 0 127 1 127 0 127 0 127 0 
12502 128 7 128 0 128 0 128 0 128 0 128 0 128 0 128 7 128 0 128 0 128 0 
12517 129 8 129 0 129 0 129 0 129 0 129 0 129 0 129 8 129 0 129 0 129 0 
12547 130 16 130 0 130 0 130 0 130 0 130 0 130 0 130 16 130 0 130 0 130 0 
12562 131 8 131 0 131 0 131 0 131 0 131 0 131 0 131 8 131 0 131 0 131 0 
12607 132 6 132 0 132 0 132 0 132 0 132 0 132 0 132 6 132 0 132 0 132 0 
12622 133 8 133 0 133 0 133 0 133 0 133 0 133 0 133 8 133 0 133 0 133 0 
12637 134 28 134 0 134 0 134 0 134 0 134 0 134 0 134 28 134 0 134 0 134 0 
12652 135 8 135 0 135 0 135 0 135 0 135 0 135 0 135 8 135 0 135 0 135 0 
12667 136 6 136 0 136 0 136 0 136 0 136 0 136 0 136 6 136 0 136 0 136 0 
12682 137 9 137 0 137 0 137 0 137 0 137 0 137 0 137 9 137 0 137 0 137 0 
12683 138 6 138 0 138 0 138 0 138 0 138 0 138 0 138 9 138 6 138 0 138 0 
12697 139 27 139 0 139 0 139 0 139 0 139 0 139 0 139 27 139 6 139 0 139 0 
12698 140 8 140 0 140 0 140 0 140 0 140 0 140 0 140 27 140 8 140 0 140 0 
12712 141 38 141 0 141 0 141 0 141 0 141 0 141 0 141 38 141 8 141 0 141 0 
12713 142 18 142 0 142 0 142 0 142 0 142 0 142 0 142 38 142 18 142 0 142 0 
12727 143 6 143 0 143 0 143 0 143 0 143 0 143 0 143 6 143 18 143 0 143 0 
12728 144 8 144 0 144 0 144 0 144 0 144 0 144 0 144 6 144 8 144 0 144 0 
12743 145 7 145 0 145 0 145 0 145 0 145 0 145 0 145 8 145 6 145 0 145 0 
12758 146 8 146 0 146 0 146 0 146 0 146 0 146 0 146 8 146 8 146 0 146 0 
12787 147 3 147 0 147 0 147 0 147 0 147 0 147 0 147 3 147 8 147 0 147 0 
12788 148 18 148 0 148 0 148 0 148 0 148 0 148 0 148 3 148 18 148 0 148 0 
12802 149 165 149 0 149 0 149 0 149 0 149 0 149 0 149 165 149 18 149 0 149 0 
12803 150 6 150 0 150 0 150 0 150 0 150 0 150 0 150 165 150 6 150 0 150 0 
12817 151 18 151 0 151 0 151 0 151 0 151 0 151 0 151 18 151 6 151 0 151 0 
12818 152 8 152 0 152 0 152 0 152 0 152 0 152 0 152 18 152 8 152 0 152 0 
12847 153 6 153 0 153 0 153 0 153 0 153 0 153 0 153 6 153 8 153 0 153 0 
12862 154 8 154 0 154 0 154 0 154 0 154 0 154 0 154 8 154 8 154 0 154 0 
12863 155 6 155 0 155 0 155 0 155 0 155 0 155 0 155 8 155 6 155 0 155 0 
12878 156 5 156 0 156 0 156 0 156 0 156 0 156 0 156 8 156 5 156 0 156 0 
12892 157 0 157 0 157 0 157 0 157 0 157 0 157 0 157 0 157 5 157 0 157 0 
12893 158 37 158 0 158 0 158 0 158 0 158 0 158 0 158 0 158 37 158 0 158 0 
12908 159 8 159 0 159 0 159 0 159 0 159 0 159 0 159 0 159 8 159 0 159 0 
12923 160 24 160 0 160 0 160 0 160 0 160 0 160 0 160 0 160 24 160 0 160 0 
12938 161 8 161 0 161 0 161 0 161 0 161 0 161 0 161 0 161 8 161 0 161 0 
12983 162 6 162 0 162 0 162 0 162 0 162 0 162 0 162 0 162 6 162 0 162 0 
12998 163 5 163 0 163 0 163 0 163 0 163 0 163 0 163 0 163 5 163 0 163 0 
13013 164 47 164 0 164 0 164 0 164 0 164 0 164 0 164 0 164 47 164 0 164 0 
13028 165 0 165 0 165 0 165 0 165 0 165 0 165 0 165 0 165 0 165 0 165 0 
13610 166 4 166 0 166 0 166 0 166 0 166 4 166 0 166 0 166 0 166 0 166 0 
13640 167 7 167 0 167 0 167 0 167 0 167 7 167 0 167 0 167 0 167 0 167 0 
13655 168 1 168 0 168 0 168 0 168 0 168 1 168 0 168 0 168 0 168 0 168 0 
13670 169 0 169 0 169 0 169 0 169 0 169 0 169 0 169 0 169 0 169 0 169 0 
14510 170 4 170 0 170 0 170 0 170 0 170 4 170 0 170 0 170 0 170 0 170 0 
14525 171 6 171 0 171 0 171 0 171 0 171 6 171 0 171 0 171 0 171 0 171 0 
14540 172 8 172 0 172 0 172 0 172 0 172 8 172 0 172 0 172 0 172 0 172 0 
14555 173 6 173 0 173 0 173 0 173 0 173 6 173 0 173 0 173 0 173 0 173 0 
14570 174 18 174 0 174 0 174 0 174 0 174 18 174 0 174 0 174 0 174 0 174 0 
14585 175 8 175 0 175 0 175 0 175 0 175 8 175 0 175 0 175 0 175 0 175 0 
14615 176 16 176 0 176 0 176 0 176 0 176 16 176 0 176 0 176 0 176 0 176 0 
14630 177 18 177 0 177 0 177 0 177 0 177 18 177 0 177 0 177 0 177 0 177 0 
14660 178 8 178 0 178 0 178 0 178 0 178 8 178 0 178 0 178 0 178 0 178 0 
14675 179 6 179 0 179 0 179 0 179 0 179 6 179 0 179 0 179 0 179 0 179 0 
14690 180 8 180 0 180 0 180 0 180 0 180 8 180 0 180 0 180 0 180 0 180 0 
14735 181 2 181 0 181 0 181 0 181 0 181 2 181 0 181 0 181 0 181 0 181 0 
14750 182 0 182 0 182 0 182 0 182 0 182 0 182 0 182 0 182 0 182 0 182 0 
15608 183 1 183 0 183 0 183 0 183 0 183 0 183 0 183 0 183 1 183 0 183 0 
15623 184 0 184 0 184 0 184 0 184 0 184 0 184 0 184 0 184 0 184 0 184 0 
15801 185 8 185 0 185 0 185 0 185 0 185 0 185 8 185 0 185 0 185 0 185 0 
15831 186 6 186 0 186 0 186 0 186 0 186 0 186 6 186 0 186 0 186 0 186 0 
15846 187 18 187 0 187 0 187 0 187 0 187 0 187 18 187 0 187 0 187 0 187 0 
15861 188 8 188 0 188 0 188 0 188 0 188 0 188 8 188 0 188 0 188 0 188 0 
15891 189 6 189 0 189 0 189 0 189 0 189 0 189 6 189 0 189 0 189 0 189 0 
15906 190 18 190 0 190 0 190 0 190 0 190 0 190 18 190 0 190 0 190 0 190 0 
15921 191 8 191 0 191 0 191 0 191 0 191 0 191 8 191 0 191 0 191 0 191 0 
15951 192 6 192 0 192 0 192 0 192 0 192 0 192 6 192 0 192 0 192 0 192 0 
15966 193 8 193 0 193 0 193 0 193 0 193 0 193 8 193 0 193 0 193 0 193 0 
16011 194 6 194 0 194 0 194 0 194 0 194 0 194 6 194 0 194 0 194 0 194 0 
16026 195 8 195 0 195 0 195 0 195 0 195 0 195 8 195 0 195 0 195 0 195 0 
16071 196 6 196 0 196 0 196 0 196 0 196 0 196 6 196 0 196 0 196 0 196 0 
16086 197 8 197 0 197 0 197 0 197 0 197 0 197 8 197 0 197 0 197 0 197 0 
16101 198 42 198 0 198 0 198 0 198 0 198 0 198 42 198 0 198 0 198 0 198 0 
16116 199 8 199 0 199 0 199 0 199 0 199 0 199 8 199 0 199 0 199 0 199 0 
16131 200 3 200 0 200 0 200 0 200 0 200 0 200 3 200 0 200 0 200 0 200 0 
16146 201 0 201 0 201 0 201 0 201 0 201 0 201 0 201 0 201 0 201 0 201 0 
16968 202 6 202 0 202 0 202 6 202 0 202 0 202 0 202 0 202 0 202 0 202 0 
16998 203 8 203 0 203 0 203 8 203 0 203 0 203 0 203 0 203 0 203 0 203 0 
17013 204 26 204 0 204 0 204 26 204 0 204 0 204 0 204 0 204 0 204 0 204 0 
17028 205 8 205 0 205 0 205 8 205 0 205 0 205 0 205 0 205 0 205 0 205 0 
17043 206 3 206 0 206 0 206 3 206 0 206 0 206 0 206 0 206 0 206 0 206 0 
17058 207 29 207 0 207 0 207 29 207 0 207 0 207 0 207 0 207 0 207 0 207 0 
17073 208 8 208 0 208 0 208 8 208 0 208 0 208 0 208 0 208 0 208 0 208 0 
17103 209 6 209 0 209 0 209 6 209 0 209 0 209 0 209 0 209 0 209 0 209 0 
17118 210 8 210 0 210 0 210 8 210 0 210 0 210 0 210 0 210 0 210 0 210 0 
17163 211 6 211 0 211 0 211 6 211 0 211 0 211 0 211 0 211 0 211 0 211 0 
17178 212 8 212 0 212 0 212 8 212 0 212 0 212 0 212 0 212 0 212 0 212 0 
17193 213 5 213 0 213 0 213 5 213 0 213 0 213 0 213 0 213 0 213 0 213 0 
17208 214 53 214 0 214 0 214 53 214 0 214 0 214 0 214 0 214 0 214 0 214 0 
17222 215 7 215 0 215 7 215 53 215 0 215 0 215 0 215 0 215 0 215 0 215 0 
17223 216 6 216 0 216 7 216 6 216 0 216 0 216 0 216 0 216 0 216 0 216 0 
17237 217 3 217 0 217 3 217 6 217 0 217 0 217 0 217 0 217 0 217 0 217 0 
17238 218 5 218 0 218 3 218 5 218 0 218 0 218 0 218 0 218 0 218 0 218 0 
17252 219 2 219 0 219 2 219 5 219 0 219 0 219 0 219 0 219 0 219 0 219 0 
17253 220 45 220 0 220 2 220 45 220 0 220 0 220 0 220 0 220 0 220 0 220 0 
17267 221 0 221 0 221 0 221 45 221 0 221 0 221 0 221 0 221 0 221 0 221 0 
17268 222 8 222 0 222 0 222 8 222 0 222 0 222 0 222 0 222 0 222 0 222 0 
17283 223 6 223 0 223 0 223 6 223 0 223 0 223 0 223 0 223 0 223 0 223 0 
17298 224 14 224 0 224 0 224 14 224 0 224 0 224 0 224 0 224 0 224 0 224 0 
17313 225 0 225 0 225 0 225 0 225 0 225 0 225 0 225 0 225 0 225 0 225 0 
19989 226 6 226 0 226 0 226 0 226 0 226 0 226 0 226 0 226 0 226 6 226 0 
20004 227 18 227 0 227 0 227 0 227 0 227 0 227 0 227 0 227 0 227 18 227 0 
20019 228 6 228 0 228 0 228 0 228 0 228 0 228 0 228 0 228 0 228 6 228 0 
20034 229 8 229 0 229 0 229 0 229 0 229 0 229 0 229 0 229 0 229 8 229 0 
20049 230 34 230 0 230 0 230 0 230 0 230 0 230 0 230 0 230 0 230 34 230 0 
20064 231 8 231 0 231 0 231 0 231 0 231 0 231 0 231 0 231 0 231 8 231 0 
20079 232 7 232 0 232 0 232 0 232 0 232 0 232 0 232 0 232 0 232 7 232 0 
20109 233 8 233 0 233 0 233 0 233 0 233 0 233 0 233 0 233 0 233 8 233 0 
20139 234 6 234 0 234 0 234 0 234 0 234 0 234 0 234 0 234 0 234 6 234 0 
20154 235 34 235 0 235 0 235 0 235 0 235 0 235 0 235 0 235 0 235 34 235 0 
20169 236 8 236 0 236 0 236 0 236 0 236 0 236 0 236 0 236 0 236 8 236 0 
20199 237 6 237 0 237 0 237 0 237 0 237 0 237 0 237 0 237 0 237 6 237 0 
20214 238 8 238 0 238 0 238 0 238 0 238 0 238 0 238 0 238 0 238 8 238 0 
20229 239 18 239 0 239 0 239 0 239 0 239 0 239 0 239 0 239 0 239 18 239 0 
20244 240 8 240 0 240 0 240 0 240 0 240 0 240 0 240 0 240 0 240 8 240 0 
20259 241 6 241 0 241 0 241 0 241 0 241 0 241 0 241 0 241 0 241 6 241 0 
20274 242 8 242 0 242 0 242 0 242 0 242 0 242 0 242 0 242 0 242 8 242 0 
20319 243 6 243 0 243 0 243 0 243 0 243 0 243 0 243 0 243 0 243 6 243 0 
20334 244 8 244 0 244 0 244 0 244 0 244 0 244 0 244 0 244 0 244 8 244 0 
20349 245 18 245 0 245 0 245 0 245 0 245 0 245 0 245 0 245 0 245 18 245 0 
20364 246 6 246 0 246 0 246 0 246 0 246 0 246 0 246 0 246 0 246 6 246 0 
20379 247 0 247 0 247 0 247 0 247 0 247 0 247 0 247 0 247 0 247 0 247 0 
20494 248 7 248 0 248 0 248 0 248 7 248 0 248 0 248 0 248 0 248 0 248 0 
20509 249 5 249 0 249 0 249 0 249 5 249 0 249 0 249 0 249 0 249 0 249 0 
20524 250 4 250 0 250 0 250 0 250 4 250 0 250 0 250 0 250 0 250 0 250 0 
20539 251 0 251 0 251 0 251 0 251 0 251 0 251 0 251 0 251 0 251 0 251 0 
21006 252 3 252 0 252 0 252 0 252 0 252 0 252 3 252 0 252 0 252 0 252 0 
21021 253 5 253 0 253 0 253 0 253 0 253 0 253 5 253 0 253 0 253 0 253 0 
21036 254 6 254 0 254 0 254 0 254 0 254 0 254 6 254 0 254 0 254 0 254 0 
21051 255 0 255 0 255 0 255 0 255 0 255 0 255 0 255 0 255 0 255 0 255 0 
22249 256 2 256 0 256 0 256 0 256 2 256 0 256 0 256 0 256 0 256 0 256 0 
22264 257 8 257 0 257 0 257 0 257 8 257 0 257 0 257 0 257 0 257 0 257 0 
22279 258 6 258 0 258 0 258 0 258 6 258 0 258 0 258 0 258 0 258 0 258 0 
22294 259 4 259 0 259 0 259 0 259 4 259 0 259 0 259 0 259 0 259 0 259 0 
22295 260 1 260 0 260 0 260 0 260 4 260 1 260 0 260 0 260 0 260 0 260 0 
22309 261 0 261 0 261 0 261 0 261 0 261 1 261 0 261 0 261 0 261 0 261 0 
22487 262 1 262 0 262 2 262 0 262 0 262 0 262 0 262 0 262 0 262 0 262 0 
22502 263 8 263 0 263 8 263 0 263 0 263 0 263 0 263 0 263 0 263 0 263 0 
22517 264 6 264 0 264 6 264 0 264 0 264 0 264 0 264 0 264 0 264 0 264 0 
22523 265 2 265 0 265 6 265 0 265 0 265 0 265 0 265 0 265 2 265 0 265 0 
22532 266 8 266 0 266 8 266 0 266 0 266 0 266 0 266 0 266 2 266 0 266 0 
22538 267 0 267 0 267 8 267 0 267 0 267 0 267 0 267 0 267 0 267 0 267 0 
22547 268 6 268 0 268 6 268 0 268 0 268 0 268 0 268 0 268 0 268 0 268 0 
22562 269 8 269 0 269 8 269 0 269 0 269 0 269 0 269 0 269 0 269 0 269 0 
22607 270 6 270 0 270 6 270 0 270 0 270 0 270 0 270 0 270 0 270 0 270 0 
22622 271 8 271 0 271 8 271 0 271 0 271 0 271 0 271 0 271 0 271 0 271 0 
22667 272 3 272 0 272 3 272 0 272 0 272 0 272 0 272 0 272 0 272 0 272 0 
22682 273 29 273 0 273 29 273 0 273 0 273 0 273 0 273 0 273 0 273 0 273 0 
22697 274 6 274 0 274 6 274 0 274 0 274 0 274 0 274 0 274 0 274 0 274 0 
22700 275 2 275 0 275 6 275 0 275 0 275 2 275 0 275 0 275 0 275 0 275 0 
22712 276 8 276 0 276 8 276 0 276 0 276 2 276 0 276 0 276 0 276 0 276 0 
22715 277 0 277 0 277 8 277 0 277 0 277 0 277 0 277 0 277 0 277 0 277 0 
22716 278 5 278 0 278 8 278 0 278 0 278 0 278 5 278 0 278 0 278 0 278 0 
22727 279 6 279 0 279 6 279 0 279 0 279 0 279 5 279 0 279 0 279 0 279 0 
22742 280 7 280 0 280 8 280 0 280 0 280 0 280 6 280 0 280 0 280 0 280 0 
22746 281 9 281 0 281 8 281 0 281 0 281 0 281 9 281 0 281 0 281 0 281 0 
22757 282 1 282 0 282 1 282 0 282 0 282 0 282 9 282 0 282 0 282 0 282 0 
22761 283 8 283 0 283 1 283 0 283 0 283 0 283 8 283 0 283 0 283 0 283 0 
22772 284 0 284 0 284 0 284 0 284 0 284 0 284 8 284 0 284 0 284 0 284 0 
22791 285 6 285 0 285 0 285 0 285 0 285 0 285 6 285 0 285 0 285 0 285 0 
22806 286 8 286 0 286 0 286 0 286 0 286 0 286 8 286 0 286 0 286 0 286 0 
22836 287 9 287 0 287 0 287 0 287 0 287 0 287 9 287 0 287 0 287 0 287 0 
22851 288 6 288 0 288 0 288 0 288 0 288 0 288 6 288 0 288 0 288 0 288 0 
22866 289 5 289 0 289 0 289 0 289 0 289 0 289 5 289 0 289 0 289 0 289 0 
22881 290 89 290 0 290 0 290 0 290 0 290 0 290 89 290 0 290 0 290 0 290 0 
22896 291 0 291 0 291 0 291 0 291 0 291 0 291 0 291 0 291 0 291 0 291 0 
23256 292 8 292 0 292 0 292 0 292 0 292 0 292 8 292 0 292 0 292 0 292 0 
23271 293 6 293 0 293 0 293 0 293 0 293 0 293 6 293 0 293 0 293 0 293 0 
23286 294 8 294 0 294 0 294 0 294 0 294 0 294 8 294 0 294 0 294 0 294 0 
23301 295 4 295 0 295 0 295 0 295 0 295 0 295 4 295 0 295 0 295 0 295 0 
23316 296 0 296 0 296 0 296 0 296 0 296 0 296 0 296 0 296 0 296 0 296 0 
