# ValueCount deltaRailways
10 0 0 0 0 0 0 0 0 0 0 0 0 0 0 0 0 0 0 0 0 0 0 
123 1 8 1 0 1 0 1 8 1 0 1 0 1 0 1 0 1 0 1 0 1 0 
124 2 11 2 0 2 0 2 8 2 11 2 0 2 0 2 0 2 0 2 0 2 0 
127 3 8 3 0 3 0 3 8 3 11 3 0 3 0 3 8 3 0 3 0 3 0 
130 4 7 4 0 4 0 4 8 4 11 4 0 4 0 4 8 4 0 4 0 4 7 
139 5 4 5 0 5 0 5 8 5 4 5 0 5 0 5 8 5 0 5 0 5 7 
141 6 6 6 0 6 0 6 8 6 4 6 0 6 6 6 8 6 0 6 0 6 7 
145 7 10 7 0 7 0 7 8 7 4 7 0 7 6 7 8 7 0 7 0 7 10 
152 8 9 8 0 8 9 8 8 8 4 8 0 8 6 8 8 8 0 8 0 8 10 
153 9 12 9 0 9 9 9 12 9 4 9 0 9 6 9 8 9 0 9 0 9 10 
154 10 10 10 0 10 9 10 12 10 10 10 0 10 6 10 8 10 0 10 0 10 10 
156 11 4 11 0 11 9 11 12 11 10 11 0 11 4 11 8 11 0 11 0 11 10 
157 12 12 12 0 12 9 12 12 12 10 12 0 12 4 12 12 12 0 12 0 12 10 
167 13 7 13 0 13 7 13 12 13 10 13 0 13 4 13 12 13 0 13 0 13 10 
169 14 4 14 0 14 7 14 7 14 1 14 0 14 4 14 12 14 0 14 0 14 10 
171 15 11 15 0 15 7 15 7 15 1 15 0 15 11 15 12 15 0 15 0 15 10 
172 16 7 16 0 16 7 16 7 16 1 16 0 16 11 16 7 16 0 16 0 16 10 
175 17 1 17 0 17 7 17 7 17 1 17 0 17 11 17 7 17 0 17 0 17 1 
182 18 12 18 0 18 12 18 7 18 1 18 0 18 11 18 7 18 0 18 0 18 1 
183 19 3 19 0 19 12 19 3 19 1 19 0 19 11 19 7 19 0 19 0 19 1 
184 20 0 20 0 20 12 20 3 20 0 20 0 20 11 20 7 20 0 20 0 20 1 
186 21 7 21 0 21 12 21 3 21 0 21 0 21 7 21 7 21 0 21 0 21 1 
187 22 3 22 0 22 12 22 3 22 0 22 0 22 7 22 3 22 0 22 0 22 1 
190 23 -14 23 0 23 12 23 3 23 0 23 0 23 7 23 3 23 0 23 0 23 -14 
197 24 0 24 0 24 0 24 3 24 0 24 0 24 7 24 3 24 0 24 0 24 -14 
198 25 16 25 0 25 0 25 16 25 0 25 0 25 7 25 3 25 0 25 0 25 -14 
201 26 0 26 0 26 0 26 16 26 0 26 0 26 0 26 3 26 0 26 0 26 -14 
202 27 16 27 0 27 0 27 16 27 0 27 0 27 0 27 16 27 0 27 0 27 -14 
212 28 6 28 0 28 6 28 16 28 0 28 0 28 0 28 16 28 0 28 0 28 -14 
213 29 2 29 0 29 6 29 2 29 0 29 0 29 0 29 16 29 0 29 0 29 -14 
216 30 8 30 0 30 6 30 2 30 0 30 0 30 8 30 16 30 0 30 0 30 -14 
217 31 2 31 0 31 6 31 2 31 0 31 0 31 8 31 2 31 0 31 0 31 -14 
220 32 0 32 0 32 6 32 2 32 0 32 0 32 8 32 2 32 0 32 0 32 0 
227 33 3 33 0 33 3 33 2 33 0 33 0 33 8 33 2 33 0 33 0 33 0 
228 34 4 34 0 34 3 34 4 34 0 34 0 34 8 34 2 34 0 34 0 34 0 
231 35 15 35 0 35 3 35 4 35 0 35 0 35 15 35 2 35 0 35 0 35 0 
232 36 4 36 0 36 3 36 4 36 0 36 0 36 15 36 4 36 0 36 0 36 0 
242 37 12 37 0 37 12 37 4 37 0 37 0 37 15 37 4 37 0 37 0 37 0 
243 38 3 38 0 38 12 38 3 38 0 38 0 38 15 38 4 38 0 38 0 38 0 
246 39 14 39 0 39 12 39 3 39 0 39 0 39 14 39 4 39 0 39 0 39 0 
247 40 3 40 0 40 12 40 3 40 0 40 0 40 14 40 3 40 0 40 0 40 0 
257 41 7 41 0 41 7 41 3 41 0 41 0 41 14 41 3 41 0 41 0 41 0 
258 42 6 42 0 42 7 42 6 42 0 42 0 42 14 42 3 42 0 42 0 42 0 
261 43 2 43 0 43 7 43 6 43 0 43 0 43 2 43 3 43 0 43 0 43 0 
262 44 6 44 0 44 7 44 6 44 0 44 0 44 2 44 6 44 0 44 0 44 0 
272 45 3 45 0 45 3 45 6 45 0 45 0 45 2 45 6 45 0 45 0 45 0 
273 46 4 46 0 46 3 46 4 46 0 46 0 46 2 46 6 46 0 46 0 46 0 
288 47 3.66667 47 0 47 3 47 3 47 0 47 0 47 4 47 4 47 0 47 0 47 0 
291 48 3 48 0 48 3 48 3 48 0 48 0 48 3 48 4 48 0 48 0 48 0 
302 49 4.5 49 0 49 6 49 3 49 0 49 0 49 3 49 3 49 0 49 0 49 0 
303 50 2 50 0 50 6 50 2 50 0 50 0 50 3 50 3 50 0 50 0 50 0 
306 51 6 51 0 51 6 51 2 51 0 51 0 51 6 51 3 51 0 51 0 51 0 
307 52 2 52 0 52 6 52 2 52 0 52 0 52 6 52 2 52 0 52 0 52 0 
317 53 4 53 0 53 4 53 2 53 0 53 0 53 6 53 2 53 0 53 0 53 0 
333 54 5 54 0 54 4 54 6 54 0 54 0 54 6 54 4 54 0 54 0 54 0 
336 55 0 55 0 55 4 55 6 55 0 55 0 55 0 55 4 55 0 55 0 55 0 
337 56 6 56 0 56 4 56 6 56 0 56 0 56 0 56 6 56 0 56 0 56 0 
347 57 1 57 0 57 1 57 6 57 0 57 0 57 0 57 6 57 0 57 0 57 0 
348 58 4 58 0 58 1 58 4 58 0 58 0 58 0 58 6 58 0 58 0 58 0 
351 59 3 59 0 59 1 59 4 59 0 59 0 59 3 59 6 59 0 59 0 59 0 
352 60 4 60 0 60 1 60 4 60 0 60 0 60 3 60 4 60 0 60 0 60 0 
378 61 2.66667 61 0 61 4 61 0 61 0 61 0 61 4 61 4 61 0 61 0 61 0 
381 62 6 62 0 62 4 62 0 62 0 62 0 62 6 62 4 62 0 62 0 62 0 
382 63 0 63 0 63 4 63 0 63 0 63 0 63 6 63 0 63 0 63 0 63 0 
392 64 6 64 0 64 6 64 0 64 0 64 0 64 6 64 0 64 0 64 0 64 0 
396 65 14 65 0 65 6 65 0 65 0 65 0 65 14 65 0 65 0 65 0 65 0 
407 66 5 66 0 66 5 66 0 66 0 66 0 66 14 66 0 66 0 66 0 66 0 
408 67 2 67 0 67 5 67 2 67 0 67 0 67 14 67 0 67 0 67 0 67 0 
411 68 3 68 0 68 5 68 2 68 0 68 0 68 3 68 0 68 0 68 0 68 0 
422 69 0 69 0 69 0 69 2 69 0 69 0 69 3 69 0 69 0 69 0 69 0 
423 70 3 70 0 70 0 70 3 70 0 70 0 70 3 70 0 70 0 70 0 70 0 
426 71 0 71 0 71 0 71 3 71 0 71 0 71 0 71 0 71 0 71 0 71 0 
438 72 4 72 0 72 0 72 4 72 0 72 0 72 0 72 0 72 0 72 0 72 0 
483 73 1 73 0 73 0 73 1 73 0 73 0 73 0 73 0 73 0 73 0 73 0 
498 74 0 74 0 74 0 74 0 74 0 74 0 74 0 74 0 74 0 74 0 74 0 
513 75 3 75 0 75 0 75 3 75 0 75 0 75 0 75 0 75 0 75 0 75 0 
528 76 4 76 0 76 0 76 4 76 0 76 0 76 0 76 0 76 0 76 0 76 0 
543 77 3 77 0 77 0 77 3 77 0 77 0 77 0 77 0 77 0 77 0 77 0 
558 78 4 78 0 78 0 78 4 78 0 78 0 78 0 78 0 78 0 78 0 78 0 
573 79 3 79 0 79 0 79 3 79 0 79 0 79 0 79 0 79 0 79 0 79 0 
588 80 0 80 0 80 0 80 0 80 0 80 0 80 0 80 0 80 0 80 0 80 0 
664 81 2 81 0 81 0 81 0 81 2 81 0 81 0 81 0 81 0 81 0 81 0 
679 82 3 82 0 82 0 82 0 82 3 82 0 82 0 82 0 82 0 82 0 82 0 
694 83 4 83 0 83 0 83 0 83 4 83 0 83 0 83 0 83 0 83 0 83 0 
697 84 3 84 0 84 0 84 0 84 4 84 0 84 0 84 3 84 0 84 0 84 0 
712 85 4 85 0 85 0 85 0 85 4 85 0 85 0 85 4 85 0 85 0 85 0 
727 86 3 86 0 86 0 86 0 86 4 86 0 86 0 86 3 86 0 86 0 86 0 
742 87 3.5 87 0 87 0 87 0 87 3 87 0 87 0 87 4 87 0 87 0 87 0 
754 88 4 88 0 88 0 88 0 88 4 88 0 88 0 88 4 88 0 88 0 88 0 
769 89 2 89 0 89 0 89 0 89 2 89 0 89 0 89 4 89 0 89 0 89 0 
771 90 1 90 0 90 0 90 0 90 2 90 0 90 1 90 4 90 0 90 0 90 0 
772 91 3 91 0 91 0 91 0 91 2 91 0 91 1 91 3 91 0 91 0 91 0 
784 92 0 92 0 92 0 92 0 92 0 92 0 92 1 92 3 92 0 92 0 92 0 
786 93 4 93 0 93 0 93 0 93 0 93 0 93 4 93 3 93 0 93 0 93 0 
787 94 0 94 0 94 0 94 0 94 0 94 0 94 4 94 0 94 0 94 0 94 0 
801 95 14 95 0 95 0 95 0 95 0 95 0 95 14 95 0 95 0 95 0 95 0 
816 96 4 96 0 96 0 96 0 96 0 96 0 96 4 96 0 96 0 96 0 96 0 
817 97 14 97 0 97 0 97 0 97 0 97 0 97 4 97 14 97 0 97 0 97 0 
831 98 3 98 0 98 0 98 0 98 0 98 0 98 3 98 14 98 0 98 0 98 0 
832 99 4 99 0 99 0 99 0 99 0 99 0 99 3 99 4 99 0 99 0 99 0 
847 100 3.5 100 0 100 0 100 0 100 0 100 0 100 4 100 3 100 0 100 0 100 0 
862 101 4 101 0 101 0 101 0 101 0 101 0 101 4 101 4 101 0 101 0 101 0 
877 102 2 102 0 102 0 102 0 102 0 102 0 102 4 102 2 102 0 102 0 102 0 
891 103 11 103 0 103 0 103 0 103 0 103 0 103 11 103 2 103 0 103 0 103 0 
892 104 0 104 0 104 0 104 0 104 0 104 0 104 11 104 0 104 0 104 0 104 0 
918 105 0.5 105 0 105 0 105 1 105 0 105 0 105 0 105 0 105 0 105 0 105 0 
933 106 4 106 0 106 0 106 4 106 0 106 0 106 0 106 0 106 0 106 0 106 0 
963 107 3 107 0 107 0 107 3 107 0 107 0 107 0 107 0 107 0 107 0 107 0 
978 108 4 108 0 108 0 108 4 108 0 108 0 108 0 108 0 108 0 108 0 108 0 
1023 109 0 109 0 109 0 109 0 109 0 109 0 109 0 109 0 109 0 109 0 109 0 
1777 110 1 110 0 110 0 110 0 110 0 110 0 110 0 110 1 110 0 110 0 110 0 
1792 111 4 111 0 111 0 111 0 111 0 111 0 111 0 111 4 111 0 111 0 111 0 
1807 112 3 112 0 112 0 112 0 112 0 112 0 112 0 112 3 112 0 112 0 112 0 
1822 113 4 113 0 113 0 113 0 113 0 113 0 113 0 113 4 113 0 113 0 113 0 
1867 114 3 114 0 114 0 114 0 114 0 114 0 114 0 114 3 114 0 114 0 114 0 
1882 115 4 115 0 115 0 115 0 115 0 115 0 115 0 115 4 115 0 115 0 115 0 
1897 116 3 116 0 116 0 116 0 116 0 116 0 116 0 116 3 116 0 116 0 116 0 
1912 117 0 117 0 117 0 117 0 117 0 117 0 117 0 117 0 117 0 117 0 117 0 
2301 118 2 118 0 118 0 118 0 118 0 118 0 118 2 118 0 118 0 118 0 118 0 
2316 119 4 119 0 119 0 119 0 119 0 119 0 119 4 119 0 119 0 119 0 119 0 
2331 120 3 120 0 120 0 120 0 120 0 120 0 120 3 120 0 120 0 120 0 120 0 
2346 121 4 121 0 121 0 121 0 121 0 121 0 121 4 121 0 121 0 121 0 121 0 
2391 122 3 122 0 122 0 122 0 122 0 122 0 122 3 122 0 122 0 122 0 122 0 
2402 123 2 123 0 123 2 123 0 123 0 123 0 123 3 123 0 123 0 123 0 123 0 
2406 124 4 124 0 124 2 124 0 124 0 124 0 124 4 124 0 124 0 124 0 124 0 
2436 125 2 125 0 125 4 125 0 125 0 125 0 125 0 125 0 125 0 125 0 125 0 
2447 126 3 126 0 126 3 126 0 126 0 126 0 126 0 126 0 126 0 126 0 126 0 
2462 127 4 127 0 127 4 127 0 127 0 127 0 127 0 127 0 127 0 127 0 127 0 
2507 128 3 128 0 128 3 128 0 128 0 128 0 128 0 128 0 128 0 128 0 128 0 
2522 129 2 129 0 129 2 129 0 129 0 129 0 129 0 129 0 129 0 129 0 129 0 
2537 130 0 130 0 130 0 130 0 130 0 130 0 130 0 130 0 130 0 130 0 130 0 
3197 131 1 131 0 131 1 131 0 131 0 131 0 131 0 131 0 131 0 131 0 131 0 
3212 132 4 132 0 132 4 132 0 132 0 132 0 132 0 132 0 132 0 132 0 132 0 
3227 133 3 133 0 133 3 133 0 133 0 133 0 133 0 133 0 133 0 133 0 133 0 
3242 134 4 134 0 134 4 134 0 134 0 134 0 134 0 134 0 134 0 134 0 134 0 
3287 135 3 135 0 135 3 135 0 135 0 135 0 135 0 135 0 135 0 135 0 135 0 
3302 136 14 136 0 136 14 136 0 136 0 136 0 136 0 136 0 136 0 136 0 136 0 
3317 137 2 137 0 137 2 137 0 137 0 137 0 137 0 137 0 137 0 137 0 137 0 
3332 138 0 138 0 138 0 138 0 138 0 138 0 138 0 138 0 138 0 138 0 138 0 
3651 139 3 139 0 139 0 139 0 139 0 139 0 139 3 139 0 139 0 139 0 139 0 
3666 140 4 140 0 140 0 140 0 140 0 140 0 140 4 140 0 140 0 140 0 140 0 
3711 141 14 141 0 141 0 141 0 141 0 141 0 141 14 141 0 141 0 141 0 141 0 
3726 142 4 142 0 142 0 142 0 142 0 142 0 142 4 142 0 142 0 142 0 142 0 
3771 143 14 143 0 143 0 143 0 143 0 143 0 143 14 143 0 143 0 143 0 143 0 
3786 144 1 144 0 144 0 144 0 144 0 144 0 144 1 144 0 144 0 144 0 144 0 
3801 145 0 145 0 145 0 145 0 145 0 145 0 145 0 145 0 145 0 145 0 145 0 
5644 146 8 146 0 146 0 146 0 146 8 146 0 146 0 146 0 146 0 146 0 146 0 
5659 147 5 147 0 147 0 147 0 147 5 147 0 147 0 147 0 147 0 147 0 147 0 
5674 148 14 148 0 148 0 148 0 148 14 148 0 148 0 148 0 148 0 148 0 148 0 
5689 149 1 149 0 149 0 149 0 149 1 149 0 149 0 149 0 149 0 149 0 149 0 
5704 150 6 150 0 150 0 150 0 150 6 150 0 150 0 150 0 150 0 150 0 150 0 
5719 151 3 151 0 151 0 151 0 151 3 151 0 151 0 151 0 151 0 151 0 151 0 
5734 152 12 152 0 152 0 152 0 152 12 152 0 152 0 152 0 152 0 152 0 152 0 
5749 153 7 153 0 153 0 153 0 153 7 153 0 153 0 153 0 153 0 153 0 153 0 
5762 154 1 154 0 154 1 154 0 154 7 154 0 154 0 154 0 154 0 154 0 154 0 
5764 155 3 155 0 155 1 155 0 155 3 155 0 155 0 155 0 155 0 155 0 155 0 
5777 156 15 156 0 156 15 156 0 156 3 156 0 156 0 156 0 156 0 156 0 156 0 
5794 157 6 157 0 157 15 157 0 157 6 157 0 157 0 157 0 157 0 157 0 157 0 
5807 158 3 158 0 158 3 158 0 158 6 158 0 158 0 158 0 158 0 158 0 158 0 
5809 159 4 159 0 159 3 159 0 159 4 159 0 159 0 159 0 159 0 159 0 159 0 
5839 160 2.5 160 0 160 4 160 0 160 1 160 0 160 0 160 0 160 0 160 0 160 0 
5854 161 4 161 0 161 4 161 0 161 4 161 0 161 0 161 0 161 0 161 0 161 0 
5867 162 1 162 0 162 1 162 0 162 4 162 0 162 0 162 0 162 0 162 0 162 0 
5882 163 0 163 0 163 0 163 0 163 4 163 0 163 0 163 0 163 0 163 0 163 0 
5884 164 6 164 0 164 0 164 0 164 6 164 0 164 0 164 0 164 0 164 0 164 0 
5899 165 5 165 0 165 0 165 0 165 5 165 0 165 0 165 0 165 0 165 0 165 0 
5914 166 0 166 0 166 0 166 0 166 0 166 0 166 0 166 0 166 0 166 0 166 0 
5994 167 9 167 0 167 0 167 0 167 0 167 0 167 0 167 0 167 0 167 9 167 0 
6009 168 12 168 0 168 0 168 0 168 0 168 0 168 0 168 0 168 0 168 12 168 0 
6024 169 7 169 0 169 0 169 0 169 0 169 0 169 0 169 0 169 0 169 7 169 0 
6054 170 6 170 0 170 0 170 0 170 0 170 0 170 0 170 0 170 0 170 6 170 0 
6069 171 14 171 0 171 0 171 0 171 0 171 0 171 0 171 0 171 0 171 14 171 0 
6084 172 2 172 0 172 0 172 0 172 0 172 0 172 0 172 0 172 0 172 2 172 0 
6099 173 3 173 0 173 0 173 0 173 0 173 0 173 0 173 0 173 0 173 3 173 0 
6114 174 4 174 0 174 0 174 0 174 0 174 0 174 0 174 0 174 0 174 4 174 0 
6129 175 16 175 0 175 0 175 0 175 0 175 0 175 0 175 0 175 0 175 16 175 0 
6144 176 6 176 0 176 0 176 0 176 0 176 0 176 0 176 0 176 0 176 6 176 0 
6159 177 0 177 0 177 0 177 0 177 0 177 0 177 0 177 0 177 0 177 0 177 0 
6174 178 13 178 0 178 0 178 0 178 0 178 0 178 0 178 0 178 0 178 13 178 0 
6189 179 4 179 0 179 0 179 0 179 0 179 0 179 0 179 0 179 0 179 4 179 0 
6204 180 6 180 0 180 0 180 0 180 0 180 0 180 0 180 0 180 0 180 6 180 0 
6219 181 3 181 0 181 0 181 0 181 0 181 0 181 0 181 0 181 0 181 3 181 0 
6234 182 4 182 0 182 0 182 0 182 0 182 0 182 0 182 0 182 0 182 4 182 0 
6249 183 -6 183 0 183 0 183 0 183 0 183 0 183 0 183 0 183 0 183 -6 183 0 
6264 184 -20 184 0 184 0 184 0 184 0 184 0 184 0 184 0 184 0 184 -20 184 0 
6279 185 -8 185 0 185 0 185 0 185 0 185 0 185 0 185 0 185 0 185 -8 185 0 
6294 186 -20 186 0 186 0 186 0 186 0 186 0 186 0 186 0 186 0 186 -20 186 0 
6309 187 -7 187 0 187 0 187 0 187 0 187 0 187 0 187 0 187 0 187 -7 187 0 
6324 188 -4 188 0 188 0 188 0 188 0 188 0 188 0 188 0 188 0 188 -4 188 0 
6339 189 -6 189 0 189 0 189 0 189 0 189 0 189 0 189 0 189 0 189 -6 189 0 
6354 190 -4 190 0 190 0 190 0 190 0 190 0 190 0 190 0 190 0 190 -4 190 0 
6369 191 -6 191 0 191 0 191 0 191 0 191 0 191 0 191 0 191 0 191 -6 191 0 
6384 192 -4 192 0 192 0 192 0 192 0 192 0 192 0 192 0 192 0 192 -4 192 0 
6399 193 -6 193 0 193 0 193 0 193 0 193 0 193 0 193 0 193 0 193 -6 193 0 
6414 194 -4 194 0 194 0 194 0 194 0 194 0 194 0 194 0 194 0 194 -4 194 0 
6429 195 -1 195 0 195 0 195 0 195 0 195 0 195 0 195 0 195 0 195 -1 195 0 
6444 196 0 196 0 196 0 196 0 196 0 196 0 196 0 196 0 196 0 196 0 196 0 
6694 197 3 197 0 197 0 197 0 197 3 197 0 197 0 197 0 197 0 197 0 197 0 
6709 198 4 198 0 198 0 198 0 198 4 198 0 198 0 198 0 198 0 198 0 198 0 
6739 199 18 199 0 199 0 199 0 199 18 199 0 199 0 199 0 199 0 199 0 199 0 
6754 200 4 200 0 200 0 200 0 200 4 200 0 200 0 200 0 200 0 200 0 200 0 
6769 201 0 201 0 201 0 201 0 201 0 201 0 201 0 201 0 201 0 201 0 201 0 
6834 202 2 202 0 202 0 202 0 202 0 202 0 202 0 202 0 202 0 202 2 202 0 
6849 203 10 203 0 203 0 203 0 203 0 203 0 203 0 203 0 203 0 203 10 203 0 
6864 204 7 204 0 204 0 204 0 204 0 204 0 204 0 204 0 204 0 204 7 204 0 
6894 205 0 205 0 205 0 205 0 205 0 205 0 205 0 205 0 205 0 205 0 205 0 
6949 206 4 206 0 206 0 206 0 206 4 206 0 206 0 206 0 206 0 206 0 206 0 
6979 207 13 207 0 207 0 207 0 207 13 207 0 207 0 207 0 207 0 207 0 207 0 
6994 208 4 208 0 208 0 208 0 208 4 208 0 208 0 208 0 208 0 208 0 208 0 
7039 209 2 209 0 209 0 209 0 209 2 209 0 209 0 209 0 209 0 209 0 209 0 
7054 210 0 210 0 210 0 210 0 210 0 210 0 210 0 210 0 210 0 210 0 210 0 
7324 211 4 211 0 211 0 211 0 211 4 211 0 211 0 211 0 211 0 211 0 211 0 
7339 212 3 212 0 212 0 212 0 212 3 212 0 212 0 212 0 212 0 212 0 212 0 
7354 213 4 213 0 213 0 213 0 213 4 213 0 213 0 213 0 213 0 213 0 213 0 
7399 214 3 214 0 214 0 214 0 214 3 214 0 214 0 214 0 214 0 214 0 214 0 
7404 215 1 215 0 215 0 215 0 215 3 215 0 215 0 215 0 215 0 215 1 215 0 
7414 216 0 216 0 216 0 216 0 216 0 216 0 216 0 216 0 216 0 216 1 216 0 
7419 217 3 217 0 217 0 217 0 217 0 217 0 217 0 217 0 217 0 217 3 217 0 
7434 218 4 218 0 218 0 218 0 218 0 218 0 218 0 218 0 218 0 218 4 218 0 
7479 219 26 219 0 219 0 219 0 219 0 219 0 219 0 219 0 219 0 219 26 219 0 
7494 220 4 220 0 220 0 220 0 220 0 220 0 220 0 220 0 220 0 220 4 220 0 
7509 221 0 221 0 221 0 221 0 221 0 221 0 221 0 221 0 221 0 221 0 221 0 
9511 222 8 222 8 222 0 222 0 222 0 222 0 222 0 222 0 222 0 222 0 222 0 
9541 223 12 223 12 223 0 223 0 223 0 223 0 223 0 223 0 223 0 223 0 223 0 
9556 224 0 224 0 224 0 224 0 224 0 224 0 224 0 224 0 224 0 224 0 224 0 
9571 225 6 225 6 225 0 225 0 225 0 225 0 225 0 225 0 225 0 225 0 225 0 
9586 226 4 226 4 226 0 226 0 226 0 226 0 226 0 226 0 226 0 226 0 226 0 
9601 227 16 227 16 227 0 227 0 227 0 227 0 227 0 227 0 227 0 227 0 227 0 
9616 228 2 228 2 228 0 228 0 228 0 228 0 228 0 228 0 228 0 228 0 228 0 
9631 229 3 229 3 229 0 229 0 229 0 229 0 229 0 229 0 229 0 229 0 229 0 
9646 230 4 230 4 230 0 230 0 230 0 230 0 230 0 230 0 230 0 230 0 230 0 
9661 231 6 231 6 231 0 231 0 231 0 231 0 231 0 231 0 231 0 231 0 231 0 
9676 232 14 232 14 232 0 232 0 232 0 232 0 232 0 232 0 232 0 232 0 232 0 
9691 233 3 233 3 233 0 233 0 233 0 233 0 233 0 233 0 233 0 233 0 233 0 
9706 234 2 234 2 234 0 234 0 234 0 234 0 234 0 234 0 234 0 234 0 234 0 
9721 235 4 235 4 235 0 235 0 235 0 235 0 235 0 235 0 235 0 235 0 235 0 
9736 236 6 236 6 236 0 236 0 236 0 236 0 236 0 236 0 236 0 236 0 236 0 
9751 237 3 237 3 237 0 237 0 237 0 237 0 237 0 237 0 237 0 237 0 237 0 
9766 238 5 238 5 238 0 238 0 238 0 238 0 238 0 238 0 238 0 238 0 238 0 
9781 239 0 239 0 239 0 239 0 239 0 239 0 239 0 239 0 239 0 239 0 239 0 
10105 240 6 240 0 240 0 240 0 240 0 240 0 240 0 240 0 240 0 240 0 240 6 
10120 241 4 241 0 241 0 241 0 241 0 241 0 241 0 241 0 241 0 241 0 241 4 
10135 242 11 242 0 242 0 242 0 242 0 242 0 242 0 242 0 242 0 242 0 242 11 
10150 243 7 243 0 243 0 243 0 243 0 243 0 243 0 243 0 243 0 243 0 243 7 
10165 244 8 244 0 244 0 244 0 244 0 244 0 244 0 244 0 244 0 244 0 244 8 
10195 245 11 245 0 245 0 245 0 245 0 245 0 245 0 245 0 245 0 245 0 245 11 
10210 246 2 246 0 246 0 246 0 246 0 246 0 246 0 246 0 246 0 246 0 246 2 
10225 247 4 247 0 247 0 247 0 247 0 247 0 247 0 247 0 247 0 247 0 247 4 
10255 248 5 248 0 248 0 248 0 248 0 248 0 248 0 248 0 248 0 248 0 248 5 
10270 249 16 249 0 249 0 249 0 249 0 249 0 249 0 249 0 249 0 249 0 249 16 
10285 250 0 250 0 250 0 250 0 250 0 250 0 250 0 250 0 250 0 250 0 250 0 
10300 251 4 251 0 251 0 251 0 251 0 251 0 251 0 251 0 251 0 251 0 251 4 
10315 252 3 252 0 252 0 252 0 252 0 252 0 252 0 252 0 252 0 252 0 252 3 
10330 253 6 253 0 253 0 253 0 253 0 253 0 253 0 253 0 253 0 253 0 253 6 
10345 254 4 254 0 254 0 254 0 254 0 254 0 254 0 254 0 254 0 254 0 254 4 
10360 255 3 255 0 255 0 255 0 255 0 255 0 255 0 255 0 255 0 255 0 255 3 
10375 256 0 256 0 256 0 256 0 256 0 256 0 256 0 256 0 256 0 256 0 256 0 
12289 257 12 257 0 257 0 257 0 257 12 257 0 257 0 257 0 257 0 257 0 257 0 
12304 258 6 258 0 258 0 258 0 258 6 258 0 258 0 258 0 258 0 258 0 258 0 
12319 259 9 259 0 259 0 259 0 259 9 259 0 259 0 259 0 259 0 259 0 259 0 
12334 260 1 260 0 260 0 260 0 260 1 260 0 260 0 260 0 260 0 260 0 260 0 
12349 261 0 261 0 261 0 261 0 261 0 261 0 261 0 261 0 261 0 261 0 261 0 
13381 262 1 262 1 262 0 262 0 262 0 262 0 262 0 262 0 262 0 262 0 262 0 
13396 263 19 263 19 263 0 263 0 263 0 263 0 263 0 263 0 263 0 263 0 263 0 
13411 264 3 264 3 264 0 264 0 264 0 264 0 264 0 264 0 264 0 264 0 264 0 
13426 265 4 265 4 265 0 265 0 265 0 265 0 265 0 265 0 265 0 265 0 265 0 
13456 266 15 266 15 266 0 266 0 266 0 266 0 266 0 266 0 266 0 266 0 266 0 
13471 267 3 267 3 267 0 267 0 267 0 267 0 267 0 267 0 267 0 267 0 267 0 
13486 268 4 268 4 268 0 268 0 268 0 268 0 268 0 268 0 268 0 268 0 268 0 
13516 269 0 269 0 269 0 269 0 269 0 269 0 269 0 269 0 269 0 269 0 269 0 
14236 270 1 270 1 270 0 270 0 270 0 270 0 270 0 270 0 270 0 270 0 270 0 
14251 271 3 271 3 271 0 271 0 271 0 271 0 271 0 271 0 271 0 271 0 271 0 
14266 272 4 272 4 272 0 272 0 272 0 272 0 272 0 272 0 272 0 272 0 272 0 
14311 273 3 273 3 273 0 273 0 273 0 273 0 273 0 273 0 273 0 273 0 273 0 
14326 274 4 274 4 274 0 274 0 274 0 274 0 274 0 274 0 274 0 274 0 274 0 
14371 275 3 275 3 275 0 275 0 275 0 275 0 275 0 275 0 275 0 275 0 275 0 
14386 276 4 276 4 276 0 276 0 276 0 276 0 276 0 276 0 276 0 276 0 276 0 
14401 277 19 277 19 277 0 277 0 277 0 277 0 277 0 277 0 277 0 277 0 277 0 
14416 278 4 278 4 278 0 278 0 278 0 278 0 278 0 278 0 278 0 278 0 278 0 
14431 279 0 279 0 279 0 279 0 279 0 279 0 279 0 279 0 279 0 279 0 279 0 
15439 280 1 280 0 280 0 280 0 280 1 280 0 280 0 280 0 280 0 280 0 280 0 
15454 281 4 281 0 281 0 281 0 281 4 281 0 281 0 281 0 281 0 281 0 281 0 
15469 282 23 282 0 282 0 282 0 282 23 282 0 282 0 282 0 282 0 282 0 282 0 
15484 283 4 283 0 283 0 283 0 283 4 283 0 283 0 283 0 283 0 283 0 283 0 
15499 284 3 284 0 284 0 284 0 284 3 284 0 284 0 284 0 284 0 284 0 284 0 
15514 285 4 285 0 285 0 285 0 285 4 285 0 285 0 285 0 285 0 285 0 285 0 
15559 286 3 286 0 286 0 286 0 286 3 286 0 286 0 286 0 286 0 286 0 286 0 
15574 287 4 287 0 287 0 287 0 287 4 287 0 287 0 287 0 287 0 287 0 287 0 
15604 288 3 288 0 288 0 288 0 288 3 288 0 288 0 288 0 288 0 288 0 288 0 
15619 289 0 289 0 289 0 289 0 289 0 289 0 289 0 289 0 289 0 289 0 289 0 
16510 290 3 290 0 290 0 290 0 290 0 290 0 290 0 290 0 290 0 290 0 290 3 
16525 291 4 291 0 291 0 291 0 291 0 291 0 291 0 291 0 291 0 291 0 291 4 
16540 292 15 292 0 292 0 292 0 292 0 292 0 292 0 292 0 292 0 292 0 292 15 
16555 293 3 293 0 293 0 293 0 293 0 293 0 293 0 293 0 293 0 293 0 293 3 
16570 294 24 294 0 294 0 294 0 294 0 294 0 294 0 294 0 294 0 294 0 294 24 
16585 295 4 295 0 295 0 295 0 295 0 295 0 295 0 295 0 295 0 295 0 295 4 
16615 296 3 296 0 296 0 296 0 296 0 296 0 296 0 296 0 296 0 296 0 296 3 
16630 297 19 297 0 297 0 297 0 297 0 297 0 297 0 297 0 297 0 297 0 297 19 
16645 298 2 298 0 298 0 298 0 298 0 298 0 298 0 298 0 298 0 298 0 298 2 
16660 299 0 299 0 299 0 299 0 299 0 299 0 299 0 299 0 299 0 299 0 299 0 
16876 300 4 300 4 300 0 300 0 300 0 300 0 300 0 300 0 300 0 300 0 300 0 
16891 301 14 301 14 301 0 301 0 301 0 301 0 301 0 301 0 301 0 301 0 301 0 
16906 302 4 302 4 302 0 302 0 302 0 302 0 302 0 302 0 302 0 302 0 302 0 
16936 303 15 303 15 303 0 303 0 303 0 303 0 303 0 303 0 303 0 303 0 303 0 
16951 304 3 304 3 304 0 304 0 304 0 304 0 304 0 304 0 304 0 304 0 304 0 
16966 305 4 305 4 305 0 305 0 305 0 305 0 305 0 305 0 305 0 305 0 305 0 
16981 306 2 306 2 306 0 306 0 306 0 306 0 306 0 306 0 306 0 306 0 306 0 
16996 307 0 307 0 307 0 307 0 307 0 307 0 307 0 307 0 307 0 307 0 307 0 
17200 308 1 308 0 308 0 308 0 308 0 308 0 308 0 308 0 308 0 308 0 308 1 
17215 309 14 309 0 309 0 309 0 309 0 309 0 309 0 309 0 309 0 309 0 309 14 
17230 310 4 310 0 310 0 310 0 310 0 310 0 310 0 310 0 310 0 310 0 310 4 
17245 311 0 311 0 311 0 311 0 311 0 311 0 311 0 311 0 311 0 311 0 311 0 
17260 312 -1 312 0 312 0 312 0 312 0 312 0 312 0 312 0 312 0 312 0 312 -1 
17275 313 0 313 0 313 0 313 0 313 0 313 0 313 0 313 0 313 0 313 0 313 0 
17425 314 3 314 0 314 0 314 0 314 0 314 0 314 0 314 0 314 0 314 0 314 3 
17440 315 15 315 0 315 0 315 0 315 0 315 0 315 0 315 0 315 0 315 0 315 15 
17455 316 0 316 0 316 0 316 0 316 0 316 0 316 0 316 0 316 0 316 0 316 0 
17560 317 1 317 0 317 0 317 0 317 0 317 0 317 0 317 0 317 0 317 0 317 1 
17575 318 3 318 0 318 0 318 0 318 0 318 0 318 0 318 0 318 0 318 0 318 3 
17590 319 4 319 0 319 0 319 0 319 0 319 0 319 0 319 0 319 0 319 0 319 4 
17635 320 3 320 0 320 0 320 0 320 0 320 0 320 0 320 0 320 0 320 0 320 3 
17650 321 1 321 0 321 0 321 0 321 0 321 0 321 0 321 0 321 0 321 0 321 1 
17665 322 0 322 0 322 0 322 0 322 0 322 0 322 0 322 0 322 0 322 0 322 0 
17752 323 6 323 0 323 0 323 0 323 0 323 0 323 0 323 6 323 0 323 0 323 0 
17767 324 3 324 0 324 0 324 0 324 0 324 0 324 0 324 3 324 0 324 0 324 0 
17782 325 12 325 0 325 0 325 0 325 0 325 0 325 0 325 12 325 0 325 0 325 0 
17797 326 7 326 0 326 0 326 0 326 0 326 0 326 0 326 7 326 0 326 0 326 0 
17812 327 18 327 0 327 0 327 0 327 0 327 0 327 0 327 18 327 0 327 0 327 0 
17827 328 5 328 0 328 0 328 0 328 0 328 0 328 0 328 5 328 0 328 0 328 0 
17842 329 14 329 0 329 0 329 0 329 0 329 0 329 0 329 14 329 0 329 0 329 0 
17857 330 2 330 0 330 0 330 0 330 0 330 0 330 0 330 2 330 0 330 0 330 0 
17872 331 4 331 0 331 0 331 0 331 0 331 0 331 0 331 4 331 0 331 0 331 0 
17887 332 3 332 0 332 0 332 0 332 0 332 0 332 0 332 3 332 0 332 0 332 0 
17888 333 7 333 0 333 0 333 0 333 0 333 0 333 0 333 3 333 7 333 0 333 0 
17902 334 6 334 0 334 0 334 0 334 0 334 0 334 0 334 6 334 7 334 0 334 0 
17903 335 3 335 0 335 0 335 0 335 0 335 0 335 0 335 6 335 3 335 0 335 0 
17918 336 16 336 0 336 0 336 0 336 0 336 0 336 0 336 6 336 16 336 0 336 0 
17932 337 0 337 0 337 0 337 0 337 0 337 0 337 0 337 0 337 16 337 0 337 0 
17933 338 2 338 0 338 0 338 0 338 0 338 0 338 0 338 0 338 2 338 0 338 0 
17947 339 3 339 0 339 0 339 0 339 0 339 0 339 0 339 3 339 2 339 0 339 0 
17948 340 9 340 0 340 0 340 0 340 0 340 0 340 0 340 3 340 9 340 0 340 0 
17962 341 4 341 0 341 0 341 0 341 0 341 0 341 0 341 4 341 9 341 0 341 0 
17963 342 7 342 0 342 0 342 0 342 0 342 0 342 0 342 4 342 7 342 0 342 0 
17977 343 6 343 0 343 0 343 0 343 0 343 0 343 0 343 6 343 7 343 0 343 0 
17978 344 12 344 0 344 0 344 0 344 0 344 0 344 0 344 6 344 12 344 0 344 0 
17992 345 4 345 0 345 0 345 0 345 0 345 0 345 0 345 4 345 12 345 0 345 0 
17993 346 2 346 0 346 0 346 0 346 0 346 0 346 0 346 4 346 2 346 0 346 0 
18007 347 3 347 0 347 0 347 0 347 0 347 0 347 0 347 3 347 2 347 0 347 0 
18008 348 4 348 0 348 0 348 0 348 0 348 0 348 0 348 3 348 4 348 0 348 0 
18022 349 0 349 0 349 0 349 0 349 0 349 0 349 0 349 0 349 4 349 0 349 0 
18023 350 3 350 0 350 0 350 0 350 0 350 0 350 0 350 0 350 3 350 0 350 0 
18038 351 16 351 0 351 0 351 0 351 0 351 0 351 0 351 0 351 16 351 0 351 0 
18053 352 5 352 0 352 0 352 0 352 0 352 0 352 0 352 0 352 5 352 0 352 0 
18068 353 1 353 0 353 0 353 0 353 0 353 0 353 0 353 0 353 1 353 0 353 0 
18083 354 3 354 0 354 0 354 0 354 0 354 0 354 0 354 0 354 3 354 0 354 0 
18098 355 4 355 0 355 0 355 0 355 0 355 0 355 0 355 0 355 4 355 0 355 0 
18113 356 6 356 0 356 0 356 0 356 0 356 0 356 0 356 0 356 6 356 0 356 0 
18143 357 0 357 0 357 0 357 0 357 0 357 0 357 0 357 0 357 0 357 0 357 0 
18188 358 1 358 0 358 0 358 0 358 0 358 0 358 0 358 0 358 1 358 0 358 0 
18203 359 3 359 0 359 0 359 0 359 0 359 0 359 0 359 0 359 3 359 0 359 0 
18218 360 4 360 0 360 0 360 0 360 0 360 0 360 0 360 0 360 4 360 0 360 0 
18263 361 3 361 0 361 0 361 0 361 0 361 0 361 0 361 0 361 3 361 0 361 0 
18278 362 4 362 0 362 0 362 0 362 0 362 0 362 0 362 0 362 4 362 0 362 0 
18293 363 0 363 0 363 0 363 0 363 0 363 0 363 0 363 0 363 0 363 0 363 0 
18442 364 4 364 0 364 0 364 0 364 0 364 0 364 0 364 4 364 0 364 0 364 0 
18473 365 3 365 0 365 0 365 0 365 0 365 0 365 0 365 4 365 3 365 0 365 0 
18488 366 3.5 366 0 366 0 366 0 366 0 366 0 366 0 366 3 366 4 366 0 366 0 
18502 367 4 367 0 367 0 367 0 367 0 367 0 367 0 367 4 367 4 367 0 367 0 
18503 368 3 368 0 368 0 368 0 368 0 368 0 368 0 368 4 368 3 368 0 368 0 
18518 369 4 369 0 369 0 369 0 369 0 369 0 369 0 369 4 369 4 369 0 369 0 
18547 370 3 370 0 370 0 370 0 370 0 370 0 370 0 370 3 370 4 370 0 370 0 
18548 371 0 371 0 371 0 371 0 371 0 371 0 371 0 371 3 371 0 371 0 371 0 
18562 372 4 372 0 372 0 372 0 372 0 372 0 372 0 372 4 372 0 372 0 372 0 
18577 373 0 373 0 373 0 373 0 373 0 373 0 373 0 373 0 373 0 373 0 373 0 
18772 374 1 374 0 374 0 374 0 374 0 374 0 374 0 374 1 374 0 374 0 374 0 
18787 375 3 375 0 375 0 375 0 375 0 375 0 375 0 375 3 375 0 375 0 375 0 
18802 376 4 376 0 376 0 376 0 376 0 376 0 376 0 376 4 376 0 376 0 376 0 
18847 377 3 377 0 377 0 377 0 377 0 377 0 377 0 377 3 377 0 377 0 377 0 
18862 378 4 378 0 378 0 378 0 378 0 378 0 378 0 378 4 378 0 378 0 378 0 
18907 379 3 379 0 379 0 379 0 379 0 379 0 379 0 379 3 379 0 379 0 379 0 
18922 380 0 380 0 380 0 380 0 380 0 380 0 380 0 380 0 380 0 380 0 380 0 
19522 381 1 381 0 381 0 381 0 381 0 381 0 381 0 381 1 381 0 381 0 381 0 
19537 382 4 382 0 382 0 382 0 382 0 382 0 382 0 382 4 382 0 382 0 382 0 
19552 383 15 383 0 383 0 383 0 383 0 383 0 383 0 383 15 383 0 383 0 383 0 
19567 384 3 384 0 384 0 384 0 384 0 384 0 384 0 384 3 384 0 384 0 384 0 
19582 385 4 385 0 385 0 385 0 385 0 385 0 385 0 385 4 385 0 385 0 385 0 
19610 386 9 386 0 386 0 386 0 386 0 386 9 386 0 386 4 386 0 386 0 386 0 
19625 387 22 387 0 387 0 387 0 387 0 387 22 387 0 387 4 387 0 387 0 387 0 
19627 388 3 388 0 388 0 388 0 388 0 388 22 388 0 388 3 388 0 388 0 388 0 
19640 389 7 389 0 389 0 389 0 389 0 389 7 389 0 389 3 389 0 389 0 389 0 
19642 390 1 390 0 390 0 390 0 390 0 390 7 390 0 390 1 390 0 390 0 390 0 
19655 391 0 391 0 391 0 391 0 391 0 391 0 391 0 391 1 391 0 391 0 391 0 
19670 392 3.5 392 0 392 0 392 0 392 0 392 7 392 0 392 0 392 0 392 0 392 0 
19685 393 6 393 0 393 0 393 0 393 0 393 6 393 0 393 0 393 0 393 0 393 0 
19700 394 14 394 0 394 0 394 0 394 0 394 14 394 0 394 0 394 0 394 0 394 0 
19715 395 1 395 0 395 0 395 0 395 0 395 1 395 0 395 0 395 0 395 0 395 0 
19730 396 4 396 0 396 0 396 0 396 0 396 4 396 0 396 0 396 0 396 0 396 0 
19760 397 6 397 0 397 0 397 0 397 0 397 6 397 0 397 0 397 0 397 0 397 0 
19775 398 3 398 0 398 0 398 0 398 0 398 3 398 0 398 0 398 0 398 0 398 0 
19820 399 4 399 0 399 0 399 0 399 0 399 4 399 0 399 0 399 0 399 0 399 0 
19835 400 5 400 0 400 0 400 0 400 0 400 5 400 0 400 0 400 0 400 0 400 0 
19850 401 4 401 0 401 0 401 0 401 0 401 4 401 0 401 0 401 0 401 0 401 0 
19880 402 0 402 0 402 0 402 0 402 0 402 0 402 0 402 0 402 0 402 0 402 0 
20738 403 2 403 0 403 0 403 0 403 0 403 0 403 0 403 0 403 2 403 0 403 0 
20753 404 15 404 0 404 0 404 0 404 0 404 0 404 0 404 0 404 15 404 0 404 0 
20768 405 4 405 0 405 0 405 0 405 0 405 0 405 0 405 0 405 4 405 0 405 0 
20783 406 38 406 0 406 0 406 0 406 0 406 0 406 0 406 0 406 38 406 0 406 0 
20798 407 3 407 0 407 0 407 0 407 0 407 0 407 0 407 0 407 3 407 0 407 0 
20813 408 0 408 0 408 0 408 0 408 0 408 0 408 0 408 0 408 0 408 0 408 0 
22173 409 8 409 0 409 0 409 8 409 0 409 0 409 0 409 0 409 0 409 0 409 0 
22203 410 11 410 0 410 0 410 11 410 0 410 0 410 0 410 0 410 0 410 0 410 0 
22218 411 7 411 0 411 0 411 7 411 0 411 0 411 0 411 0 411 0 411 0 411 0 
22233 412 4 412 0 412 0 412 4 412 0 412 0 412 0 412 0 412 0 412 0 412 0 
22248 413 16 413 0 413 0 413 16 413 0 413 0 413 0 413 0 413 0 413 0 413 0 
22263 414 2 414 0 414 0 414 2 414 0 414 0 414 0 414 0 414 0 414 0 414 0 
22278 415 3 415 0 415 0 415 3 415 0 415 0 415 0 415 0 415 0 415 0 415 0 
22291 416 4 416 4 416 0 416 3 416 0 416 0 416 0 416 0 416 0 416 0 416 0 
22306 417 7 417 10 417 0 417 4 417 0 417 0 417 0 417 0 417 0 417 0 417 0 
22308 418 16 418 10 418 0 418 16 418 0 418 0 418 0 418 0 418 0 418 0 418 0 
22321 419 7 419 7 419 0 419 16 419 0 419 0 419 0 419 0 419 0 419 0 419 0 
22323 420 3 420 7 420 0 420 3 420 0 420 0 420 0 420 0 420 0 420 0 420 0 
22338 421 4 421 7 421 0 421 4 421 0 421 0 421 0 421 0 421 0 421 0 421 0 
22351 422 0 422 0 422 0 422 4 422 0 422 0 422 0 422 0 422 0 422 0 422 0 
22353 423 2 423 0 423 0 423 2 423 0 423 0 423 0 423 0 423 0 423 0 423 0 
22368 424 4 424 0 424 0 424 4 424 0 424 0 424 0 424 0 424 0 424 0 424 0 
22383 425 3 425 0 425 0 425 3 425 0 425 0 425 0 425 0 425 0 425 0 425 0 
22398 426 6 426 0 426 0 426 6 426 0 426 0 426 0 426 0 426 0 426 0 426 0 
22413 427 5 427 0 427 0 427 5 427 0 427 0 427 0 427 0 427 0 427 0 427 0 
22428 428 0 428 0 428 0 428 0 428 0 428 0 428 0 428 0 428 0 428 0 428 0 
22503 429 1 429 0 429 0 429 1 429 0 429 0 429 0 429 0 429 0 429 0 429 0 
22518 430 4 430 0 430 0 430 4 430 0 430 0 430 0 430 0 430 0 430 0 430 0 
22525 431 9 431 0 431 0 431 4 431 0 431 0 431 0 431 0 431 0 431 0 431 9 
22540 432 12 432 0 432 0 432 4 432 0 432 0 432 0 432 0 432 0 432 0 432 12 
22555 433 7 433 0 433 0 433 4 433 0 433 0 433 0 433 0 433 0 433 0 433 7 
22563 434 3 434 0 434 0 434 3 434 0 434 0 434 0 434 0 434 0 434 0 434 7 
22578 435 4 435 0 435 0 435 4 435 0 435 0 435 0 435 0 435 0 435 0 435 7 
22585 436 6 436 0 436 0 436 4 436 0 436 0 436 0 436 0 436 0 436 0 436 6 
22600 437 24 437 0 437 0 437 4 437 0 437 0 437 0 437 0 437 0 437 0 437 24 
22615 438 1 438 0 438 0 438 4 438 0 438 0 438 0 438 0 438 0 438 0 438 1 
22623 439 0 439 0 439 0 439 0 439 0 439 0 439 0 439 0 439 0 439 0 439 1 
22630 440 4 440 0 440 0 440 0 440 0 440 0 440 0 440 0 440 0 440 0 440 4 
22660 441 6 441 0 441 0 441 0 441 0 441 0 441 0 441 0 441 0 441 0 441 6 
22675 442 3 442 0 442 0 442 0 442 0 442 0 442 0 442 0 442 0 442 0 442 3 
22720 443 4 443 0 443 0 443 0 443 0 443 0 443 0 443 0 443 0 443 0 443 4 
22735 444 5 444 0 444 0 444 0 444 0 444 0 444 0 444 0 444 0 444 0 444 5 
22750 445 4 445 0 445 0 445 0 445 0 445 0 445 0 445 0 445 0 445 0 445 4 
22780 446 0 446 0 446 0 446 0 446 0 446 0 446 0 446 0 446 0 446 0 446 0 
22840 447 1 447 0 447 0 447 0 447 0 447 0 447 0 447 0 447 0 447 0 447 1 
22855 448 0 448 0 448 0 448 0 448 0 448 0 448 0 448 0 448 0 448 0 448 0 
23245 449 3 449 0 449 0 449 0 449 0 449 0 449 0 449 0 449 0 449 0 449 3 
23260 450 4 450 0 450 0 450 0 450 0 450 0 450 0 450 0 450 0 450 0 450 4 
23275 451 3 451 0 451 0 451 0 451 0 451 0 451 0 451 0 451 0 451 0 451 3 
23290 452 27 452 0 452 0 452 0 452 0 452 0 452 0 452 0 452 0 452 0 452 27 
23305 453 -2 453 0 453 0 453 0 453 0 453 0 453 0 453 0 453 0 453 0 453 -2 
23320 454 0 454 0 454 0 454 0 454 0 454 0 454 0 454 0 454 0 454 0 454 0 
23716 455 1 455 1 455 0 455 0 455 0 455 0 455 0 455 0 455 0 455 0 455 0 
23731 456 3 456 3 456 0 456 0 456 0 456 0 456 0 456 0 456 0 456 0 456 0 
23746 457 4 457 4 457 0 457 0 457 0 457 0 457 0 457 0 457 0 457 0 457 0 
23776 458 14 458 14 458 0 458 0 458 0 458 0 458 0 458 0 458 0 458 0 458 0 
23791 459 13 459 13 459 0 459 0 459 0 459 0 459 0 459 0 459 0 459 0 459 0 
23806 460 4 460 4 460 0 460 0 460 0 460 0 460 0 460 0 460 0 460 0 460 0 
23851 461 3 461 3 461 0 461 0 461 0 461 0 461 0 461 0 461 0 461 0 461 0 
23866 462 4 462 4 462 0 462 0 462 0 462 0 462 0 462 0 462 0 462 0 462 0 
23898 463 15 463 4 463 0 463 15 463 0 463 0 463 0 463 0 463 0 463 0 463 0 
23911 464 3 464 3 464 0 464 15 464 0 464 0 464 0 464 0 464 0 464 0 464 0 
23913 465 4 465 3 465 0 465 4 465 0 465 0 465 0 465 0 465 0 465 0 465 0 
23941 466 0 466 0 466 0 466 4 466 0 466 0 466 0 466 0 466 0 466 0 466 0 
23943 467 3 467 0 467 0 467 3 467 0 467 0 467 0 467 0 467 0 467 0 467 0 
23973 468 0 468 0 468 0 468 0 468 0 468 0 468 0 468 0 468 0 468 0 468 0 
24288 469 1 469 0 469 0 469 1 469 0 469 0 469 0 469 0 469 0 469 0 469 0 
24303 470 3 470 0 470 0 470 3 470 0 470 0 470 0 470 0 470 0 470 0 470 0 
24318 471 15 471 0 471 0 471 15 471 0 471 0 471 0 471 0 471 0 471 0 471 0 
24333 472 4 472 0 472 0 472 4 472 0 472 0 472 0 472 0 472 0 472 0 472 0 
24363 473 3 473 0 473 0 473 3 473 0 473 0 473 0 473 0 473 0 473 0 473 0 
24378 474 0 474 0 474 0 474 0 474 0 474 0 474 0 474 0 474 0 474 0 474 0 
24517 475 6 475 0 475 0 475 0 475 0 475 0 475 0 475 6 475 0 475 0 475 0 
24532 476 9 476 0 476 0 476 0 476 0 476 0 476 0 476 9 476 0 476 0 476 0 
24562 477 2 477 0 477 0 477 0 477 0 477 0 477 0 477 2 477 0 477 0 477 0 
24577 478 0 478 0 478 0 478 0 478 0 478 0 478 0 478 0 478 0 478 0 478 0 
24845 479 2 479 0 479 0 479 0 479 0 479 2 479 0 479 0 479 0 479 0 479 0 
24860 480 4 480 0 480 0 480 0 480 0 480 4 480 0 480 0 480 0 480 0 480 0 
24875 481 3 481 0 481 0 481 0 481 0 481 3 481 0 481 0 481 0 481 0 481 0 
24890 482 19 482 0 482 0 482 0 482 0 482 19 482 0 482 0 482 0 482 0 482 0 
24935 483 14 483 0 483 0 483 0 483 0 483 14 483 0 483 0 483 0 483 0 483 0 
24950 484 3 484 0 484 0 484 0 484 0 484 3 484 0 484 0 484 0 484 0 484 0 
24965 485 0 485 0 485 0 485 0 485 0 485 0 485 0 485 0 485 0 485 0 485 0 
25239 486 6 486 0 486 0 486 0 486 0 486 0 486 0 486 0 486 0 486 6 486 0 
25254 487 4 487 0 487 0 487 0 487 0 487 0 487 0 487 0 487 0 487 4 487 0 
25269 488 16 488 0 488 0 488 0 488 0 488 0 488 0 488 0 488 0 488 16 488 0 
25284 489 2 489 0 489 0 489 0 489 0 489 0 489 0 489 0 489 0 489 2 489 0 
25299 490 8 490 0 490 0 490 0 490 0 490 0 490 0 490 0 490 0 490 8 490 0 
25329 491 12 491 0 491 0 491 0 491 0 491 0 491 0 491 0 491 0 491 12 491 0 
25344 492 2 492 0 492 0 492 0 492 0 492 0 492 0 492 0 492 0 492 2 492 0 
25357 493 1 493 0 493 0 493 0 493 0 493 0 493 0 493 1 493 0 493 2 493 0 
25359 494 3 494 0 494 0 494 0 494 0 494 0 494 0 494 1 494 0 494 3 494 0 
25372 495 4 495 0 495 0 495 0 495 0 495 0 495 0 495 4 495 0 495 3 495 0 
25387 496 3.5 496 0 496 0 496 0 496 0 496 0 496 0 496 3 496 0 496 4 496 0 
25389 497 6 497 0 497 0 497 0 497 0 497 0 497 0 497 3 497 0 497 6 497 0 
25402 498 23 498 0 498 0 498 0 498 0 498 0 498 0 498 23 498 0 498 6 498 0 
25404 499 5 499 0 499 0 499 0 499 0 499 0 499 0 499 23 499 0 499 5 499 0 
25417 500 4 500 0 500 0 500 0 500 0 500 0 500 0 500 4 500 0 500 5 500 0 
25419 501 0 501 0 501 0 501 0 501 0 501 0 501 0 501 4 501 0 501 0 501 0 
25432 502 2 502 0 502 0 502 0 502 0 502 0 502 0 502 2 502 0 502 0 502 0 
25434 503 4 503 0 503 0 503 0 503 0 503 0 503 0 503 2 503 0 503 4 503 0 
25447 504 0 504 0 504 0 504 0 504 0 504 0 504 0 504 0 504 0 504 4 504 0 
25464 505 6 505 0 505 0 505 0 505 0 505 0 505 0 505 0 505 0 505 6 505 0 
25479 506 3 506 0 506 0 506 0 506 0 506 0 506 0 506 0 506 0 506 3 506 0 
25509 507 0 507 0 507 0 507 0 507 0 507 0 507 0 507 0 507 0 507 0 507 0 
25673 508 8 508 0 508 0 508 0 508 0 508 0 508 0 508 0 508 8 508 0 508 0 
25688 509 18 509 0 509 0 509 0 509 0 509 0 509 0 509 0 509 18 509 0 509 0 
25703 510 11 510 0 510 0 510 0 510 0 510 0 510 0 510 0 510 11 510 0 510 0 
25718 511 7 511 0 511 0 511 0 511 0 511 0 511 0 511 0 511 7 511 0 511 0 
25733 512 4 512 0 512 0 512 0 512 0 512 0 512 0 512 0 512 4 512 0 512 0 
25748 513 16 513 0 513 0 513 0 513 0 513 0 513 0 513 0 513 16 513 0 513 0 
25763 514 2 514 0 514 0 514 0 514 0 514 0 514 0 514 0 514 2 514 0 514 0 
25778 515 3 515 0 515 0 515 0 515 0 515 0 515 0 515 0 515 3 515 0 515 0 
25793 516 4 516 0 516 0 516 0 516 0 516 0 516 0 516 0 516 4 516 0 516 0 
25808 517 6 517 0 517 0 517 0 517 0 517 0 517 0 517 0 517 6 517 0 517 0 
25823 518 3 518 0 518 0 518 0 518 0 518 0 518 0 518 0 518 3 518 0 518 0 
25838 519 4 519 0 519 0 519 0 519 0 519 0 519 0 519 0 519 4 519 0 519 0 
25853 520 12 520 0 520 0 520 0 520 0 520 0 520 0 520 0 520 12 520 0 520 0 
25868 521 4 521 0 521 0 521 0 521 0 521 0 521 0 521 0 521 4 521 0 521 0 
25883 522 3 522 0 522 0 522 0 522 0 522 0 522 0 522 0 522 3 522 0 522 0 
25898 523 6 523 0 523 0 523 0 523 0 523 0 523 0 523 0 523 6 523 0 523 0 
25913 524 5 524 0 524 0 524 0 524 0 524 0 524 0 524 0 524 5 524 0 524 0 
25928 525 0 525 0 525 0 525 0 525 0 525 0 525 0 525 0 525 0 525 0 525 0 
25943 526 -16 526 0 526 0 526 0 526 0 526 0 526 0 526 0 526 -16 526 0 526 0 
25958 527 -12 527 0 527 0 527 0 527 0 527 0 527 0 527 0 527 -12 527 0 527 0 
25973 528 -17 528 0 528 0 528 0 528 0 528 0 528 0 528 0 528 -17 528 0 528 0 
25988 529 -12 529 0 529 0 529 0 529 0 529 0 529 0 529 0 529 -12 529 0 529 0 
26003 530 -6 530 0 530 0 530 0 530 0 530 0 530 0 530 0 530 -6 530 0 530 0 
26018 531 -7 531 0 531 0 531 0 531 0 531 0 531 0 531 0 531 -7 531 0 531 0 
26033 532 -4 532 0 532 0 532 0 532 0 532 0 532 0 532 0 532 -4 532 0 532 0 
26048 533 -3 533 0 533 0 533 0 533 0 533 0 533 0 533 0 533 -3 533 0 533 0 
26063 534 -6 534 0 534 0 534 0 534 0 534 0 534 0 534 0 534 -6 534 0 534 0 
26078 535 -7 535 0 535 0 535 0 535 0 535 0 535 0 535 0 535 -7 535 0 535 0 
26093 536 -4 536 0 536 0 536 0 536 0 536 0 536 0 536 0 536 -4 536 0 536 0 
26108 537 -2 537 0 537 0 537 0 537 0 537 0 537 0 537 0 537 -2 537 0 537 0 
26123 538 0 538 0 538 0 538 0 538 0 538 0 538 0 538 0 538 0 538 0 538 0 
26543 539 8 539 0 539 0 539 0 539 0 539 0 539 0 539 0 539 8 539 0 539 0 
26558 540 18 540 0 540 0 540 0 540 0 540 0 540 0 540 0 540 18 540 0 540 0 
26573 541 12 541 0 541 0 541 0 541 0 541 0 541 0 541 0 541 12 541 0 541 0 
26588 542 0 542 0 542 0 542 0 542 0 542 0 542 0 542 0 542 0 542 0 542 0 
26603 543 6 543 0 543 0 543 0 543 0 543 0 543 0 543 0 543 6 543 0 543 0 
26618 544 4 544 0 544 0 544 0 544 0 544 0 544 0 544 0 544 4 544 0 544 0 
26633 545 16 545 0 545 0 545 0 545 0 545 0 545 0 545 0 545 16 545 0 545 0 
26648 546 2 546 0 546 0 546 0 546 0 546 0 546 0 546 0 546 2 546 0 546 0 
26663 547 3 547 0 547 0 547 0 547 0 547 0 547 0 547 0 547 3 547 0 547 0 
26678 548 14 548 0 548 0 548 0 548 0 548 0 548 0 548 0 548 14 548 0 548 0 
26693 549 6 549 0 549 0 549 0 549 0 549 0 549 0 549 0 549 6 549 0 549 0 
26708 550 4 550 0 550 0 550 0 550 0 550 0 550 0 550 0 550 4 550 0 550 0 
26723 551 3 551 0 551 0 551 0 551 0 551 0 551 0 551 0 551 3 551 0 551 0 
26738 552 2 552 0 552 0 552 0 552 0 552 0 552 0 552 0 552 2 552 0 552 0 
26753 553 14 553 0 553 0 553 0 553 0 553 0 553 0 553 0 553 14 553 0 553 0 
26768 554 6 554 0 554 0 554 0 554 0 554 0 554 0 554 0 554 6 554 0 554 0 
26783 555 3 555 0 555 0 555 0 555 0 555 0 555 0 555 0 555 3 555 0 555 0 
26798 556 5 556 0 556 0 556 0 556 0 556 0 556 0 556 0 556 5 556 0 556 0 
26813 557 0 557 0 557 0 557 0 557 0 557 0 557 0 557 0 557 0 557 0 557 0 
26828 558 1 558 0 558 0 558 0 558 0 558 0 558 0 558 0 558 1 558 0 558 0 
26843 559 3 559 0 559 0 559 0 559 0 559 0 559 0 559 0 559 3 559 0 559 0 
26858 560 14 560 0 560 0 560 0 560 0 560 0 560 0 560 0 560 14 560 0 560 0 
26873 561 4 561 0 561 0 561 0 561 0 561 0 561 0 561 0 561 4 561 0 561 0 
26888 562 1 562 0 562 0 562 0 562 0 562 0 562 0 562 0 562 1 562 0 562 0 
26918 563 4 563 0 563 0 563 0 563 0 563 0 563 0 563 0 563 4 563 0 563 0 
26963 564 1 564 0 564 0 564 0 564 0 564 0 564 0 564 0 564 1 564 0 564 0 
26978 565 0 565 0 565 0 565 0 565 0 565 0 565 0 565 0 565 0 565 0 565 0 
