# deltaRailways deltaRailVehicles
10 0 0 0 0 0 0 0 0 0 0 
121 8 0 8 0 0 0 0 0 0 0 
136 8.5 0 9 0 0 0 8 0 0 0 
151 11 0 11 0 0 0 8 0 0 0 
153 12 0 11 0 0 0 12 0 0 0 
166 7 0 7 0 0 0 12 0 0 0 
181 5.5 0 4 0 0 0 7 0 0 0 
183 3 0 4 0 0 0 3 0 0 0 
196 16 0 16 0 0 0 3 0 0 0 
211 9 0 2 0 0 0 16 0 0 0 
213 2 0 2 0 0 0 2 0 0 0 
226 3 0 3 0 0 0 2 0 0 0 
228 4 0 3 0 0 0 4 0 0 0 
243 3.5 0 4 0 0 0 3 0 0 0 
256 6 0 6 0 0 0 3 0 0 0 
271 4.5 0 3 0 0 0 6 0 0 0 
273 4 0 3 0 0 0 4 0 0 0 
288 3.5 0 4 0 0 0 3 0 0 0 
301 3 0 3 0 0 0 3 0 0 0 
303 2 0 3 0 0 0 2 0 0 0 
316 4 0 4 0 0 0 2 0 0 0 
331 3.5 0 3 0 0 0 4 0 0 0 
333 6 0 3 0 0 0 6 0 0 0 
348 5 0 6 0 0 0 4 0 0 0 
376 0 0 0 0 0 0 4 0 0 0 
438 3 0 0 0 0 0 3 0 0 0 
451 1 0 1 0 0 0 3 0 0 0 
453 4 0 1 0 0 0 4 0 0 0 
483 3.5 0 4 0 0 0 3 0 0 0 
498 4 0 4 0 0 0 4 0 0 0 
511 42 0 42 0 0 0 4 0 0 0 
526 3 0 3 0 0 0 4 0 0 0 
541 0 0 0 0 0 0 4 0 0 0 
916 2 0 4 0 0 0 0 0 0 0 
931 3 0 3 0 0 0 0 0 0 0 
946 15 0 15 0 0 0 0 0 0 0 
961 4 0 4 0 0 0 0 0 0 0 
991 2 0 2 0 0 0 0 0 0 0 
1006 0 0 0 0 0 0 0 0 0 0 
1173 4 0 0 0 0 0 4 0 0 0 
1186 3 0 3 0 0 0 4 0 0 0 
1188 5 0 3 0 0 0 5 0 0 0 
1201 4 0 4 0 0 0 5 0 0 0 
1203 3 0 4 0 0 0 3 0 0 0 
1218 15 0 4 0 0 0 15 0 0 0 
1231 3 0 3 0 0 0 15 0 0 0 
1233 4 0 3 0 0 0 4 0 0 0 
1246 5 0 5 0 0 0 4 0 0 0 
1261 4 0 4 0 0 0 4 0 0 0 
1263 0 0 4 0 0 0 0 0 0 0 
1291 3 0 3 0 0 0 0 0 0 0 
1306 1 1 1 1 0 0 0 0 0 0 
1321 0 0 0 0 0 0 0 0 0 0 
1336 0 1 0 1 0 0 0 0 0 0 
1351 0 0 0 0 0 0 0 0 0 0 
1366 0 2 0 2 0 0 0 0 0 0 
1381 0 0 0 0 0 0 0 0 0 0 
1893 1 0 0 0 0 0 1 0 0 0 
1908 4 0 0 0 0 0 4 0 0 0 
1923 3 0 0 0 0 0 3 0 0 0 
1938 4 0 0 0 0 0 4 0 0 0 
1968 15 0 0 0 0 0 15 0 0 0 
1983 3 0 0 0 0 0 3 0 0 0 
1998 0 1 0 0 0 0 0 1 0 0 
2013 0 0 0 0 0 0 0 0 0 0 
2043 0 2 0 0 0 0 0 2 0 0 
2058 0 0 0 0 0 0 0 0 0 0 
5927 8 0 0 0 8 0 0 0 0 0 
5957 12 0 0 0 12 0 0 0 0 0 
5972 0 0 0 0 0 0 0 0 0 0 
5987 6 0 0 0 6 0 0 0 0 0 
6002 4 0 0 0 4 0 0 0 0 0 
6017 16 0 0 0 16 0 0 0 0 0 
6032 3 0 0 0 3 0 0 0 0 0 
6062 4 0 0 0 4 0 0 0 0 0 
6077 6 0 0 0 6 0 0 0 0 0 
6092 4 0 0 0 4 0 0 0 0 0 
6122 1 0 0 0 1 0 0 0 0 0 
6137 4 0 0 0 4 0 0 0 0 0 
6167 5 0 0 0 5 0 0 0 0 0 
6182 6 0 0 0 6 0 0 0 0 0 
6197 0 0 0 0 0 0 0 0 0 0 
11794 3 0 0 0 0 0 0 0 3 0 
11809 10 0 0 0 0 0 0 0 10 0 
11824 6 0 0 0 0 0 0 0 6 0 
11839 7 0 0 0 0 0 0 0 7 0 
11854 0 0 0 0 0 0 0 0 0 0 
12289 2 0 0 0 0 0 0 0 2 0 
12304 4 0 0 0 0 0 0 0 4 0 
12319 3 0 0 0 0 0 0 0 3 0 
12334 4 0 0 0 0 0 0 0 4 0 
12379 3 0 0 0 0 0 0 0 3 0 
12394 22 0 0 0 0 0 0 0 22 0 
12409 0 1 0 0 0 0 0 0 0 1 
12424 0 0 0 0 0 0 0 0 0 0 
12678 7 0 0 0 0 0 7 0 0 0 
12708 12 0 0 0 0 0 12 0 0 0 
12723 2 0 0 0 0 0 2 0 0 0 
12738 0 0 0 0 0 0 0 0 0 0 
13576 3 0 3 0 0 0 0 0 0 0 
13591 9 0 9 0 0 0 0 0 0 0 
13606 5 0 5 0 0 0 0 0 0 0 
13621 10 0 10 0 0 0 0 0 0 0 
13636 1 0 1 0 0 0 0 0 0 0 
13651 0 0 0 0 0 0 0 0 0 0 
14012 63 0 0 0 63 0 0 0 0 0 
14027 3 0 0 0 3 0 0 0 0 0 
14042 4 0 0 0 4 0 0 0 0 0 
14072 0 0 0 0 0 0 0 0 0 0 
14087 -1 0 0 0 -1 0 0 0 0 0 
14102 0 0 0 0 0 0 0 0 0 0 
15271 1 0 1 0 0 0 0 0 0 0 
15286 5 0 5 0 0 0 0 0 0 0 
15301 4 0 4 0 0 0 0 0 0 0 
15391 -1 0 -1 0 0 0 0 0 0 0 
15421 0 0 0 0 0 0 0 0 0 0 
15528 53 0 0 0 0 0 53 0 0 0 
15543 -53 0 0 0 0 0 -53 0 0 0 
15556 2 0 2 0 0 0 -53 0 0 0 
15558 0 0 2 0 0 0 0 0 0 0 
15571 3 0 3 0 0 0 0 0 0 0 
15586 19 0 19 0 0 0 0 0 0 0 
15601 1 1 1 1 0 0 0 0 0 0 
15616 0 0 0 0 0 0 0 0 0 0 
15631 0 1 0 1 0 0 0 0 0 0 
15632 18 0 0 1 18 0 0 0 0 0 
15646 0 0 0 0 18 0 0 0 0 0 
15647 3 0 0 0 3 0 0 0 0 0 
15662 4 0 0 0 4 0 0 0 0 0 
15707 3 0 0 0 3 0 0 0 0 0 
15722 -3 0 0 0 -3 0 0 0 0 0 
15737 0 0 0 0 0 0 0 0 0 0 
15812 2 0 0 0 2 0 0 0 0 0 
15827 14 0 0 0 14 0 0 0 0 0 
15842 3 0 0 0 3 0 0 0 0 0 
15857 0 0 0 0 0 0 0 0 0 0 
15992 3 0 0 0 3 0 0 0 0 0 
16022 4 0 0 0 4 0 0 0 0 0 
16067 3 0 0 0 3 0 0 0 0 0 
16082 15 0 0 0 15 0 0 0 0 0 
16097 4 0 0 0 4 0 0 0 0 0 
16112 1 0 0 0 1 0 0 0 0 0 
16127 0 0 0 0 0 0 0 0 0 0 
16142 1 0 0 0 1 0 0 0 0 0 
16157 4 0 0 0 4 0 0 0 0 0 
16172 5 0 0 0 5 0 0 0 0 0 
16187 3 0 0 0 3 0 0 0 0 0 
16202 6 0 0 0 6 0 0 0 0 0 
16217 5 0 0 0 5 0 0 0 0 0 
16232 4 0 0 0 4 0 0 0 0 0 
16247 1 0 0 0 1 0 0 0 0 0 
16262 0 1 0 0 0 1 0 0 0 0 
16277 0 0 0 0 0 0 0 0 0 0 
16307 0 2 0 0 0 2 0 0 0 0 
16322 0 0 0 0 0 0 0 0 0 0 
21137 11 0 0 0 11 0 0 0 0 0 
21152 4 0 0 0 4 0 0 0 0 0 
21167 9 0 0 0 9 0 0 0 0 0 
21182 2 0 0 0 2 0 0 0 0 0 
21197 0 0 0 0 0 0 0 0 0 0 
22067 3 0 0 0 3 0 0 0 0 0 
22082 4 0 0 0 4 0 0 0 0 0 
22097 19 0 0 0 19 0 0 0 0 0 
22112 4 0 0 0 4 0 0 0 0 0 
22127 3 0 0 0 3 0 0 0 0 0 
22157 0 2 0 0 0 2 0 0 0 0 
22172 0 0 0 0 0 0 0 0 0 0 
22187 0 1 0 0 0 1 0 0 0 0 
22202 0 0 0 0 0 0 0 0 0 0 
