# ValueCount deltaRoads
10 0 0 0 0 0 0 0 0 0 0 0 0 0 0 0 0 0 0 0 0 0 0 
124 1 7 1 0 1 0 1 0 1 7 1 0 1 0 1 0 1 0 1 0 1 0 
126 2 16 2 0 2 0 2 0 2 7 2 0 2 16 2 0 2 0 2 0 2 0 
128 3 17 3 0 3 0 3 0 3 7 3 0 3 16 3 0 3 17 3 0 3 0 
130 4 6 4 0 4 0 4 0 4 7 4 0 4 16 4 0 4 17 4 0 4 6 
139 5 5 5 0 5 0 5 0 5 5 5 0 5 16 5 0 5 17 5 0 5 6 
142 6 7 6 0 6 0 6 0 6 5 6 0 6 16 6 7 6 17 6 0 6 6 
143 7 5 7 0 7 0 7 0 7 5 7 0 7 16 7 7 7 5 7 0 7 6 
154 8 4 8 0 8 0 8 0 8 4 8 0 8 16 8 7 8 5 8 0 8 6 
157 9 4.5 9 0 9 0 9 0 9 4 9 0 9 4 9 5 9 5 9 0 9 6 
158 10 4 10 0 10 0 10 0 10 4 10 0 10 4 10 5 10 4 10 0 10 6 
169 11 2 11 0 11 0 11 0 11 0 11 0 11 4 11 5 11 4 11 0 11 4 
171 12 0 12 0 12 0 12 0 12 0 12 0 12 0 12 5 12 4 12 0 12 4 
172 13 4 13 0 13 0 13 0 13 0 13 0 13 0 13 4 13 4 13 0 13 4 
173 14 0 14 0 14 0 14 0 14 0 14 0 14 0 14 4 14 0 14 0 14 4 
1957 15 3 15 0 15 0 15 0 15 0 15 0 15 0 15 6 15 0 15 0 15 0 
1972 16 8 16 0 16 0 16 0 16 0 16 0 16 0 16 8 16 0 16 0 16 0 
1987 17 6 17 0 17 0 17 0 17 0 17 0 17 0 17 6 17 0 17 0 17 0 
2002 18 8 18 0 18 0 18 0 18 0 18 0 18 0 18 8 18 0 18 0 18 0 
2047 19 6 19 0 19 0 19 0 19 0 19 0 19 0 19 6 19 0 19 0 19 0 
2062 20 8 20 0 20 0 20 0 20 0 20 0 20 0 20 8 20 0 20 0 20 0 
2077 21 7 21 0 21 0 21 0 21 0 21 0 21 0 21 7 21 0 21 0 21 0 
2107 22 5 22 0 22 0 22 0 22 0 22 0 22 0 22 5 22 0 22 0 22 0 
2122 23 162 23 0 23 0 23 0 23 0 23 0 23 0 23 162 23 0 23 0 23 0 
2137 24 7 24 0 24 0 24 0 24 0 24 0 24 0 24 7 24 0 24 0 24 0 
2152 25 2 25 0 25 0 25 0 25 0 25 0 25 0 25 2 25 0 25 0 25 0 
2167 26 0 26 0 26 0 26 0 26 0 26 0 26 0 26 0 26 0 26 0 26 0 
3670 27 8 27 0 27 0 27 0 27 0 27 0 27 0 27 0 27 0 27 0 27 8 
3700 28 18 28 0 28 0 28 0 28 0 28 0 28 0 28 0 28 0 28 0 28 18 
3715 29 16 29 0 29 0 29 0 29 0 29 0 29 0 29 0 29 0 29 0 29 16 
3730 30 8 30 0 30 0 30 0 30 0 30 0 30 0 30 0 30 0 30 0 30 8 
3760 31 27 31 0 31 0 31 0 31 0 31 0 31 0 31 0 31 0 31 0 31 27 
3771 32 2 32 0 32 0 32 0 32 0 32 0 32 2 32 0 32 0 32 0 32 27 
3775 33 5 33 0 33 0 33 0 33 0 33 0 33 2 33 0 33 0 33 0 33 5 
3786 34 8 34 0 34 0 34 0 34 0 34 0 34 8 34 0 34 0 34 0 34 5 
3831 35 7 35 0 35 0 35 0 35 0 35 0 35 6 35 0 35 0 35 0 35 8 
3835 36 6 36 0 36 0 36 0 36 0 36 0 36 6 36 0 36 0 36 0 36 6 
3846 37 18 37 0 37 0 37 0 37 0 37 0 37 18 37 0 37 0 37 0 37 6 
3850 38 16 38 0 38 0 38 0 38 0 38 0 38 18 38 0 38 0 38 0 38 16 
3861 39 26 39 0 39 0 39 0 39 0 39 0 39 26 39 0 39 0 39 0 39 16 
3865 40 9 40 0 40 0 40 0 40 0 40 0 40 26 40 0 40 0 40 0 40 9 
3876 41 8 41 0 41 0 41 0 41 0 41 0 41 8 41 0 41 0 41 0 41 9 
3880 42 7 42 0 42 0 42 0 42 0 42 0 42 8 42 0 42 0 42 0 42 7 
3891 43 6 43 0 43 0 43 0 43 0 43 0 43 6 43 0 43 0 43 0 43 7 
3895 44 16 44 0 44 0 44 0 44 0 44 0 44 6 44 0 44 0 44 0 44 16 
3906 45 8 45 0 45 0 45 0 45 0 45 0 45 8 45 0 45 0 45 0 45 16 
3951 46 7 46 0 46 0 46 0 46 0 46 0 46 6 46 0 46 0 46 0 46 8 
3952 47 1 47 0 47 0 47 0 47 0 47 0 47 6 47 1 47 0 47 0 47 8 
3955 48 5 48 0 48 0 48 0 48 0 48 0 48 6 48 1 48 0 48 0 48 5 
3966 49 8 49 0 49 0 49 0 49 0 49 0 49 8 49 1 49 0 49 0 49 5 
3967 50 0 50 0 50 0 50 0 50 0 50 0 50 8 50 0 50 0 50 0 50 5 
3970 51 8 51 0 51 0 51 0 51 0 51 0 51 8 51 0 51 0 51 0 51 8 
3985 52 0 52 0 52 0 52 0 52 0 52 0 52 8 52 0 52 0 52 0 52 0 
4011 53 16 53 0 53 0 53 0 53 0 53 0 53 16 53 0 53 0 53 0 53 0 
4026 54 9 54 0 54 0 54 0 54 0 54 0 54 9 54 0 54 0 54 0 54 0 
4041 55 7 55 0 55 0 55 0 55 0 55 0 55 7 55 0 55 0 55 0 55 0 
4056 56 0 56 0 56 0 56 0 56 0 56 0 56 0 56 0 56 0 56 0 56 0 
4086 57 2 57 0 57 0 57 0 57 0 57 0 57 2 57 0 57 0 57 0 57 0 
4101 58 5 58 0 58 0 58 0 58 0 58 0 58 5 58 0 58 0 58 0 58 0 
4116 59 35 59 0 59 0 59 0 59 0 59 0 59 35 59 0 59 0 59 0 59 0 
4131 60 0 60 0 60 0 60 0 60 0 60 0 60 0 60 0 60 0 60 0 60 0 
4165 61 6 61 0 61 0 61 0 61 0 61 0 61 0 61 0 61 0 61 0 61 6 
4180 62 26 62 0 62 0 62 0 62 0 62 0 62 0 62 0 62 0 62 0 62 26 
4195 63 5 63 0 63 0 63 0 63 0 63 0 63 0 63 0 63 0 63 0 63 5 
4210 64 3 64 0 64 0 64 0 64 0 64 0 64 0 64 0 64 0 64 0 64 3 
4225 65 0 65 0 65 0 65 0 65 0 65 0 65 0 65 0 65 0 65 0 65 0 
4507 66 1 66 0 66 0 66 0 66 0 66 0 66 0 66 1 66 0 66 0 66 0 
4522 67 0.5 67 0 67 0 67 0 67 0 67 0 67 0 67 0 67 0 67 0 67 1 
4525 68 0 68 0 68 0 68 0 68 0 68 0 68 0 68 0 68 0 68 0 68 0 
4973 69 8 69 0 69 0 69 0 69 0 69 0 69 0 69 0 69 8 69 0 69 0 
5003 70 6 70 0 70 0 70 0 70 0 70 0 70 0 70 0 70 6 70 0 70 0 
5018 71 18 71 0 71 0 71 0 71 0 71 0 71 0 71 0 71 18 71 0 71 0 
5033 72 8 72 0 72 0 72 0 72 0 72 0 72 0 72 0 72 8 72 0 72 0 
5063 73 6 73 0 73 0 73 0 73 0 73 0 73 0 73 0 73 6 73 0 73 0 
5078 74 8 74 0 74 0 74 0 74 0 74 0 74 0 74 0 74 8 74 0 74 0 
5093 75 18 75 0 75 0 75 0 75 0 75 0 75 0 75 0 75 18 75 0 75 0 
5108 76 8 76 0 76 0 76 0 76 0 76 0 76 0 76 0 76 8 76 0 76 0 
5123 77 6 77 0 77 0 77 0 77 0 77 0 77 0 77 0 77 6 77 0 77 0 
5138 78 8 78 0 78 0 78 0 78 0 78 0 78 0 78 0 78 8 78 0 78 0 
5183 79 6 79 0 79 0 79 0 79 0 79 0 79 0 79 0 79 6 79 0 79 0 
5198 80 18 80 0 80 0 80 0 80 0 80 0 80 0 80 0 80 18 80 0 80 0 
5213 81 8 81 0 81 0 81 0 81 0 81 0 81 0 81 0 81 8 81 0 81 0 
5228 82 4 82 0 82 0 82 0 82 0 82 0 82 0 82 0 82 4 82 0 82 0 
5243 83 0 83 0 83 0 83 0 83 0 83 0 83 0 83 0 83 0 83 0 83 0 
5915 84 6 84 0 84 0 84 0 84 0 84 6 84 0 84 0 84 0 84 0 84 0 
5930 85 4 85 0 85 0 85 0 85 0 85 4 85 0 85 0 85 0 85 0 85 0 
5945 86 6 86 0 86 0 86 0 86 0 86 6 86 0 86 0 86 0 86 0 86 0 
5960 87 0 87 0 87 0 87 0 87 0 87 0 87 0 87 0 87 0 87 0 87 0 
6092 88 4 88 0 88 4 88 0 88 0 88 0 88 0 88 0 88 0 88 0 88 0 
6122 89 7 89 0 89 7 89 0 89 0 89 0 89 0 89 0 89 0 89 0 89 0 
6137 90 1 90 0 90 1 90 0 90 0 90 0 90 0 90 0 90 0 90 0 90 0 
6152 91 0 91 0 91 0 91 0 91 0 91 0 91 0 91 0 91 0 91 0 91 0 
6409 92 4 92 0 92 0 92 0 92 4 92 0 92 0 92 0 92 0 92 0 92 0 
6424 93 8 93 0 93 0 93 0 93 8 93 0 93 0 93 0 93 0 93 0 93 0 
6439 94 6 94 0 94 0 94 0 94 6 94 0 94 0 94 0 94 0 94 0 94 0 
6454 95 18 95 0 95 0 95 0 95 18 95 0 95 0 95 0 95 0 95 0 95 0 
6484 96 8 96 0 96 0 96 0 96 8 96 0 96 0 96 0 96 0 96 0 96 0 
6499 97 6 97 0 97 0 97 0 97 6 97 0 97 0 97 0 97 0 97 0 97 0 
6514 98 8 98 0 98 0 98 0 98 8 98 0 98 0 98 0 98 0 98 0 98 0 
6544 99 18 99 0 99 0 99 0 99 18 99 0 99 0 99 0 99 0 99 0 99 0 
6559 100 6 100 0 100 0 100 0 100 6 100 0 100 0 100 0 100 0 100 0 100 0 
6574 101 8 101 0 101 0 101 0 101 8 101 0 101 0 101 0 101 0 101 0 101 0 
6619 102 6 102 0 102 0 102 0 102 6 102 0 102 0 102 0 102 0 102 0 102 0 
6634 103 18 103 0 103 0 103 0 103 18 103 0 103 0 103 0 103 0 103 0 103 0 
6649 104 8 104 0 104 0 104 0 104 8 104 0 104 0 104 0 104 0 104 0 104 0 
6679 105 6 105 0 105 0 105 0 105 6 105 0 105 0 105 0 105 0 105 0 105 0 
6694 106 8 106 0 106 0 106 0 106 8 106 0 106 0 106 0 106 0 106 0 106 0 
6724 107 26 107 0 107 0 107 0 107 26 107 0 107 0 107 0 107 0 107 0 107 0 
6739 108 4 108 0 108 0 108 0 108 4 108 0 108 0 108 0 108 0 108 0 108 0 
6754 109 0 109 0 109 0 109 0 109 0 109 0 109 0 109 0 109 0 109 0 109 0 
8991 110 14 110 0 110 0 110 0 110 0 110 0 110 14 110 0 110 0 110 0 110 0 
9006 111 16 111 0 111 0 111 0 111 0 111 0 111 16 111 0 111 0 111 0 111 0 
9021 112 6 112 0 112 0 112 0 112 0 112 0 112 6 112 0 112 0 112 0 112 0 
9036 113 0 113 0 113 0 113 0 113 0 113 0 113 0 113 0 113 0 113 0 113 0 
9212 114 6 114 0 114 6 114 0 114 0 114 0 114 0 114 0 114 0 114 0 114 0 
9242 115 8 115 0 115 8 115 0 115 0 115 0 115 0 115 0 115 0 115 0 115 0 
9272 116 42 116 0 116 42 116 0 116 0 116 0 116 0 116 0 116 0 116 0 116 0 
9287 117 6 117 0 117 6 117 0 117 0 117 0 117 0 117 0 117 0 117 0 117 0 
9302 118 8 118 0 118 8 118 0 118 0 118 0 118 0 118 0 118 0 118 0 118 0 
9347 119 6 119 0 119 6 119 0 119 0 119 0 119 0 119 0 119 0 119 0 119 0 
9362 120 18 120 0 120 18 120 0 120 0 120 0 120 0 120 0 120 0 120 0 120 0 
9377 121 8 121 0 121 8 121 0 121 0 121 0 121 0 121 0 121 0 121 0 121 0 
9385 122 6 122 0 122 8 122 0 122 0 122 0 122 0 122 0 122 0 122 0 122 6 
9415 123 5 123 0 123 6 123 0 123 0 123 0 123 0 123 0 123 0 123 0 123 4 
9422 124 18 124 0 124 18 124 0 124 0 124 0 124 0 124 0 124 0 124 0 124 4 
9430 125 0 125 0 125 18 125 0 125 0 125 0 125 0 125 0 125 0 125 0 125 0 
9437 126 16 126 0 126 16 126 0 126 0 126 0 126 0 126 0 126 0 126 0 126 0 
9452 127 0 127 0 127 0 127 0 127 0 127 0 127 0 127 0 127 0 127 0 127 0 
10103 128 4 128 0 128 0 128 0 128 0 128 0 128 0 128 0 128 4 128 0 128 0 
10118 129 6 129 0 129 0 129 0 129 0 129 0 129 0 129 0 129 6 129 0 129 0 
10148 130 0 130 0 130 0 130 0 130 0 130 0 130 0 130 0 130 0 130 0 130 0 
10780 131 8 131 0 131 0 131 0 131 0 131 0 131 0 131 0 131 0 131 0 131 8 
10795 132 6 132 0 132 0 132 0 132 0 132 0 132 0 132 0 132 0 132 0 132 6 
10810 133 26 133 0 133 0 133 0 133 0 133 0 133 0 133 0 133 0 133 0 133 26 
10840 134 9 134 0 134 0 134 0 134 0 134 0 134 0 134 0 134 0 134 0 134 9 
10855 135 6 135 0 135 0 135 0 135 0 135 0 135 0 135 0 135 0 135 0 135 6 
10870 136 7 136 0 136 0 136 0 136 0 136 0 136 0 136 0 136 0 136 0 136 7 
10885 137 8 137 0 137 0 137 0 137 0 137 0 137 0 137 0 137 0 137 0 137 8 
10898 138 4 138 0 138 0 138 0 138 0 138 0 138 0 138 0 138 4 138 0 138 8 
10913 139 8 139 0 139 0 139 0 139 0 139 0 139 0 139 0 139 8 139 0 139 8 
10915 140 6 140 0 140 0 140 0 140 0 140 0 140 0 140 0 140 8 140 0 140 6 
10930 141 8 141 0 141 0 141 0 141 0 141 0 141 0 141 0 141 8 141 0 141 8 
10943 142 6 142 0 142 0 142 0 142 0 142 0 142 0 142 0 142 6 142 0 142 8 
10958 143 8 143 0 143 0 143 0 143 0 143 0 143 0 143 0 143 8 143 0 143 8 
10960 144 0 144 0 144 0 144 0 144 0 144 0 144 0 144 0 144 8 144 0 144 0 
10973 145 9 145 0 145 0 145 0 145 0 145 0 145 0 145 0 145 9 145 0 145 0 
10988 146 7 146 0 146 0 146 0 146 0 146 0 146 0 146 0 146 7 146 0 146 0 
11003 147 6 147 0 147 0 147 0 147 0 147 0 147 0 147 0 147 6 147 0 147 0 
11018 148 8 148 0 148 0 148 0 148 0 148 0 148 0 148 0 148 8 148 0 148 0 
11063 149 2 149 0 149 0 149 0 149 0 149 0 149 0 149 0 149 2 149 0 149 0 
11078 150 0 150 0 150 0 150 0 150 0 150 0 150 0 150 0 150 0 150 0 150 0 
11990 151 6 151 0 151 0 151 0 151 0 151 6 151 0 151 0 151 0 151 0 151 0 
12005 152 8 152 0 152 0 152 0 152 0 152 8 152 0 152 0 152 0 152 0 152 0 
12020 153 9 153 0 153 0 153 0 153 0 153 9 153 0 153 0 153 0 153 0 153 0 
12035 154 5 154 0 154 0 154 0 154 0 154 5 154 0 154 0 154 0 154 0 154 0 
12050 155 8 155 0 155 0 155 0 155 0 155 8 155 0 155 0 155 0 155 0 155 0 
12080 156 27 156 0 156 0 156 0 156 0 156 27 156 0 156 0 156 0 156 0 156 0 
12095 157 5 157 0 157 0 157 0 157 0 157 5 157 0 157 0 157 0 157 0 157 0 
12099 158 4 158 0 158 0 158 0 158 0 158 5 158 0 158 0 158 0 158 4 158 0 
12110 159 18 159 0 159 0 159 0 159 0 159 18 159 0 159 0 159 0 159 4 159 0 
12114 160 6 160 0 160 0 160 0 160 0 160 18 160 0 160 0 160 0 160 6 160 0 
12125 161 8 161 0 161 0 161 0 161 0 161 8 161 0 161 0 161 0 161 6 161 0 
12144 162 0 162 0 162 0 162 0 162 0 162 8 162 0 162 0 162 0 162 0 162 0 
12155 163 16 163 0 163 0 163 0 163 0 163 16 163 0 163 0 163 0 163 0 163 0 
12170 164 8 164 0 164 0 164 0 164 0 164 8 164 0 164 0 164 0 164 0 164 0 
12200 165 26 165 0 165 0 165 0 165 0 165 26 165 0 165 0 165 0 165 0 165 0 
12215 166 16 166 0 166 0 166 0 166 0 166 16 166 0 166 0 166 0 166 0 166 0 
12230 167 8 167 0 167 0 167 0 167 0 167 8 167 0 167 0 167 0 167 0 167 0 
12275 168 6 168 0 168 0 168 0 168 0 168 6 168 0 168 0 168 0 168 0 168 0 
12290 169 8 169 0 169 0 169 0 169 0 169 8 169 0 169 0 169 0 169 0 169 0 
12305 170 6 170 0 170 0 170 0 170 0 170 6 170 0 170 0 170 0 170 0 170 0 
12320 171 0 171 0 171 0 171 0 171 0 171 0 171 0 171 0 171 0 171 0 171 0 
12474 172 8 172 0 172 0 172 0 172 0 172 0 172 0 172 0 172 0 172 8 172 0 
12504 173 18 173 0 173 0 173 0 173 0 173 0 173 0 173 0 173 0 173 18 173 0 
12519 174 6 174 0 174 0 174 0 174 0 174 0 174 0 174 0 174 0 174 6 174 0 
12534 175 8 175 0 175 0 175 0 175 0 175 0 175 0 175 0 175 0 175 8 175 0 
12562 176 2 176 0 176 0 176 0 176 0 176 0 176 0 176 2 176 0 176 8 176 0 
12564 177 4 177 0 177 0 177 0 177 0 177 0 177 0 177 2 177 0 177 4 177 0 
12579 178 2 178 0 178 0 178 0 178 0 178 0 178 0 178 4 178 0 178 0 178 0 
12592 179 6 179 0 179 0 179 0 179 0 179 0 179 0 179 6 179 0 179 0 179 0 
12607 180 2 180 0 180 0 180 0 180 0 180 0 180 0 180 2 180 0 180 0 180 0 
12622 181 0 181 0 181 0 181 0 181 0 181 0 181 0 181 0 181 0 181 0 181 0 
12783 182 6 182 0 182 0 182 6 182 0 182 0 182 0 182 0 182 0 182 0 182 0 
12813 183 4 183 0 183 0 183 4 183 0 183 0 183 0 183 0 183 0 183 0 183 0 
12828 184 0 184 0 184 0 184 0 184 0 184 0 184 0 184 0 184 0 184 0 184 0 
15411 185 6 185 0 185 0 185 0 185 0 185 0 185 6 185 0 185 0 185 0 185 0 
15426 186 9 186 0 186 0 186 0 186 0 186 0 186 9 186 0 186 0 186 0 186 0 
15441 187 137 187 0 187 0 187 0 187 0 187 0 187 137 187 0 187 0 187 0 187 0 
15456 188 8 188 0 188 0 188 0 188 0 188 0 188 8 188 0 188 0 188 0 188 0 
15471 189 5 189 0 189 0 189 0 189 0 189 0 189 5 189 0 189 0 189 0 189 0 
15486 190 7 190 0 190 0 190 0 190 0 190 0 190 7 190 0 190 0 190 0 190 0 
15501 191 66 191 0 191 0 191 0 191 0 191 0 191 66 191 0 191 0 191 0 191 0 
15516 192 8 192 0 192 0 192 0 192 0 192 0 192 8 192 0 192 0 192 0 192 0 
15531 193 6 193 0 193 0 193 0 193 0 193 0 193 6 193 0 193 0 193 0 193 0 
15546 194 8 194 0 194 0 194 0 194 0 194 0 194 8 194 0 194 0 194 0 194 0 
15561 195 9 195 0 195 0 195 0 195 0 195 0 195 9 195 0 195 0 195 0 195 0 
15576 196 7 196 0 196 0 196 0 196 0 196 0 196 7 196 0 196 0 196 0 196 0 
15591 197 6 197 0 197 0 197 0 197 0 197 0 197 6 197 0 197 0 197 0 197 0 
15606 198 8 198 0 198 0 198 0 198 0 198 0 198 8 198 0 198 0 198 0 198 0 
15651 199 6 199 0 199 0 199 0 199 0 199 0 199 6 199 0 199 0 199 0 199 0 
15662 200 2 200 0 200 2 200 0 200 0 200 0 200 6 200 0 200 0 200 0 200 0 
15666 201 4 201 0 201 2 201 0 201 0 201 0 201 4 201 0 201 0 201 0 201 0 
15677 202 0 202 0 202 0 202 0 202 0 202 0 202 4 202 0 202 0 202 0 202 0 
15757 203 1 203 0 203 0 203 0 203 0 203 0 203 0 203 2 203 0 203 0 203 0 
15772 204 8 204 0 204 0 204 0 204 0 204 0 204 0 204 8 204 0 204 0 204 0 
15787 205 6 205 0 205 0 205 0 205 0 205 0 205 0 205 6 205 0 205 0 205 0 
15802 206 18 206 0 206 0 206 0 206 0 206 0 206 0 206 18 206 0 206 0 206 0 
15817 207 5 207 0 207 0 207 0 207 0 207 0 207 0 207 5 207 0 207 0 207 0 
15832 208 29 208 0 208 0 208 0 208 0 208 0 208 0 208 29 208 0 208 0 208 0 
15835 209 3 209 0 209 0 209 0 209 0 209 0 209 0 209 29 209 0 209 0 209 3 
15847 210 6 210 0 210 0 210 0 210 0 210 0 210 0 210 6 210 0 210 0 210 3 
15850 211 5 211 0 211 0 211 0 211 0 211 0 211 0 211 6 211 0 211 0 211 5 
15862 212 8 212 0 212 0 212 0 212 0 212 0 212 0 212 8 212 0 212 0 212 5 
15865 213 4 213 0 213 0 213 0 213 0 213 0 213 0 213 8 213 0 213 0 213 4 
15880 214 0 214 0 214 0 214 0 214 0 214 0 214 0 214 8 214 0 214 0 214 0 
15907 215 6 215 0 215 0 215 0 215 0 215 0 215 0 215 6 215 0 215 0 215 0 
15922 216 8 216 0 216 0 216 0 216 0 216 0 216 0 216 8 216 0 216 0 216 0 
15937 217 9 217 0 217 0 217 0 217 0 217 0 217 0 217 9 217 0 217 0 217 0 
15938 218 6 218 0 218 0 218 0 218 0 218 0 218 0 218 9 218 6 218 0 218 0 
15952 219 7 219 0 219 0 219 0 219 0 219 0 219 0 219 7 219 6 219 0 219 0 
15967 220 6 220 0 220 0 220 0 220 0 220 0 220 0 220 6 220 6 220 0 220 0 
15968 221 4 221 0 221 0 221 0 221 0 221 0 221 0 221 6 221 4 221 0 221 0 
15983 222 2 222 0 222 0 222 0 222 0 222 0 222 0 222 4 222 0 222 0 222 0 
15997 223 0 223 0 223 0 223 0 223 0 223 0 223 0 223 0 223 0 223 0 223 0 
16291 224 4 224 4 224 0 224 0 224 0 224 0 224 0 224 0 224 0 224 0 224 0 
16321 225 -8 225 -8 225 0 225 0 225 0 225 0 225 0 225 0 225 0 225 0 225 0 
16336 226 0 226 0 226 0 226 0 226 0 226 0 226 0 226 0 226 0 226 0 226 0 
16741 227 6 227 6 227 0 227 0 227 0 227 0 227 0 227 0 227 0 227 0 227 0 
16756 228 4 228 4 228 0 228 0 228 0 228 0 228 0 228 0 228 0 228 0 228 0 
16765 229 2 229 4 229 0 229 0 229 0 229 0 229 0 229 0 229 0 229 0 229 2 
16780 230 1 230 2 230 0 230 0 230 0 230 0 230 0 230 0 230 0 230 0 230 0 
16786 231 0 231 0 231 0 231 0 231 0 231 0 231 0 231 0 231 0 231 0 231 0 
17180 232 2 232 0 232 0 232 0 232 0 232 2 232 0 232 0 232 0 232 0 232 0 
17195 233 5 233 0 233 0 233 0 233 0 233 5 233 0 233 0 233 0 233 0 233 0 
17225 234 4 234 0 234 0 234 0 234 0 234 4 234 0 234 0 234 0 234 0 234 0 
17240 235 0 235 0 235 0 235 0 235 0 235 0 235 0 235 0 235 0 235 0 235 0 
17314 236 6 236 0 236 0 236 0 236 6 236 0 236 0 236 0 236 0 236 0 236 0 
17344 237 4 237 0 237 0 237 0 237 4 237 0 237 0 237 0 237 0 237 0 237 0 
17359 238 0 238 0 238 0 238 0 238 0 238 0 238 0 238 0 238 0 238 0 238 0 
17439 239 2 239 0 239 0 239 0 239 0 239 0 239 0 239 0 239 0 239 2 239 0 
17454 240 6 240 0 240 0 240 0 240 0 240 0 240 0 240 0 240 0 240 6 240 0 
17469 241 7 241 0 241 0 241 0 241 0 241 0 241 0 241 0 241 0 241 7 241 0 
17484 242 1 242 0 242 0 242 0 242 0 242 0 242 0 242 0 242 0 242 1 242 0 
17499 243 0 243 0 243 0 243 0 243 0 243 0 243 0 243 0 243 0 243 0 243 0 
17538 244 6 244 0 244 0 244 6 244 0 244 0 244 0 244 0 244 0 244 0 244 0 
17553 245 8 245 0 245 0 245 8 245 0 245 0 245 0 245 0 245 0 245 0 245 0 
17568 246 18 246 0 246 0 246 18 246 0 246 0 246 0 246 0 246 0 246 0 246 0 
17583 247 6 247 0 247 0 247 6 247 0 247 0 247 0 247 0 247 0 247 0 247 0 
17598 248 8 248 0 248 0 248 8 248 0 248 0 248 0 248 0 248 0 248 0 248 0 
17643 249 6 249 0 249 0 249 6 249 0 249 0 249 0 249 0 249 0 249 0 249 0 
17658 250 8 250 0 250 0 250 8 250 0 250 0 250 0 250 0 250 0 250 0 250 0 
17673 251 115 251 0 251 0 251 115 251 0 251 0 251 0 251 0 251 0 251 0 251 0 
17688 252 7 252 0 252 0 252 7 252 0 252 0 252 0 252 0 252 0 252 0 252 0 
17703 253 6 253 0 253 0 253 6 253 0 253 0 253 0 253 0 253 0 253 0 253 0 
17718 254 8 254 0 254 0 254 8 254 0 254 0 254 0 254 0 254 0 254 0 254 0 
17733 255 50 255 0 255 0 255 50 255 0 255 0 255 0 255 0 255 0 255 0 255 0 
17748 256 8 256 0 256 0 256 8 256 0 256 0 256 0 256 0 256 0 256 0 256 0 
17763 257 6 257 0 257 0 257 6 257 0 257 0 257 0 257 0 257 0 257 0 257 0 
17778 258 8 258 0 258 0 258 8 258 0 258 0 258 0 258 0 258 0 258 0 258 0 
17808 259 2 259 0 259 0 259 2 259 0 259 0 259 0 259 0 259 0 259 0 259 0 
17823 260 0 260 0 260 0 260 0 260 0 260 0 260 0 260 0 260 0 260 0 260 0 
18010 261 7 261 0 261 0 261 0 261 0 261 0 261 0 261 0 261 0 261 0 261 7 
18025 262 9 262 0 262 0 262 0 262 0 262 0 262 0 262 0 262 0 262 0 262 9 
18040 263 17 263 0 263 0 263 0 263 0 263 0 263 0 263 0 263 0 263 0 263 17 
18055 264 6 264 0 264 0 264 0 264 0 264 0 264 0 264 0 264 0 264 0 264 6 
18070 265 8 265 0 265 0 265 0 265 0 265 0 265 0 265 0 265 0 265 0 265 8 
18085 266 45 266 0 266 0 266 0 266 0 266 0 266 0 266 0 266 0 266 0 266 45 
18100 267 7 267 0 267 0 267 0 267 0 267 0 267 0 267 0 267 0 267 0 267 7 
18115 268 6 268 0 268 0 268 0 268 0 268 0 268 0 268 0 268 0 268 0 268 6 
18130 269 8 269 0 269 0 269 0 269 0 269 0 269 0 269 0 269 0 269 0 269 8 
18145 270 9 270 0 270 0 270 0 270 0 270 0 270 0 270 0 270 0 270 0 270 9 
18160 271 7 271 0 271 0 271 0 271 0 271 0 271 0 271 0 271 0 271 0 271 7 
18175 272 6 272 0 272 0 272 0 272 0 272 0 272 0 272 0 272 0 272 0 272 6 
18190 273 2 273 0 273 0 273 0 273 0 273 0 273 0 273 0 273 0 273 0 273 2 
18205 274 0 274 0 274 0 274 0 274 0 274 0 274 0 274 0 274 0 274 0 274 0 
18796 275 2 275 2 275 0 275 0 275 0 275 0 275 0 275 0 275 0 275 0 275 0 
18800 276 1 276 2 276 0 276 0 276 0 276 1 276 0 276 0 276 0 276 0 276 0 
18811 277 6 277 6 277 0 277 0 277 0 277 1 277 0 277 0 277 0 277 0 277 0 
18815 278 5 278 6 278 0 278 0 278 0 278 5 278 0 278 0 278 0 278 0 278 0 
18817 279 1 279 6 279 0 279 0 279 0 279 5 279 0 279 1 279 0 279 0 279 0 
18826 280 8 280 8 280 0 280 0 280 0 280 5 280 0 280 1 280 0 280 0 280 0 
18830 281 2 281 8 281 0 281 0 281 0 281 2 281 0 281 1 281 0 281 0 281 0 
18832 282 0 282 8 282 0 282 0 282 0 282 2 282 0 282 0 282 0 282 0 282 0 
18856 283 17 283 34 283 0 283 0 283 0 283 0 283 0 283 0 283 0 283 0 283 0 
18871 284 6 284 6 284 0 284 0 284 0 284 0 284 0 284 0 284 0 284 0 284 0 
18886 285 8 285 8 285 0 285 0 285 0 285 0 285 0 285 0 285 0 285 0 285 0 
18910 286 1 286 8 286 0 286 0 286 0 286 0 286 0 286 0 286 0 286 0 286 1 
18916 287 5 287 5 287 0 287 0 287 0 287 0 287 0 287 0 287 0 287 0 287 1 
18922 288 1 288 5 288 0 288 0 288 0 288 0 288 0 288 1 288 0 288 0 288 1 
18931 289 0 289 0 289 0 289 0 289 0 289 0 289 0 289 1 289 0 289 0 289 1 
19013 290 2 290 0 290 0 290 0 290 0 290 0 290 0 290 0 290 6 290 0 290 0 
19028 291 8 291 0 291 0 291 0 291 0 291 0 291 0 291 0 291 8 291 0 291 0 
19043 292 6 292 0 292 0 292 0 292 0 292 0 292 0 292 0 292 6 292 0 292 0 
19058 293 18 293 0 293 0 293 0 293 0 293 0 293 0 293 0 293 18 293 0 293 0 
19073 294 8 294 0 294 0 294 0 294 0 294 0 294 0 294 0 294 8 294 0 294 0 
19103 295 6 295 0 295 0 295 0 295 0 295 0 295 0 295 0 295 6 295 0 295 0 
19118 296 8 296 0 296 0 296 0 296 0 296 0 296 0 296 0 296 8 296 0 296 0 
19148 297 18 297 0 297 0 297 0 297 0 297 0 297 0 297 0 297 18 297 0 297 0 
19163 298 32 298 0 298 0 298 0 298 0 298 0 298 0 298 0 298 32 298 0 298 0 
19178 299 9 299 0 299 0 299 0 299 0 299 0 299 0 299 0 299 9 299 0 299 0 
19193 300 7 300 0 300 0 300 0 300 0 300 0 300 0 300 0 300 7 300 0 300 0 
19208 301 8 301 0 301 0 301 0 301 0 301 0 301 0 301 0 301 8 301 0 301 0 
19223 302 6 302 0 302 0 302 0 302 0 302 0 302 0 302 0 302 6 302 0 302 0 
19238 303 8 303 0 303 0 303 0 303 0 303 0 303 0 303 0 303 8 303 0 303 0 
19283 304 6 304 0 304 0 304 0 304 0 304 0 304 0 304 0 304 6 304 0 304 0 
19298 305 4 305 0 305 0 305 0 305 0 305 0 305 0 305 0 305 4 305 0 305 0 
19313 306 0 306 0 306 0 306 0 306 0 306 0 306 0 306 0 306 0 306 0 306 0 
20184 307 8 307 0 307 0 307 0 307 0 307 0 307 0 307 0 307 0 307 8 307 0 
20199 308 6 308 0 308 0 308 0 308 0 308 0 308 0 308 0 308 0 308 6 308 0 
20214 309 5 309 0 309 0 309 0 309 0 309 0 309 0 309 0 309 0 309 5 309 0 
20229 310 28 310 0 310 0 310 0 310 0 310 0 310 0 310 0 310 0 310 28 310 0 
20239 311 2 311 0 311 0 311 0 311 2 311 0 311 0 311 0 311 0 311 28 311 0 
20244 312 7 312 0 312 0 312 0 312 2 312 0 312 0 312 0 312 0 312 7 312 0 
20254 313 0 313 0 313 0 313 0 313 0 313 0 313 0 313 0 313 0 313 7 313 0 
20259 314 6 314 0 314 0 314 0 314 0 314 0 314 0 314 0 314 0 314 6 314 0 
20274 315 9 315 0 315 0 315 0 315 0 315 0 315 0 315 0 315 0 315 9 315 0 
20289 316 7 316 0 316 0 316 0 316 0 316 0 316 0 316 0 316 0 316 7 316 0 
20304 317 8 317 0 317 0 317 0 317 0 317 0 317 0 317 0 317 0 317 8 317 0 
20319 318 6 318 0 318 0 318 0 318 0 318 0 318 0 318 0 318 0 318 6 318 0 
20334 319 8 319 0 319 0 319 0 319 0 319 0 319 0 319 0 319 0 319 8 319 0 
20379 320 6 320 0 320 0 320 0 320 0 320 0 320 0 320 0 320 0 320 6 320 0 
20394 321 12 321 0 321 0 321 0 321 0 321 0 321 0 321 0 321 0 321 12 321 0 
20409 322 0 322 0 322 0 322 0 322 0 322 0 322 0 322 0 322 0 322 0 322 0 
20974 323 4 323 0 323 0 323 0 323 4 323 0 323 0 323 0 323 0 323 0 323 0 
20989 324 8 324 0 324 0 324 0 324 8 324 0 324 0 324 0 324 0 324 0 324 0 
21019 325 6 325 0 325 0 325 0 325 6 325 0 325 0 325 0 325 0 325 0 325 0 
21034 326 8 326 0 326 0 326 0 326 8 326 0 326 0 326 0 326 0 326 0 326 0 
21079 327 6 327 0 327 0 327 0 327 6 327 0 327 0 327 0 327 0 327 0 327 0 
21094 328 8 328 0 328 0 328 0 328 8 328 0 328 0 328 0 328 0 328 0 328 0 
21139 329 6 329 0 329 0 329 0 329 6 329 0 329 0 329 0 329 0 329 0 329 0 
21154 330 8 330 0 330 0 330 0 330 8 330 0 330 0 330 0 330 0 330 0 330 0 
21199 331 6 331 0 331 0 331 0 331 6 331 0 331 0 331 0 331 0 331 0 331 0 
21214 332 8 332 0 332 0 332 0 332 8 332 0 332 0 332 0 332 0 332 0 332 0 
21259 333 0 333 0 333 0 333 0 333 0 333 0 333 0 333 0 333 0 333 0 333 0 
23806 334 4 334 4 334 0 334 0 334 0 334 0 334 0 334 0 334 0 334 0 334 0 
23836 335 -8 335 -8 335 0 335 0 335 0 335 0 335 0 335 0 335 0 335 0 335 0 
23851 336 0 336 0 336 0 336 0 336 0 336 0 336 0 336 0 336 0 336 0 336 0 
24256 337 6 337 6 337 0 337 0 337 0 337 0 337 0 337 0 337 0 337 0 337 0 
24271 338 2 338 2 338 0 338 0 338 0 338 0 338 0 338 0 338 0 338 0 338 0 
24286 339 7 339 7 339 0 339 0 339 0 339 0 339 0 339 0 339 0 339 0 339 0 
24301 340 1 340 1 340 0 340 0 340 0 340 0 340 0 340 0 340 0 340 0 340 0 
24316 341 0 341 0 341 0 341 0 341 0 341 0 341 0 341 0 341 0 341 0 341 0 
25036 342 4 342 4 342 0 342 0 342 0 342 0 342 0 342 0 342 0 342 0 342 0 
25051 343 6 343 6 343 0 343 0 343 0 343 0 343 0 343 0 343 0 343 0 343 0 
25066 344 8 344 8 344 0 344 0 344 0 344 0 344 0 344 0 344 0 344 0 344 0 
25081 345 18 345 18 345 0 345 0 345 0 345 0 345 0 345 0 345 0 345 0 345 0 
25096 346 9 346 9 346 0 346 0 346 0 346 0 346 0 346 0 346 0 346 0 346 0 
25111 347 5 347 5 347 0 347 0 347 0 347 0 347 0 347 0 347 0 347 0 347 0 
25126 348 8 348 8 348 0 348 0 348 0 348 0 348 0 348 0 348 0 348 0 348 0 
25156 349 18 349 18 349 0 349 0 349 0 349 0 349 0 349 0 349 0 349 0 349 0 
25171 350 7 350 7 350 0 350 0 350 0 350 0 350 0 350 0 350 0 350 0 350 0 
25186 351 1 351 1 351 0 351 0 351 0 351 0 351 0 351 0 351 0 351 0 351 0 
25201 352 0 352 0 352 0 352 0 352 0 352 0 352 0 352 0 352 0 352 0 352 0 
25269 353 4 353 0 353 0 353 0 353 0 353 0 353 0 353 0 353 0 353 4 353 0 
25295 354 2 354 0 354 0 354 0 354 0 354 2 354 0 354 0 354 0 354 4 354 0 
25299 355 3 355 0 355 0 355 0 355 0 355 2 355 0 355 0 355 0 355 3 355 0 
25310 356 0 356 0 356 0 356 0 356 0 356 0 356 0 356 0 356 0 356 3 356 0 
25314 357 1 357 0 357 0 357 0 357 0 357 0 357 0 357 0 357 0 357 1 357 0 
25329 358 0 358 0 358 0 358 0 358 0 358 0 358 0 358 0 358 0 358 0 358 0 
26134 359 4 359 0 359 0 359 0 359 4 359 0 359 0 359 0 359 0 359 0 359 0 
26149 360 3 360 0 360 0 360 0 360 3 360 0 360 0 360 0 360 0 360 0 360 0 
26179 361 0 361 0 361 0 361 0 361 0 361 0 361 0 361 0 361 0 361 0 361 0 
