# null null
27000 -27.9034 0.0336924 
27000 -15.6605 0.534261 
27000 -10.144 0.745232 
27000 -9.44405 0.771818 
27000 -7.98679 0.826471 
27000 -5.56434 0.912579 
27000 -5.45558 0.916202 
27000 -5.39328 0.918265 
27000 -5.21927 0.923973 
27000 -4.86948 0.935197 
27000 -4.70514 0.940344 
27000 -4.67092 0.941404 
27000 -4.34092 0.951429 
27000 -4.23073 0.954689 
27000 -4.20798 0.955356 
27000 -4.03067 0.960486 
27000 -3.82322 0.966324 
27000 -3.78787 0.967301 
27000 -3.72372 0.969058 
27000 -3.63623 0.971424 
27000 -3.39392 0.977788 
27000 -3.24021 0.981672 
27000 -3.21229 0.982364 
27000 -3.05927 0.986084 
27000 -2.98895 0.98775 
27000 -2.90977 0.989591 
27000 -2.8796 0.990284 
27000 -2.80764 0.991913 
27000 -2.75489 0.993088 
27000 -2.73011 0.993634 
27000 -2.54565 0.997579 
27000 -2.33397 1.00184 
27000 -2.14827 1.00532 
27000 -2.10322 1.00613 
27000 -2.06889 1.00674 
27000 -2.05115 1.00705 
27000 -2.02326 1.00753 
27000 -1.98335 1.00821 
27000 -1.88158 1.0099 
27000 -1.78719 1.01139 
27000 -1.75268 1.01192 
27000 -1.71412 1.0125 
27000 -1.70344 1.01266 
27000 -1.62025 1.01386 
27000 -1.61771 1.0139 
27000 -1.56895 1.01458 
27000 -1.54811 1.01487 
27000 -1.52331 1.0152 
27000 -1.50598 1.01543 
27000 -1.46255 1.016 
27000 -1.4464 1.01621 
27000 -1.44296 1.01625 
27000 -1.42302 1.0165 
27000 -1.38828 1.01694 
27000 -1.37062 1.01715 
27000 -1.30076 1.01798 
27000 -1.24847 1.01858 
27000 -1.23679 1.0187 
27000 -1.22821 1.0188 
27000 -1.21768 1.01891 
27000 -1.2102 1.019 
27000 -1.20176 1.01909 
27000 -1.17623 1.01936 
27000 -1.1699 1.01942 
27000 -1.15493 1.01958 
27000 -1.12824 1.01985 
27000 -1.10758 1.02006 
27000 -1.10292 1.02011 
27000 -1.07663 1.02036 
27000 -1.06387 1.02049 
27000 -1.05167 1.0206 
27000 -1.04449 1.02067 
27000 -1.03645 1.02075 
27000 -1.02711 1.02083 
27000 -1.006 1.02103 
27000 -1.00512 1.02104 
27000 -0.949382 1.02153 
27000 -0.846482 1.02236 
27000 -0.802355 1.02269 
27000 -0.783792 1.02283 
27000 -0.767321 1.02294 
27000 -0.758786 1.023 
27000 -0.757677 1.02301 
27000 -0.746996 1.02308 
27000 -0.721896 1.02325 
27000 -0.717216 1.02328 
27000 -0.69016 1.02346 
27000 -0.670203 1.02358 
27000 -0.668117 1.02359 
27000 -0.660156 1.02364 
27000 -0.645049 1.02373 
27000 -0.630104 1.02382 
27000 -0.628416 1.02383 
27000 -0.624709 1.02385 
27000 -0.610646 1.02393 
27000 -0.592773 1.02403 
27000 -0.568005 1.02416 
27000 -0.556106 1.02422 
27000 -0.549399 1.02425 
27000 -0.535137 1.02432 
27000 -0.532304 1.02434 
27000 -0.527279 1.02436 
27000 -0.512937 1.02443 
27000 -0.507983 1.02445 
27000 -0.497212 1.0245 
27000 -0.485615 1.02456 
27000 -0.479853 1.02458 
27000 -0.467804 1.02463 
27000 -0.447274 1.02472 
27000 -0.430844 1.02479 
27000 -0.409729 1.02487 
27000 -0.398301 1.02491 
27000 -0.394609 1.02492 
27000 -0.392625 1.02493 
27000 -0.384438 1.02496 
27000 -0.380504 1.02497 
27000 -0.330966 1.02514 
27000 -0.319678 1.02517 
27000 -0.317273 1.02518 
27000 -0.306898 1.02521 
27000 -0.303988 1.02521 
27000 -0.295034 1.02524 
27000 -0.291365 1.02525 
27000 -0.274986 1.02529 
27000 -0.27189 1.0253 
27000 -0.264696 1.02532 
27000 -0.260604 1.02533 
27000 -0.257035 1.02534 
27000 -0.244619 1.02536 
27000 -0.230581 1.0254 
27000 -0.216947 1.02542 
27000 -0.214976 1.02543 
27000 -0.207615 1.02544 
27000 -0.199809 1.02546 
27000 -0.196653 1.02546 
27000 -0.190125 1.02547 
27000 -0.185069 1.02548 
27000 -0.172879 1.0255 
27000 -0.169791 1.02551 
27000 -0.167422 1.02551 
27000 -0.161281 1.02552 
27000 -0.156344 1.02553 
27000 -0.152364 1.02553 
27000 -0.148861 1.02554 
27000 -0.137258 1.02555 
27000 -0.133109 1.02556 
27000 -0.132189 1.02556 
27000 -0.110767 1.02558 
27000 -0.102663 1.02559 
27000 -0.100869 1.02559 
27000 -0.0897217 1.0256 
27000 -0.0879481 1.0256 
27000 -0.08176 1.02561 
27000 -0.0780185 1.02561 
27000 -0.0749462 1.02561 
27000 -0.062737 1.02562 
27000 -0.0560334 1.02563 
27000 -0.0534477 1.02563 
27000 -0.0465828 1.02563 
27000 -0.0397571 1.02563 
27000 -0.0243347 1.02564 
27000 -0.0163874 1.02564 
27000 -0.00147769 1.02564 
27000 0.00365547 1.02564 
27000 0.0112088 1.02564 
27000 0.0245618 1.02564 
27000 0.0271738 1.02564 
27000 0.0319792 1.02564 
27000 0.0367649 1.02564 
27000 0.0508057 1.02563 
27000 0.0555123 1.02563 
27000 0.0642862 1.02562 
27000 0.0718342 1.02562 
27000 0.075686 1.02562 
27000 0.0825847 1.02561 
27000 0.0913393 1.0256 
27000 0.0964461 1.0256 
27000 0.103781 1.02559 
27000 0.108457 1.02559 
27000 0.114972 1.02558 
27000 0.118862 1.02558 
27000 0.121632 1.02557 
27000 0.132097 1.02556 
27000 0.136109 1.02556 
27000 0.145896 1.02554 
27000 0.150038 1.02554 
27000 0.155774 1.02553 
27000 0.157561 1.02553 
27000 0.164856 1.02552 
27000 0.170868 1.02551 
27000 0.181746 1.02549 
27000 0.18697 1.02548 
27000 0.198719 1.02546 
27000 0.20198 1.02545 
27000 0.20523 1.02545 
27000 0.212718 1.02543 
27000 0.223854 1.02541 
27000 0.237032 1.02538 
27000 0.244137 1.02537 
27000 0.247753 1.02536 
27000 0.250375 1.02535 
27000 0.25934 1.02533 
27000 0.262581 1.02533 
27000 0.265167 1.02532 
27000 0.268873 1.02531 
27000 0.279275 1.02528 
27000 0.281978 1.02528 
27000 0.286733 1.02526 
27000 0.28768 1.02526 
27000 0.292723 1.02525 
27000 0.29821 1.02523 
27000 0.305689 1.02521 
27000 0.307085 1.02521 
27000 0.315883 1.02518 
27000 0.319566 1.02517 
27000 0.327347 1.02515 
27000 0.33356 1.02513 
27000 0.338233 1.02512 
27000 0.340186 1.02511 
27000 0.343931 1.0251 
27000 0.346471 1.02509 
27000 0.351381 1.02508 
27000 0.365387 1.02503 
27000 0.372391 1.02501 
27000 0.376454 1.02499 
27000 0.388831 1.02495 
27000 0.392685 1.02493 
27000 0.398085 1.02492 
27000 0.410618 1.02487 
27000 0.415922 1.02485 
27000 0.41995 1.02483 
27000 0.4318 1.02479 
27000 0.446348 1.02473 
27000 0.459751 1.02467 
27000 0.465192 1.02465 
27000 0.469551 1.02463 
27000 0.475855 1.0246 
27000 0.47847 1.02459 
27000 0.488083 1.02455 
27000 0.490279 1.02454 
27000 0.515857 1.02442 
27000 0.524482 1.02438 
27000 0.531177 1.02435 
27000 0.534877 1.02433 
27000 0.541621 1.0243 
27000 0.549167 1.02426 
27000 0.552071 1.02425 
27000 0.557854 1.02422 
27000 0.564436 1.02418 
27000 0.569668 1.02416 
27000 0.571682 1.02415 
27000 0.578285 1.02411 
27000 0.586822 1.02407 
27000 0.589728 1.02405 
27000 0.592625 1.02403 
27000 0.599654 1.024 
27000 0.602634 1.02398 
27000 0.615023 1.02391 
27000 0.619078 1.02389 
27000 0.621771 1.02387 
27000 0.632908 1.02381 
27000 0.637656 1.02378 
27000 0.639636 1.02377 
27000 0.642488 1.02375 
27000 0.648274 1.02372 
27000 0.652725 1.02369 
27000 0.659522 1.02365 
27000 0.670417 1.02359 
27000 0.671478 1.02358 
27000 0.677397 1.02354 
27000 0.68181 1.02352 
27000 0.685681 1.02349 
27000 0.693266 1.02344 
27000 0.696675 1.02342 
27000 0.701506 1.02339 
27000 0.704474 1.02337 
27000 0.707228 1.02336 
27000 0.712103 1.02332 
27000 0.713317 1.02332 
27000 0.724872 1.02324 
27000 0.729352 1.02321 
27000 0.737063 1.02316 
27000 0.742167 1.02313 
27000 0.744512 1.02311 
27000 0.74685 1.02309 
27000 0.750347 1.02307 
27000 0.754215 1.02304 
27000 0.762473 1.02299 
27000 0.768947 1.02294 
27000 0.773394 1.02291 
27000 0.774243 1.0229 
27000 0.776784 1.02289 
27000 0.779318 1.02287 
27000 0.781283 1.02285 
27000 0.784642 1.02283 
27000 0.797579 1.02274 
27000 0.802335 1.0227 
27000 0.808603 1.02266 
27000 0.812217 1.02263 
27000 0.814916 1.02261 
27000 0.817696 1.02259 
27000 0.819753 1.02257 
27000 0.823051 1.02255 
27000 0.825095 1.02254 
27000 0.828902 1.02251 
27000 0.832341 1.02248 
27000 0.838477 1.02243 
27000 0.842658 1.0224 
27000 0.849409 1.02235 
27000 0.850958 1.02234 
27000 0.853449 1.02232 
27000 0.856873 1.02229 
27000 0.861048 1.02226 
27000 0.863932 1.02224 
27000 0.872524 1.02217 
27000 0.876953 1.02214 
27000 0.879948 1.02211 
27000 0.88169 1.0221 
27000 0.891409 1.02202 
27000 0.893944 1.022 
27000 0.897202 1.02197 
27000 0.90158 1.02194 
27000 0.904727 1.02191 
27000 0.909225 1.02187 
27000 0.911624 1.02185 
27000 0.915924 1.02182 
27000 0.924299 1.02175 
27000 0.929782 1.0217 
27000 0.930562 1.0217 
27000 0.93515 1.02166 
27000 0.94079 1.02161 
27000 0.942251 1.0216 
27000 0.946084 1.02157 
27000 0.949442 1.02154 
27000 0.952255 1.02151 
27000 0.956417 1.02148 
27000 0.960181 1.02144 
27000 0.964003 1.02141 
27000 0.964825 1.0214 
27000 0.971813 1.02134 
27000 0.973883 1.02132 
27000 0.980279 1.02127 
27000 0.983712 1.02124 
27000 0.985242 1.02122 
27000 0.989666 1.02118 
27000 0.991256 1.02117 
27000 0.99658 1.02112 
27000 0.999156 1.0211 
27000 1.00364 1.02106 
27000 1.00931 1.02101 
27000 1.01661 1.02094 
27000 1.02197 1.02089 
27000 1.02377 1.02088 
27000 1.02976 1.02082 
27000 1.03121 1.02081 
27000 1.03141 1.0208 
27000 1.03203 1.0208 
27000 1.03592 1.02076 
27000 1.03993 1.02073 
27000 1.0429 1.0207 
27000 1.04949 1.02064 
27000 1.05149 1.02062 
27000 1.06268 1.02051 
27000 1.06936 1.02045 
27000 1.07501 1.02039 
27000 1.07772 1.02037 
27000 1.08452 1.0203 
27000 1.08961 1.02025 
27000 1.09435 1.0202 
27000 1.09887 1.02016 
27000 1.10511 1.0201 
27000 1.10969 1.02005 
27000 1.11295 1.02002 
27000 1.11809 1.01997 
27000 1.12114 1.01994 
27000 1.12168 1.01993 
27000 1.12265 1.01992 
27000 1.12857 1.01986 
27000 1.13456 1.0198 
27000 1.13766 1.01977 
27000 1.13973 1.01975 
27000 1.14581 1.01969 
27000 1.1485 1.01966 
27000 1.1523 1.01962 
27000 1.15433 1.0196 
27000 1.15648 1.01958 
27000 1.16029 1.01954 
27000 1.1683 1.01945 
27000 1.17312 1.0194 
27000 1.17758 1.01936 
27000 1.18111 1.01932 
27000 1.18618 1.01927 
27000 1.18862 1.01924 
27000 1.19182 1.01921 
27000 1.1961 1.01916 
27000 1.2027 1.01909 
27000 1.20918 1.01902 
27000 1.21315 1.01898 
27000 1.21693 1.01894 
27000 1.21942 1.01891 
27000 1.2227 1.01887 
27000 1.22391 1.01886 
27000 1.2268 1.01883 
27000 1.22931 1.0188 
27000 1.23187 1.01877 
27000 1.23467 1.01874 
27000 1.23876 1.0187 
27000 1.24292 1.01865 
27000 1.24532 1.01862 
27000 1.24873 1.01859 
27000 1.25228 1.01855 
27000 1.25395 1.01853 
27000 1.25707 1.01849 
27000 1.25952 1.01846 
27000 1.26411 1.01841 
27000 1.26664 1.01838 
27000 1.26876 1.01836 
27000 1.27034 1.01834 
27000 1.2773 1.01826 
27000 1.27924 1.01824 
27000 1.2806 1.01823 
27000 1.28167 1.01821 
27000 1.28351 1.01819 
27000 1.28957 1.01812 
27000 1.29415 1.01807 
27000 1.29861 1.01802 
27000 1.29894 1.01802 
27000 1.30299 1.01797 
27000 1.30467 1.01795 
27000 1.31171 1.01787 
27000 1.31729 1.0178 
27000 1.32078 1.01776 
27000 1.32096 1.01776 
27000 1.3232 1.01773 
27000 1.32901 1.01766 
27000 1.32987 1.01765 
27000 1.33427 1.0176 
27000 1.33977 1.01754 
27000 1.34495 1.01748 
27000 1.34908 1.01743 
27000 1.35376 1.01737 
27000 1.35849 1.01731 
27000 1.3622 1.01727 
27000 1.36687 1.01721 
27000 1.37049 1.01717 
27000 1.37231 1.01715 
27000 1.37671 1.01709 
27000 1.38449 1.017 
27000 1.38855 1.01695 
27000 1.39148 1.01691 
27000 1.39681 1.01685 
27000 1.39868 1.01682 
27000 1.40883 1.0167 
27000 83.112 0 
27000 50.897 0 
