# deltaRoads deltaRailVehicles
10 0 0 0 0 0 0 0 0 0 0 0 0 0 0 0 0 0 0 0 0 0 0 
125 6 0 0 0 0 0 0 0 0 0 6 0 0 0 0 0 0 0 0 0 0 0 
129 4 0 0 0 0 0 0 0 0 0 6 0 6 0 0 0 0 0 2 0 0 0 
144 6 0 0 0 0 0 0 0 0 0 6 0 6 0 0 0 0 0 6 0 0 0 
155 4 0 0 0 0 0 0 0 0 0 4 0 6 0 0 0 0 0 6 0 0 0 
159 3.5 0 0 0 0 0 0 0 0 0 4 0 4 0 0 0 0 0 3 0 0 0 
170 0 0 0 0 0 0 0 0 0 0 0 0 4 0 0 0 0 0 3 0 0 0 
498 0 0.333333 0 0 0 0 0 1 0 0 0 0 0 0 0 0 0 0 0 0 0 0 
513 0 0 0 0 0 0 0 0 0 0 0 0 0 0 0 0 0 0 0 0 0 0 
528 0 1 0 0 0 0 0 1 0 0 0 0 0 0 0 0 0 0 0 0 0 0 
543 0 0 0 0 0 0 0 0 0 0 0 0 0 0 0 0 0 0 0 0 0 0 
816 6 0 0 0 0 0 0 0 0 0 0 0 6 0 0 0 0 0 0 0 0 0 
832 0 1 0 0 0 0 0 0 0 0 0 0 6 0 0 1 0 0 0 0 0 0 
844 2 0 0 0 0 0 0 0 2 0 0 0 6 0 0 1 0 0 0 0 0 0 
846 8 0 0 0 0 0 0 0 2 0 0 0 8 0 0 1 0 0 0 0 0 0 
847 0 0 0 0 0 0 0 0 2 0 0 0 8 0 0 0 0 0 0 0 0 0 
859 5 0 0 0 0 0 0 0 5 0 0 0 8 0 0 0 0 0 0 0 0 0 
862 0 1 0 0 0 0 0 0 5 0 0 0 8 0 0 1 0 0 0 0 0 0 
874 7 0 0 0 0 0 0 0 7 0 0 0 8 0 0 1 0 0 0 0 0 0 
889 2 0 0 0 0 0 0 0 2 0 0 0 8 0 0 1 0 0 0 0 0 0 
891 6 0 0 0 0 0 0 0 2 0 0 0 6 0 0 1 0 0 0 0 0 0 
892 0 0 0 0 0 0 0 0 2 0 0 0 6 0 0 0 0 0 0 0 0 0 
906 4 0 0 0 0 0 0 0 0 0 0 0 8 0 0 0 0 0 0 0 0 0 
951 6 0 0 0 0 0 0 0 0 0 0 0 6 0 0 0 0 0 0 0 0 0 
966 8 0 0 0 0 0 0 0 0 0 0 0 8 0 0 0 0 0 0 0 0 0 
981 6 0 0 0 0 0 0 0 0 0 0 0 6 0 0 0 0 0 0 0 0 0 
996 8 0 0 0 0 0 0 0 0 0 0 0 8 0 0 0 0 0 0 0 0 0 
1011 6 0 0 0 0 0 0 0 0 0 0 0 6 0 0 0 0 0 0 0 0 0 
1026 9 0 0 0 0 0 0 0 0 0 0 0 9 0 0 0 0 0 0 0 0 0 
1041 2 0 0 0 0 0 0 0 0 0 0 0 2 0 0 0 0 0 0 0 0 0 
1056 0 0 0 0 0 0 0 0 0 0 0 0 0 0 0 0 0 0 0 0 0 0 
1118 0 1 0 0 0 0 0 0 0 0 0 0 0 0 0 0 0 1 0 0 0 0 
1133 0 0 0 0 0 0 0 0 0 0 0 0 0 0 0 0 0 0 0 0 0 0 
1148 0 1 0 0 0 0 0 0 0 0 0 0 0 0 0 0 0 1 0 0 0 0 
1163 0 2 0 0 0 0 0 0 0 0 0 0 0 0 0 0 0 2 0 0 0 0 
1178 0 0 0 0 0 0 0 0 0 0 0 0 0 0 0 0 0 0 0 0 0 0 
1397 0 1 0 0 0 1 0 0 0 0 0 0 0 0 0 0 0 0 0 0 0 0 
1412 0 0 0 0 0 0 0 0 0 0 0 0 0 0 0 0 0 0 0 0 0 0 
1442 0 2 0 0 0 2 0 0 0 0 0 0 0 0 0 0 0 0 0 0 0 0 
1457 0 0 0 0 0 0 0 0 0 0 0 0 0 0 0 0 0 0 0 0 0 0 
2269 2 0 0 0 0 0 0 0 2 0 0 0 0 0 0 0 0 0 0 0 0 0 
2284 8 0 0 0 0 0 0 0 8 0 0 0 0 0 0 0 0 0 0 0 0 0 
2299 6 0 0 0 0 0 0 0 6 0 0 0 0 0 0 0 0 0 0 0 0 0 
2314 26 0 0 0 0 0 0 0 26 0 0 0 0 0 0 0 0 0 0 0 0 0 
2329 9 0 0 0 0 0 0 0 9 0 0 0 0 0 0 0 0 0 0 0 0 0 
2344 8 0 0 0 0 0 0 0 8 0 0 0 0 0 0 0 0 0 0 0 0 0 
2359 6 0 0 0 0 0 0 0 6 0 0 0 0 0 0 0 0 0 0 0 0 0 
2374 8 0 0 0 0 0 0 0 8 0 0 0 0 0 0 0 0 0 0 0 0 0 
2389 9 0 0 0 0 0 0 0 9 0 0 0 0 0 0 0 0 0 0 0 0 0 
2404 8 0 0 0 0 0 0 0 8 0 0 0 0 0 0 0 0 0 0 0 0 0 
2419 6 0 0 0 0 0 0 0 6 0 0 0 0 0 0 0 0 0 0 0 0 0 
2434 9 0 0 0 0 0 0 0 9 0 0 0 0 0 0 0 0 0 0 0 0 0 
2449 8 0 0 0 0 0 0 0 8 0 0 0 0 0 0 0 0 0 0 0 0 0 
2479 6 0 0 0 0 0 0 0 6 0 0 0 0 0 0 0 0 0 0 0 0 0 
2494 0 0 0 0 0 0 0 0 0 0 0 0 0 0 0 0 0 0 0 0 0 0 
3250 0 1 0 0 0 0 0 0 0 0 0 0 0 0 0 0 0 0 0 0 0 1 
3265 0 0 0 0 0 0 0 0 0 0 0 0 0 0 0 0 0 0 0 0 0 0 
3295 0 1 0 0 0 0 0 0 0 0 0 0 0 0 0 0 0 0 0 0 0 1 
3310 0 0 0 0 0 0 0 0 0 0 0 0 0 0 0 0 0 0 0 0 0 0 
4036 0 1 0 1 0 0 0 0 0 0 0 0 0 0 0 0 0 0 0 0 0 0 
4051 0 0 0 0 0 0 0 0 0 0 0 0 0 0 0 0 0 0 0 0 0 0 
4096 0 3 0 3 0 0 0 0 0 0 0 0 0 0 0 0 0 0 0 0 0 0 
4111 0 0 0 0 0 0 0 0 0 0 0 0 0 0 0 0 0 0 0 0 0 0 
4659 5 0 0 0 0 0 0 0 0 0 0 0 0 0 0 0 0 0 5 0 0 0 
4674 7 0 0 0 0 0 0 0 0 0 0 0 0 0 0 0 0 0 7 0 0 0 
4689 9 0 0 0 0 0 0 0 0 0 0 0 0 0 0 0 0 0 9 0 0 0 
4704 8 0 0 0 0 0 0 0 0 0 0 0 0 0 0 0 0 0 8 0 0 0 
4719 6 0 0 0 0 0 0 0 0 0 0 0 0 0 0 0 0 0 6 0 0 0 
4734 8 0 0 0 0 0 0 0 0 0 0 0 0 0 0 0 0 0 8 0 0 0 
4764 9 0 0 0 0 0 0 0 0 0 0 0 0 0 0 0 0 0 9 0 0 0 
4779 6 0 0 0 0 0 0 0 0 0 0 0 0 0 0 0 0 0 6 0 0 0 
4794 8 0 0 0 0 0 0 0 0 0 0 0 0 0 0 0 0 0 8 0 0 0 
4824 43 0 0 0 0 0 0 0 0 0 0 0 0 0 0 0 0 0 43 0 0 0 
4839 6 0 0 0 0 0 0 0 0 0 0 0 0 0 0 0 0 0 6 0 0 0 
4854 8 0 0 0 0 0 0 0 0 0 0 0 0 0 0 0 0 0 8 0 0 0 
4899 6 0 0 0 0 0 0 0 0 0 0 0 0 0 0 0 0 0 6 0 0 0 
4914 8 0 0 0 0 0 0 0 0 0 0 0 0 0 0 0 0 0 8 0 0 0 
4959 3 0 0 0 0 0 0 0 0 0 0 0 0 0 0 0 0 0 3 0 0 0 
4974 0 0 0 0 0 0 0 0 0 0 0 0 0 0 0 0 0 0 0 0 0 0 
5628 0 1 0 0 0 0 0 1 0 0 0 0 0 0 0 0 0 0 0 0 0 0 
5643 0 0 0 0 0 0 0 0 0 0 0 0 0 0 0 0 0 0 0 0 0 0 
5692 6 0 0 0 0 0 0 0 0 0 0 0 0 0 6 0 0 0 0 0 0 0 
5707 5 0 0 0 0 0 0 0 0 0 0 0 0 0 5 0 0 0 0 0 0 0 
5722 6 0 0 0 0 0 0 0 0 0 0 0 0 0 6 0 0 0 0 0 0 0 
5737 0 0 0 0 0 0 0 0 0 0 0 0 0 0 0 0 0 0 0 0 0 0 
5916 6 0 0 0 0 0 0 0 0 0 0 0 6 0 0 0 0 0 0 0 0 0 
5931 2 0 0 0 0 0 0 0 0 0 0 0 2 0 0 0 0 0 0 0 0 0 
5946 7 0 0 0 0 0 0 0 0 0 0 0 7 0 0 0 0 0 0 0 0 0 
5961 1 0 0 0 0 0 0 0 0 0 0 0 1 0 0 0 0 0 0 0 0 0 
5976 0 0 0 0 0 0 0 0 0 0 0 0 0 0 0 0 0 0 0 0 0 0 
6272 7 0 0 0 7 0 0 0 0 0 0 0 0 0 0 0 0 0 0 0 0 0 
6287 3 0 0 0 3 0 0 0 0 0 0 0 0 0 0 0 0 0 0 0 0 0 
6302 6 0 0 0 6 0 0 0 0 0 0 0 0 0 0 0 0 0 0 0 0 0 
6317 0 0 0 0 0 0 0 0 0 0 0 0 0 0 0 0 0 0 0 0 0 0 
6606 6 0 0 0 0 0 0 0 0 0 0 0 6 0 0 0 0 0 0 0 0 0 
6621 7 0 0 0 0 0 0 0 0 0 0 0 7 0 0 0 0 0 0 0 0 0 
6651 6 0 0 0 0 0 0 0 0 0 0 0 6 0 0 0 0 0 0 0 0 0 
6666 9 0 0 0 0 0 0 0 0 0 0 0 9 0 0 0 0 0 0 0 0 0 
6681 8 0 0 0 0 0 0 0 0 0 0 0 8 0 0 0 0 0 0 0 0 0 
6696 4 0 0 0 0 0 0 0 0 0 0 0 4 0 0 0 0 0 0 0 0 0 
6711 0 0 0 0 0 0 0 0 0 0 0 0 0 0 0 0 0 0 0 0 0 0 
7354 2 0 0 0 0 0 0 0 2 0 0 0 0 0 0 0 0 0 0 0 0 0 
7369 6 0 0 0 0 0 0 0 6 0 0 0 0 0 0 0 0 0 0 0 0 0 
7384 4 0 0 0 0 0 0 0 4 0 0 0 0 0 0 0 0 0 0 0 0 0 
7399 0 0 0 0 0 0 0 0 0 0 0 0 0 0 0 0 0 0 0 0 0 0 
7658 0 1 0 0 0 0 0 0 0 0 0 0 0 0 0 0 0 1 0 0 0 0 
7673 0 0 0 0 0 0 0 0 0 0 0 0 0 0 0 0 0 0 0 0 0 0 
7882 6 0 0 0 0 0 0 0 0 0 0 0 0 0 6 0 0 0 0 0 0 0 
7897 8 0 0 0 0 0 0 0 0 0 0 0 0 0 8 0 0 0 0 0 0 0 
7927 6 0 0 0 0 0 0 0 0 0 0 0 0 0 6 0 0 0 0 0 0 0 
7942 8 0 0 0 0 0 0 0 0 0 0 0 0 0 8 0 0 0 0 0 0 0 
7972 58 0 0 0 0 0 0 0 0 0 0 0 0 0 58 0 0 0 0 0 0 0 
7987 6 0 0 0 0 0 0 0 0 0 0 0 0 0 6 0 0 0 0 0 0 0 
8002 8 0 0 0 0 0 0 0 0 0 0 0 0 0 8 0 0 0 0 0 0 0 
8047 6 0 0 0 0 0 0 0 0 0 0 0 0 0 6 0 0 0 0 0 0 0 
8077 0 0 0 0 0 0 0 0 0 0 0 0 0 0 0 0 0 0 0 0 0 0 
8870 -4 0 0 0 0 0 0 0 0 0 -4 0 0 0 0 0 0 0 0 0 0 0 
8885 -8 0 0 0 0 0 0 0 0 0 -8 0 0 0 0 0 0 0 0 0 0 0 
8900 -4 0 0 0 0 0 0 0 0 0 -4 0 0 0 0 0 0 0 0 0 0 0 
8911 7 0 7 0 0 0 0 0 0 0 -4 0 0 0 0 0 0 0 0 0 0 0 
8915 0 0 7 0 0 0 0 0 0 0 0 0 0 0 0 0 0 0 0 0 0 0 
8926 6 0 6 0 0 0 0 0 0 0 0 0 0 0 0 0 0 0 0 0 0 0 
8941 4 0 4 0 0 0 0 0 0 0 0 0 0 0 0 0 0 0 0 0 0 0 
8956 0 0 0 0 0 0 0 0 0 0 0 0 0 0 0 0 0 0 0 0 0 0 
9305 2 0 0 0 0 0 0 0 0 0 2 0 0 0 0 0 0 0 0 0 0 0 
9320 6 0 0 0 0 0 0 0 0 0 6 0 0 0 0 0 0 0 0 0 0 0 
9350 2 0 0 0 0 0 0 0 0 0 2 0 0 0 0 0 0 0 0 0 0 0 
9365 0 0 0 0 0 0 0 0 0 0 0 0 0 0 0 0 0 0 0 0 0 0 
9466 2 0 2 0 0 0 0 0 0 0 0 0 0 0 0 0 0 0 0 0 0 0 
9481 10 0 10 0 0 0 0 0 0 0 0 0 0 0 0 0 0 0 0 0 0 0 
9496 8 0 8 0 0 0 0 0 0 0 0 0 0 0 0 0 0 0 0 0 0 0 
9511 6 0 6 0 0 0 0 0 0 0 0 0 0 0 0 0 0 0 0 0 0 0 
9526 8 0 8 0 0 0 0 0 0 0 0 0 0 0 0 0 0 0 0 0 0 0 
9571 6 0 6 0 0 0 0 0 0 0 0 0 0 0 0 0 0 0 0 0 0 0 
9601 0 0 0 0 0 0 0 0 0 0 0 0 0 0 0 0 0 0 0 0 0 0 
9834 7 0 0 0 0 0 0 0 0 0 0 0 0 0 0 0 0 0 7 0 0 0 
9864 2 0 0 0 0 0 0 0 0 0 0 0 0 0 0 0 0 0 2 0 0 0 
9879 0 0 0 0 0 0 0 0 0 0 0 0 0 0 0 0 0 0 0 0 0 0 
9880 0 2 0 0 0 0 0 0 0 0 0 0 0 0 0 0 0 0 0 0 0 2 
9895 0 0 0 0 0 0 0 0 0 0 0 0 0 0 0 0 0 0 0 0 0 0 
9940 0 3 0 0 0 0 0 0 0 0 0 0 0 0 0 0 0 0 0 0 0 3 
9955 0 0 0 0 0 0 0 0 0 0 0 0 0 0 0 0 0 0 0 0 0 0 
10325 6 0 0 0 0 0 0 0 0 0 6 0 0 0 0 0 0 0 0 0 0 0 
10340 8 0 0 0 0 0 0 0 0 0 8 0 0 0 0 0 0 0 0 0 0 0 
10355 6 0 0 0 0 0 0 0 0 0 6 0 0 0 0 0 0 0 0 0 0 0 
10370 8 0 0 0 0 0 0 0 0 0 8 0 0 0 0 0 0 0 0 0 0 0 
10385 9 0 0 0 0 0 0 0 0 0 9 0 0 0 0 0 0 0 0 0 0 0 
10400 6 0 0 0 0 0 0 0 0 0 6 0 0 0 0 0 0 0 0 0 0 0 
10415 51 0 0 0 0 0 0 0 0 0 51 0 0 0 0 0 0 0 0 0 0 0 
10430 8 0 0 0 0 0 0 0 0 0 8 0 0 0 0 0 0 0 0 0 0 0 
10475 6 0 0 0 0 0 0 0 0 0 6 0 0 0 0 0 0 0 0 0 0 0 
10490 8 0 0 0 0 0 0 0 0 0 8 0 0 0 0 0 0 0 0 0 0 0 
10520 2 0 0 0 0 0 0 0 0 0 2 0 0 0 0 0 0 0 0 0 0 0 
10535 0 0 0 0 0 0 0 0 0 0 0 0 0 0 0 0 0 0 0 0 0 0 
10892 1 0 0 0 1 0 0 0 0 0 0 0 0 0 0 0 0 0 0 0 0 0 
10907 131 0 0 0 131 0 0 0 0 0 0 0 0 0 0 0 0 0 0 0 0 0 
10922 9 0 0 0 9 0 0 0 0 0 0 0 0 0 0 0 0 0 0 0 0 0 
10952 8 0 0 0 8 0 0 0 0 0 0 0 0 0 0 0 0 0 0 0 0 0 
10967 6 0 0 0 6 0 0 0 0 0 0 0 0 0 0 0 0 0 0 0 0 0 
10982 8 0 0 0 8 0 0 0 0 0 0 0 0 0 0 0 0 0 0 0 0 0 
11027 6 0 0 0 6 0 0 0 0 0 0 0 0 0 0 0 0 0 0 0 0 0 
11042 8 0 0 0 8 0 0 0 0 0 0 0 0 0 0 0 0 0 0 0 0 0 
11087 6 0 0 0 6 0 0 0 0 0 0 0 0 0 0 0 0 0 0 0 0 0 
11102 8 0 0 0 8 0 0 0 0 0 0 0 0 0 0 0 0 0 0 0 0 0 
11147 6 0 0 0 6 0 0 0 0 0 0 0 0 0 0 0 0 0 0 0 0 0 
11162 7 0 0 0 7 0 0 0 0 0 0 0 0 0 0 0 0 0 0 0 0 0 
11177 1 0 0 0 1 0 0 0 0 0 0 0 0 0 0 0 0 0 0 0 0 0 
11192 0 0 0 0 0 0 0 0 0 0 0 0 0 0 0 0 0 0 0 0 0 0 
11571 4 0 0 0 0 0 0 0 0 0 0 0 4 0 0 0 0 0 0 0 0 0 
11586 6 0 0 0 0 0 0 0 0 0 0 0 6 0 0 0 0 0 0 0 0 0 
11616 0 0 0 0 0 0 0 0 0 0 0 0 0 0 0 0 0 0 0 0 0 0 
12533 7 0 0 0 0 0 0 0 0 0 0 0 0 0 0 0 7 0 0 0 0 0 
12563 2 0 0 0 0 0 0 0 0 0 0 0 0 0 0 0 2 0 0 0 0 0 
12578 0 0 0 0 0 0 0 0 0 0 0 0 0 0 0 0 0 0 0 0 0 0 
13101 4 0 0 0 0 0 0 0 0 0 0 0 4 0 0 0 0 0 0 0 0 0 
13116 8 0 0 0 0 0 0 0 0 0 0 0 8 0 0 0 0 0 0 0 0 0 
13131 6 0 0 0 0 0 0 0 0 0 0 0 6 0 0 0 0 0 0 0 0 0 
13146 8 0 0 0 0 0 0 0 0 0 0 0 8 0 0 0 0 0 0 0 0 0 
13161 9 0 0 0 0 0 0 0 0 0 0 0 9 0 0 0 0 0 0 0 0 0 
13191 6 0 0 0 0 0 0 0 0 0 0 0 6 0 0 0 0 0 0 0 0 0 
13206 9 0 0 0 0 0 0 0 0 0 0 0 9 0 0 0 0 0 0 0 0 0 
13221 35 0 0 0 0 0 0 0 0 0 0 0 35 0 0 0 0 0 0 0 0 0 
13236 7 0 0 0 0 0 0 0 0 0 0 0 7 0 0 0 0 0 0 0 0 0 
13266 27 0 0 0 0 0 0 0 0 0 0 0 27 0 0 0 0 0 0 0 0 0 
13281 7 0 0 0 0 0 0 0 0 0 0 0 7 0 0 0 0 0 0 0 0 0 
13296 8 0 0 0 0 0 0 0 0 0 0 0 8 0 0 0 0 0 0 0 0 0 
13311 49 0 0 0 0 0 0 0 0 0 0 0 49 0 0 0 0 0 0 0 0 0 
13326 5 0 0 0 0 0 0 0 0 0 0 0 5 0 0 0 0 0 0 0 0 0 
13341 0 0 0 0 0 0 0 0 0 0 0 0 0 0 0 0 0 0 0 0 0 0 
14476 5 0 5 0 0 0 0 0 0 0 0 0 0 0 0 0 0 0 0 0 0 0 
14491 2 0 2 0 0 0 0 0 0 0 0 0 0 0 0 0 0 0 0 0 0 0 
14506 3 0 3 0 0 0 0 0 0 0 0 0 0 0 0 0 0 0 0 0 0 0 
14508 0 1 3 0 0 0 0 1 0 0 0 0 0 0 0 0 0 0 0 0 0 0 
14521 0 0 0 0 0 0 0 1 0 0 0 0 0 0 0 0 0 0 0 0 0 0 
14568 0 3 0 0 0 0 0 3 0 0 0 0 0 0 0 0 0 0 0 0 0 0 
14583 0 0 0 0 0 0 0 0 0 0 0 0 0 0 0 0 0 0 0 0 0 0 
14768 1 0 0 0 0 0 0 0 0 0 0 0 0 0 0 0 1 0 0 0 0 0 
14770 6 0 0 0 0 0 0 0 0 0 0 0 0 0 0 0 1 0 0 0 6 0 
14783 155 0 0 0 0 0 0 0 0 0 0 0 0 0 0 0 155 0 0 0 6 0 
14785 4 0 0 0 0 0 0 0 0 0 0 0 0 0 0 0 155 0 0 0 4 0 
14798 8 0 0 0 0 0 0 0 0 0 0 0 0 0 0 0 8 0 0 0 4 0 
14800 6 0 0 0 0 0 0 0 0 0 0 0 0 0 0 0 8 0 0 0 6 0 
14815 0 0 0 0 0 0 0 0 0 0 0 0 0 0 0 0 8 0 0 0 0 0 
14828 9 0 0 0 0 0 0 0 0 0 0 0 0 0 0 0 9 0 0 0 0 0 
14843 6 0 0 0 0 0 0 0 0 0 0 0 0 0 0 0 6 0 0 0 0 0 
14858 26 0 0 0 0 0 0 0 0 0 0 0 0 0 0 0 26 0 0 0 0 0 
14873 8 0 0 0 0 0 0 0 0 0 0 0 0 0 0 0 8 0 0 0 0 0 
14903 6 0 0 0 0 0 0 0 0 0 0 0 0 0 0 0 6 0 0 0 0 0 
14918 4 0 0 0 0 0 0 0 0 0 0 0 0 0 0 0 4 0 0 0 0 0 
14933 0 0 0 0 0 0 0 0 0 0 0 0 0 0 0 0 0 0 0 0 0 0 
14980 1 0 0 0 0 0 0 0 0 0 0 0 0 0 0 0 0 0 0 0 1 0 
14995 5 0 0 0 0 0 0 0 0 0 0 0 0 0 0 0 0 0 0 0 5 0 
15010 8 0 0 0 0 0 0 0 0 0 0 0 0 0 0 0 0 0 0 0 8 0 
15055 6 0 0 0 0 0 0 0 0 0 0 0 0 0 0 0 0 0 0 0 6 0 
15070 8 0 0 0 0 0 0 0 0 0 0 0 0 0 0 0 0 0 0 0 8 0 
15085 4 0 0 0 0 0 0 0 0 0 0 0 0 0 0 0 0 0 0 0 4 0 
15100 0 0 0 0 0 0 0 0 0 0 0 0 0 0 0 0 0 0 0 0 0 0 
15395 6 0 0 0 0 0 0 0 0 0 6 0 0 0 0 0 0 0 0 0 0 0 
15425 4 0 0 0 0 0 0 0 0 0 4 0 0 0 0 0 0 0 0 0 0 0 
15440 0 0 0 0 0 0 0 0 0 0 0 0 0 0 0 0 0 0 0 0 0 0 
15799 3 0 0 0 0 0 0 0 3 0 0 0 0 0 0 0 0 0 0 0 0 0 
15814 8 0 0 0 0 0 0 0 8 0 0 0 0 0 0 0 0 0 0 0 0 0 
15859 6 0 0 0 0 0 0 0 6 0 0 0 0 0 0 0 0 0 0 0 0 0 
15874 8 0 0 0 0 0 0 0 8 0 0 0 0 0 0 0 0 0 0 0 0 0 
15904 9 0 0 0 0 0 0 0 9 0 0 0 0 0 0 0 0 0 0 0 0 0 
15919 25 0 0 0 0 0 0 0 25 0 0 0 0 0 0 0 0 0 0 0 0 0 
15934 7 0 0 0 0 0 0 0 7 0 0 0 0 0 0 0 0 0 0 0 0 0 
15949 8 0 0 0 0 0 0 0 8 0 0 0 0 0 0 0 0 0 0 0 0 0 
15964 9 0 0 0 0 0 0 0 9 0 0 0 0 0 0 0 0 0 0 0 0 0 
15979 6 0 0 0 0 0 0 0 6 0 0 0 0 0 0 0 0 0 0 0 0 0 
15994 8 0 0 0 0 0 0 0 8 0 0 0 0 0 0 0 0 0 0 0 0 0 
16039 7 0 0 0 0 0 0 0 7 0 0 0 0 0 0 0 0 0 0 0 0 0 
16069 9 0 0 0 0 0 0 0 9 0 0 0 0 0 0 0 0 0 0 0 0 0 
16084 8 0 0 0 0 0 0 0 8 0 0 0 0 0 0 0 0 0 0 0 0 0 
16099 3 0 0 0 0 0 0 0 3 0 0 0 0 0 0 0 0 0 0 0 0 0 
16114 93 0 0 0 0 0 0 0 93 0 0 0 0 0 0 0 0 0 0 0 0 0 
16129 4 0 0 0 0 0 0 0 4 0 0 0 0 0 0 0 0 0 0 0 0 0 
16144 0 0 0 0 0 0 0 0 0 0 0 0 0 0 0 0 0 0 0 0 0 0 
16897 0 1 0 0 0 0 0 0 0 0 0 0 0 0 0 1 0 0 0 0 0 0 
16912 0 0 0 0 0 0 0 0 0 0 0 0 0 0 0 0 0 0 0 0 0 0 
18201 2 0 0 0 0 0 0 0 0 0 0 0 2 0 0 0 0 0 0 0 0 0 
18216 6 0 0 0 0 0 0 0 0 0 0 0 6 0 0 0 0 0 0 0 0 0 
18231 4 0 0 0 0 0 0 0 0 0 0 0 4 0 0 0 0 0 0 0 0 0 
18261 0 0 0 0 0 0 0 0 0 0 0 0 0 0 0 0 0 0 0 0 0 0 
18564 -8 0 0 0 0 0 0 0 0 0 0 0 0 0 0 0 0 0 -8 0 0 0 
18579 -6 0 0 0 0 0 0 0 0 0 0 0 0 0 0 0 0 0 -6 0 0 0 
18594 -2 0 0 0 0 0 0 0 0 0 0 0 0 0 0 0 0 0 -2 0 0 0 
18609 0 0 0 0 0 0 0 0 0 0 0 0 0 0 0 0 0 0 0 0 0 0 
19014 4 0 0 0 0 0 0 0 0 0 0 0 0 0 0 0 0 0 4 0 0 0 
19029 6 0 0 0 0 0 0 0 0 0 0 0 0 0 0 0 0 0 6 0 0 0 
19044 2 0 0 0 0 0 0 0 0 0 0 0 0 0 0 0 0 0 2 0 0 0 
19059 0 0 0 0 0 0 0 0 0 0 0 0 0 0 0 0 0 0 0 0 0 0 
19383 2 0 0 0 0 0 2 0 0 0 0 0 0 0 0 0 0 0 0 0 0 0 
19398 6 0 0 0 0 0 6 0 0 0 0 0 0 0 0 0 0 0 0 0 0 0 
19413 7 0 0 0 0 0 7 0 0 0 0 0 0 0 0 0 0 0 0 0 0 0 
19428 1 0 0 0 0 0 1 0 0 0 0 0 0 0 0 0 0 0 0 0 0 0 
19443 0 0 0 0 0 0 0 0 0 0 0 0 0 0 0 0 0 0 0 0 0 0 
19793 4 0 0 0 0 0 0 0 0 0 0 0 0 0 0 0 4 0 0 0 0 0 
19808 6 0 0 0 0 0 0 0 0 0 0 0 0 0 0 0 6 0 0 0 0 0 
19823 5 0 0 0 0 0 0 0 0 0 0 0 0 0 0 0 5 0 0 0 0 0 
19838 1 0 0 0 0 0 0 0 0 0 0 0 0 0 0 0 1 0 0 0 0 0 
19853 0 0 0 0 0 0 0 0 0 0 0 0 0 0 0 0 0 0 0 0 0 0 
20012 0 1 0 0 0 1 0 0 0 0 0 0 0 0 0 0 0 0 0 0 0 0 
20027 0 0 0 0 0 0 0 0 0 0 0 0 0 0 0 0 0 0 0 0 0 0 
20057 0 1 0 0 0 1 0 0 0 0 0 0 0 0 0 0 0 0 0 0 0 0 
20072 0 0 0 0 0 0 0 0 0 0 0 0 0 0 0 0 0 0 0 0 0 0 
20178 2 0 0 0 0 0 2 0 0 0 0 0 0 0 0 0 0 0 0 0 0 0 
20193 8 0 0 0 0 0 8 0 0 0 0 0 0 0 0 0 0 0 0 0 0 0 
20207 1 0 0 0 1 0 8 0 0 0 0 0 0 0 0 0 0 0 0 0 0 0 
20208 5 0 0 0 1 0 5 0 0 0 0 0 0 0 0 0 0 0 0 0 0 0 
20209 1 0 0 0 1 0 5 0 1 0 0 0 0 0 0 0 0 0 0 0 0 0 
20222 0 0 0 0 0 0 5 0 1 0 0 0 0 0 0 0 0 0 0 0 0 0 
20223 7 0 0 0 0 0 7 0 1 0 0 0 0 0 0 0 0 0 0 0 0 0 
20238 1 0 0 0 0 0 1 0 1 0 0 0 0 0 0 0 0 0 0 0 0 0 
20239 0 0 0 0 0 0 1 0 0 0 0 0 0 0 0 0 0 0 0 0 0 0 
21616 2.5 0 5 0 0 0 0 0 0 0 0 0 0 0 0 0 0 0 0 0 0 0 
21631 7 0 7 0 0 0 0 0 0 0 0 0 0 0 0 0 0 0 0 0 0 0 
21646 8 0 8 0 0 0 0 0 0 0 0 0 0 0 0 0 0 0 0 0 0 0 
21676 9 0 9 0 0 0 0 0 0 0 0 0 0 0 0 0 0 0 0 0 0 0 
21691 6 0 6 0 0 0 0 0 0 0 0 0 0 0 0 0 0 0 0 0 0 0 
21706 8 0 8 0 0 0 0 0 0 0 0 0 0 0 0 0 0 0 0 0 0 0 
21751 6 0 6 0 0 0 0 0 0 0 0 0 0 0 0 0 0 0 0 0 0 0 
21766 7 0 8 0 0 0 0 0 0 0 0 0 0 0 6 0 0 0 0 0 0 0 
21787 4 0 8 0 0 0 0 0 0 0 0 0 0 0 4 0 0 0 0 0 0 0 
21802 0 0 8 0 0 0 0 0 0 0 0 0 0 0 0 0 0 0 0 0 0 0 
21811 6 0 6 0 0 0 0 0 0 0 0 0 0 0 0 0 0 0 0 0 0 0 
21819 5 0 6 0 0 0 0 0 0 0 0 0 0 0 0 0 0 0 5 0 0 0 
21826 8 0 8 0 0 0 0 0 0 0 0 0 0 0 0 0 0 0 5 0 0 0 
21834 9 0 8 0 0 0 0 0 0 0 0 0 0 0 0 0 0 0 9 0 0 0 
21849 8 0 9 0 0 0 0 0 0 0 0 0 0 0 0 0 0 0 7 0 0 0 
21850 0 2 9 0 0 0 0 0 0 0 0 0 0 0 0 0 0 0 7 0 0 2 
21856 8 0 8 0 0 0 0 0 0 0 0 0 0 0 0 0 0 0 7 0 0 2 
21865 4 0 8 0 0 0 0 0 0 0 0 0 0 0 0 0 0 0 8 0 0 0 
21871 6 0 6 0 0 0 0 0 0 0 0 0 0 0 0 0 0 0 8 0 0 0 
21879 96 0 6 0 0 0 0 0 0 0 0 0 0 0 0 0 0 0 96 0 0 0 
21886 8 0 8 0 0 0 0 0 0 0 0 0 0 0 0 0 0 0 96 0 0 0 
21894 9 0 8 0 0 0 0 0 0 0 0 0 0 0 0 0 0 0 9 0 0 0 
21909 8 0 8 0 0 0 0 0 0 0 0 0 0 0 0 0 0 0 8 0 0 0 
21910 0 1 8 0 0 0 0 0 0 0 0 0 0 0 0 0 0 0 8 0 0 1 
21925 0 0 8 0 0 0 0 0 0 0 0 0 0 0 0 0 0 0 8 0 0 0 
21931 6 0 6 0 0 0 0 0 0 0 0 0 0 0 0 0 0 0 8 0 0 0 
21946 7 0 8 0 0 0 0 0 0 0 0 0 0 0 0 0 0 0 6 0 0 0 
21949 2 0 8 0 0 0 0 0 2 0 0 0 0 0 0 0 0 0 6 0 0 0 
21950 4 0 8 0 0 0 0 0 2 0 4 0 0 0 0 0 0 0 6 0 0 0 
21954 82 0 8 0 0 0 0 0 2 0 4 0 0 0 0 0 0 0 82 0 0 0 
21964 0 0 8 0 0 0 0 0 0 0 4 0 0 0 0 0 0 0 82 0 0 0 
21965 8 0 8 0 0 0 0 0 0 0 8 0 0 0 0 0 0 0 82 0 0 0 
21991 6.5 0 5 0 0 0 0 0 0 0 8 0 0 0 0 0 0 0 8 0 0 0 
21995 6 0 5 0 0 0 0 0 0 0 6 0 0 0 0 0 0 0 8 0 0 0 
21996 1 0 5 0 0 0 0 0 0 0 6 0 1 0 0 0 0 0 8 0 0 0 
21999 6 0 5 0 0 0 0 0 0 0 6 0 1 0 0 0 0 0 6 0 0 0 
22006 1 0 1 0 0 0 0 0 0 0 6 0 1 0 0 0 0 0 6 0 0 0 
22010 9 0 1 0 0 0 0 0 0 0 9 0 1 0 0 0 0 0 6 0 0 0 
22011 0 0 1 0 0 0 0 0 0 0 9 0 0 0 0 0 0 0 6 0 0 0 
22012 1 0 1 0 0 0 0 0 0 0 9 0 0 0 1 0 0 0 6 0 0 0 
22014 8 0 1 0 0 0 0 0 0 0 9 0 0 0 1 0 0 0 8 0 0 0 
22021 0 0 0 0 0 0 0 0 0 0 9 0 0 0 1 0 0 0 8 0 0 0 
22025 6 0 0 0 0 0 0 0 0 0 6 0 0 0 1 0 0 0 8 0 0 0 
22040 50 0 0 0 0 0 0 0 0 0 50 0 0 0 1 0 0 0 8 0 0 0 
22042 0 0 0 0 0 0 0 0 0 0 50 0 0 0 0 0 0 0 8 0 0 0 
22051 26 0 26 0 0 0 0 0 0 0 50 0 0 0 0 0 0 0 8 0 0 0 
22055 7 0 26 0 0 0 0 0 0 0 7 0 0 0 0 0 0 0 8 0 0 0 
22056 1 0 26 0 0 0 0 0 0 0 7 0 1 0 0 0 0 0 8 0 0 0 
22057 8 0 26 0 0 0 0 0 0 0 7 0 1 0 8 0 0 0 8 0 0 0 
22059 0 0 26 0 0 0 0 0 0 0 7 0 1 0 8 0 0 0 0 0 0 0 
22070 4 0 0 0 0 0 0 0 0 0 8 0 1 0 8 0 0 0 0 0 0 0 
22071 0 0 0 0 0 0 0 0 0 0 8 0 0 0 8 0 0 0 0 0 0 0 
22087 7 0 0 0 0 0 0 0 0 0 8 0 0 0 7 0 0 0 0 0 0 0 
22102 8 0 0 0 0 0 0 0 0 0 8 0 0 0 8 0 0 0 0 0 0 0 
22115 6 0 0 0 0 0 0 0 0 0 6 0 0 0 8 0 0 0 0 0 0 0 
22130 8 0 0 0 0 0 0 0 0 0 8 0 0 0 8 0 0 0 0 0 0 0 
22147 6 0 0 0 0 0 0 0 0 0 8 0 0 0 6 0 0 0 0 0 0 0 
22162 8 0 0 0 0 0 0 0 0 0 8 0 0 0 8 0 0 0 0 0 0 0 
22175 6 0 0 0 0 0 0 0 0 0 6 0 0 0 8 0 0 0 0 0 0 0 
22176 1 0 0 0 0 0 0 0 0 0 6 0 1 0 8 0 0 0 0 0 0 0 
22177 5 0 0 0 0 0 0 0 0 0 6 0 1 0 5 0 0 0 0 0 0 0 
22190 2 0 0 0 0 0 0 0 0 0 2 0 1 0 5 0 0 0 0 0 0 0 
22191 0 0 0 0 0 0 0 0 0 0 2 0 0 0 5 0 0 0 0 0 0 0 
22476 0.333333 0 0 0 0 0 0 0 0 0 0 0 1 0 0 0 0 0 0 0 0 0 
22477 1 0 0 0 0 0 0 0 0 0 0 0 1 0 1 0 0 0 0 0 0 0 
22491 0 0 0 0 0 0 0 0 0 0 0 0 0 0 1 0 0 0 0 0 0 0 
22492 8 0 0 0 0 0 0 0 0 0 0 0 0 0 8 0 0 0 0 0 0 0 
22507 0 0 0 0 0 0 0 0 0 0 0 0 0 0 0 0 0 0 0 0 0 0 
22519 0 1 0 0 0 0 0 0 0 1 0 0 0 0 0 0 0 0 0 0 0 0 
22534 0 0 0 0 0 0 0 0 0 0 0 0 0 0 0 0 0 0 0 0 0 0 
22549 0 1 0 0 0 0 0 0 0 1 0 0 0 0 0 0 0 0 0 0 0 0 
22564 0 2 0 0 0 0 0 0 0 2 0 0 0 0 0 0 0 0 0 0 0 0 
22579 0 0 0 0 0 0 0 0 0 0 0 0 0 0 0 0 0 0 0 0 0 0 
23886 3 0 0 0 0 0 0 0 0 0 0 0 3 0 0 0 0 0 0 0 0 0 
23901 8 0 0 0 0 0 0 0 0 0 0 0 8 0 0 0 0 0 0 0 0 0 
23931 6 0 0 0 0 0 0 0 0 0 0 0 6 0 0 0 0 0 0 0 0 0 
23933 2 0 0 0 0 0 0 0 0 0 0 0 6 0 0 0 2 0 0 0 0 0 
23946 8 0 0 0 0 0 0 0 0 0 0 0 8 0 0 0 2 0 0 0 0 0 
23963 6 0 0 0 0 0 0 0 0 0 0 0 8 0 0 0 6 0 0 0 0 0 
23976 7 0 0 0 0 0 0 0 0 0 0 0 7 0 0 0 6 0 0 0 0 0 
23978 8 0 0 0 0 0 0 0 0 0 0 0 7 0 0 0 8 0 0 0 0 0 
23986 2 0 2 0 0 0 0 0 0 0 0 0 7 0 0 0 8 0 0 0 0 0 
23991 5 0 2 0 0 0 0 0 0 0 0 0 5 0 0 0 8 0 0 0 0 0 
23993 9 0 2 0 0 0 0 0 0 0 0 0 5 0 0 0 9 0 0 0 0 0 
24001 0 0 0 0 0 0 0 0 0 0 0 0 5 0 0 0 9 0 0 0 0 0 
24006 8 0 0 0 0 0 0 0 0 0 0 0 8 0 0 0 9 0 0 0 0 0 
24023 5 0 0 0 0 0 0 0 0 0 0 0 8 0 0 0 5 0 0 0 0 0 
24036 9 0 0 0 0 0 0 0 0 0 0 0 9 0 0 0 5 0 0 0 0 0 
24038 8 0 0 0 0 0 0 0 0 0 0 0 9 0 0 0 8 0 0 0 0 0 
24051 7 0 0 0 0 0 0 0 0 0 0 0 7 0 0 0 8 0 0 0 0 0 
24061 2 0 2 0 0 0 0 0 0 0 0 0 7 0 0 0 8 0 0 0 0 0 
24066 6 0 2 0 0 0 0 0 0 0 0 0 6 0 0 0 8 0 0 0 0 0 
24076 0 0 0 0 0 0 0 0 0 0 0 0 6 0 0 0 8 0 0 0 0 0 
24081 8 0 0 0 0 0 0 0 0 0 0 0 8 0 0 0 8 0 0 0 0 0 
24083 7 0 0 0 0 0 0 0 0 0 0 0 8 0 0 0 7 0 0 0 0 0 
24098 8 0 0 0 0 0 0 0 0 0 0 0 8 0 0 0 8 0 0 0 0 0 
24111 6 0 0 0 0 0 0 0 0 0 0 0 6 0 0 0 8 0 0 0 0 0 
24126 8 0 0 0 0 0 0 0 0 0 0 0 8 0 0 0 8 0 0 0 0 0 
24128 98 0 0 0 0 0 0 0 0 0 0 0 8 0 0 0 98 0 0 0 0 0 
24143 6 0 0 0 0 0 0 0 0 0 0 0 8 0 0 0 6 0 0 0 0 0 
24154 1 0 0 0 0 0 0 0 1 0 0 0 8 0 0 0 6 0 0 0 0 0 
24171 5 0 0 0 0 0 0 0 1 0 0 0 5 0 0 0 6 0 0 0 0 0 
24181 3.5 0 2 0 0 0 0 0 1 0 0 0 5 0 0 0 5 0 0 0 0 0 
24184 0 0 2 0 0 0 0 0 0 0 0 0 5 0 0 0 5 0 0 0 0 0 
24186 7 0 2 0 0 0 0 0 0 0 0 0 7 0 0 0 5 0 0 0 0 0 
24188 37 0 2 0 0 0 0 0 0 0 0 0 7 0 0 0 37 0 0 0 0 0 
24196 0 0 0 0 0 0 0 0 0 0 0 0 7 0 0 0 37 0 0 0 0 0 
24201 8 0 0 0 0 0 0 0 0 0 0 0 8 0 0 0 37 0 0 0 0 0 
24203 32 0 0 0 0 0 0 0 0 0 0 0 8 0 0 0 32 0 0 0 0 0 
24216 9 0 0 0 0 0 0 0 0 0 0 0 9 0 0 0 32 0 0 0 0 0 
24218 7 0 0 0 0 0 0 0 0 0 0 0 9 0 0 0 7 0 0 0 0 0 
24231 6 0 0 0 0 0 0 0 0 0 0 0 6 0 0 0 7 0 0 0 0 0 
24233 0 0 0 0 0 0 0 0 0 0 0 0 6 0 0 0 0 0 0 0 0 0 
24246 7 0 0 0 0 0 0 0 0 0 0 0 7 0 0 0 0 0 0 0 0 0 
24256 1 0 1 0 0 0 0 0 0 0 0 0 7 0 0 0 0 0 0 0 0 0 
24261 0 0 1 0 0 0 0 0 0 0 0 0 0 0 0 0 0 0 0 0 0 0 
25113 3 0 0 0 0 0 6 0 0 0 0 0 0 0 0 0 0 0 0 0 0 0 
25143 4 0 0 0 0 0 4 0 0 0 0 0 0 0 0 0 0 0 0 0 0 0 
25158 0 0 0 0 0 0 0 0 0 0 0 0 0 0 0 0 0 0 0 0 0 0 
25923 3 0 0 0 0 0 3 0 0 0 0 0 0 0 0 0 0 0 0 0 0 0 
25938 7 0 0 0 0 0 7 0 0 0 0 0 0 0 0 0 0 0 0 0 0 0 
25953 8 0 0 0 0 0 8 0 0 0 0 0 0 0 0 0 0 0 0 0 0 0 
25983 6 0 0 0 0 0 6 0 0 0 0 0 0 0 0 0 0 0 0 0 0 0 
25998 8 0 0 0 0 0 8 0 0 0 0 0 0 0 0 0 0 0 0 0 0 0 
26033 1 0 0 0 0 0 8 0 0 0 0 0 0 0 0 0 1 0 0 0 0 0 
26043 2 0 0 0 0 0 2 0 0 0 0 0 0 0 0 0 1 0 0 0 0 0 
26058 0 0 0 0 0 0 0 0 0 0 0 0 0 0 0 0 1 0 0 0 0 0 
