# ValueCount deltaRoads
10 0 0 0 0 0 0 0 0 0 0 0 0 0 0 0 0 0 0 0 0 0 0 
122 1 6 1 0 1 6 1 0 1 0 1 0 1 0 1 0 1 0 1 0 1 0 
124 2 7 2 0 2 6 2 0 2 7 2 0 2 0 2 0 2 0 2 0 2 0 
125 3 6 3 0 3 6 3 0 3 7 3 6 3 0 3 0 3 0 3 0 3 0 
139 4 5.5 4 0 4 6 4 0 4 5 4 6 4 6 4 0 4 0 4 0 4 0 
141 5 7 5 0 5 6 5 0 5 5 5 6 5 7 5 0 5 0 5 0 5 0 
152 6 5 6 0 6 5 6 0 6 5 6 6 6 7 6 0 6 0 6 0 6 0 
154 7 4 7 0 7 5 7 0 7 4 7 6 7 7 7 0 7 0 7 0 7 0 
156 8 4.5 8 0 8 5 8 0 8 4 8 4 8 5 8 0 8 0 8 0 8 0 
167 9 0 9 0 9 0 9 0 9 4 9 4 9 5 9 0 9 0 9 0 9 0 
512 10 1.5 10 0 10 6 10 0 10 0 10 0 10 0 10 0 10 0 10 0 10 0 
542 11 8 11 0 11 8 11 0 11 0 11 0 11 0 11 0 11 0 11 0 11 0 
557 12 26 12 0 12 26 12 0 12 0 12 0 12 0 12 0 12 0 12 0 12 0 
572 13 8 13 0 13 8 13 0 13 0 13 0 13 0 13 0 13 0 13 0 13 0 
587 14 6 14 0 14 6 14 0 14 0 14 0 14 0 14 0 14 0 14 0 14 0 
602 15 9 15 0 15 9 15 0 15 0 15 0 15 0 15 0 15 0 15 0 15 0 
617 16 8 16 0 16 8 16 0 16 0 16 0 16 0 16 0 16 0 16 0 16 0 
647 17 2 17 0 17 2 17 0 17 0 17 0 17 0 17 0 17 0 17 0 17 0 
662 18 0 18 0 18 0 18 0 18 0 18 0 18 0 18 0 18 0 18 0 18 0 
2465 19 4 19 0 19 0 19 0 19 0 19 4 19 0 19 0 19 0 19 0 19 0 
2480 20 8 20 0 20 0 20 0 20 0 20 8 20 0 20 0 20 0 20 0 20 0 
2494 21 2 21 0 21 0 21 0 21 2 21 8 21 0 21 0 21 0 21 0 21 0 
2495 22 6 22 0 22 0 22 0 22 2 22 6 22 0 22 0 22 0 22 0 22 0 
2509 23 8 23 0 23 0 23 0 23 8 23 6 23 0 23 0 23 0 23 0 23 0 
2539 24 7.5 24 0 24 0 24 0 24 7 24 8 24 0 24 0 24 0 24 0 24 0 
2540 25 5 25 0 25 0 25 0 25 7 25 5 25 0 25 0 25 0 25 0 25 0 
2554 26 6 26 0 26 0 26 0 26 6 26 5 26 0 26 0 26 0 26 0 26 0 
2555 27 43 27 0 27 0 27 0 27 6 27 43 27 0 27 0 27 0 27 0 27 0 
2569 28 9 28 0 28 0 28 0 28 9 28 43 28 0 28 0 28 0 28 0 28 0 
2570 29 8 29 0 29 0 29 0 29 9 29 8 29 0 29 0 29 0 29 0 29 0 
2585 30 8.5 30 0 30 0 30 0 30 8 30 9 30 0 30 0 30 0 30 0 30 0 
2599 31 6 31 0 31 0 31 0 31 6 31 9 31 0 31 0 31 0 31 0 31 0 
2600 32 8 32 0 32 0 32 0 32 6 32 8 32 0 32 0 32 0 32 0 32 0 
2614 33 9 33 0 33 0 33 0 33 9 33 8 33 0 33 0 33 0 33 0 33 0 
2615 34 6 34 0 34 0 34 0 34 9 34 6 34 0 34 0 34 0 34 0 34 0 
2629 35 50 35 0 35 0 35 0 35 50 35 6 35 0 35 0 35 0 35 0 35 0 
2630 36 9 36 0 36 0 36 0 36 50 36 9 36 0 36 0 36 0 36 0 36 0 
2644 37 8 37 0 37 0 37 0 37 8 37 9 37 0 37 0 37 0 37 0 37 0 
2659 38 6 38 0 38 0 38 0 38 4 38 8 38 0 38 0 38 0 38 0 38 0 
2674 39 82 39 0 39 0 39 0 39 158 39 6 39 0 39 0 39 0 39 0 39 0 
2675 40 7 40 0 40 0 40 0 40 158 40 7 40 0 40 0 40 0 40 0 40 0 
2689 41 8 41 0 41 0 41 0 41 8 41 7 41 0 41 0 41 0 41 0 41 0 
2705 42 4 42 0 42 0 42 0 42 8 42 4 42 0 42 0 42 0 42 0 42 0 
2719 43 6 43 0 43 0 43 0 43 6 43 4 43 0 43 0 43 0 43 0 43 0 
2720 44 0 44 0 44 0 44 0 44 6 44 0 44 0 44 0 44 0 44 0 44 0 
6648 45 3 45 0 45 0 45 6 45 0 45 0 45 0 45 0 45 0 45 0 45 0 
6663 46 2 46 0 46 0 46 2 46 0 46 0 46 0 46 0 46 0 46 0 46 0 
6678 47 7 47 0 47 0 47 7 47 0 47 0 47 0 47 0 47 0 47 0 47 0 
6693 48 1 48 0 48 0 48 1 48 0 48 0 48 0 48 0 48 0 48 0 48 0 
6706 49 6 49 6 49 0 49 1 49 0 49 0 49 0 49 0 49 0 49 0 49 0 
6708 50 0 50 6 50 0 50 0 50 0 50 0 50 0 50 0 50 0 50 0 50 0 
6736 51 4 51 4 51 0 51 0 51 0 51 0 51 0 51 0 51 0 51 0 51 0 
6751 52 0 52 0 52 0 52 0 52 0 52 0 52 0 52 0 52 0 52 0 52 0 
7580 53 7 53 0 53 0 53 0 53 0 53 7 53 0 53 0 53 0 53 0 53 0 
7595 54 3 54 0 54 0 54 0 54 0 54 3 54 0 54 0 54 0 54 0 54 0 
7609 55 2 55 0 55 0 55 0 55 2 55 3 55 0 55 0 55 0 55 0 55 0 
7610 56 6 56 0 56 0 56 0 56 2 56 6 56 0 56 0 56 0 56 0 56 0 
7625 57 3 57 0 57 0 57 0 57 6 57 0 57 0 57 0 57 0 57 0 57 0 
7669 58 0 58 0 58 0 58 0 58 0 58 0 58 0 58 0 58 0 58 0 58 0 
8226 59 7 59 0 59 0 59 0 59 0 59 0 59 7 59 0 59 0 59 0 59 0 
8256 60 8 60 0 60 0 60 0 60 0 60 0 60 8 60 0 60 0 60 0 60 0 
8271 61 6 61 0 61 0 61 0 61 0 61 0 61 6 61 0 61 0 61 0 61 0 
8286 62 8 62 0 62 0 62 0 62 0 62 0 62 8 62 0 62 0 62 0 62 0 
8301 63 9 63 0 63 0 63 0 63 0 63 0 63 9 63 0 63 0 63 0 63 0 
8315 64 2 64 0 64 0 64 0 64 0 64 2 64 9 64 0 64 0 64 0 64 0 
8316 65 8 65 0 65 0 65 0 65 0 65 2 65 8 65 0 65 0 65 0 65 0 
8331 66 7.5 66 0 66 0 66 0 66 0 66 8 66 7 66 0 66 0 66 0 66 0 
8346 67 8 67 0 67 0 67 0 67 0 67 8 67 8 67 0 67 0 67 0 67 0 
8375 68 6 68 0 68 0 68 0 68 0 68 6 68 8 68 0 68 0 68 0 68 0 
8390 69 8 69 0 69 0 69 0 69 0 69 8 69 8 69 0 69 0 69 0 69 0 
8391 70 7 70 0 70 0 70 0 70 0 70 8 70 7 70 0 70 0 70 0 70 0 
8406 71 8 71 0 71 0 71 0 71 0 71 8 71 8 71 0 71 0 71 0 71 0 
8420 72 9 72 0 72 0 72 0 72 0 72 9 72 8 72 0 72 0 72 0 72 0 
8421 73 27 73 0 73 0 73 0 73 0 73 9 73 27 73 0 73 0 73 0 73 0 
8435 74 6 74 0 74 0 74 0 74 0 74 6 74 27 74 0 74 0 74 0 74 0 
8436 75 7 75 0 75 0 75 0 75 0 75 6 75 7 75 0 75 0 75 0 75 0 
8450 76 8 76 0 76 0 76 0 76 0 76 8 76 7 76 0 76 0 76 0 76 0 
8451 77 6 77 0 77 0 77 0 77 0 77 8 77 6 77 0 77 0 77 0 77 0 
8465 78 0 78 0 78 0 78 0 78 0 78 0 78 6 78 0 78 0 78 0 78 0 
8466 79 10 79 0 79 0 79 0 79 0 79 0 79 10 79 0 79 0 79 0 79 0 
8481 80 8 80 0 80 0 80 0 80 0 80 0 80 8 80 0 80 0 80 0 80 0 
8511 81 7 81 0 81 0 81 0 81 0 81 0 81 7 81 0 81 0 81 0 81 0 
8526 82 8 82 0 82 0 82 0 82 0 82 0 82 8 82 0 82 0 82 0 82 0 
8556 83 9 83 0 83 0 83 0 83 0 83 0 83 9 83 0 83 0 83 0 83 0 
8571 84 6 84 0 84 0 84 0 84 0 84 0 84 6 84 0 84 0 84 0 84 0 
8586 85 0 85 0 85 0 85 0 85 0 85 0 85 0 85 0 85 0 85 0 85 0 
8661 86 5 86 0 86 0 86 0 86 0 86 0 86 5 86 0 86 0 86 0 86 0 
8676 87 42 87 0 87 0 87 0 87 0 87 0 87 42 87 0 87 0 87 0 87 0 
8691 88 0 88 0 88 0 88 0 88 0 88 0 88 0 88 0 88 0 88 0 88 0 
9364 89 6 89 0 89 0 89 0 89 6 89 0 89 0 89 0 89 0 89 0 89 0 
9394 90 8 90 0 90 0 90 0 90 8 90 0 90 0 90 0 90 0 90 0 90 0 
9409 91 10 91 0 91 0 91 0 91 10 91 0 91 0 91 0 91 0 91 0 91 0 
9424 92 8 92 0 92 0 92 0 92 8 92 0 92 0 92 0 92 0 92 0 92 0 
9439 93 6 93 0 93 0 93 0 93 6 93 0 93 0 93 0 93 0 93 0 93 0 
9454 94 82 94 0 94 0 94 0 94 82 94 0 94 0 94 0 94 0 94 0 94 0 
9469 95 8 95 0 95 0 95 0 95 8 95 0 95 0 95 0 95 0 95 0 95 0 
9484 96 27 96 0 96 0 96 0 96 27 96 0 96 0 96 0 96 0 96 0 96 0 
9499 97 5 97 0 97 0 97 0 97 5 97 0 97 0 97 0 97 0 97 0 97 0 
9514 98 8 98 0 98 0 98 0 98 8 98 0 98 0 98 0 98 0 98 0 98 0 
9529 99 1 99 0 99 0 99 0 99 1 99 0 99 0 99 0 99 0 99 0 99 0 
9544 100 0 100 0 100 0 100 0 100 0 100 0 100 0 100 0 100 0 100 0 100 0 
10072 101 2 101 0 101 0 101 0 101 0 101 0 101 0 101 2 101 0 101 0 101 0 
10087 102 5 102 0 102 0 102 0 102 0 102 0 102 0 102 5 102 0 102 0 102 0 
10117 103 4 103 0 103 0 103 0 103 0 103 0 103 0 103 4 103 0 103 0 103 0 
10132 104 0 104 0 104 0 104 0 104 0 104 0 104 0 104 0 104 0 104 0 104 0 
10252 105 4 105 0 105 0 105 0 105 0 105 0 105 0 105 4 105 0 105 0 105 0 
10267 106 6 106 0 106 0 106 0 106 0 106 0 106 0 106 6 106 0 106 0 106 0 
10282 107 8 107 0 107 0 107 0 107 0 107 0 107 0 107 8 107 0 107 0 107 0 
10327 108 2 108 0 108 0 108 0 108 0 108 0 108 0 108 2 108 0 108 0 108 0 
10342 109 0 109 0 109 0 109 0 109 0 109 0 109 0 109 0 109 0 109 0 109 0 
11283 110 4 110 0 110 0 110 4 110 0 110 0 110 0 110 0 110 0 110 0 110 0 
11298 111 8 111 0 111 0 111 8 111 0 111 0 111 0 111 0 111 0 111 0 111 0 
11313 112 26 112 0 112 0 112 26 112 0 112 0 112 0 112 0 112 0 112 0 112 0 
11328 113 8 113 0 113 0 113 8 113 0 113 0 113 0 113 0 113 0 113 0 113 0 
11343 114 6 114 0 114 0 114 6 114 0 114 0 114 0 114 0 114 0 114 0 114 0 
11358 115 8 115 0 115 0 115 8 115 0 115 0 115 0 115 0 115 0 115 0 115 0 
11373 116 9 116 0 116 0 116 9 116 0 116 0 116 0 116 0 116 0 116 0 116 0 
11388 117 34 117 0 117 0 117 34 117 0 117 0 117 0 117 0 117 0 117 0 117 0 
11403 118 6 118 0 118 0 118 6 118 0 118 0 118 0 118 0 118 0 118 0 118 0 
11418 119 7 119 0 119 0 119 7 119 0 119 0 119 0 119 0 119 0 119 0 119 0 
11448 120 10 120 0 120 0 120 10 120 0 120 0 120 0 120 0 120 0 120 0 120 0 
11463 121 5 121 0 121 0 121 5 121 0 121 0 121 0 121 0 121 0 121 0 121 0 
11478 122 8 122 0 122 0 122 8 122 0 122 0 122 0 122 0 122 0 122 0 122 0 
11492 123 7 123 0 123 7 123 8 123 0 123 0 123 0 123 0 123 0 123 0 123 0 
11493 124 9 124 0 124 7 124 9 124 0 124 0 124 0 124 0 124 0 124 0 124 0 
11507 125 4 125 0 125 4 125 9 125 0 125 0 125 0 125 0 125 0 125 0 125 0 
11508 126 8 126 0 126 4 126 8 126 0 126 0 126 0 126 0 126 0 126 0 126 0 
11522 127 6 127 0 127 6 127 8 127 0 127 0 127 0 127 0 127 0 127 0 127 0 
11537 128 3 128 0 128 0 128 6 128 0 128 0 128 0 128 0 128 0 128 0 128 0 
11538 129 8 129 0 129 0 129 8 129 0 129 0 129 0 129 0 129 0 129 0 129 0 
11553 130 9 130 0 130 0 130 9 130 0 130 0 130 0 130 0 130 0 130 0 130 0 
11568 131 6 131 0 131 0 131 6 131 0 131 0 131 0 131 0 131 0 131 0 131 0 
11571 132 2 132 0 132 0 132 6 132 0 132 0 132 2 132 0 132 0 132 0 132 0 
11586 133 0 133 0 133 0 133 6 133 0 133 0 133 0 133 0 133 0 133 0 133 0 
11598 134 8 134 0 134 0 134 8 134 0 134 0 134 0 134 0 134 0 134 0 134 0 
11643 135 0 135 0 135 0 135 0 135 0 135 0 135 0 135 0 135 0 135 0 135 0 
12916 136 5 136 5 136 0 136 0 136 0 136 0 136 0 136 0 136 0 136 0 136 0 
12946 137 8 137 8 137 0 137 0 137 0 137 0 137 0 137 0 137 0 137 0 137 0 
12961 138 9 138 9 138 0 138 0 138 0 138 0 138 0 138 0 138 0 138 0 138 0 
12966 139 2 139 9 139 0 139 0 139 0 139 0 139 2 139 0 139 0 139 0 139 0 
12976 140 7 140 7 140 0 140 0 140 0 140 0 140 2 140 0 140 0 140 0 140 0 
12981 141 0 141 7 141 0 141 0 141 0 141 0 141 0 141 0 141 0 141 0 141 0 
12991 142 6 142 6 142 0 142 0 142 0 142 0 142 0 142 0 142 0 142 0 142 0 
13006 143 27 143 27 143 0 143 0 143 0 143 0 143 0 143 0 143 0 143 0 143 0 
13021 144 5 144 5 144 0 144 0 144 0 144 0 144 0 144 0 144 0 144 0 144 0 
13026 145 2 145 5 145 0 145 0 145 0 145 0 145 2 145 0 145 0 145 0 145 0 
13036 146 8 146 8 146 0 146 0 146 0 146 0 146 2 146 0 146 0 146 0 146 0 
13041 147 0 147 8 147 0 147 0 147 0 147 0 147 0 147 0 147 0 147 0 147 0 
13051 148 5 148 5 148 0 148 0 148 0 148 0 148 0 148 0 148 0 148 0 148 0 
13053 149 2 149 5 149 0 149 2 149 0 149 0 149 0 149 0 149 0 149 0 149 0 
13066 150 7 150 7 150 0 150 2 150 0 150 0 150 0 150 0 150 0 150 0 150 0 
13068 151 0 151 7 151 0 151 0 151 0 151 0 151 0 151 0 151 0 151 0 151 0 
13081 152 9 152 9 152 0 152 0 152 0 152 0 152 0 152 0 152 0 152 0 152 0 
13111 153 6 153 6 153 0 153 0 153 0 153 0 153 0 153 0 153 0 153 0 153 0 
13126 154 8 154 8 154 0 154 0 154 0 154 0 154 0 154 0 154 0 154 0 154 0 
13141 155 9 155 9 155 0 155 0 155 0 155 0 155 0 155 0 155 0 155 0 155 0 
13156 156 6 156 6 156 0 156 0 156 0 156 0 156 0 156 0 156 0 156 0 156 0 
13161 157 2 157 6 157 0 157 0 157 0 157 0 157 2 157 0 157 0 157 0 157 0 
13171 158 0 158 0 158 0 158 0 158 0 158 0 158 2 158 0 158 0 158 0 158 0 
13325 159 2 159 0 159 0 159 0 159 0 159 4 159 0 159 0 159 0 159 0 159 0 
13340 160 6 160 0 160 0 160 0 160 0 160 6 160 0 160 0 160 0 160 0 160 0 
13355 161 5 161 0 161 0 161 0 161 0 161 5 161 0 161 0 161 0 161 0 161 0 
13370 162 1 162 0 162 0 162 0 162 0 162 1 162 0 162 0 162 0 162 0 162 0 
13385 163 0 163 0 163 0 163 0 163 0 163 0 163 0 163 0 163 0 163 0 163 0 
14380 164 9 164 0 164 0 164 0 164 0 164 0 164 0 164 0 164 0 164 0 164 9 
14395 165 5 165 0 165 0 165 0 165 0 165 0 165 0 165 0 165 0 165 0 165 5 
14404 166 6 166 0 166 0 166 0 166 6 166 0 166 0 166 0 166 0 166 0 166 5 
14410 167 4 167 0 167 0 167 0 167 6 167 0 167 0 167 0 167 0 167 0 167 4 
14419 168 2 168 0 168 0 168 0 168 2 168 0 168 0 168 0 168 0 168 0 168 4 
14425 169 0 169 0 169 0 169 0 169 2 169 0 169 0 169 0 169 0 169 0 169 0 
14434 170 7 170 0 170 0 170 0 170 7 170 0 170 0 170 0 170 0 170 0 170 0 
14449 171 1 171 0 171 0 171 0 171 1 171 0 171 0 171 0 171 0 171 0 171 0 
14464 172 0 172 0 172 0 172 0 172 0 172 0 172 0 172 0 172 0 172 0 172 0 
16235 173 4 173 0 173 0 173 0 173 0 173 4 173 0 173 0 173 0 173 0 173 0 
16250 174 8 174 0 174 0 174 0 174 0 174 8 174 0 174 0 174 0 174 0 174 0 
16265 175 9 175 0 175 0 175 0 175 0 175 9 175 0 175 0 175 0 175 0 175 0 
16280 176 8 176 0 176 0 176 0 176 0 176 8 176 0 176 0 176 0 176 0 176 0 
16295 177 40 177 0 177 0 177 0 177 0 177 40 177 0 177 0 177 0 177 0 177 0 
16310 178 8 178 0 178 0 178 0 178 0 178 8 178 0 178 0 178 0 178 0 178 0 
16340 179 9 179 0 179 0 179 0 179 0 179 9 179 0 179 0 179 0 179 0 179 0 
16355 180 6 180 0 180 0 180 0 180 0 180 6 180 0 180 0 180 0 180 0 180 0 
16370 181 8 181 0 181 0 181 0 181 0 181 8 181 0 181 0 181 0 181 0 181 0 
16400 182 9 182 0 182 0 182 0 182 0 182 9 182 0 182 0 182 0 182 0 182 0 
16415 183 6 183 0 183 0 183 0 183 0 183 6 183 0 183 0 183 0 183 0 183 0 
16430 184 8 184 0 184 0 184 0 184 0 184 8 184 0 184 0 184 0 184 0 184 0 
16445 185 2 185 0 185 0 185 0 185 0 185 2 185 0 185 0 185 0 185 0 185 0 
16460 186 0 186 0 186 0 186 0 186 0 186 0 186 0 186 0 186 0 186 0 186 0 
16518 187 6 187 0 187 0 187 6 187 0 187 0 187 0 187 0 187 0 187 0 187 0 
16533 188 4 188 0 188 0 188 4 188 0 188 0 188 0 188 0 188 0 188 0 188 0 
16548 189 7 189 0 189 0 189 7 189 0 189 0 189 0 189 0 189 0 189 0 189 0 
16563 190 0 190 0 190 0 190 0 190 0 190 0 190 0 190 0 190 0 190 0 190 0 
16595 191 4 191 0 191 0 191 0 191 0 191 4 191 0 191 0 191 0 191 0 191 0 
16610 192 8 192 0 192 0 192 0 192 0 192 8 192 0 192 0 192 0 192 0 192 0 
16625 193 9 193 0 193 0 193 0 193 0 193 9 193 0 193 0 193 0 193 0 193 0 
16640 194 4 194 0 194 0 194 0 194 0 194 4 194 0 194 0 194 0 194 0 194 0 
16655 195 0 195 0 195 0 195 0 195 0 195 0 195 0 195 0 195 0 195 0 195 0 
16697 196 5 196 0 196 5 196 0 196 0 196 0 196 0 196 0 196 0 196 0 196 0 
16712 197 7 197 0 197 7 197 0 197 0 197 0 197 0 197 0 197 0 197 0 197 0 
16727 198 6 198 0 198 6 198 0 198 0 198 0 198 0 198 0 198 0 198 0 198 0 
16742 199 8 199 0 199 8 199 0 199 0 199 0 199 0 199 0 199 0 199 0 199 0 
16757 200 9 200 0 200 9 200 0 200 0 200 0 200 0 200 0 200 0 200 0 200 0 
16772 201 7 201 0 201 7 201 0 201 0 201 0 201 0 201 0 201 0 201 0 201 0 
16787 202 6 202 0 202 6 202 0 202 0 202 0 202 0 202 0 202 0 202 0 202 0 
16802 203 8 203 0 203 8 203 0 203 0 203 0 203 0 203 0 203 0 203 0 203 0 
16805 204 6 204 0 204 8 204 0 204 0 204 6 204 0 204 0 204 0 204 0 204 0 
16820 205 34 205 0 205 8 205 0 205 0 205 34 205 0 205 0 205 0 205 0 205 0 
16835 206 6 206 0 206 8 206 0 206 0 206 6 206 0 206 0 206 0 206 0 206 0 
16850 207 5.5 207 0 207 6 207 0 207 0 207 5 207 0 207 0 207 0 207 0 207 0 
16862 208 9 208 0 208 9 208 0 208 0 208 5 208 0 208 0 208 0 208 0 208 0 
16865 209 0 209 0 209 9 209 0 209 0 209 0 209 0 209 0 209 0 209 0 209 0 
16877 210 8 210 0 210 8 210 0 210 0 210 0 210 0 210 0 210 0 210 0 210 0 
16892 211 34 211 0 211 34 211 0 211 0 211 0 211 0 211 0 211 0 211 0 211 0 
16907 212 6 212 0 212 6 212 0 212 0 212 0 212 0 212 0 212 0 212 0 212 0 
16922 213 8 213 0 213 8 213 0 213 0 213 0 213 0 213 0 213 0 213 0 213 0 
16967 214 6 214 0 214 6 214 0 214 0 214 0 214 0 214 0 214 0 214 0 214 0 
16982 215 8 215 0 215 8 215 0 215 0 215 0 215 0 215 0 215 0 215 0 215 0 
16997 216 4 216 0 216 4 216 0 216 0 216 0 216 0 216 0 216 0 216 0 216 0 
16999 217 1 217 0 217 4 217 0 217 1 217 0 217 0 217 0 217 0 217 0 217 0 
17012 218 0 218 0 218 0 218 0 218 1 218 0 218 0 218 0 218 0 218 0 218 0 
17014 219 7 219 0 219 0 219 0 219 7 219 0 219 0 219 0 219 0 219 0 219 0 
17029 220 8 220 0 220 0 220 0 220 8 220 0 220 0 220 0 220 0 220 0 220 0 
17044 221 26 221 0 221 0 221 0 221 26 221 0 221 0 221 0 221 0 221 0 221 0 
17059 222 6 222 0 222 0 222 0 222 6 222 0 222 0 222 0 222 0 222 0 222 0 
17074 223 8 223 0 223 0 223 0 223 8 223 0 223 0 223 0 223 0 223 0 223 0 
17119 224 6 224 0 224 0 224 0 224 6 224 0 224 0 224 0 224 0 224 0 224 0 
17134 225 8 225 0 225 0 225 0 225 8 225 0 225 0 225 0 225 0 225 0 225 0 
17149 226 9 226 0 226 0 226 0 226 9 226 0 226 0 226 0 226 0 226 0 226 0 
17179 227 6 227 0 227 0 227 0 227 6 227 0 227 0 227 0 227 0 227 0 227 0 
17194 228 7 228 0 228 0 228 0 228 7 228 0 228 0 228 0 228 0 228 0 228 0 
17209 229 0 229 0 229 0 229 0 229 0 229 0 229 0 229 0 229 0 229 0 229 0 
17245 230 8 230 0 230 0 230 0 230 0 230 0 230 0 230 0 230 0 230 0 230 8 
17275 231 6 231 0 231 0 231 0 231 0 231 0 231 0 231 0 231 0 231 0 231 6 
17290 232 8 232 0 232 0 232 0 232 0 232 0 232 0 232 0 232 0 232 0 232 8 
17305 233 5 233 0 233 0 233 0 233 0 233 0 233 0 233 0 233 0 233 0 233 5 
17320 234 69 234 0 234 0 234 0 234 0 234 0 234 0 234 0 234 0 234 0 234 69 
17335 235 6 235 0 235 0 235 0 235 0 235 0 235 0 235 0 235 0 235 0 235 6 
17350 236 8 236 0 236 0 236 0 236 0 236 0 236 0 236 0 236 0 236 0 236 8 
17395 237 6 237 0 237 0 237 0 237 0 237 0 237 0 237 0 237 0 237 0 237 6 
17410 238 8 238 0 238 0 238 0 238 0 238 0 238 0 238 0 238 0 238 0 238 8 
17421 239 2 239 0 239 0 239 0 239 0 239 0 239 2 239 0 239 0 239 0 239 8 
17425 240 6 240 0 240 0 240 0 240 0 240 0 240 2 240 0 240 0 240 0 240 6 
17436 241 0 241 0 241 0 241 0 241 0 241 0 241 0 241 0 241 0 241 0 241 6 
17440 242 8 242 0 242 0 242 0 242 0 242 0 242 0 242 0 242 0 242 0 242 8 
17455 243 7 243 0 243 0 243 0 243 0 243 0 243 0 243 0 243 0 243 0 243 7 
17470 244 4 244 0 244 0 244 0 244 0 244 0 244 0 244 0 244 0 244 0 244 4 
17485 245 0 245 0 245 0 245 0 245 0 245 0 245 0 245 0 245 0 245 0 245 0 
19086 246 4 246 0 246 0 246 0 246 0 246 0 246 4 246 0 246 0 246 0 246 0 
19101 247 6 247 0 247 0 247 0 247 0 247 0 247 6 247 0 247 0 247 0 247 0 
19131 248 0 248 0 248 0 248 0 248 0 248 0 248 0 248 0 248 0 248 0 248 0 
19253 249 2 249 0 249 0 249 0 249 0 249 0 249 0 249 0 249 2 249 0 249 0 
19268 250 6 250 0 250 0 250 0 250 0 250 0 250 0 250 0 250 6 250 0 250 0 
19283 251 4 251 0 251 0 251 0 251 0 251 0 251 0 251 0 251 4 251 0 251 0 
19313 252 0 252 0 252 0 252 0 252 0 252 0 252 0 252 0 252 0 252 0 252 0 
19458 253 1 253 0 253 0 253 1 253 0 253 0 253 0 253 0 253 0 253 0 253 0 
19473 254 0 254 0 254 0 254 0 254 0 254 0 254 0 254 0 254 0 254 0 254 0 
21183 255 2 255 0 255 0 255 2 255 0 255 0 255 0 255 0 255 0 255 0 255 0 
21198 256 8 256 0 256 0 256 8 256 0 256 0 256 0 256 0 256 0 256 0 256 0 
21243 257 5 257 0 257 0 257 5 257 0 257 0 257 0 257 0 257 0 257 0 257 0 
21258 258 7 258 0 258 0 258 7 258 0 258 0 258 0 258 0 258 0 258 0 258 0 
21273 259 10 259 0 259 0 259 10 259 0 259 0 259 0 259 0 259 0 259 0 259 0 
21288 260 7 260 0 260 0 260 7 260 0 260 0 260 0 260 0 260 0 260 0 260 0 
21303 261 6 261 0 261 0 261 6 261 0 261 0 261 0 261 0 261 0 261 0 261 0 
21318 262 9 262 0 262 0 262 9 262 0 262 0 262 0 262 0 262 0 262 0 262 0 
21333 263 8 263 0 263 0 263 8 263 0 263 0 263 0 263 0 263 0 263 0 263 0 
21363 264 6 264 0 264 0 264 6 264 0 264 0 264 0 264 0 264 0 264 0 264 0 
21378 265 8 265 0 265 0 265 8 265 0 265 0 265 0 265 0 265 0 265 0 265 0 
21408 266 6 266 0 266 0 266 6 266 0 266 0 266 0 266 0 266 0 266 0 266 0 
21423 267 2 267 0 267 0 267 2 267 0 267 0 267 0 267 0 267 0 267 0 267 0 
21438 268 0 268 0 268 0 268 0 268 0 268 0 268 0 268 0 268 0 268 0 268 0 
21725 269 7 269 0 269 0 269 0 269 0 269 7 269 0 269 0 269 0 269 0 269 0 
21755 270 2 270 0 270 0 270 0 270 0 270 2 270 0 270 0 270 0 270 0 270 0 
21770 271 0 271 0 271 0 271 0 271 0 271 0 271 0 271 0 271 0 271 0 271 0 
21862 272 7 272 0 272 0 272 0 272 0 272 0 272 0 272 7 272 0 272 0 272 0 
21877 273 6.5 273 0 273 7 273 0 273 0 273 0 273 0 273 6 273 0 273 0 273 0 
21878 274 6 274 0 274 7 274 0 274 0 274 0 274 0 274 6 274 6 274 0 274 0 
21887 275 3 275 0 275 3 275 0 275 0 275 0 275 0 275 6 275 6 275 0 275 0 
21890 276 2 276 0 276 3 276 0 276 0 276 2 276 0 276 6 276 6 276 0 276 0 
21893 277 5 277 0 277 3 277 0 277 0 277 2 277 0 277 6 277 5 277 0 277 0 
21902 278 2 278 0 278 2 278 0 278 0 278 2 278 0 278 6 278 5 278 0 278 0 
21905 279 0 279 0 279 2 279 0 279 0 279 0 279 0 279 6 279 5 279 0 279 0 
21908 280 30.5 280 0 280 2 280 0 280 0 280 0 280 0 280 0 280 61 280 0 280 0 
21917 281 0 281 0 281 0 281 0 281 0 281 0 281 0 281 0 281 61 281 0 281 0 
21918 282 1 282 0 282 0 282 1 282 0 282 0 282 0 282 0 282 61 282 0 282 0 
21923 283 4 283 0 283 0 283 1 283 0 283 0 283 0 283 0 283 4 283 0 283 0 
21938 284 8 284 0 284 0 284 1 284 0 284 0 284 0 284 0 284 8 284 0 284 0 
21948 285 0 285 0 285 0 285 0 285 0 285 0 285 0 285 0 285 8 285 0 285 0 
21983 286 25 286 0 286 0 286 0 286 0 286 0 286 0 286 0 286 25 286 0 286 0 
21998 287 7 287 0 287 0 287 0 287 0 287 0 287 0 287 0 287 7 287 0 287 0 
22013 288 8 288 0 288 0 288 0 288 0 288 0 288 0 288 0 288 8 288 0 288 0 
22043 289 7 289 0 289 0 289 0 289 0 289 0 289 0 289 0 289 7 289 0 289 0 
22058 290 35 290 0 290 0 290 0 290 0 290 0 290 0 290 0 290 35 290 0 290 0 
22073 291 25 291 0 291 0 291 0 291 0 291 0 291 0 291 0 291 25 291 0 291 0 
22084 292 7 292 0 292 0 292 0 292 7 292 0 292 0 292 0 292 25 292 0 292 0 
22088 293 9 293 0 293 0 293 0 293 7 293 0 293 0 293 0 293 9 293 0 293 0 
22099 294 3 294 0 294 0 294 0 294 3 294 0 294 0 294 0 294 9 294 0 294 0 
22103 295 2 295 0 295 0 295 0 295 3 295 0 295 0 295 0 295 2 295 0 295 0 
22114 296 6 296 0 296 0 296 0 296 6 296 0 296 0 296 0 296 2 296 0 296 0 
22118 297 0 297 0 297 0 297 0 297 6 297 0 297 0 297 0 297 0 297 0 297 0 
22129 298 -6 298 0 298 0 298 0 298 -6 298 0 298 0 298 0 298 0 298 0 298 0 
22144 299 -8 299 0 299 0 299 0 299 -8 299 0 299 0 299 0 299 0 299 0 299 0 
22159 300 -2 300 0 300 0 300 0 300 -2 300 0 300 0 300 0 300 0 300 0 300 0 
22174 301 0 301 0 301 0 301 0 301 0 301 0 301 0 301 0 301 0 301 0 301 0 
22506 302 4 302 0 302 0 302 0 302 0 302 0 302 4 302 0 302 0 302 0 302 0 
22521 303 8 303 0 303 0 303 0 303 0 303 0 303 8 303 0 303 0 303 0 303 0 
22551 304 6 304 0 304 0 304 0 304 0 304 0 304 6 304 0 304 0 304 0 304 0 
22566 305 8 305 0 305 0 305 0 305 0 305 0 305 8 305 0 305 0 305 0 305 0 
22596 306 9 306 0 306 0 306 0 306 0 306 0 306 9 306 0 306 0 306 0 306 0 
22611 307 6 307 0 307 0 307 0 307 0 307 0 307 6 307 0 307 0 307 0 307 0 
22614 308 4 308 0 308 0 308 0 308 0 308 0 308 6 308 0 308 0 308 4 308 0 
22626 309 8 309 0 309 0 309 0 309 0 309 0 309 8 309 0 309 0 309 4 309 0 
22629 310 6 310 0 310 0 310 0 310 0 310 0 310 8 310 0 310 0 310 6 310 0 
22641 311 7 311 0 311 0 311 0 311 0 311 0 311 7 311 0 311 0 311 6 311 0 
22656 312 9 312 0 312 0 312 0 312 0 312 0 312 9 312 0 312 0 312 6 312 0 
22659 313 0 313 0 313 0 313 0 313 0 313 0 313 9 313 0 313 0 313 0 313 0 
22671 314 6 314 0 314 0 314 0 314 0 314 0 314 6 314 0 314 0 314 0 314 0 
22686 315 8 315 0 315 0 315 0 315 0 315 0 315 8 315 0 315 0 315 0 315 0 
22688 316 1 316 0 316 0 316 0 316 0 316 0 316 8 316 0 316 1 316 0 316 0 
22702 317 5 317 0 317 0 317 0 317 0 317 0 317 8 317 5 317 1 317 0 317 0 
22703 318 0 318 0 318 0 318 0 318 0 318 0 318 8 318 5 318 0 318 0 318 0 
22717 319 30 319 0 319 0 319 0 319 0 319 0 319 8 319 30 319 0 319 0 319 0 
22731 320 6 320 0 320 0 320 0 320 0 320 0 320 6 320 30 320 0 320 0 320 0 
22732 321 8 321 0 321 0 321 0 321 0 321 0 321 6 321 8 321 0 321 0 321 0 
22747 322 7 322 0 322 0 322 0 322 0 322 0 322 8 322 6 322 0 322 0 322 0 
22757 323 2 323 0 323 2 323 0 323 0 323 0 323 8 323 6 323 0 323 0 323 0 
22772 324 4 324 0 324 8 324 0 324 0 324 0 324 2 324 6 324 0 324 0 324 2 
22776 325 0 325 0 325 8 325 0 325 0 325 0 325 0 325 6 325 0 325 0 325 2 
22777 326 3 326 0 326 8 326 0 326 0 326 0 326 0 326 3 326 0 326 0 326 2 
22780 327 0 327 0 327 8 327 0 327 0 327 0 327 0 327 3 327 0 327 0 327 0 
22787 328 6 328 0 328 6 328 0 328 0 328 0 328 0 328 3 328 0 328 0 328 0 
22792 329 0 329 0 329 6 329 0 329 0 329 0 329 0 329 0 329 0 329 0 329 0 
22802 330 8 330 0 330 8 330 0 330 0 330 0 330 0 330 0 330 0 330 0 330 0 
22847 331 6 331 0 331 6 331 0 331 0 331 0 331 0 331 0 331 0 331 0 331 0 
22864 332 2 332 0 332 6 332 0 332 2 332 0 332 0 332 0 332 0 332 0 332 0 
22877 333 9 333 0 333 9 333 0 333 2 333 0 333 0 333 0 333 0 333 0 333 0 
22879 334 0 334 0 334 9 334 0 334 0 334 0 334 0 334 0 334 0 334 0 334 0 
22892 335 8 335 0 335 8 335 0 335 0 335 0 335 0 335 0 335 0 335 0 335 0 
22907 336 6 336 0 336 6 336 0 336 0 336 0 336 0 336 0 336 0 336 0 336 0 
22922 337 1 337 0 337 1 337 0 337 0 337 0 337 0 337 0 337 0 337 0 337 0 
22937 338 0 338 0 338 0 338 0 338 0 338 0 338 0 338 0 338 0 338 0 338 0 
23079 339 1 339 0 339 0 339 0 339 0 339 0 339 0 339 0 339 0 339 1 339 0 
23087 340 2 340 0 340 2 340 0 340 0 340 0 340 0 340 0 340 0 340 1 340 0 
23102 341 0 341 0 341 0 341 0 341 0 341 0 341 0 341 0 341 0 341 1 341 0 
23716 342 2 342 4 342 0 342 0 342 0 342 0 342 0 342 0 342 0 342 0 342 0 
23746 343 7 343 7 343 0 343 0 343 0 343 0 343 0 343 0 343 0 343 0 343 0 
23761 344 1 344 1 344 0 344 0 344 0 344 0 344 0 344 0 344 0 344 0 344 0 
23776 345 0 345 0 345 0 345 0 345 0 345 0 345 0 345 0 345 0 345 0 345 0 
24481 346 2 346 2 346 0 346 0 346 0 346 0 346 0 346 0 346 0 346 0 346 0 
24496 347 0 347 0 347 0 347 0 347 0 347 0 347 0 347 0 347 0 347 0 347 0 
24781 348 1 348 1 348 0 348 0 348 0 348 0 348 0 348 0 348 0 348 0 348 0 
24796 349 4 349 7 349 1 349 0 349 0 349 0 349 0 349 0 349 0 349 0 349 0 
24811 350 6 350 6 350 1 350 0 350 0 350 0 350 0 350 0 350 0 350 0 350 0 
24812 351 0 351 6 351 0 351 0 351 0 351 0 351 0 351 0 351 0 351 0 351 0 
24826 352 34 352 34 352 0 352 0 352 0 352 0 352 0 352 0 352 0 352 0 352 0 
24841 353 0 353 0 353 0 353 0 353 0 353 0 353 0 353 0 353 0 353 0 353 0 
25805 354 9 354 0 354 0 354 0 354 0 354 9 354 0 354 0 354 0 354 0 354 0 
25820 355 8 355 0 355 0 355 0 355 0 355 8 355 0 355 0 355 0 355 0 355 0 
25835 356 6 356 0 356 0 356 0 356 0 356 6 356 0 356 0 356 0 356 0 356 0 
25850 357 27 357 0 357 0 357 0 357 0 357 27 357 0 357 0 357 0 357 0 357 0 
25865 358 7 358 0 358 0 358 0 358 0 358 7 358 0 358 0 358 0 358 0 358 0 
25880 359 50 359 0 359 0 359 0 359 0 359 50 359 0 359 0 359 0 359 0 359 0 
25895 360 6 360 0 360 0 360 0 360 0 360 6 360 0 360 0 360 0 360 0 360 0 
25910 361 8 361 0 361 0 361 0 361 0 361 8 361 0 361 0 361 0 361 0 361 0 
25925 362 6 362 0 362 0 362 0 362 0 362 6 362 0 362 0 362 0 362 0 362 0 
25926 363 1 363 0 363 0 363 0 363 0 363 6 363 1 363 0 363 0 363 0 363 0 
25940 364 2.5 364 0 364 0 364 0 364 0 364 4 364 1 364 0 364 0 364 0 364 1 
25941 365 0 365 0 365 0 365 0 365 0 365 4 365 0 365 0 365 0 365 0 365 1 
26298 366 2.33333 366 0 366 0 366 7 366 0 366 0 366 0 366 0 366 0 366 0 366 0 
26313 367 8 367 0 367 0 367 8 367 0 367 0 367 0 367 0 367 0 367 0 367 0 
26328 368 2 368 0 368 0 368 2 368 0 368 0 368 0 368 0 368 0 368 0 368 0 
26343 369 0 369 0 369 0 369 0 369 0 369 0 369 0 369 0 369 0 369 0 369 0 
26350 370 2 370 0 370 0 370 0 370 0 370 0 370 0 370 0 370 0 370 0 370 2 
26365 371 6 371 0 371 0 371 0 371 0 371 0 371 0 371 0 371 0 371 0 371 6 
26380 372 7 372 0 372 0 372 0 372 0 372 0 372 0 372 0 372 0 372 0 372 7 
26395 373 1 373 0 373 0 373 0 373 0 373 0 373 0 373 0 373 0 373 0 373 1 
26410 374 0 374 0 374 0 374 0 374 0 374 0 374 0 374 0 374 0 374 0 374 0 
26900 375 1 375 0 375 0 375 0 375 0 375 1 375 0 375 0 375 0 375 0 375 0 
26905 376 4 376 0 376 0 376 0 376 0 376 1 376 0 376 0 376 0 376 0 376 4 
26920 377 8 377 0 377 0 377 0 377 0 377 1 377 0 377 0 377 0 377 0 377 8 
26930 378 0 378 0 378 0 378 0 378 0 378 0 378 0 378 0 378 0 378 0 378 8 
26935 379 6 379 0 379 0 379 0 379 0 379 0 379 0 379 0 379 0 379 0 379 6 
26950 380 42 380 0 380 0 380 0 380 0 380 0 380 0 380 0 380 0 380 0 380 42 
26965 381 2 381 0 381 0 381 0 381 0 381 0 381 0 381 0 381 0 381 0 381 2 
26978 382 2.5 382 0 382 0 382 2 382 0 382 0 382 0 382 0 382 3 382 0 382 2 
26980 383 0 383 0 383 0 383 2 383 0 383 0 383 0 383 0 383 3 383 0 383 0 
26993 384 3.5 384 0 384 0 384 0 384 0 384 0 384 0 384 0 384 7 384 0 384 0 
