# ValueCount deltaRoads
10 0 0 0 0 0 0 0 0 0 0 0 0 0 0 0 0 0 0 0 0 0 0 
122 1 7 1 0 1 7 1 0 1 0 1 0 1 0 1 0 1 0 1 0 1 0 
129 2 3 2 0 2 7 2 0 2 0 2 0 2 0 2 0 2 0 2 3 2 0 
137 3 0 3 0 3 0 3 0 3 0 3 0 3 0 3 0 3 0 3 3 3 0 
144 4 7 4 0 4 0 4 0 4 0 4 0 4 0 4 0 4 0 4 7 4 0 
159 5 2 5 0 5 0 5 0 5 0 5 0 5 0 5 0 5 0 5 2 5 0 
174 6 0 6 0 6 0 6 0 6 0 6 0 6 0 6 0 6 0 6 0 6 0 
2394 7 1 7 0 7 0 7 0 7 0 7 0 7 0 7 0 7 0 7 1 7 0 
2409 8 4.5 8 0 8 1 8 0 8 0 8 0 8 0 8 0 8 0 8 8 8 0 
2417 9 0 9 0 9 0 9 0 9 0 9 0 9 0 9 0 9 0 9 8 9 0 
2439 10 6 10 0 10 0 10 0 10 0 10 0 10 0 10 0 10 0 10 6 10 0 
2454 11 8 11 0 11 0 11 0 11 0 11 0 11 0 11 0 11 0 11 8 11 0 
2544 12 7 12 0 12 0 12 0 12 0 12 0 12 0 12 0 12 0 12 7 12 0 
2559 13 5 13 0 13 0 13 0 13 0 13 0 13 0 13 0 13 0 13 5 13 0 
2574 14 8 14 0 14 0 14 0 14 0 14 0 14 0 14 0 14 0 14 8 14 0 
2619 15 2 15 0 15 0 15 0 15 0 15 0 15 0 15 0 15 0 15 2 15 0 
2634 16 0 16 0 16 0 16 0 16 0 16 0 16 0 16 0 16 0 16 0 16 0 
6391 17 6 17 6 17 0 17 0 17 0 17 0 17 0 17 0 17 0 17 0 17 0 
6406 18 4 18 4 18 0 18 0 18 0 18 0 18 0 18 0 18 0 18 0 18 0 
6421 19 6 19 6 19 0 19 0 19 0 19 0 19 0 19 0 19 0 19 0 19 0 
6436 20 0 20 0 20 0 20 0 20 0 20 0 20 0 20 0 20 0 20 0 20 0 
7205 21 4 21 0 21 0 21 0 21 0 21 4 21 0 21 0 21 0 21 0 21 0 
7220 22 8 22 0 22 0 22 0 22 0 22 8 22 0 22 0 22 0 22 0 22 0 
7235 23 5 23 0 23 0 23 0 23 0 23 5 23 0 23 0 23 0 23 0 23 0 
7250 24 1 24 0 24 0 24 0 24 0 24 1 24 0 24 0 24 0 24 0 24 0 
7265 25 0 25 0 25 0 25 0 25 0 25 0 25 0 25 0 25 0 25 0 25 0 
7899 26 4 26 0 26 0 26 0 26 0 26 0 26 0 26 0 26 0 26 4 26 0 
7929 27 9 27 0 27 0 27 0 27 0 27 0 27 0 27 0 27 0 27 9 27 0 
7944 28 1 28 0 28 0 28 0 28 0 28 0 28 0 28 0 28 0 28 1 28 0 
7959 29 0 29 0 29 0 29 0 29 0 29 0 29 0 29 0 29 0 29 0 29 0 
8065 30 4 30 0 30 0 30 0 30 0 30 0 30 0 30 0 30 0 30 0 30 4 
8080 31 6 31 0 31 0 31 0 31 0 31 0 31 0 31 0 31 0 31 0 31 6 
8095 32 5 32 0 32 0 32 0 32 0 32 0 32 0 32 0 32 0 32 0 32 5 
8110 33 1 33 0 33 0 33 0 33 0 33 0 33 0 33 0 33 0 33 0 33 1 
8125 34 0 34 0 34 0 34 0 34 0 34 0 34 0 34 0 34 0 34 0 34 0 
8840 35 8 35 0 35 0 35 0 35 0 35 8 35 0 35 0 35 0 35 0 35 0 
8855 36 6 36 0 36 0 36 0 36 0 36 6 36 0 36 0 36 0 36 0 36 0 
8870 37 5 37 0 37 0 37 0 37 0 37 5 37 0 37 0 37 0 37 0 37 0 
8885 38 37 38 0 38 0 38 0 38 0 38 37 38 0 38 0 38 0 38 0 38 0 
8900 39 8 39 0 39 0 39 0 39 0 39 8 39 0 39 0 39 0 39 0 39 0 
8915 40 6 40 0 40 0 40 0 40 0 40 6 40 0 40 0 40 0 40 0 40 0 
8930 41 10 41 0 41 0 41 0 41 0 41 10 41 0 41 0 41 0 41 0 41 0 
8945 42 8 42 0 42 0 42 0 42 0 42 8 42 0 42 0 42 0 42 0 42 0 
8975 43 6 43 0 43 0 43 0 43 0 43 6 43 0 43 0 43 0 43 0 43 0 
8990 44 8 44 0 44 0 44 0 44 0 44 8 44 0 44 0 44 0 44 0 44 0 
9020 45 4 45 0 45 0 45 0 45 0 45 4 45 0 45 0 45 0 45 0 45 0 
9035 46 0 46 0 46 0 46 0 46 0 46 0 46 0 46 0 46 0 46 0 46 0 
9130 47 4 47 0 47 0 47 0 47 0 47 0 47 0 47 0 47 0 47 0 47 4 
9145 48 8 48 0 48 0 48 0 48 0 48 0 48 0 48 0 48 0 48 0 48 8 
9167 49 6 49 0 49 6 49 0 49 0 49 0 49 0 49 0 49 0 49 0 49 8 
9182 50 5 50 0 50 4 50 0 50 0 50 0 50 0 50 0 50 0 50 0 50 6 
9190 51 8 51 0 51 4 51 0 51 0 51 0 51 0 51 0 51 0 51 0 51 8 
9197 52 6 52 0 52 6 52 0 52 0 52 0 52 0 52 0 52 0 52 0 52 8 
9212 53 0 53 0 53 0 53 0 53 0 53 0 53 0 53 0 53 0 53 0 53 8 
9235 54 6 54 0 54 0 54 0 54 0 54 0 54 0 54 0 54 0 54 0 54 6 
9265 55 0 55 0 55 0 55 0 55 0 55 0 55 0 55 0 55 0 55 0 55 0 
9352 56 4 56 0 56 0 56 0 56 0 56 0 56 0 56 4 56 0 56 0 56 0 
9397 57 2 57 0 57 0 57 0 57 0 57 0 57 0 57 2 57 0 57 0 57 0 
9412 58 0 58 0 58 0 58 0 58 0 58 0 58 0 58 0 58 0 58 0 58 0 
11063 59 4 59 0 59 0 59 0 59 0 59 0 59 0 59 0 59 4 59 0 59 0 
11093 60 7 60 0 60 0 60 0 60 0 60 0 60 0 60 0 60 7 60 0 60 0 
11108 61 1 61 0 61 0 61 0 61 0 61 0 61 0 61 0 61 1 61 0 61 0 
11123 62 0 62 0 62 0 62 0 62 0 62 0 62 0 62 0 62 0 62 0 62 0 
11223 63 4 63 0 63 0 63 4 63 0 63 0 63 0 63 0 63 0 63 0 63 0 
11268 64 0 64 0 64 0 64 0 64 0 64 0 64 0 64 0 64 0 64 0 64 0 
12047 65 4 65 0 65 4 65 0 65 0 65 0 65 0 65 0 65 0 65 0 65 0 
12062 66 8 66 0 66 8 66 0 66 0 66 0 66 0 66 0 66 0 66 0 66 0 
12107 67 6 67 0 67 6 67 0 67 0 67 0 67 0 67 0 67 0 67 0 67 0 
12122 68 8 68 0 68 8 68 0 68 0 68 0 68 0 68 0 68 0 68 0 68 0 
12152 69 10 69 0 69 10 69 0 69 0 69 0 69 0 69 0 69 0 69 0 69 0 
12167 70 6 70 0 70 6 70 0 70 0 70 0 70 0 70 0 70 0 70 0 70 0 
12182 71 8 71 0 71 8 71 0 71 0 71 0 71 0 71 0 71 0 71 0 71 0 
12197 72 12 72 0 72 12 72 0 72 0 72 0 72 0 72 0 72 0 72 0 72 0 
12212 73 8 73 0 73 8 73 0 73 0 73 0 73 0 73 0 73 0 73 0 73 0 
12227 74 6 74 0 74 6 74 0 74 0 74 0 74 0 74 0 74 0 74 0 74 0 
12242 75 8 75 0 75 8 75 0 75 0 75 0 75 0 75 0 75 0 75 0 75 0 
12257 76 7 76 0 76 7 76 0 76 0 76 0 76 0 76 0 76 0 76 0 76 0 
12272 77 29 77 0 77 29 77 0 77 0 77 0 77 0 77 0 77 0 77 0 77 0 
12287 78 2 78 0 78 2 78 0 78 0 78 0 78 0 78 0 78 0 78 0 78 0 
12302 79 0 79 0 79 0 79 0 79 0 79 0 79 0 79 0 79 0 79 0 79 0 
12999 80 6 80 0 80 0 80 0 80 0 80 0 80 0 80 0 80 0 80 6 80 0 
13014 81 8 81 0 81 0 81 0 81 0 81 0 81 0 81 0 81 0 81 8 81 0 
13044 82 35 82 0 82 0 82 0 82 0 82 0 82 0 82 0 82 0 82 35 82 0 
13059 83 5 83 0 83 0 83 0 83 0 83 0 83 0 83 0 83 0 83 5 83 0 
13074 84 8 84 0 84 0 84 0 84 0 84 0 84 0 84 0 84 0 84 8 84 0 
13089 85 10 85 0 85 0 85 0 85 0 85 0 85 0 85 0 85 0 85 10 85 0 
13104 86 8 86 0 86 0 86 0 86 0 86 0 86 0 86 0 86 0 86 8 86 0 
13149 87 6 87 0 87 0 87 0 87 0 87 0 87 0 87 0 87 0 87 6 87 0 
13164 88 8 88 0 88 0 88 0 88 0 88 0 88 0 88 0 88 0 88 8 88 0 
13179 89 6 89 0 89 0 89 0 89 0 89 0 89 0 89 0 89 0 89 6 89 0 
13194 90 10 90 0 90 0 90 0 90 0 90 0 90 0 90 0 90 0 90 10 90 0 
13209 91 8 91 0 91 0 91 0 91 0 91 0 91 0 91 0 91 0 91 8 91 0 
13239 92 6 92 0 92 0 92 0 92 0 92 0 92 0 92 0 92 0 92 6 92 0 
13269 93 4 93 0 93 0 93 0 93 0 93 0 93 0 93 0 93 0 93 4 93 0 
13284 94 0 94 0 94 0 94 0 94 0 94 0 94 0 94 0 94 0 94 0 94 0 
13328 95 2 95 0 95 0 95 0 95 0 95 0 95 0 95 0 95 2 95 0 95 0 
13343 96 8 96 0 96 0 96 0 96 0 96 0 96 0 96 0 96 8 96 0 96 0 
13388 97 10 97 0 97 0 97 0 97 0 97 0 97 0 97 0 97 10 97 0 97 0 
13403 98 6 98 0 98 0 98 0 98 0 98 0 98 0 98 0 98 6 98 0 98 0 
13418 99 8 99 0 99 0 99 0 99 0 99 0 99 0 99 0 99 8 99 0 99 0 
13433 100 12 100 0 100 0 100 0 100 0 100 0 100 0 100 0 100 12 100 0 100 0 
13447 101 6 101 0 101 0 101 0 101 0 101 0 101 0 101 6 101 12 101 0 101 0 
13448 102 8 102 0 102 0 102 0 102 0 102 0 102 0 102 6 102 8 102 0 102 0 
13463 103 7 103 0 103 0 103 0 103 0 103 0 103 0 103 8 103 6 103 0 103 0 
13478 104 8 104 0 104 0 104 0 104 0 104 0 104 0 104 8 104 8 104 0 104 0 
13492 105 2 105 0 105 0 105 0 105 0 105 0 105 0 105 2 105 8 105 0 105 0 
13507 106 0 106 0 106 0 106 0 106 0 106 0 106 0 106 0 106 8 106 0 106 0 
13523 107 6 107 0 107 0 107 0 107 0 107 0 107 0 107 0 107 6 107 0 107 0 
13538 108 5 108 0 108 0 108 0 108 0 108 0 108 0 108 0 108 5 108 0 108 0 
13553 109 37 109 0 109 0 109 0 109 0 109 0 109 0 109 0 109 37 109 0 109 0 
13568 110 8 110 0 110 0 110 0 110 0 110 0 110 0 110 0 110 8 110 0 110 0 
13583 111 6 111 0 111 0 111 0 111 0 111 0 111 0 111 0 111 6 111 0 111 0 
13598 112 0 112 0 112 0 112 0 112 0 112 0 112 0 112 0 112 0 112 0 112 0 
13787 113 1 113 0 113 1 113 0 113 0 113 0 113 0 113 0 113 0 113 0 113 0 
13792 114 4 114 0 114 1 114 0 114 0 114 0 114 0 114 4 114 0 114 0 114 0 
13807 115 6 115 0 115 1 115 0 115 0 115 0 115 0 115 6 115 0 115 0 115 0 
13817 116 0 116 0 116 0 116 0 116 0 116 0 116 0 116 6 116 0 116 0 116 0 
13822 117 8 117 0 117 0 117 0 117 0 117 0 117 0 117 8 117 0 117 0 117 0 
13862 118 2 118 0 118 2 118 0 118 0 118 0 118 0 118 8 118 0 118 0 118 0 
13867 119 4 119 0 119 2 119 0 119 0 119 0 119 0 119 4 119 0 119 0 119 0 
13877 120 0 120 0 120 0 120 0 120 0 120 0 120 0 120 4 120 0 120 0 120 0 
13882 121 8 121 0 121 0 121 0 121 0 121 0 121 0 121 8 121 0 121 0 121 0 
13910 122 6 122 0 122 0 122 0 122 0 122 6 122 0 122 8 122 0 122 0 122 0 
13922 123 2 123 0 123 2 123 0 123 0 123 6 123 0 123 8 123 0 123 0 123 0 
13925 124 4 124 0 124 2 124 0 124 0 124 4 124 0 124 8 124 0 124 0 124 0 
13927 125 6 125 0 125 2 125 0 125 0 125 4 125 0 125 6 125 0 125 0 125 0 
13937 126 0 126 0 126 0 126 0 126 0 126 4 126 0 126 6 126 0 126 0 126 0 
13942 127 8 127 0 127 0 127 0 127 0 127 4 127 0 127 8 127 0 127 0 127 0 
13955 128 0 128 0 128 0 128 0 128 0 128 0 128 0 128 8 128 0 128 0 128 0 
13957 129 7 129 0 129 0 129 0 129 0 129 0 129 0 129 7 129 0 129 0 129 0 
13967 130 2 130 0 130 2 130 0 130 0 130 0 130 0 130 7 130 0 130 0 130 0 
13972 131 42 131 0 131 2 131 0 131 0 131 0 131 0 131 42 131 0 131 0 131 0 
13982 132 0 132 0 132 0 132 0 132 0 132 0 132 0 132 42 132 0 132 0 132 0 
13987 133 3 133 0 133 0 133 0 133 0 133 0 133 0 133 3 133 0 133 0 133 0 
14002 134 0 134 0 134 0 134 0 134 0 134 0 134 0 134 0 134 0 134 0 134 0 
14341 135 2 135 2 135 0 135 0 135 0 135 0 135 0 135 0 135 0 135 0 135 0 
14356 136 8 136 8 136 0 136 0 136 0 136 0 136 0 136 0 136 0 136 0 136 0 
14371 137 7 137 7 137 0 137 0 137 0 137 0 137 0 137 0 137 0 137 0 137 0 
14386 138 9 138 9 138 0 138 0 138 0 138 0 138 0 138 0 138 0 138 0 138 0 
14401 139 8 139 8 139 0 139 0 139 0 139 0 139 0 139 0 139 0 139 0 139 0 
14431 140 7 140 7 140 0 140 0 140 0 140 0 140 0 140 0 140 0 140 0 140 0 
14461 141 8 141 8 141 0 141 0 141 0 141 0 141 0 141 0 141 0 141 0 141 0 
14491 142 6 142 6 142 0 142 0 142 0 142 0 142 0 142 0 142 0 142 0 142 0 
14506 143 8 143 8 143 0 143 0 143 0 143 0 143 0 143 0 143 0 143 0 143 0 
14551 144 6 144 6 144 0 144 0 144 0 144 0 144 0 144 0 144 0 144 0 144 0 
14566 145 8 145 8 145 0 145 0 145 0 145 0 145 0 145 0 145 0 145 0 145 0 
14611 146 7 146 7 146 0 146 0 146 0 146 0 146 0 146 0 146 0 146 0 146 0 
14626 147 9 147 9 147 0 147 0 147 0 147 0 147 0 147 0 147 0 147 0 147 0 
14641 148 6 148 6 148 0 148 0 148 0 148 0 148 0 148 0 148 0 148 0 148 0 
14656 149 8 149 8 149 0 149 0 149 0 149 0 149 0 149 0 149 0 149 0 149 0 
14671 150 6 150 6 150 0 150 0 150 0 150 0 150 0 150 0 150 0 150 0 150 0 
14686 151 37 151 37 151 0 151 0 151 0 151 0 151 0 151 0 151 0 151 0 151 0 
14701 152 6 152 6 152 0 152 0 152 0 152 0 152 0 152 0 152 0 152 0 152 0 
14716 153 1 153 1 153 0 153 0 153 0 153 0 153 0 153 0 153 0 153 0 153 0 
14731 154 0 154 0 154 0 154 0 154 0 154 0 154 0 154 0 154 0 154 0 154 0 
15786 155 6 155 0 155 0 155 0 155 0 155 0 155 6 155 0 155 0 155 0 155 0 
15801 156 4 156 0 156 0 156 0 156 0 156 0 156 4 156 0 156 0 156 0 156 0 
15816 157 6 157 0 157 0 157 0 157 0 157 0 157 6 157 0 157 0 157 0 157 0 
15831 158 0 158 0 158 0 158 0 158 0 158 0 158 0 158 0 158 0 158 0 158 0 
15860 159 2 159 0 159 0 159 0 159 0 159 2 159 0 159 0 159 0 159 0 159 0 
15872 160 1.5 160 0 160 1 160 0 160 0 160 2 160 0 160 2 160 0 160 0 160 0 
15875 161 3 161 0 161 1 161 0 161 0 161 3 161 0 161 2 161 0 161 0 161 0 
15887 162 1.5 162 0 162 0 162 0 162 0 162 3 162 0 162 3 162 0 162 0 162 0 
15890 163 5 163 0 163 0 163 0 163 0 163 5 163 0 163 3 163 0 163 0 163 0 
15892 164 0 164 0 164 0 164 0 164 0 164 5 164 0 164 0 164 0 164 0 164 0 
16038 165 3 165 0 165 0 165 6 165 0 165 0 165 0 165 0 165 0 165 0 165 0 
16053 166 8 166 0 166 0 166 8 166 0 166 0 166 0 166 0 166 0 166 0 166 0 
16083 167 6 167 0 167 0 167 6 167 0 167 0 167 0 167 0 167 0 167 0 167 0 
16098 168 8 168 0 168 0 168 8 168 0 168 0 168 0 168 0 168 0 168 0 168 0 
16143 169 6 169 0 169 0 169 6 169 0 169 0 169 0 169 0 169 0 169 0 169 0 
16158 170 8 170 0 170 0 170 8 170 0 170 0 170 0 170 0 170 0 170 0 170 0 
16203 171 6 171 0 171 0 171 6 171 0 171 0 171 0 171 0 171 0 171 0 171 0 
16218 172 8 172 0 172 0 172 8 172 0 172 0 172 0 172 0 172 0 172 0 172 0 
16248 173 10 173 0 173 0 173 10 173 0 173 0 173 0 173 0 173 0 173 0 173 0 
16263 174 33 174 0 174 0 174 33 174 0 174 0 174 0 174 0 174 0 174 0 174 0 
16266 175 4 175 0 175 0 175 33 175 0 175 0 175 4 175 0 175 0 175 0 175 0 
16278 176 11 176 0 176 0 176 11 176 0 176 0 176 4 176 0 176 0 176 0 176 0 
16281 177 26 177 0 177 0 177 11 177 0 177 0 177 26 177 0 177 0 177 0 177 0 
16293 178 8 178 0 178 0 178 8 178 0 178 0 178 26 178 0 178 0 178 0 178 0 
16296 179 6 179 0 179 0 179 8 179 0 179 0 179 6 179 0 179 0 179 0 179 0 
16306 180 2 180 2 180 0 180 8 180 0 180 0 180 6 180 0 180 0 180 0 180 0 
16321 181 0 181 0 181 0 181 8 181 0 181 0 181 6 181 0 181 0 181 0 181 0 
16323 182 5 182 0 182 0 182 5 182 0 182 0 182 6 182 0 182 0 182 0 182 0 
16326 183 2 183 0 183 0 183 5 183 0 183 0 183 2 183 0 183 0 183 0 183 0 
16338 184 32 184 0 184 0 184 32 184 0 184 0 184 2 184 0 184 0 184 0 184 0 
16341 185 0 185 0 185 0 185 32 185 0 185 0 185 0 185 0 185 0 185 0 185 0 
19576 186 1 186 2 186 0 186 0 186 0 186 0 186 0 186 0 186 0 186 0 186 0 
19591 187 5 187 5 187 0 187 0 187 0 187 0 187 0 187 0 187 0 187 0 187 0 
19606 188 7 188 7 188 0 188 0 188 0 188 0 188 0 188 0 188 0 188 0 188 0 
19621 189 2 189 2 189 0 189 0 189 0 189 0 189 0 189 0 189 0 189 0 189 0 
19636 190 0 190 0 190 0 190 0 190 0 190 0 190 0 190 0 190 0 190 0 190 0 
20431 191 2 191 2 191 0 191 0 191 0 191 0 191 0 191 0 191 0 191 0 191 0 
20446 192 6 192 6 192 0 192 0 192 0 192 0 192 0 192 0 192 0 192 0 192 0 
20461 193 26 193 26 193 0 193 0 193 0 193 0 193 0 193 0 193 0 193 0 193 0 
20476 194 8 194 8 194 0 194 0 194 0 194 0 194 0 194 0 194 0 194 0 194 0 
20491 195 6 195 6 195 0 195 0 195 0 195 0 195 0 195 0 195 0 195 0 195 0 
20521 196 8 196 8 196 0 196 0 196 0 196 0 196 0 196 0 196 0 196 0 196 0 
20536 197 10 197 10 197 0 197 0 197 0 197 0 197 0 197 0 197 0 197 0 197 0 
20551 198 6 198 6 198 0 198 0 198 0 198 0 198 0 198 0 198 0 198 0 198 0 
20566 199 4 199 4 199 0 199 0 199 0 199 0 199 0 199 0 199 0 199 0 199 0 
20581 200 0 200 0 200 0 200 0 200 0 200 0 200 0 200 0 200 0 200 0 200 0 
20810 201 8 201 0 201 0 201 0 201 0 201 8 201 0 201 0 201 0 201 0 201 0 
20825 202 6 202 0 202 0 202 0 202 0 202 6 202 0 202 0 202 0 202 0 202 0 
20840 203 4 203 0 203 0 203 0 203 0 203 4 203 0 203 0 203 0 203 0 203 0 
20855 204 0 204 0 204 0 204 0 204 0 204 0 204 0 204 0 204 0 204 0 204 0 
21198 205 2 205 0 205 0 205 2 205 0 205 0 205 0 205 0 205 0 205 0 205 0 
21213 206 6 206 0 206 0 206 6 206 0 206 0 206 0 206 0 206 0 206 0 206 0 
21228 207 7 207 0 207 0 207 7 207 0 207 0 207 0 207 0 207 0 207 0 207 0 
21243 208 -1 208 0 208 0 208 -1 208 0 208 0 208 0 208 0 208 0 208 0 208 0 
21258 209 -8 209 0 209 0 209 -8 209 0 209 0 209 0 209 0 209 0 209 0 209 0 
21273 210 -6 210 0 210 0 210 -6 210 0 210 0 210 0 210 0 210 0 210 0 210 0 
21288 211 0 211 0 211 0 211 0 211 0 211 0 211 0 211 0 211 0 211 0 211 0 
21560 212 2 212 0 212 0 212 0 212 0 212 2 212 0 212 0 212 0 212 0 212 0 
21575 213 6 213 0 213 0 213 0 213 0 213 6 213 0 213 0 213 0 213 0 213 0 
21605 214 10 214 0 214 0 214 0 214 0 214 10 214 0 214 0 214 0 214 0 214 0 
21620 215 8 215 0 215 0 215 0 215 0 215 8 215 0 215 0 215 0 215 0 215 0 
21635 216 6 216 0 216 0 216 0 216 0 216 6 216 0 216 0 216 0 216 0 216 0 
21650 217 8 217 0 217 0 217 0 217 0 217 8 217 0 217 0 217 0 217 0 217 0 
21680 218 2 218 0 218 0 218 0 218 0 218 2 218 0 218 0 218 0 218 0 218 0 
21695 219 0 219 0 219 0 219 0 219 0 219 0 219 0 219 0 219 0 219 0 219 0 
22309 220 7 220 0 220 0 220 0 220 7 220 0 220 0 220 0 220 0 220 0 220 0 
22324 221 -3 221 0 221 0 221 0 221 -3 221 0 221 0 221 0 221 0 221 0 221 0 
22339 222 -4 222 0 222 0 222 0 222 -4 222 0 222 0 222 0 222 0 222 0 222 0 
22354 223 0 223 0 223 0 223 0 223 0 223 0 223 0 223 0 223 0 223 0 223 0 
26555 224 6 224 0 224 0 224 0 224 0 224 6 224 0 224 0 224 0 224 0 224 0 
26585 225 4 225 0 225 0 225 0 225 0 225 4 225 0 225 0 225 0 225 0 225 0 
26600 226 0 226 0 226 0 226 0 226 0 226 0 226 0 226 0 226 0 226 0 226 0 
