# deltaRoadVehicles deltaRailways
10 0 0 0 0 0 0 0 0 0 0 0 0 0 0 0 0 0 0 0 0 0 0 
123 0 8 0 0 0 0 0 8 0 0 0 0 0 0 0 0 0 0 0 0 0 0 
124 0 9 0 0 0 0 0 8 0 9 0 0 0 0 0 0 0 0 0 0 0 0 
126 0 7 0 0 0 0 0 8 0 9 0 0 0 7 0 0 0 0 0 0 0 0 
136 0 6.5 0 6 0 0 0 8 0 9 0 0 0 7 0 0 0 0 0 7 0 0 
139 0 7 0 6 0 0 0 8 0 7 0 0 0 7 0 0 0 0 0 7 0 0 
141 0 10 0 6 0 0 0 8 0 7 0 0 0 10 0 0 0 0 0 7 0 0 
151 0 6.5 0 3 0 0 0 8 0 7 0 0 0 10 0 0 0 0 0 10 0 0 
153 0 12 0 3 0 0 0 12 0 7 0 0 0 10 0 0 0 0 0 10 0 0 
159 0 10.5 0 3 0 0 0 12 0 12 0 0 0 10 0 0 0 0 0 9 0 0 
166 0 12 0 12 0 0 0 12 0 12 0 0 0 10 0 0 0 0 0 9 0 0 
168 0 7 0 12 0 0 0 7 0 12 0 0 0 10 0 0 0 0 0 9 0 0 
171 0 4 0 12 0 0 0 7 0 7 0 0 0 1 0 0 0 0 0 9 0 0 
174 0 2 0 12 0 0 0 7 0 7 0 0 0 1 0 0 0 0 0 2 0 0 
181 0 7 0 7 0 0 0 7 0 7 0 0 0 1 0 0 0 0 0 2 0 0 
183 0 3 0 7 0 0 0 3 0 7 0 0 0 1 0 0 0 0 0 2 0 0 
184 0 6 0 7 0 0 0 3 0 6 0 0 0 1 0 0 0 0 0 2 0 0 
186 0 0 0 7 0 0 0 3 0 6 0 0 0 0 0 0 0 0 0 2 0 0 
198 0 5.33333 0 0 0 0 0 16 0 6 0 0 0 0 0 0 0 0 0 0 0 0 
199 0 13 0 0 0 0 0 16 0 13 0 0 0 0 0 0 0 0 0 0 0 0 
211 0 7 0 7 0 0 0 16 0 13 0 0 0 0 0 0 0 0 0 0 0 0 
213 0 2 0 7 0 0 0 2 0 13 0 0 0 0 0 0 0 0 0 0 0 0 
214 0 4 0 7 0 0 0 2 0 4 0 0 0 0 0 0 0 0 0 0 0 0 
226 0 6 0 6 0 0 0 2 0 4 0 0 0 0 0 0 0 0 0 0 0 0 
228 0 4 0 6 0 0 0 4 0 4 0 0 0 0 0 0 0 0 0 0 0 0 
241 0 14 0 14 0 0 0 4 0 4 0 0 0 0 0 0 0 0 0 0 0 0 
243 0 3 0 14 0 0 0 3 0 4 0 0 0 0 0 0 0 0 0 0 0 0 
256 0 2 0 2 0 0 0 3 0 4 0 0 0 0 0 0 0 0 0 0 0 0 
258 0 6 0 2 0 0 0 6 0 4 0 0 0 0 0 0 0 0 0 0 0 0 
259 0 5 0 2 0 0 0 6 0 5 0 0 0 0 0 0 0 0 0 0 0 0 
271 0 3 0 3 0 0 0 6 0 5 0 0 0 0 0 0 0 0 0 0 0 0 
273 0 4 0 3 0 0 0 4 0 5 0 0 0 0 0 0 0 0 0 0 0 0 
288 0 3.66667 0 4 0 0 0 3 0 4 0 0 0 0 0 0 0 0 0 0 0 0 
289 0 3 0 4 0 0 0 3 0 3 0 0 0 0 0 0 0 0 0 0 0 0 
301 0 6 0 6 0 0 0 3 0 3 0 0 0 0 0 0 0 0 0 0 0 0 
303 0 2 0 6 0 0 0 2 0 3 0 0 0 0 0 0 0 0 0 0 0 0 
318 0 4 0 6 0 0 0 4 0 3 0 0 0 0 0 0 0 0 0 0 0 0 
331 0 0 0 0 0 0 0 4 0 3 0 0 0 0 0 0 0 0 0 0 0 0 
333 0 6 0 0 0 0 0 6 0 3 0 0 0 0 0 0 0 0 0 0 0 0 
346 0 4.5 0 3 0 0 0 6 0 6 0 0 0 0 0 0 0 0 0 0 0 0 
348 0 4 0 3 0 0 0 4 0 6 0 0 0 0 0 0 0 0 0 0 0 0 
351 0 3 0 3 0 0 0 4 0 6 0 0 0 3 0 0 0 0 0 0 0 0 
361 0 4 0 4 0 0 0 4 0 6 0 0 0 3 0 0 0 0 0 0 0 0 
376 0 4.66667 0 6 0 0 0 4 0 4 0 0 0 4 0 0 0 0 0 0 0 0 
378 0 0 0 6 0 0 0 0 0 4 0 0 0 4 0 0 0 0 0 0 0 0 
391 0 1.5 0 3 0 0 0 0 0 0 0 0 0 4 0 0 0 0 0 0 0 0 
406 0 4 0 4 0 0 0 0 0 0 0 0 0 4 0 0 0 0 0 0 0 0 
409 0 3 0 4 0 0 0 0 0 3 0 0 0 4 0 0 0 0 0 0 0 0 
421 0 1.5 0 0 0 0 0 0 0 3 0 0 0 3 0 0 0 0 0 0 0 0 
424 0 4 0 0 0 0 0 0 0 4 0 0 0 3 0 0 0 0 0 0 0 0 
439 0 4.5 0 0 0 0 0 0 0 5 0 0 0 4 0 0 0 0 0 0 0 0 
454 0 4 0 0 0 0 0 0 0 4 0 0 0 4 0 0 0 0 0 0 0 0 
456 0 1 0 0 0 0 0 0 0 4 0 0 0 1 0 0 0 0 0 0 0 0 
471 0 0 0 0 0 0 0 0 0 4 0 0 0 0 0 0 0 0 0 0 0 0 
483 0 3 0 0 0 0 0 3 0 4 0 0 0 0 0 0 0 0 0 0 0 0 
498 0 4 0 0 0 0 0 4 0 4 0 0 0 0 0 0 0 0 0 0 0 0 
499 0 3 0 0 0 0 0 4 0 3 0 0 0 0 0 0 0 0 0 0 0 0 
514 0 4 0 0 0 0 0 4 0 4 0 0 0 0 0 0 0 0 0 0 0 0 
529 0 2 0 0 0 0 0 4 0 2 0 0 0 0 0 0 0 0 0 0 0 0 
543 0 3 0 0 0 0 0 3 0 2 0 0 0 0 0 0 0 0 0 0 0 0 
544 0 0 0 0 0 0 0 3 0 0 0 0 0 0 0 0 0 0 0 0 0 0 
558 0 4 0 0 0 0 0 4 0 0 0 0 0 0 0 0 0 0 0 0 0 0 
588 0 0 0 0 0 0 0 0 0 0 0 0 0 0 0 0 0 0 0 0 0 0 
603 0 2 0 0 0 0 0 2 0 0 0 0 0 0 0 0 0 0 0 0 0 0 
618 0 4 0 0 0 0 0 4 0 0 0 0 0 0 0 0 0 0 0 0 0 0 
663 0 3 0 0 0 0 0 3 0 0 0 0 0 0 0 0 0 0 0 0 0 0 
678 0 4 0 0 0 0 0 4 0 0 0 0 0 0 0 0 0 0 0 0 0 0 
693 0 3 0 0 0 0 0 3 0 0 0 0 0 0 0 0 0 0 0 0 0 0 
708 0 1 0 0 0 0 0 1 0 0 0 0 0 0 0 0 0 0 0 0 0 0 
721 0 2 0 2 0 0 0 1 0 0 0 0 0 0 0 0 0 0 0 0 0 0 
723 0 3 0 2 0 0 0 3 0 0 0 0 0 0 0 0 0 0 0 0 0 0 
736 0 4 0 4 0 0 0 3 0 0 0 0 0 0 0 0 0 0 0 0 0 0 
751 0 3.5 0 3 0 0 0 4 0 0 0 0 0 0 0 0 0 0 0 0 0 0 
766 0 4 0 4 0 0 0 4 0 0 0 0 0 0 0 0 0 0 0 0 0 0 
783 0 3 0 4 0 0 0 3 0 0 0 0 0 0 0 0 0 0 0 0 0 0 
798 0 2 0 4 0 0 0 2 0 0 0 0 0 0 0 0 0 0 0 0 0 0 
811 0 1 0 1 0 0 0 2 0 0 0 0 0 0 0 0 0 0 0 0 0 0 
813 0 0 0 1 0 0 0 0 0 0 0 0 0 0 0 0 0 0 0 0 0 0 
886 0 4 0 4 0 0 0 0 0 0 0 0 0 0 0 0 0 0 0 0 0 0 
909 0 3 0 4 0 0 0 0 0 0 0 0 0 0 0 0 0 0 0 3 0 0 
924 0 3.5 0 4 0 0 0 0 0 3 0 0 0 0 0 0 0 0 0 4 0 0 
931 0 3 0 3 0 0 0 0 0 3 0 0 0 0 0 0 0 0 0 4 0 0 
934 0 4 0 3 0 0 0 0 0 4 0 0 0 0 0 0 0 0 0 4 0 0 
939 0 3 0 3 0 0 0 0 0 4 0 0 0 0 0 0 0 0 0 3 0 0 
946 0 4 0 4 0 0 0 0 0 4 0 0 0 0 0 0 0 0 0 3 0 0 
961 0 3 0 2 0 0 0 0 0 4 0 0 0 0 0 0 0 0 0 4 0 0 
976 0 0 0 0 0 0 0 0 0 4 0 0 0 0 0 0 0 0 0 4 0 0 
979 0 3 0 0 0 0 0 0 0 3 0 0 0 0 0 0 0 0 0 4 0 0 
994 0 4 0 0 0 0 0 0 0 4 0 0 0 0 0 0 0 0 0 4 0 0 
999 0 3 0 0 0 0 0 0 0 4 0 0 0 0 0 0 0 0 0 3 0 0 
1014 0 4 0 0 0 0 0 0 0 4 0 0 0 0 0 0 0 0 0 4 0 0 
1029 0 1 0 0 0 0 0 0 0 4 0 0 0 0 0 0 0 0 0 1 0 0 
1044 0 0.5 0 0 0 0 0 0 0 1 0 0 0 0 0 0 0 0 0 0 0 0 
1051 0 2 0 2 0 0 0 0 0 1 0 0 0 0 0 0 0 0 0 0 0 0 
1054 0 0 0 2 0 0 0 0 0 0 0 0 0 0 0 0 0 0 0 0 0 0 
1066 0 4 0 4 0 0 0 0 0 0 0 0 0 0 0 0 0 0 0 0 0 0 
1111 0 3 0 3 0 0 0 0 0 0 0 0 0 0 0 0 0 0 0 0 0 0 
1126 0 2 0 2 0 0 0 0 0 0 0 0 0 0 0 0 0 0 0 0 0 0 
1141 0 0 0 0 0 0 0 0 0 0 0 0 0 0 0 0 0 0 0 0 0 0 
1219 0 2 0 0 0 0 0 0 0 2 0 0 0 0 0 0 0 0 0 0 0 0 
1234 0 4 0 0 0 0 0 0 0 4 0 0 0 0 0 0 0 0 0 0 0 0 
1279 0 26 0 0 0 0 0 0 0 26 0 0 0 0 0 0 0 0 0 0 0 0 
1294 0 0 0 0 0 0 0 0 0 0 0 0 0 0 0 0 0 0 0 0 0 0 
2527 1 0 0 0 0 0 0 0 0 0 0 0 0 0 1 0 0 0 0 0 0 0 
2557 4 0 0 0 0 0 0 0 0 0 0 0 0 0 4 0 0 0 0 0 0 0 
2572 1 0 0 0 0 0 0 0 0 0 0 0 0 0 1 0 0 0 0 0 0 0 
2587 0 0 0 0 0 0 0 0 0 0 0 0 0 0 0 0 0 0 0 0 0 0 
2995 1 0 0 0 0 0 0 0 0 0 0 0 0 0 0 0 0 0 0 0 1 0 
3025 2 0 0 0 0 0 0 0 0 0 0 0 0 0 0 0 0 0 0 0 2 0 
3040 1 0 0 0 0 0 0 0 0 0 0 0 0 0 0 0 0 0 0 0 1 0 
3055 0 0 0 0 0 0 0 0 0 0 0 0 0 0 0 0 0 0 0 0 0 0 
3485 1 0 0 0 0 0 0 0 0 0 1 0 0 0 0 0 0 0 0 0 0 0 
3515 2 0 0 0 0 0 0 0 0 0 2 0 0 0 0 0 0 0 0 0 0 0 
3530 1 0 0 0 0 0 0 0 0 0 1 0 0 0 0 0 0 0 0 0 0 0 
3545 0 0 0 0 0 0 0 0 0 0 0 0 0 0 0 0 0 0 0 0 0 0 
3653 1 0 0 0 0 0 0 0 0 0 0 0 0 0 0 0 1 0 0 0 0 0 
3698 2 0 0 0 0 0 0 0 0 0 0 0 0 0 0 0 2 0 0 0 0 0 
3713 0 0 0 0 0 0 0 0 0 0 0 0 0 0 0 0 0 0 0 0 0 0 
5316 0 5 0 0 0 0 0 0 0 0 0 0 0 5 0 0 0 0 0 0 0 0 
5331 0 9 0 0 0 0 0 0 0 0 0 0 0 9 0 0 0 0 0 0 0 0 
5346 0 7 0 0 0 0 0 0 0 0 0 0 0 7 0 0 0 0 0 0 0 0 
5376 0 0 0 0 0 0 0 0 0 0 0 0 0 0 0 0 0 0 0 0 0 0 
5466 0 2 0 0 0 0 0 0 0 0 0 0 0 2 0 0 0 0 0 0 0 0 
5481 0 4 0 0 0 0 0 0 0 0 0 0 0 4 0 0 0 0 0 0 0 0 
5511 0 3 0 0 0 0 0 0 0 0 0 0 0 3 0 0 0 0 0 0 0 0 
5526 0 2 0 0 0 0 0 0 0 0 0 0 0 2 0 0 0 0 0 0 0 0 
5541 0 0 0 0 0 0 0 0 0 0 0 0 0 0 0 0 0 0 0 0 0 0 
6154 0 7 0 0 0 0 0 0 0 7 0 0 0 0 0 0 0 0 0 0 0 0 
6169 0 6 0 0 0 0 0 0 0 6 0 0 0 0 0 0 0 0 0 0 0 0 
6184 0 14 0 0 0 0 0 0 0 14 0 0 0 0 0 0 0 0 0 0 0 0 
6199 0 1 0 0 0 0 0 0 0 1 0 0 0 0 0 0 0 0 0 0 0 0 
6214 0 9 0 0 0 0 0 0 0 9 0 0 0 0 0 0 0 0 0 0 0 0 
6229 0 12 0 0 0 0 0 0 0 12 0 0 0 0 0 0 0 0 0 0 0 0 
6244 0 7 0 0 0 0 0 0 0 7 0 0 0 0 0 0 0 0 0 0 0 0 
6259 0 2 0 0 0 0 0 0 0 2 0 0 0 0 0 0 0 0 0 0 0 0 
6274 0 4 0 0 0 0 0 0 0 4 0 0 0 0 0 0 0 0 0 0 0 0 
6289 0 6 0 0 0 0 0 0 0 6 0 0 0 0 0 0 0 0 0 0 0 0 
6304 0 4 0 0 0 0 0 0 0 4 0 0 0 0 0 0 0 0 0 0 0 0 
6334 0 1 0 0 0 0 0 0 0 1 0 0 0 0 0 0 0 0 0 0 0 0 
6349 0 4 0 0 0 0 0 0 0 4 0 0 0 0 0 0 0 0 0 0 0 0 
6379 0 7 0 0 0 0 0 0 0 7 0 0 0 0 0 0 0 0 0 0 0 0 
6394 0 6 0 0 0 0 0 0 0 6 0 0 0 0 0 0 0 0 0 0 0 0 
6409 0 0 0 0 0 0 0 0 0 0 0 0 0 0 0 0 0 0 0 0 0 0 
6499 0 3 0 0 0 0 0 0 0 3 0 0 0 0 0 0 0 0 0 0 0 0 
6514 0 4 0 0 0 0 0 0 0 4 0 0 0 0 0 0 0 0 0 0 0 0 
6559 0 3 0 0 0 0 0 0 0 3 0 0 0 0 0 0 0 0 0 0 0 0 
6574 0 0 0 0 0 0 0 0 0 0 0 0 0 0 0 0 0 0 0 0 0 0 
6781 1 0 1 0 0 0 0 0 0 0 0 0 0 0 0 0 0 0 0 0 0 0 
6796 4 0 4 0 0 0 0 0 0 0 0 0 0 0 0 0 0 0 0 0 0 0 
6811 1 0 1 0 0 0 0 0 0 0 0 0 0 0 0 0 0 0 0 0 0 0 
6841 0 0 0 0 0 0 0 0 0 0 0 0 0 0 0 0 0 0 0 0 0 0 
7984 0 2 0 0 0 0 0 0 0 2 0 0 0 0 0 0 0 0 0 0 0 0 
7999 0 3 0 0 0 0 0 0 0 3 0 0 0 0 0 0 0 0 0 0 0 0 
8014 0 4 0 0 0 0 0 0 0 4 0 0 0 0 0 0 0 0 0 0 0 0 
8044 0 39 0 0 0 0 0 0 0 39 0 0 0 0 0 0 0 0 0 0 0 0 
8059 0 3 0 0 0 0 0 0 0 3 0 0 0 0 0 0 0 0 0 0 0 0 
8074 0 4 0 0 0 0 0 0 0 4 0 0 0 0 0 0 0 0 0 0 0 0 
8089 0 0 0 0 0 0 0 0 0 0 0 0 0 0 0 0 0 0 0 0 0 0 
8132 1 0 0 0 1 0 0 0 0 0 0 0 0 0 0 0 0 0 0 0 0 0 
8162 2 0 0 0 2 0 0 0 0 0 0 0 0 0 0 0 0 0 0 0 0 0 
8177 1 0 0 0 1 0 0 0 0 0 0 0 0 0 0 0 0 0 0 0 0 0 
8192 0 0 0 0 0 0 0 0 0 0 0 0 0 0 0 0 0 0 0 0 0 0 
8209 0 4 0 0 0 0 0 0 0 4 0 0 0 0 0 0 0 0 0 0 0 0 
8239 0 3 0 0 0 0 0 0 0 3 0 0 0 0 0 0 0 0 0 0 0 0 
8254 0 4 0 0 0 0 0 0 0 4 0 0 0 0 0 0 0 0 0 0 0 0 
8284 0 2 0 0 0 0 0 0 0 2 0 0 0 0 0 0 0 0 0 0 0 0 
8299 0 0 0 0 0 0 0 0 0 0 0 0 0 0 0 0 0 0 0 0 0 0 
8513 0 7 0 0 0 0 0 0 0 0 0 0 0 0 0 0 0 7 0 0 0 0 
8528 0 6 0 0 0 0 0 0 0 0 0 0 0 0 0 0 0 6 0 0 0 0 
8543 0 13 0 0 0 0 0 0 0 0 0 0 0 0 0 0 0 13 0 0 0 0 
8558 0 2 0 0 0 0 0 0 0 0 0 0 0 0 0 0 0 2 0 0 0 0 
8573 0 9 0 0 0 0 0 0 0 0 0 0 0 0 0 0 0 9 0 0 0 0 
8588 0 12 0 0 0 0 0 0 0 0 0 0 0 0 0 0 0 12 0 0 0 0 
8603 0 7 0 0 0 0 0 0 0 0 0 0 0 0 0 0 0 7 0 0 0 0 
8618 0 2 0 0 0 0 0 0 0 0 0 0 0 0 0 0 0 2 0 0 0 0 
8633 0 4 0 0 0 0 0 0 0 0 0 0 0 0 0 0 0 4 0 0 0 0 
8648 0 6 0 0 0 0 0 0 0 0 0 0 0 0 0 0 0 6 0 0 0 0 
8663 0 3 0 0 0 0 0 0 0 0 0 0 0 0 0 0 0 3 0 0 0 0 
8678 0 5 0 0 0 0 0 0 0 0 0 0 0 0 0 0 0 5 0 0 0 0 
8693 0 0 0 0 0 0 0 0 0 0 0 0 0 0 0 0 0 0 0 0 0 0 
8708 0 4 0 0 0 0 0 0 0 0 0 0 0 0 0 0 0 4 0 0 0 0 
8723 0 3 0 0 0 0 0 0 0 0 0 0 0 0 0 0 0 3 0 0 0 0 
8738 0 6 0 0 0 0 0 0 0 0 0 0 0 0 0 0 0 6 0 0 0 0 
8753 0 4 0 0 0 0 0 0 0 0 0 0 0 0 0 0 0 4 0 0 0 0 
8768 0 3 0 0 0 0 0 0 0 0 0 0 0 0 0 0 0 3 0 0 0 0 
8783 0 0 0 0 0 0 0 0 0 0 0 0 0 0 0 0 0 0 0 0 0 0 
8873 0 1 0 0 0 0 0 0 0 0 0 0 0 0 0 0 0 1 0 0 0 0 
8888 0 4 0 0 0 0 0 0 0 0 0 0 0 0 0 0 0 4 0 0 0 0 
8903 0 3 0 0 0 0 0 0 0 0 0 0 0 0 0 0 0 3 0 0 0 0 
8918 0 4 0 0 0 0 0 0 0 0 0 0 0 0 0 0 0 4 0 0 0 0 
8963 0 3 0 0 0 0 0 0 0 0 0 0 0 0 0 0 0 3 0 0 0 0 
8978 0 2 0 0 0 0 0 0 0 0 0 0 0 0 0 0 0 2 0 0 0 0 
8993 0 0 0 0 0 0 0 0 0 0 0 0 0 0 0 0 0 0 0 0 0 0 
9170 1 0 0 0 0 0 0 0 0 0 1 0 0 0 0 0 0 0 0 0 0 0 
9185 4 0 0 0 0 0 0 0 0 0 4 0 0 0 0 0 0 0 0 0 0 0 
9200 2 0 0 0 0 0 0 0 0 0 2 0 0 0 0 0 0 0 0 0 0 0 
9215 0 0 0 0 0 0 0 0 0 0 0 0 0 0 0 0 0 0 0 0 0 0 
9633 1 0 0 0 0 0 1 0 0 0 0 0 0 0 0 0 0 0 0 0 0 0 
9648 7 0 0 0 0 0 7 0 0 0 0 0 0 0 0 0 0 0 0 0 0 0 
9663 1 0 0 0 0 0 1 0 0 0 0 0 0 0 0 0 0 0 0 0 0 0 
9678 2 0 0 0 0 0 2 0 0 0 0 0 0 0 0 0 0 0 0 0 0 0 
9693 0 0 0 0 0 0 0 0 0 0 0 0 0 0 0 0 0 0 0 0 0 0 
10386 0 8 0 0 0 0 0 0 0 0 0 0 0 8 0 0 0 0 0 0 0 0 
10416 0 12 0 0 0 0 0 0 0 0 0 0 0 12 0 0 0 0 0 0 0 0 
10431 0 6 0 0 0 0 0 0 0 0 0 0 0 6 0 0 0 0 0 0 0 0 
10434 1 0 0 0 0 0 0 0 0 0 0 0 0 6 0 0 0 0 1 0 0 0 
10446 0 4 0 0 0 0 0 0 0 0 0 0 0 4 0 0 0 0 1 0 0 0 
10449 3 0 0 0 0 0 0 0 0 0 0 0 0 4 0 0 0 0 3 0 0 0 
10461 0 16 0 0 0 0 0 0 0 0 0 0 0 16 0 0 0 0 3 0 0 0 
10464 4 0 0 0 0 0 0 0 0 0 0 0 0 16 0 0 0 0 4 0 0 0 
10476 0 2 0 0 0 0 0 0 0 0 0 0 0 2 0 0 0 0 4 0 0 0 
10479 1 0 0 0 0 0 0 0 0 0 0 0 0 2 0 0 0 0 1 0 0 0 
10491 0 3 0 0 0 0 0 0 0 0 0 0 0 3 0 0 0 0 1 0 0 0 
10494 0 0 0 0 0 0 0 0 0 0 0 0 0 3 0 0 0 0 0 0 0 0 
10506 0 4 0 0 0 0 0 0 0 0 0 0 0 4 0 0 0 0 0 0 0 0 
10521 0 6 0 0 0 0 0 0 0 0 0 0 0 6 0 0 0 0 0 0 0 0 
10536 0 4 0 0 0 0 0 0 0 0 0 0 0 4 0 0 0 0 0 0 0 0 
10551 0 3 0 0 0 0 0 0 0 0 0 0 0 3 0 0 0 0 0 0 0 0 
10566 0 2 0 0 0 0 0 0 0 0 0 0 0 2 0 0 0 0 0 0 0 0 
10581 0 4 0 0 0 0 0 0 0 0 0 0 0 4 0 0 0 0 0 0 0 0 
10596 0 6 0 0 0 0 0 0 0 0 0 0 0 6 0 0 0 0 0 0 0 0 
10611 0 3 0 0 0 0 0 0 0 0 0 0 0 3 0 0 0 0 0 0 0 0 
10626 0 5 0 0 0 0 0 0 0 0 0 0 0 5 0 0 0 0 0 0 0 0 
10641 0 0 0 0 0 0 0 0 0 0 0 0 0 0 0 0 0 0 0 0 0 0 
10731 0 2 0 0 0 0 0 0 0 0 0 0 0 2 0 0 0 0 0 0 0 0 
10746 0 4 0 0 0 0 0 0 0 0 0 0 0 4 0 0 0 0 0 0 0 0 
10776 0 6 0 0 0 0 0 0 0 0 0 0 0 6 0 0 0 0 0 0 0 0 
10791 0 2 0 0 0 0 0 0 0 0 0 0 0 2 0 0 0 0 0 0 0 0 
10806 0 0 0 0 0 0 0 0 0 0 0 0 0 0 0 0 0 0 0 0 0 0 
10836 0 4 0 0 0 0 0 0 0 0 0 0 0 4 0 0 0 0 0 0 0 0 
10851 0 3 0 0 0 0 0 0 0 0 0 0 0 3 0 0 0 0 0 0 0 0 
10866 0 4 0 0 0 0 0 0 0 0 0 0 0 4 0 0 0 0 0 0 0 0 
10881 0 1 0 0 0 0 0 0 0 0 0 0 0 1 0 0 0 0 0 0 0 0 
10896 0 0 0 0 0 0 0 0 0 0 0 0 0 0 0 0 0 0 0 0 0 0 
10898 0 1 0 0 0 0 0 0 0 0 0 0 0 0 0 0 0 1 0 0 0 0 
10913 0 4 0 0 0 0 0 0 0 0 0 0 0 0 0 0 0 4 0 0 0 0 
10943 0 3 0 0 0 0 0 0 0 0 0 0 0 0 0 0 0 3 0 0 0 0 
10958 0 35 0 0 0 0 0 0 0 0 0 0 0 0 0 0 0 35 0 0 0 0 
10973 0 4 0 0 0 0 0 0 0 0 0 0 0 0 0 0 0 4 0 0 0 0 
11003 0 3 0 0 0 0 0 0 0 0 0 0 0 0 0 0 0 3 0 0 0 0 
11018 0 4 0 0 0 0 0 0 0 0 0 0 0 0 0 0 0 4 0 0 0 0 
11033 0 1 0 0 0 0 0 0 0 0 0 0 0 0 0 0 0 1 0 0 0 0 
11048 0 0 0 0 0 0 0 0 0 0 0 0 0 0 0 0 0 0 0 0 0 0 
11196 0 2 0 0 0 0 0 0 0 0 0 0 0 2 0 0 0 0 0 0 0 0 
11211 0 3 0 0 0 0 0 0 0 0 0 0 0 3 0 0 0 0 0 0 0 0 
11226 0 3.5 0 0 0 0 0 0 0 0 0 0 0 4 0 0 0 3 0 0 0 0 
11228 0 4 0 0 0 0 0 0 0 0 0 0 0 4 0 0 0 4 0 0 0 0 
11243 0 3 0 0 0 0 0 0 0 0 0 0 0 4 0 0 0 3 0 0 0 0 
11258 0 4 0 0 0 0 0 0 0 0 0 0 0 4 0 0 0 4 0 0 0 0 
11271 0 3 0 0 0 0 0 0 0 0 0 0 0 3 0 0 0 4 0 0 0 0 
11286 0 2 0 0 0 0 0 0 0 0 0 0 0 2 0 0 0 4 0 0 0 0 
11301 0 0 0 0 0 0 0 0 0 0 0 0 0 0 0 0 0 4 0 0 0 0 
11303 0 2 0 0 0 0 0 0 0 0 0 0 0 0 0 0 0 2 0 0 0 0 
11318 0 0 0 0 0 0 0 0 0 0 0 0 0 0 0 0 0 0 0 0 0 0 
11641 0 7 0 7 0 0 0 0 0 0 0 0 0 0 0 0 0 0 0 0 0 0 
11656 0 6 0 6 0 0 0 0 0 0 0 0 0 0 0 0 0 0 0 0 0 0 
11671 0 13 0 13 0 0 0 0 0 0 0 0 0 0 0 0 0 0 0 0 0 0 
11677 1 0 0 13 0 0 0 0 0 0 0 0 0 0 1 0 0 0 0 0 0 0 
11686 0 2 0 2 0 0 0 0 0 0 0 0 0 0 1 0 0 0 0 0 0 0 
11692 3 0 0 2 0 0 0 0 0 0 0 0 0 0 3 0 0 0 0 0 0 0 
11701 0 9 0 9 0 0 0 0 0 0 0 0 0 0 3 0 0 0 0 0 0 0 
11707 1 0 0 9 0 0 0 0 0 0 0 0 0 0 1 0 0 0 0 0 0 0 
11716 0 12 0 12 0 0 0 0 0 0 0 0 0 0 1 0 0 0 0 0 0 0 
11722 4 0 0 12 0 0 0 0 0 0 0 0 0 0 4 0 0 0 0 0 0 0 
11731 0 7 0 7 0 0 0 0 0 0 0 0 0 0 4 0 0 0 0 0 0 0 
11737 0 0 0 7 0 0 0 0 0 0 0 0 0 0 0 0 0 0 0 0 0 0 
11746 0 2 0 2 0 0 0 0 0 0 0 0 0 0 0 0 0 0 0 0 0 0 
11761 0 4 0 4 0 0 0 0 0 0 0 0 0 0 0 0 0 0 0 0 0 0 
11776 0 6 0 6 0 0 0 0 0 0 0 0 0 0 0 0 0 0 0 0 0 0 
11791 0 3 0 3 0 0 0 0 0 0 0 0 0 0 0 0 0 0 0 0 0 0 
11806 0 5 0 5 0 0 0 0 0 0 0 0 0 0 0 0 0 0 0 0 0 0 
11821 0 1 0 1 0 0 0 0 0 0 0 0 0 0 0 0 0 0 0 0 0 0 
11836 0 4 0 4 0 0 0 0 0 0 0 0 0 0 0 0 0 0 0 0 0 0 
11851 0 3 0 3 0 0 0 0 0 0 0 0 0 0 0 0 0 0 0 0 0 0 
11866 0 6 0 6 0 0 0 0 0 0 0 0 0 0 0 0 0 0 0 0 0 0 
11881 0 8 0 8 0 0 0 0 0 0 0 0 0 0 0 0 0 0 0 0 0 0 
11884 0 1 0 8 0 0 0 0 0 1 0 0 0 0 0 0 0 0 0 0 0 0 
11896 0 0 0 0 0 0 0 0 0 1 0 0 0 0 0 0 0 0 0 0 0 0 
12280 0.5 0 0 0 0 0 0 0 0 0 0 0 0 0 0 0 0 0 0 0 1 0 
12295 0 0 0 0 0 0 0 0 0 0 0 0 0 0 0 0 0 0 0 0 0 0 
12310 6 0 0 0 0 0 0 0 0 0 0 0 0 0 0 0 0 0 0 0 6 0 
12340 0 0 0 0 0 0 0 0 0 0 0 0 0 0 0 0 0 0 0 0 0 0 
12796 0 1 0 1 0 0 0 0 0 0 0 0 0 0 0 0 0 0 0 0 0 0 
12811 0 3 0 3 0 0 0 0 0 0 0 0 0 0 0 0 0 0 0 0 0 0 
12826 0 4 0 4 0 0 0 0 0 0 0 0 0 0 0 0 0 0 0 0 0 0 
12871 0 3 0 3 0 0 0 0 0 0 0 0 0 0 0 0 0 0 0 0 0 0 
12886 0 4 0 4 0 0 0 0 0 0 0 0 0 0 0 0 0 0 0 0 0 0 
12901 0 1 0 1 0 0 0 0 0 0 0 0 0 0 0 0 0 0 0 0 0 0 
12916 0 0 0 0 0 0 0 0 0 0 0 0 0 0 0 0 0 0 0 0 0 0 
13412 0 9 0 0 0 9 0 0 0 0 0 0 0 0 0 0 0 0 0 0 0 0 
13427 0 7 0 0 0 7 0 0 0 0 0 0 0 0 0 0 0 0 0 0 0 0 
13442 0 12 0 0 0 12 0 0 0 0 0 0 0 0 0 0 0 0 0 0 0 0 
13457 0 7 0 0 0 7 0 0 0 0 0 0 0 0 0 0 0 0 0 0 0 0 
13472 0 6 0 0 0 6 0 0 0 0 0 0 0 0 0 0 0 0 0 0 0 0 
13487 0 13 0 0 0 13 0 0 0 0 0 0 0 0 0 0 0 0 0 0 0 0 
13502 0 2 0 0 0 2 0 0 0 0 0 0 0 0 0 0 0 0 0 0 0 0 
13517 0 -16 0 0 0 -16 0 0 0 0 0 0 0 0 0 0 0 0 0 0 0 0 
13532 0 -12 0 0 0 -12 0 0 0 0 0 0 0 0 0 0 0 0 0 0 0 0 
13547 0 -16 0 0 0 -16 0 0 0 0 0 0 0 0 0 0 0 0 0 0 0 0 
13562 0 -12 0 0 0 -12 0 0 0 0 0 0 0 0 0 0 0 0 0 0 0 0 
13577 0 0 0 0 0 0 0 0 0 0 0 0 0 0 0 0 0 0 0 0 0 0 
15076 0 1 0 1 0 0 0 0 0 0 0 0 0 0 0 0 0 0 0 0 0 0 
15091 0 3 0 3 0 0 0 0 0 0 0 0 0 0 0 0 0 0 0 0 0 0 
15106 0 23 0 23 0 0 0 0 0 0 0 0 0 0 0 0 0 0 0 0 0 0 
15121 0 4 0 4 0 0 0 0 0 0 0 0 0 0 0 0 0 0 0 0 0 0 
15139 1 0 0 4 0 0 0 0 1 0 0 0 0 0 0 0 0 0 0 0 0 0 
15151 0 3 0 3 0 0 0 0 1 0 0 0 0 0 0 0 0 0 0 0 0 0 
15154 3 0 0 3 0 0 0 0 3 0 0 0 0 0 0 0 0 0 0 0 0 0 
15166 0 0 0 0 0 0 0 0 3 0 0 0 0 0 0 0 0 0 0 0 0 0 
15169 2 0 0 0 0 0 0 0 2 0 0 0 0 0 0 0 0 0 0 0 0 0 
15184 1 0 0 0 0 0 0 0 1 0 0 0 0 0 0 0 0 0 0 0 0 0 
15199 0 0 0 0 0 0 0 0 0 0 0 0 0 0 0 0 0 0 0 0 0 0 
15391 0 2 0 2 0 0 0 0 0 0 0 0 0 0 0 0 0 0 0 0 0 0 
15406 0 4 0 4 0 0 0 0 0 0 0 0 0 0 0 0 0 0 0 0 0 0 
15451 0 3 0 3 0 0 0 0 0 0 0 0 0 0 0 0 0 0 0 0 0 0 
15466 0 4 0 4 0 0 0 0 0 0 0 0 0 0 0 0 0 0 0 0 0 0 
15481 0 2 0 2 0 0 0 0 0 0 0 0 0 0 0 0 0 0 0 0 0 0 
15496 0 0 0 0 0 0 0 0 0 0 0 0 0 0 0 0 0 0 0 0 0 0 
16161 0 8 0 0 0 0 0 0 0 0 0 0 0 8 0 0 0 0 0 0 0 0 
16178 0 7 0 0 0 0 0 0 0 0 0 0 0 8 0 0 0 7 0 0 0 0 
16191 0 11 0 0 0 0 0 0 0 0 0 0 0 11 0 0 0 7 0 0 0 0 
16193 0 6 0 0 0 0 0 0 0 0 0 0 0 11 0 0 0 6 0 0 0 0 
16206 0 7 0 0 0 0 0 0 0 0 0 0 0 7 0 0 0 6 0 0 0 0 
16208 0 14 0 0 0 0 0 0 0 0 0 0 0 7 0 0 0 14 0 0 0 0 
16221 0 4 0 0 0 0 0 0 0 0 0 0 0 4 0 0 0 14 0 0 0 0 
16223 0 1 0 0 0 0 0 0 0 0 0 0 0 4 0 0 0 1 0 0 0 0 
16236 0 16 0 0 0 0 0 0 0 0 0 0 0 16 0 0 0 1 0 0 0 0 
16238 0 9 0 0 0 0 0 0 0 0 0 0 0 16 0 0 0 9 0 0 0 0 
16251 0 2 0 0 0 0 0 0 0 0 0 0 0 2 0 0 0 9 0 0 0 0 
16253 0 12 0 0 0 0 0 0 0 0 0 0 0 2 0 0 0 12 0 0 0 0 
16266 0 3 0 0 0 0 0 0 0 0 0 0 0 3 0 0 0 12 0 0 0 0 
16268 0 7 0 0 0 0 0 0 0 0 0 0 0 3 0 0 0 7 0 0 0 0 
16281 0 4 0 0 0 0 0 0 0 0 0 0 0 4 0 0 0 7 0 0 0 0 
16283 0 2 0 0 0 0 0 0 0 0 0 0 0 4 0 0 0 2 0 0 0 0 
16296 0 6 0 0 0 0 0 0 0 0 0 0 0 6 0 0 0 2 0 0 0 0 
16298 0 4 0 0 0 0 0 0 0 0 0 0 0 6 0 0 0 4 0 0 0 0 
16311 0 3 0 0 0 0 0 0 0 0 0 0 0 3 0 0 0 4 0 0 0 0 
16313 0 6 0 0 0 0 0 0 0 0 0 0 0 3 0 0 0 6 0 0 0 0 
16326 0 4 0 0 0 0 0 0 0 0 0 0 0 4 0 0 0 6 0 0 0 0 
16341 0 3 0 0 0 0 0 0 0 0 0 0 0 2 0 0 0 4 0 0 0 0 
16356 0 4 0 0 0 0 0 0 0 0 0 0 0 4 0 0 0 4 0 0 0 0 
16358 0 1 0 0 0 0 0 0 0 0 0 0 0 4 0 0 0 1 0 0 0 0 
16371 0 3 0 0 0 0 0 0 0 0 0 0 0 3 0 0 0 1 0 0 0 0 
16373 0 4 0 0 0 0 0 0 0 0 0 0 0 3 0 0 0 4 0 0 0 0 
16386 0 6 0 0 0 0 0 0 0 0 0 0 0 6 0 0 0 4 0 0 0 0 
16401 0 5 0 0 0 0 0 0 0 0 0 0 0 5 0 0 0 4 0 0 0 0 
16416 0 2.5 0 0 0 0 0 0 0 0 0 0 0 0 0 0 0 5 0 0 0 0 
16418 0 6 0 0 0 0 0 0 0 0 0 0 0 0 0 0 0 6 0 0 0 0 
16433 0 0 0 0 0 0 0 0 0 0 0 0 0 0 0 0 0 0 0 0 0 0 
16472 1 0 0 0 1 0 0 0 0 0 0 0 0 0 0 0 0 0 0 0 0 0 
16502 2 0 0 0 2 0 0 0 0 0 0 0 0 0 0 0 0 0 0 0 0 0 
16517 3 0 0 0 3 0 0 0 0 0 0 0 0 0 0 0 0 0 0 0 0 0 
16532 0 0 0 0 0 0 0 0 0 0 0 0 0 0 0 0 0 0 0 0 0 0 
16596 0 4 0 0 0 0 0 0 0 0 0 0 0 4 0 0 0 0 0 0 0 0 
16611 0 3 0 0 0 0 0 0 0 0 0 0 0 3 0 0 0 0 0 0 0 0 
16626 0 4 0 0 0 0 0 0 0 0 0 0 0 4 0 0 0 0 0 0 0 0 
16671 0 1 0 0 0 0 0 0 0 0 0 0 0 1 0 0 0 0 0 0 0 0 
16686 0 0 0 0 0 0 0 0 0 0 0 0 0 0 0 0 0 0 0 0 0 0 
16731 0 1 0 0 0 0 0 0 0 0 0 0 0 1 0 0 0 0 0 0 0 0 
16746 0 4 0 0 0 0 0 0 0 0 0 0 0 4 0 0 0 0 0 0 0 0 
16791 0 3 0 0 0 0 0 0 0 0 0 0 0 3 0 0 0 0 0 0 0 0 
16806 0 1 0 0 0 0 0 0 0 0 0 0 0 1 0 0 0 0 0 0 0 0 
16821 0 0 0 0 0 0 0 0 0 0 0 0 0 0 0 0 0 0 0 0 0 0 
16928 0 4 0 0 0 0 0 0 0 0 0 0 0 0 0 0 0 4 0 0 0 0 
16943 0 3 0 0 0 0 0 0 0 0 0 0 0 0 0 0 0 3 0 0 0 0 
16958 0 4 0 0 0 0 0 0 0 0 0 0 0 0 0 0 0 4 0 0 0 0 
17000 1 0 0 0 0 0 0 0 0 0 1 0 0 0 0 0 0 4 0 0 0 0 
17003 0 3 0 0 0 0 0 0 0 0 1 0 0 0 0 0 0 3 0 0 0 0 
17015 0 0 0 0 0 0 0 0 0 0 0 0 0 0 0 0 0 3 0 0 0 0 
17018 0 4 0 0 0 0 0 0 0 0 0 0 0 0 0 0 0 4 0 0 0 0 
17030 2 0 0 0 0 0 0 0 0 0 2 0 0 0 0 0 0 4 0 0 0 0 
17045 4 0 0 0 0 0 0 0 0 0 4 0 0 0 0 0 0 4 0 0 0 0 
17048 0 1 0 0 0 0 0 0 0 0 4 0 0 0 0 0 0 1 0 0 0 0 
17060 2 0 0 0 0 0 0 0 0 0 2 0 0 0 0 0 0 1 0 0 0 0 
17063 0 0 0 0 0 0 0 0 0 0 2 0 0 0 0 0 0 0 0 0 0 0 
17155 0 3 0 0 0 0 0 0 0 0 0 0 0 0 0 0 0 0 0 0 0 6 
17185 0 16 0 0 0 0 0 0 0 0 0 0 0 0 0 0 0 0 0 0 0 16 
17200 0 2 0 0 0 0 0 0 0 0 0 0 0 0 0 0 0 0 0 0 0 2 
17215 0 0 0 0 0 0 0 0 0 0 0 0 0 0 0 0 0 0 0 0 0 0 
17230 0 8 0 0 0 0 0 0 0 0 0 0 0 0 0 0 0 0 0 0 0 8 
17260 0 12 0 0 0 0 0 0 0 0 0 0 0 0 0 0 0 0 0 0 0 12 
17275 0 1 0 0 0 0 0 0 0 0 0 0 0 0 0 0 0 0 0 0 0 1 
17290 0 4 0 0 0 0 0 0 0 0 0 0 0 0 0 0 0 0 0 0 0 4 
17320 0 6 0 0 0 0 0 0 0 0 0 0 0 0 0 0 0 0 0 0 0 6 
17335 0 5 0 0 0 0 0 0 0 0 0 0 0 0 0 0 0 0 0 0 0 5 
17350 0 0 0 0 0 0 0 0 0 0 0 0 0 0 0 0 0 0 0 0 0 0 
17365 0 4 0 0 0 0 0 0 0 0 0 0 0 0 0 0 0 0 0 0 0 4 
17380 0 6 0 0 0 0 0 0 0 0 0 0 0 0 0 0 0 0 0 0 0 6 
17395 0 5 0 0 0 0 0 0 0 0 0 0 0 0 0 0 0 0 0 0 0 5 
17407 1 0 0 0 0 0 0 0 0 0 0 0 0 0 1 0 0 0 0 0 0 5 
17410 0 4 0 0 0 0 0 0 0 0 0 0 0 0 1 0 0 0 0 0 0 4 
17422 5 0 0 0 0 0 0 0 0 0 0 0 0 0 5 0 0 0 0 0 0 4 
17425 0 3 0 0 0 0 0 0 0 0 0 0 0 0 5 0 0 0 0 0 0 3 
17437 4 0 0 0 0 0 0 0 0 0 0 0 0 0 4 0 0 0 0 0 0 3 
17440 0 0 0 0 0 0 0 0 0 0 0 0 0 0 4 0 0 0 0 0 0 0 
17452 1 0 0 0 0 0 0 0 0 0 0 0 0 0 1 0 0 0 0 0 0 0 
17467 0.5 0 0 0 0 0 1 0 0 0 0 0 0 0 0 0 0 0 0 0 0 0 
17485 0 4 0 0 0 0 1 0 0 0 0 0 0 0 0 0 0 0 0 0 0 4 
17493 2 0 0 0 0 0 2 0 0 0 0 0 0 0 0 0 0 0 0 0 0 4 
17508 1 0 0 0 0 0 1 0 0 0 0 0 0 0 0 0 0 0 0 0 0 4 
17515 0 3 0 0 0 0 1 0 0 0 0 0 0 0 0 0 0 0 0 0 0 3 
17523 0 0 0 0 0 0 0 0 0 0 0 0 0 0 0 0 0 0 0 0 0 3 
17530 0 4 0 0 0 0 0 0 0 0 0 0 0 0 0 0 0 0 0 0 0 4 
17570 -1 0 0 0 0 0 0 0 0 0 -1 0 0 0 0 0 0 0 0 0 0 4 
17575 0 1 0 0 0 0 0 0 0 0 -1 0 0 0 0 0 0 0 0 0 0 1 
17585 0 0 0 0 0 0 0 0 0 0 0 0 0 0 0 0 0 0 0 0 0 1 
17633 0 2 0 0 0 0 0 0 0 0 0 0 0 0 0 0 0 4 0 0 0 0 
17663 0 3 0 0 0 0 0 0 0 0 0 0 0 0 0 0 0 3 0 0 0 0 
17678 0 4 0 0 0 0 0 0 0 0 0 0 0 0 0 0 0 4 0 0 0 0 
17738 0 0 0 0 0 0 0 0 0 0 0 0 0 0 0 0 0 0 0 0 0 0 
18081 0 2 0 0 0 0 0 0 0 0 0 0 0 2 0 0 0 0 0 0 0 0 
18096 0 6 0 0 0 0 0 0 0 0 0 0 0 6 0 0 0 0 0 0 0 0 
18100 0 2 0 0 0 0 0 0 0 0 0 0 0 6 0 0 0 0 0 0 0 2 
18111 0 18 0 0 0 0 0 0 0 0 0 0 0 18 0 0 0 0 0 0 0 2 
18115 0 3 0 0 0 0 0 0 0 0 0 0 0 18 0 0 0 0 0 0 0 3 
18126 0 6 0 0 0 0 0 0 0 0 0 0 0 6 0 0 0 0 0 0 0 3 
18130 0 4 0 0 0 0 0 0 0 0 0 0 0 6 0 0 0 0 0 0 0 4 
18141 0 19 0 0 0 0 0 0 0 0 0 0 0 19 0 0 0 0 0 0 0 4 
18156 0 3 0 0 0 0 0 0 0 0 0 0 0 3 0 0 0 0 0 0 0 4 
18171 0 0 0 0 0 0 0 0 0 0 0 0 0 0 0 0 0 0 0 0 0 4 
18175 0 3 0 0 0 0 0 0 0 0 0 0 0 0 0 0 0 0 0 0 0 3 
18190 0 6 0 0 0 0 0 0 0 0 0 0 0 0 0 0 0 0 0 0 0 6 
18205 0 19 0 0 0 0 0 0 0 0 0 0 0 0 0 0 0 0 0 0 0 19 
18220 0 6 0 0 0 0 0 0 0 0 0 0 0 0 0 0 0 0 0 0 0 6 
18235 0 1 0 0 0 0 0 0 0 0 0 0 0 0 0 0 0 0 0 0 0 1 
18250 0 0 0 0 0 0 0 0 0 0 0 0 0 0 0 0 0 0 0 0 0 0 
19160 -1 0 0 0 0 0 0 0 0 0 -1 0 0 0 0 0 0 0 0 0 0 0 
19175 0 0 0 0 0 0 0 0 0 0 0 0 0 0 0 0 0 0 0 0 0 0 
19285 0 17 0 0 0 0 0 0 0 0 0 0 0 0 0 0 0 0 0 0 0 17 
19300 0 4 0 0 0 0 0 0 0 0 0 0 0 0 0 0 0 0 0 0 0 4 
19315 0 3 0 0 0 0 0 0 0 0 0 0 0 0 0 0 0 0 0 0 0 3 
19330 0 4 0 0 0 0 0 0 0 0 0 0 0 0 0 0 0 0 0 0 0 4 
19360 0 0 0 0 0 0 0 0 0 0 0 0 0 0 0 0 0 0 0 0 0 0 
20049 1 0 0 0 0 0 0 0 0 0 0 0 0 0 0 0 0 0 1 0 0 0 
20094 4 0 0 0 0 0 0 0 0 0 0 0 0 0 0 0 0 0 4 0 0 0 
20109 0 0 0 0 0 0 0 0 0 0 0 0 0 0 0 0 0 0 0 0 0 0 
20356 0 7 0 7 0 0 0 0 0 0 0 0 0 0 0 0 0 0 0 0 0 0 
20371 0 3 0 3 0 0 0 0 0 0 0 0 0 0 0 0 0 0 0 0 0 0 
20386 0 16 0 16 0 0 0 0 0 0 0 0 0 0 0 0 0 0 0 0 0 0 
20401 0 2 0 2 0 0 0 0 0 0 0 0 0 0 0 0 0 0 0 0 0 0 
20416 0 9 0 9 0 0 0 0 0 0 0 0 0 0 0 0 0 0 0 0 0 0 
20431 0 7 0 7 0 0 0 0 0 0 0 0 0 0 0 0 0 0 0 0 0 0 
20446 0 12 0 12 0 0 0 0 0 0 0 0 0 0 0 0 0 0 0 0 0 0 
20461 0 -6 0 -6 0 0 0 0 0 0 0 0 0 0 0 0 0 0 0 0 0 0 
20476 0 -20 0 -20 0 0 0 0 0 0 0 0 0 0 0 0 0 0 0 0 0 0 
20491 0 -8 0 -8 0 0 0 0 0 0 0 0 0 0 0 0 0 0 0 0 0 0 
20506 0 -20 0 -20 0 0 0 0 0 0 0 0 0 0 0 0 0 0 0 0 0 0 
20521 0 -2 0 -2 0 0 0 0 0 0 0 0 0 0 0 0 0 0 0 0 0 0 
20536 0 0 0 0 0 0 0 0 0 0 0 0 0 0 0 0 0 0 0 0 0 0 
20926 0 6 0 6 0 0 0 0 0 0 0 0 0 0 0 0 0 0 0 0 0 0 
20941 0 4 0 4 0 0 0 0 0 0 0 0 0 0 0 0 0 0 0 0 0 0 
20956 0 16 0 16 0 0 0 0 0 0 0 0 0 0 0 0 0 0 0 0 0 0 
20971 0 2 0 2 0 0 0 0 0 0 0 0 0 0 0 0 0 0 0 0 0 0 
20986 0 8 0 8 0 0 0 0 0 0 0 0 0 0 0 0 0 0 0 0 0 0 
21016 0 12 0 12 0 0 0 0 0 0 0 0 0 0 0 0 0 0 0 0 0 0 
21031 0 1 0 1 0 0 0 0 0 0 0 0 0 0 0 0 0 0 0 0 0 0 
21046 0 4 0 4 0 0 0 0 0 0 0 0 0 0 0 0 0 0 0 0 0 0 
21076 0 6 0 6 0 0 0 0 0 0 0 0 0 0 0 0 0 0 0 0 0 0 
21091 0 5 0 5 0 0 0 0 0 0 0 0 0 0 0 0 0 0 0 0 0 0 
21106 0 0 0 0 0 0 0 0 0 0 0 0 0 0 0 0 0 0 0 0 0 0 
21121 0 4 0 4 0 0 0 0 0 0 0 0 0 0 0 0 0 0 0 0 0 0 
21151 0 5 0 5 0 0 0 0 0 0 0 0 0 0 0 0 0 0 0 0 0 0 
21166 0 4 0 4 0 0 0 0 0 0 0 0 0 0 0 0 0 0 0 0 0 0 
21181 0 3 0 3 0 0 0 0 0 0 0 0 0 0 0 0 0 0 0 0 0 0 
21196 0 0 0 0 0 0 0 0 0 0 0 0 0 0 0 0 0 0 0 0 0 0 
21256 0 4 0 4 0 0 0 0 0 0 0 0 0 0 0 0 0 0 0 0 0 0 
21271 0 3 0 3 0 0 0 0 0 0 0 0 0 0 0 0 0 0 0 0 0 0 
21286 0 4 0 4 0 0 0 0 0 0 0 0 0 0 0 0 0 0 0 0 0 0 
21308 0 23 0 4 0 0 0 0 0 0 0 0 0 0 0 0 0 23 0 0 0 0 
21323 0 3 0 4 0 0 0 0 0 0 0 0 0 0 0 0 0 3 0 0 0 0 
21331 0 0 0 0 0 0 0 0 0 0 0 0 0 0 0 0 0 3 0 0 0 0 
21332 0 7 0 0 0 7 0 0 0 0 0 0 0 0 0 0 0 3 0 0 0 0 
21338 0 4 0 0 0 7 0 0 0 0 0 0 0 0 0 0 0 4 0 0 0 0 
21346 0 1 0 1 0 7 0 0 0 0 0 0 0 0 0 0 0 4 0 0 0 0 
21347 0 3 0 1 0 3 0 0 0 0 0 0 0 0 0 0 0 4 0 0 0 0 
21361 0 4 0 4 0 3 0 0 0 0 0 0 0 0 0 0 0 4 0 0 0 0 
21362 0 16 0 4 0 16 0 0 0 0 0 0 0 0 0 0 0 4 0 0 0 0 
21377 0 2 0 4 0 2 0 0 0 0 0 0 0 0 0 0 0 4 0 0 0 0 
21383 0 3 0 4 0 2 0 0 0 0 0 0 0 0 0 0 0 3 0 0 0 0 
21392 0 6 0 3 0 9 0 0 0 0 0 0 0 0 0 0 0 3 0 0 0 0 
21398 0 4 0 3 0 9 0 0 0 0 0 0 0 0 0 0 0 4 0 0 0 0 
21406 0 2 0 2 0 9 0 0 0 0 0 0 0 0 0 0 0 4 0 0 0 0 
21407 0 7 0 2 0 7 0 0 0 0 0 0 0 0 0 0 0 4 0 0 0 0 
21421 0 3 0 3 0 7 0 0 0 0 0 0 0 0 0 0 0 4 0 0 0 0 
21422 0 12 0 3 0 12 0 0 0 0 0 0 0 0 0 0 0 4 0 0 0 0 
21428 0 0 0 3 0 12 0 0 0 0 0 0 0 0 0 0 0 0 0 0 0 0 
21436 0 4 0 4 0 12 0 0 0 0 0 0 0 0 0 0 0 0 0 0 0 0 
21437 0 2 0 4 0 2 0 0 0 0 0 0 0 0 0 0 0 0 0 0 0 0 
21451 0 3 0 3 0 2 0 0 0 0 0 0 0 0 0 0 0 0 0 0 0 0 
21452 0 4 0 3 0 4 0 0 0 0 0 0 0 0 0 0 0 0 0 0 0 0 
21466 0 2 0 2 0 4 0 0 0 0 0 0 0 0 0 0 0 0 0 0 0 0 
21467 0 3 0 2 0 3 0 0 0 0 0 0 0 0 0 0 0 0 0 0 0 0 
21481 0 0 0 0 0 3 0 0 0 0 0 0 0 0 0 0 0 0 0 0 0 0 
21482 0 6 0 0 0 6 0 0 0 0 0 0 0 0 0 0 0 0 0 0 0 0 
21497 0 5 0 0 0 5 0 0 0 0 0 0 0 0 0 0 0 0 0 0 0 0 
21512 0 1 0 0 0 1 0 0 0 0 0 0 0 0 0 0 0 0 0 0 0 0 
21527 0 3 0 0 0 3 0 0 0 0 0 0 0 0 0 0 0 0 0 0 0 0 
21542 0 4 0 0 0 4 0 0 0 0 0 0 0 0 0 0 0 0 0 0 0 0 
21557 0 6 0 0 0 6 0 0 0 0 0 0 0 0 0 0 0 0 0 0 0 0 
21587 0 0 0 0 0 0 0 0 0 0 0 0 0 0 0 0 0 0 0 0 0 0 
21890 0 8 0 0 0 0 0 0 0 0 0 8 0 0 0 0 0 0 0 0 0 0 
21920 0 12 0 0 0 0 0 0 0 0 0 12 0 0 0 0 0 0 0 0 0 0 
21935 0 6 0 0 0 0 0 0 0 0 0 6 0 0 0 0 0 0 0 0 0 0 
21950 0 4 0 0 0 0 0 0 0 0 0 4 0 0 0 0 0 0 0 0 0 0 
21965 0 16 0 0 0 0 0 0 0 0 0 16 0 0 0 0 0 0 0 0 0 0 
21980 0 2 0 0 0 0 0 0 0 0 0 2 0 0 0 0 0 0 0 0 0 0 
21995 0 3 0 0 0 0 0 0 0 0 0 3 0 0 0 0 0 0 0 0 0 0 
22010 0 4 0 0 0 0 0 0 0 0 0 4 0 0 0 0 0 0 0 0 0 0 
22025 0 6 0 0 0 0 0 0 0 0 0 6 0 0 0 0 0 0 0 0 0 0 
22055 0 3 0 0 0 0 0 0 0 0 0 3 0 0 0 0 0 0 0 0 0 0 
22070 0 2 0 0 0 0 0 0 0 0 0 2 0 0 0 0 0 0 0 0 0 0 
22085 0 4 0 0 0 0 0 0 0 0 0 4 0 0 0 0 0 0 0 0 0 0 
22100 0 6 0 0 0 0 0 0 0 0 0 6 0 0 0 0 0 0 0 0 0 0 
22115 0 3 0 0 0 0 0 0 0 0 0 3 0 0 0 0 0 0 0 0 0 0 
22130 0 5 0 0 0 0 0 0 0 0 0 5 0 0 0 0 0 0 0 0 0 0 
22145 0 0 0 0 0 0 0 0 0 0 0 0 0 0 0 0 0 0 0 0 0 0 
22267 0 7 0 0 0 0 0 0 0 0 0 0 0 0 0 7 0 0 0 0 0 0 
22282 0 6 0 0 0 0 0 0 0 0 0 0 0 0 0 6 0 0 0 0 0 0 
22297 0 14 0 0 0 0 0 0 0 0 0 0 0 0 0 14 0 0 0 0 0 0 
22312 0 7 0 0 0 0 0 0 0 0 0 0 0 0 0 7 0 0 0 0 0 0 
22327 0 3 0 0 0 0 0 0 0 0 0 0 0 0 0 3 0 0 0 0 0 0 
22342 0 12 0 0 0 0 0 0 0 0 0 0 0 0 0 12 0 0 0 0 0 0 
22357 0 7 0 0 0 0 0 0 0 0 0 0 0 0 0 7 0 0 0 0 0 0 
22372 0 2 0 0 0 0 0 0 0 0 0 0 0 0 0 2 0 0 0 0 0 0 
22387 0 3 0 0 0 0 0 0 0 0 0 0 0 0 0 3 0 0 0 0 0 0 
22402 0 4 0 0 0 0 0 0 0 0 0 0 0 0 0 4 0 0 0 0 0 0 
22417 0 6 0 0 0 0 0 0 0 0 0 0 0 0 0 6 0 0 0 0 0 0 
22432 0 5 0 0 0 0 0 0 0 0 0 0 0 0 0 5 0 0 0 0 0 0 
22447 0 0 0 0 0 0 0 0 0 0 0 0 0 0 0 0 0 0 0 0 0 0 
22462 0 4 0 0 0 0 0 0 0 0 0 0 0 0 0 4 0 0 0 0 0 0 
22492 0 6 0 0 0 0 0 0 0 0 0 0 0 0 0 6 0 0 0 0 0 0 
22507 0 3 0 0 0 0 0 0 0 0 0 0 0 0 0 3 0 0 0 0 0 0 
22537 0 0 0 0 0 0 0 0 0 0 0 0 0 0 0 0 0 0 0 0 0 0 
22777 0 3 0 0 0 0 0 0 0 0 0 0 0 0 0 3 0 0 0 0 0 0 
22792 0 4 0 0 0 0 0 0 0 0 0 0 0 0 0 4 0 0 0 0 0 0 
22807 0 5 0 0 0 0 0 0 0 0 0 0 0 0 0 5 0 0 0 0 0 0 
22822 0 4 0 0 0 0 0 0 0 0 0 0 0 0 0 4 0 0 0 0 0 0 
22867 0 3 0 0 0 0 0 0 0 0 0 0 0 0 0 3 0 0 0 0 0 0 
22897 0 0 0 0 0 0 0 0 0 0 0 0 0 0 0 0 0 0 0 0 0 0 
22912 0 1 0 0 0 0 0 0 0 0 0 0 0 0 0 1 0 0 0 0 0 0 
22927 0 3 0 0 0 0 0 0 0 0 0 0 0 0 0 3 0 0 0 0 0 0 
22942 0 63 0 0 0 0 0 0 0 0 0 0 0 0 0 63 0 0 0 0 0 0 
22957 0 1 0 0 0 0 0 0 0 0 0 0 0 0 0 1 0 0 0 0 0 0 
22972 0 0 0 0 0 0 0 0 0 0 0 0 0 0 0 0 0 0 0 0 0 0 
23252 0 3 0 0 0 3 0 0 0 0 0 0 0 0 0 0 0 0 0 0 0 0 
23267 0 14 0 0 0 14 0 0 0 0 0 0 0 0 0 0 0 0 0 0 0 0 
23282 0 4 0 0 0 4 0 0 0 0 0 0 0 0 0 0 0 0 0 0 0 0 
23312 0 6 0 0 0 6 0 0 0 0 0 0 0 0 0 0 0 0 0 0 0 0 
23327 0 3 0 0 0 3 0 0 0 0 0 0 0 0 0 0 0 0 0 0 0 0 
23342 0 2 0 0 0 2 0 0 0 0 0 0 0 0 0 0 0 0 0 0 0 0 
23357 0 0 0 0 0 0 0 0 0 0 0 0 0 0 0 0 0 0 0 0 0 0 
23567 0 1 0 0 0 1 0 0 0 0 0 0 0 0 0 0 0 0 0 0 0 0 
23582 0 4 0 0 0 4 0 0 0 0 0 0 0 0 0 0 0 0 0 0 0 0 
23627 0 14 0 0 0 14 0 0 0 0 0 0 0 0 0 0 0 0 0 0 0 0 
23642 0 4 0 0 0 4 0 0 0 0 0 0 0 0 0 0 0 0 0 0 0 0 
23657 0 2 0 0 0 2 0 0 0 0 0 0 0 0 0 0 0 0 0 0 0 0 
23672 0 0 0 0 0 0 0 0 0 0 0 0 0 0 0 0 0 0 0 0 0 0 
24112 0 3 0 0 0 0 0 0 0 0 0 0 0 0 0 3 0 0 0 0 0 0 
24127 0 18 0 0 0 0 0 0 0 0 0 0 0 0 0 18 0 0 0 0 0 0 
24142 0 4 0 0 0 0 0 0 0 0 0 0 0 0 0 4 0 0 0 0 0 0 
24157 0 15 0 0 0 0 0 0 0 0 0 0 0 0 0 15 0 0 0 0 0 0 
24172 0 19 0 0 0 0 0 0 0 0 0 0 0 0 0 19 0 0 0 0 0 0 
24187 0 1 0 0 0 0 0 0 0 0 0 0 0 0 0 1 0 0 0 0 0 0 
24202 0 0 0 0 0 0 0 0 0 0 0 0 0 0 0 0 0 0 0 0 0 0 
24302 0 1 0 0 0 1 0 0 0 0 0 0 0 0 0 0 0 0 0 0 0 0 
24317 0 4 0 0 0 4 0 0 0 0 0 0 0 0 0 0 0 0 0 0 0 0 
24347 0 3 0 0 0 3 0 0 0 0 0 0 0 0 0 0 0 0 0 0 0 0 
24362 0 54 0 0 0 54 0 0 0 0 0 0 0 0 0 0 0 0 0 0 0 0 
24377 0 0 0 0 0 0 0 0 0 0 0 0 0 0 0 0 0 0 0 0 0 0 
25356 1 0 0 0 0 0 0 0 0 0 0 0 1 0 0 0 0 0 0 0 0 0 
25386 2 0 0 0 0 0 0 0 0 0 0 0 2 0 0 0 0 0 0 0 0 0 
25401 1 0 0 0 0 0 0 0 0 0 0 0 1 0 0 0 0 0 0 0 0 0 
25416 0 0 0 0 0 0 0 0 0 0 0 0 0 0 0 0 0 0 0 0 0 0 
26154 1 0 0 0 0 0 0 0 0 0 0 0 0 0 0 0 0 0 1 0 0 0 
26184 2 0 0 0 0 0 0 0 0 0 0 0 0 0 0 0 0 0 2 0 0 0 
26199 1 0 0 0 0 0 0 0 0 0 0 0 0 0 0 0 0 0 1 0 0 0 
26214 0 0 0 0 0 0 0 0 0 0 0 0 0 0 0 0 0 0 0 0 0 0 
26240 0 4 0 0 0 0 0 0 0 0 0 4 0 0 0 0 0 0 0 0 0 0 
26255 0 3 0 0 0 0 0 0 0 0 0 3 0 0 0 0 0 0 0 0 0 0 
26270 0 4 0 0 0 0 0 0 0 0 0 4 0 0 0 0 0 0 0 0 0 0 
26315 0 3 0 0 0 0 0 0 0 0 0 3 0 0 0 0 0 0 0 0 0 0 
26330 0 4 0 0 0 0 0 0 0 0 0 4 0 0 0 0 0 0 0 0 0 0 
26375 0 3 0 0 0 0 0 0 0 0 0 3 0 0 0 0 0 0 0 0 0 0 
26390 0 -2 0 0 0 0 0 0 0 0 0 -2 0 0 0 0 0 0 0 0 0 0 
26405 0 0 0 0 0 0 0 0 0 0 0 0 0 0 0 0 0 0 0 0 0 0 
26873 1 0 0 0 0 0 0 0 0 0 0 0 0 0 0 0 1 0 0 0 0 0 
26888 2 0 0 0 0 0 0 0 0 0 0 0 0 0 0 0 2 0 0 0 0 0 
26903 1 0 0 0 0 0 0 0 0 0 0 0 0 0 0 0 1 0 0 0 0 0 
26933 0 0 0 0 0 0 0 0 0 0 0 0 0 0 0 0 0 0 0 0 0 0 
