# deltaRoads deltaRailways
10 0 0 0 0 0 0 0 0 0 0 0 0 0 0 0 0 0 0 0 0 0 0 
123 0 8 0 0 0 0 0 8 0 0 0 0 0 0 0 0 0 0 0 0 0 0 
124 0 9 0 0 0 0 0 8 0 9 0 0 0 0 0 0 0 0 0 0 0 0 
126 0 7 0 0 0 0 0 8 0 9 0 0 0 7 0 0 0 0 0 0 0 0 
127 3 0 0 0 0 0 0 8 0 9 0 0 0 7 3 0 0 0 0 0 0 0 
128 7 0 0 0 0 0 0 8 0 9 0 0 0 7 3 0 7 0 0 0 0 0 
129 0 7 0 0 0 0 0 8 0 9 0 0 0 7 3 0 7 0 0 7 0 0 
130 6 0 0 0 0 0 0 8 0 9 0 0 0 7 3 0 7 0 0 7 6 0 
136 0 6 0 6 0 0 0 8 0 9 0 0 0 7 3 0 7 0 0 7 6 0 
137 7 0 0 6 7 0 0 8 0 9 0 0 0 7 3 0 7 0 0 7 6 0 
139 0 7 0 6 7 0 0 8 0 7 0 0 0 7 3 0 7 0 0 7 6 0 
140 7 0 0 6 7 0 0 8 0 7 7 0 0 7 3 0 7 0 0 7 6 0 
141 0 10 0 6 7 0 0 8 0 7 7 0 0 10 3 0 7 0 0 7 6 0 
142 7 0 0 6 7 0 0 8 0 7 7 0 0 10 7 0 7 0 0 7 6 0 
143 5 0 0 6 7 0 0 8 0 7 7 0 0 10 7 0 5 0 0 7 6 0 
144 0 10 0 6 7 0 0 8 0 7 7 0 0 10 7 0 5 0 0 10 6 0 
151 0 3 0 3 7 0 0 8 0 7 7 0 0 10 7 0 5 0 0 10 6 0 
152 5 0 0 3 5 0 0 8 0 7 7 0 0 10 7 0 5 0 0 10 6 0 
153 0 12 0 3 5 0 0 12 0 7 7 0 0 10 7 0 5 0 0 10 6 0 
155 1.5 6 0 3 5 0 0 12 0 12 3 0 0 10 7 0 5 0 0 10 6 0 
157 2 0 0 3 5 0 0 12 0 12 3 0 0 10 2 0 5 0 0 10 6 0 
158 4 0 0 3 5 0 0 12 0 12 3 0 0 10 2 0 4 0 0 10 6 0 
159 0 9 0 3 5 0 0 12 0 12 3 0 0 10 2 0 4 0 0 9 6 0 
160 4 0 0 3 5 0 0 12 0 12 3 0 0 10 2 0 4 0 0 9 4 0 
166 0 12 0 12 5 0 0 12 0 12 3 0 0 10 2 0 4 0 0 9 4 0 
167 4 0 0 12 4 0 0 12 0 12 3 0 0 10 2 0 4 0 0 9 4 0 
168 0 7 0 12 4 0 0 7 0 12 3 0 0 10 2 0 4 0 0 9 4 0 
170 3 3.5 0 12 4 0 0 7 0 7 6 0 0 10 2 0 4 0 0 9 4 0 
171 0 1 0 12 4 0 0 7 0 7 6 0 0 1 2 0 4 0 0 9 4 0 
172 0 0 0 12 4 0 0 7 0 7 6 0 0 1 0 0 4 0 0 9 4 0 
174 0 1 0 12 4 0 0 7 0 7 6 0 0 1 0 0 0 0 0 2 4 0 
175 0 0 0 12 4 0 0 7 0 7 6 0 0 1 0 0 0 0 0 2 0 0 
181 0 7 0 7 4 0 0 7 0 7 6 0 0 1 0 0 0 0 0 2 0 0 
182 0 0 0 7 0 0 0 7 0 7 6 0 0 1 0 0 0 0 0 2 0 0 
183 0 3 0 7 0 0 0 3 0 7 6 0 0 1 0 0 0 0 0 2 0 0 
184 0 6 0 7 0 0 0 3 0 6 6 0 0 1 0 0 0 0 0 2 0 0 
185 0 0 0 7 0 0 0 3 0 6 0 0 0 1 0 0 0 0 0 2 0 0 
198 0 4 0 0 0 0 0 16 0 6 0 0 0 0 0 0 0 0 0 0 0 0 
199 0 13 0 0 0 0 0 16 0 13 0 0 0 0 0 0 0 0 0 0 0 0 
211 0 7 0 7 0 0 0 16 0 13 0 0 0 0 0 0 0 0 0 0 0 0 
213 0 2 0 7 0 0 0 2 0 13 0 0 0 0 0 0 0 0 0 0 0 0 
214 0 4 0 7 0 0 0 2 0 4 0 0 0 0 0 0 0 0 0 0 0 0 
226 0 6 0 6 0 0 0 2 0 4 0 0 0 0 0 0 0 0 0 0 0 0 
228 0 4 0 6 0 0 0 4 0 4 0 0 0 0 0 0 0 0 0 0 0 0 
241 0 14 0 14 0 0 0 4 0 4 0 0 0 0 0 0 0 0 0 0 0 0 
243 0 3 0 14 0 0 0 3 0 4 0 0 0 0 0 0 0 0 0 0 0 0 
256 0 2 0 2 0 0 0 3 0 4 0 0 0 0 0 0 0 0 0 0 0 0 
258 0 6 0 2 0 0 0 6 0 4 0 0 0 0 0 0 0 0 0 0 0 0 
259 0 5 0 2 0 0 0 6 0 5 0 0 0 0 0 0 0 0 0 0 0 0 
271 0 3 0 3 0 0 0 6 0 5 0 0 0 0 0 0 0 0 0 0 0 0 
273 0 4 0 3 0 0 0 4 0 5 0 0 0 0 0 0 0 0 0 0 0 0 
288 0 3.66667 0 4 0 0 0 3 0 4 0 0 0 0 0 0 0 0 0 0 0 0 
289 0 3 0 4 0 0 0 3 0 3 0 0 0 0 0 0 0 0 0 0 0 0 
301 0 6 0 6 0 0 0 3 0 3 0 0 0 0 0 0 0 0 0 0 0 0 
303 0 2 0 6 0 0 0 2 0 3 0 0 0 0 0 0 0 0 0 0 0 0 
318 0 4 0 6 0 0 0 4 0 3 0 0 0 0 0 0 0 0 0 0 0 0 
331 0 0 0 0 0 0 0 4 0 3 0 0 0 0 0 0 0 0 0 0 0 0 
333 0 6 0 0 0 0 0 6 0 3 0 0 0 0 0 0 0 0 0 0 0 0 
346 0 4.5 0 3 0 0 0 6 0 6 0 0 0 0 0 0 0 0 0 0 0 0 
348 0 4 0 3 0 0 0 4 0 6 0 0 0 0 0 0 0 0 0 0 0 0 
351 0 3 0 3 0 0 0 4 0 6 0 0 0 3 0 0 0 0 0 0 0 0 
361 0 4 0 4 0 0 0 4 0 6 0 0 0 3 0 0 0 0 0 0 0 0 
376 0 4.66667 0 6 0 0 0 4 0 4 0 0 0 4 0 0 0 0 0 0 0 0 
378 0 0 0 6 0 0 0 0 0 4 0 0 0 4 0 0 0 0 0 0 0 0 
391 0 1.5 0 3 0 0 0 0 0 0 0 0 0 4 0 0 0 0 0 0 0 0 
406 0 4 0 4 0 0 0 0 0 0 0 0 0 4 0 0 0 0 0 0 0 0 
409 0 3 0 4 0 0 0 0 0 3 0 0 0 4 0 0 0 0 0 0 0 0 
421 0 1.5 0 0 0 0 0 0 0 3 0 0 0 3 0 0 0 0 0 0 0 0 
424 0 4 0 0 0 0 0 0 0 4 0 0 0 3 0 0 0 0 0 0 0 0 
439 0 4.5 0 0 0 0 0 0 0 5 0 0 0 4 0 0 0 0 0 0 0 0 
454 0 4 0 0 0 0 0 0 0 4 0 0 0 4 0 0 0 0 0 0 0 0 
456 0 1 0 0 0 0 0 0 0 4 0 0 0 1 0 0 0 0 0 0 0 0 
471 0 0 0 0 0 0 0 0 0 4 0 0 0 0 0 0 0 0 0 0 0 0 
483 0 3 0 0 0 0 0 3 0 4 0 0 0 0 0 0 0 0 0 0 0 0 
498 0 4 0 0 0 0 0 4 0 4 0 0 0 0 0 0 0 0 0 0 0 0 
499 0 3 0 0 0 0 0 4 0 3 0 0 0 0 0 0 0 0 0 0 0 0 
514 0 4 0 0 0 0 0 4 0 4 0 0 0 0 0 0 0 0 0 0 0 0 
529 0 2 0 0 0 0 0 4 0 2 0 0 0 0 0 0 0 0 0 0 0 0 
543 0 3 0 0 0 0 0 3 0 2 0 0 0 0 0 0 0 0 0 0 0 0 
544 0 0 0 0 0 0 0 3 0 0 0 0 0 0 0 0 0 0 0 0 0 0 
558 0 4 0 0 0 0 0 4 0 0 0 0 0 0 0 0 0 0 0 0 0 0 
588 0 0 0 0 0 0 0 0 0 0 0 0 0 0 0 0 0 0 0 0 0 0 
603 0 2 0 0 0 0 0 2 0 0 0 0 0 0 0 0 0 0 0 0 0 0 
618 0 4 0 0 0 0 0 4 0 0 0 0 0 0 0 0 0 0 0 0 0 0 
663 0 3 0 0 0 0 0 3 0 0 0 0 0 0 0 0 0 0 0 0 0 0 
678 0 4 0 0 0 0 0 4 0 0 0 0 0 0 0 0 0 0 0 0 0 0 
693 0 3 0 0 0 0 0 3 0 0 0 0 0 0 0 0 0 0 0 0 0 0 
708 0 1 0 0 0 0 0 1 0 0 0 0 0 0 0 0 0 0 0 0 0 0 
721 0 2 0 2 0 0 0 1 0 0 0 0 0 0 0 0 0 0 0 0 0 0 
723 0 3 0 2 0 0 0 3 0 0 0 0 0 0 0 0 0 0 0 0 0 0 
736 0 4 0 4 0 0 0 3 0 0 0 0 0 0 0 0 0 0 0 0 0 0 
751 0 3.5 0 3 0 0 0 4 0 0 0 0 0 0 0 0 0 0 0 0 0 0 
766 0 4 0 4 0 0 0 4 0 0 0 0 0 0 0 0 0 0 0 0 0 0 
783 0 3 0 4 0 0 0 3 0 0 0 0 0 0 0 0 0 0 0 0 0 0 
798 0 2 0 4 0 0 0 2 0 0 0 0 0 0 0 0 0 0 0 0 0 0 
811 0 1 0 1 0 0 0 2 0 0 0 0 0 0 0 0 0 0 0 0 0 0 
813 0 0 0 1 0 0 0 0 0 0 0 0 0 0 0 0 0 0 0 0 0 0 
886 0 4 0 4 0 0 0 0 0 0 0 0 0 0 0 0 0 0 0 0 0 0 
909 0 3 0 4 0 0 0 0 0 0 0 0 0 0 0 0 0 0 0 3 0 0 
924 0 3.5 0 4 0 0 0 0 0 3 0 0 0 0 0 0 0 0 0 4 0 0 
931 0 3 0 3 0 0 0 0 0 3 0 0 0 0 0 0 0 0 0 4 0 0 
934 0 4 0 3 0 0 0 0 0 4 0 0 0 0 0 0 0 0 0 4 0 0 
939 0 3 0 3 0 0 0 0 0 4 0 0 0 0 0 0 0 0 0 3 0 0 
946 0 4 0 4 0 0 0 0 0 4 0 0 0 0 0 0 0 0 0 3 0 0 
961 0 3 0 2 0 0 0 0 0 4 0 0 0 0 0 0 0 0 0 4 0 0 
976 0 0 0 0 0 0 0 0 0 4 0 0 0 0 0 0 0 0 0 4 0 0 
979 0 3 0 0 0 0 0 0 0 3 0 0 0 0 0 0 0 0 0 4 0 0 
994 0 4 0 0 0 0 0 0 0 4 0 0 0 0 0 0 0 0 0 4 0 0 
999 0 3 0 0 0 0 0 0 0 4 0 0 0 0 0 0 0 0 0 3 0 0 
1014 0 4 0 0 0 0 0 0 0 4 0 0 0 0 0 0 0 0 0 4 0 0 
1029 0 1 0 0 0 0 0 0 0 4 0 0 0 0 0 0 0 0 0 1 0 0 
1044 0 0.5 0 0 0 0 0 0 0 1 0 0 0 0 0 0 0 0 0 0 0 0 
1051 0 2 0 2 0 0 0 0 0 1 0 0 0 0 0 0 0 0 0 0 0 0 
1054 0 0 0 2 0 0 0 0 0 0 0 0 0 0 0 0 0 0 0 0 0 0 
1066 0 4 0 4 0 0 0 0 0 0 0 0 0 0 0 0 0 0 0 0 0 0 
1111 0 3 0 3 0 0 0 0 0 0 0 0 0 0 0 0 0 0 0 0 0 0 
1126 0 2 0 2 0 0 0 0 0 0 0 0 0 0 0 0 0 0 0 0 0 0 
1141 0 0 0 0 0 0 0 0 0 0 0 0 0 0 0 0 0 0 0 0 0 0 
1219 0 2 0 0 0 0 0 0 0 2 0 0 0 0 0 0 0 0 0 0 0 0 
1234 0 4 0 0 0 0 0 0 0 4 0 0 0 0 0 0 0 0 0 0 0 0 
1279 0 26 0 0 0 0 0 0 0 26 0 0 0 0 0 0 0 0 0 0 0 0 
1294 0 0 0 0 0 0 0 0 0 0 0 0 0 0 0 0 0 0 0 0 0 0 
2122 7 0 0 0 0 0 0 0 0 0 0 0 0 0 7 0 0 0 0 0 0 0 
2137 8 0 0 0 0 0 0 0 0 0 0 0 0 0 8 0 0 0 0 0 0 0 
2167 6 0 0 0 0 0 0 0 0 0 0 0 0 0 6 0 0 0 0 0 0 0 
2182 10 0 0 0 0 0 0 0 0 0 0 0 0 0 10 0 0 0 0 0 0 0 
2197 8 0 0 0 0 0 0 0 0 0 0 0 0 0 8 0 0 0 0 0 0 0 
2227 6 0 0 0 0 0 0 0 0 0 0 0 0 0 6 0 0 0 0 0 0 0 
2242 8 0 0 0 0 0 0 0 0 0 0 0 0 0 8 0 0 0 0 0 0 0 
2287 6 0 0 0 0 0 0 0 0 0 0 0 0 0 6 0 0 0 0 0 0 0 
2302 8 0 0 0 0 0 0 0 0 0 0 0 0 0 8 0 0 0 0 0 0 0 
2347 6 0 0 0 0 0 0 0 0 0 0 0 0 0 6 0 0 0 0 0 0 0 
2362 0 0 0 0 0 0 0 0 0 0 0 0 0 0 0 0 0 0 0 0 0 0 
2375 1 0 0 0 0 0 0 0 0 0 1 0 0 0 0 0 0 0 0 0 0 0 
2390 0 0 0 0 0 0 0 0 0 0 0 0 0 0 0 0 0 0 0 0 0 0 
2482 2 0 0 0 0 0 0 0 0 0 0 0 0 0 2 0 0 0 0 0 0 0 
2497 34 0 0 0 0 0 0 0 0 0 0 0 0 0 34 0 0 0 0 0 0 0 
2512 6 0 0 0 0 0 0 0 0 0 0 0 0 0 6 0 0 0 0 0 0 0 
2527 0 0 0 0 0 0 0 0 0 0 0 0 0 0 0 0 0 0 0 0 0 0 
2725 6 0 0 0 0 0 0 0 0 0 0 0 0 0 0 0 0 0 0 0 6 0 
2740 10 0 0 0 0 0 0 0 0 0 0 0 0 0 0 0 0 0 0 0 10 0 
2755 6 0 0 0 0 0 0 0 0 0 0 0 0 0 0 0 0 0 0 0 6 0 
2770 10 0 0 0 0 0 0 0 0 0 0 0 0 0 0 0 0 0 0 0 10 0 
2785 8 0 0 0 0 0 0 0 0 0 0 0 0 0 0 0 0 0 0 0 8 0 
2815 6 0 0 0 0 0 0 0 0 0 0 0 0 0 0 0 0 0 0 0 6 0 
2830 8 0 0 0 0 0 0 0 0 0 0 0 0 0 0 0 0 0 0 0 8 0 
2875 6 0 0 0 0 0 0 0 0 0 0 0 0 0 0 0 0 0 0 0 6 0 
2890 8 0 0 0 0 0 0 0 0 0 0 0 0 0 0 0 0 0 0 0 8 0 
2935 6 0 0 0 0 0 0 0 0 0 0 0 0 0 0 0 0 0 0 0 6 0 
2950 8 0 0 0 0 0 0 0 0 0 0 0 0 0 0 0 0 0 0 0 8 0 
2980 6 0 0 0 0 0 0 0 0 0 0 0 0 0 0 0 0 0 0 0 6 0 
2995 0 0 0 0 0 0 0 0 0 0 0 0 0 0 0 0 0 0 0 0 0 0 
3245 6 0 0 0 0 0 0 0 0 0 6 0 0 0 0 0 0 0 0 0 0 0 
3260 8 0 0 0 0 0 0 0 0 0 8 0 0 0 0 0 0 0 0 0 0 0 
3275 6 0 0 0 0 0 0 0 0 0 6 0 0 0 0 0 0 0 0 0 0 0 
3290 8 0 0 0 0 0 0 0 0 0 8 0 0 0 0 0 0 0 0 0 0 0 
3320 6 0 0 0 0 0 0 0 0 0 6 0 0 0 0 0 0 0 0 0 0 0 
3350 8 0 0 0 0 0 0 0 0 0 8 0 0 0 0 0 0 0 0 0 0 0 
3395 6 0 0 0 0 0 0 0 0 0 6 0 0 0 0 0 0 0 0 0 0 0 
3398 4 0 0 0 0 0 0 0 0 0 6 0 0 0 0 0 4 0 0 0 0 0 
3410 10 0 0 0 0 0 0 0 0 0 10 0 0 0 0 0 4 0 0 0 0 0 
3413 8 0 0 0 0 0 0 0 0 0 10 0 0 0 0 0 8 0 0 0 0 0 
3443 7 0 0 0 0 0 0 0 0 0 8 0 0 0 0 0 6 0 0 0 0 0 
3458 8 0 0 0 0 0 0 0 0 0 8 0 0 0 0 0 8 0 0 0 0 0 
3485 0 0 0 0 0 0 0 0 0 0 0 0 0 0 0 0 8 0 0 0 0 0 
3503 6 0 0 0 0 0 0 0 0 0 0 0 0 0 0 0 6 0 0 0 0 0 
3518 12 0 0 0 0 0 0 0 0 0 0 0 0 0 0 0 12 0 0 0 0 0 
3533 8 0 0 0 0 0 0 0 0 0 0 0 0 0 0 0 8 0 0 0 0 0 
3563 6 0 0 0 0 0 0 0 0 0 0 0 0 0 0 0 6 0 0 0 0 0 
3578 8 0 0 0 0 0 0 0 0 0 0 0 0 0 0 0 8 0 0 0 0 0 
3593 10 0 0 0 0 0 0 0 0 0 0 0 0 0 0 0 10 0 0 0 0 0 
3608 8 0 0 0 0 0 0 0 0 0 0 0 0 0 0 0 8 0 0 0 0 0 
3623 6 0 0 0 0 0 0 0 0 0 0 0 0 0 0 0 6 0 0 0 0 0 
3638 10 0 0 0 0 0 0 0 0 0 0 0 0 0 0 0 10 0 0 0 0 0 
3653 0 0 0 0 0 0 0 0 0 0 0 0 0 0 0 0 0 0 0 0 0 0 
5316 0 5 0 0 0 0 0 0 0 0 0 0 0 5 0 0 0 0 0 0 0 0 
5331 0 9 0 0 0 0 0 0 0 0 0 0 0 9 0 0 0 0 0 0 0 0 
5346 0 7 0 0 0 0 0 0 0 0 0 0 0 7 0 0 0 0 0 0 0 0 
5376 0 0 0 0 0 0 0 0 0 0 0 0 0 0 0 0 0 0 0 0 0 0 
5466 0 2 0 0 0 0 0 0 0 0 0 0 0 2 0 0 0 0 0 0 0 0 
5481 0 4 0 0 0 0 0 0 0 0 0 0 0 4 0 0 0 0 0 0 0 0 
5511 0 3 0 0 0 0 0 0 0 0 0 0 0 3 0 0 0 0 0 0 0 0 
5526 0 2 0 0 0 0 0 0 0 0 0 0 0 2 0 0 0 0 0 0 0 0 
5541 0 0 0 0 0 0 0 0 0 0 0 0 0 0 0 0 0 0 0 0 0 0 
5673 6 0 0 0 0 0 6 0 0 0 0 0 0 0 0 0 0 0 0 0 0 0 
5703 4 0 0 0 0 0 4 0 0 0 0 0 0 0 0 0 0 0 0 0 0 0 
5718 0 0 0 0 0 0 0 0 0 0 0 0 0 0 0 0 0 0 0 0 0 0 
5904 7 0 0 0 0 0 0 0 0 0 0 0 0 0 0 0 0 0 7 0 0 0 
5919 5 0 0 0 0 0 0 0 0 0 0 0 0 0 0 0 0 0 5 0 0 0 
5934 4 0 0 0 0 0 0 0 0 0 0 0 0 0 0 0 0 0 4 0 0 0 
5949 0 0 0 0 0 0 0 0 0 0 0 0 0 0 0 0 0 0 0 0 0 0 
6001 6 0 6 0 0 0 0 0 0 0 0 0 0 0 0 0 0 0 0 0 0 0 
6031 4 0 4 0 0 0 0 0 0 0 0 0 0 0 0 0 0 0 0 0 0 0 
6046 0 0 0 0 0 0 0 0 0 0 0 0 0 0 0 0 0 0 0 0 0 0 
6154 0 7 0 0 0 0 0 0 0 7 0 0 0 0 0 0 0 0 0 0 0 0 
6169 0 6 0 0 0 0 0 0 0 6 0 0 0 0 0 0 0 0 0 0 0 0 
6184 0 14 0 0 0 0 0 0 0 14 0 0 0 0 0 0 0 0 0 0 0 0 
6199 0 1 0 0 0 0 0 0 0 1 0 0 0 0 0 0 0 0 0 0 0 0 
6214 0 9 0 0 0 0 0 0 0 9 0 0 0 0 0 0 0 0 0 0 0 0 
6229 0 12 0 0 0 0 0 0 0 12 0 0 0 0 0 0 0 0 0 0 0 0 
6244 0 7 0 0 0 0 0 0 0 7 0 0 0 0 0 0 0 0 0 0 0 0 
6259 0 2 0 0 0 0 0 0 0 2 0 0 0 0 0 0 0 0 0 0 0 0 
6274 0 4 0 0 0 0 0 0 0 4 0 0 0 0 0 0 0 0 0 0 0 0 
6289 0 6 0 0 0 0 0 0 0 6 0 0 0 0 0 0 0 0 0 0 0 0 
6304 0 4 0 0 0 0 0 0 0 4 0 0 0 0 0 0 0 0 0 0 0 0 
6334 0 1 0 0 0 0 0 0 0 1 0 0 0 0 0 0 0 0 0 0 0 0 
6349 0 4 0 0 0 0 0 0 0 4 0 0 0 0 0 0 0 0 0 0 0 0 
6379 0 7 0 0 0 0 0 0 0 7 0 0 0 0 0 0 0 0 0 0 0 0 
6394 0 6 0 0 0 0 0 0 0 6 0 0 0 0 0 0 0 0 0 0 0 0 
6409 0 0 0 0 0 0 0 0 0 0 0 0 0 0 0 0 0 0 0 0 0 0 
6499 0 3 0 0 0 0 0 0 0 3 0 0 0 0 0 0 0 0 0 0 0 0 
6514 0 4 0 0 0 0 0 0 0 4 0 0 0 0 0 0 0 0 0 0 0 0 
6559 0 3 0 0 0 0 0 0 0 3 0 0 0 0 0 0 0 0 0 0 0 0 
6574 0 0 0 0 0 0 0 0 0 0 0 0 0 0 0 0 0 0 0 0 0 0 
6646 4 0 4 0 0 0 0 0 0 0 0 0 0 0 0 0 0 0 0 0 0 0 
6661 8 0 8 0 0 0 0 0 0 0 0 0 0 0 0 0 0 0 0 0 0 0 
6676 10 0 10 0 0 0 0 0 0 0 0 0 0 0 0 0 0 0 0 0 0 0 
6691 6 0 6 0 0 0 0 0 0 0 0 0 0 0 0 0 0 0 0 0 0 0 
6706 8 0 8 0 0 0 0 0 0 0 0 0 0 0 0 0 0 0 0 0 0 0 
6751 6 0 6 0 0 0 0 0 0 0 0 0 0 0 0 0 0 0 0 0 0 0 
6781 0 0 0 0 0 0 0 0 0 0 0 0 0 0 0 0 0 0 0 0 0 0 
7387 6 0 0 0 0 0 0 0 0 0 0 0 0 0 6 0 0 0 0 0 0 0 
7417 4 0 0 0 0 0 0 0 0 0 0 0 0 0 4 0 0 0 0 0 0 0 
7432 0 0 0 0 0 0 0 0 0 0 0 0 0 0 0 0 0 0 0 0 0 0 
7757 8 0 0 0 8 0 0 0 0 0 0 0 0 0 0 0 0 0 0 0 0 0 
7787 6 0 0 0 6 0 0 0 0 0 0 0 0 0 0 0 0 0 0 0 0 0 
7802 8 0 0 0 8 0 0 0 0 0 0 0 0 0 0 0 0 0 0 0 0 0 
7817 29 0 0 0 29 0 0 0 0 0 0 0 0 0 0 0 0 0 0 0 0 0 
7832 7 0 0 0 7 0 0 0 0 0 0 0 0 0 0 0 0 0 0 0 0 0 
7847 10 0 0 0 10 0 0 0 0 0 0 0 0 0 0 0 0 0 0 0 0 0 
7862 8 0 0 0 8 0 0 0 0 0 0 0 0 0 0 0 0 0 0 0 0 0 
7870 9 0 0 0 8 0 0 0 0 0 0 0 0 0 0 0 0 0 0 0 9 0 
7885 7 0 0 0 8 0 0 0 0 0 0 0 0 0 0 0 0 0 0 0 7 0 
7900 2 0 0 0 8 0 0 0 0 0 0 0 0 0 0 0 0 0 0 0 2 0 
7907 6 0 0 0 6 0 0 0 0 0 0 0 0 0 0 0 0 0 0 0 2 0 
7915 0 0 0 0 6 0 0 0 0 0 0 0 0 0 0 0 0 0 0 0 0 0 
7922 8 0 0 0 8 0 0 0 0 0 0 0 0 0 0 0 0 0 0 0 0 0 
7967 3 0 0 0 3 0 0 0 0 0 0 0 0 0 0 0 0 0 0 0 0 0 
7982 29 0 0 0 29 0 0 0 0 0 0 0 0 0 0 0 0 0 0 0 0 0 
7984 0 2 0 0 29 0 0 0 0 2 0 0 0 0 0 0 0 0 0 0 0 0 
7997 10 0 0 0 10 0 0 0 0 2 0 0 0 0 0 0 0 0 0 0 0 0 
7999 0 3 0 0 10 0 0 0 0 3 0 0 0 0 0 0 0 0 0 0 0 0 
8012 8 0 0 0 8 0 0 0 0 3 0 0 0 0 0 0 0 0 0 0 0 0 
8014 0 4 0 0 8 0 0 0 0 4 0 0 0 0 0 0 0 0 0 0 0 0 
8027 6 0 0 0 6 0 0 0 0 4 0 0 0 0 0 0 0 0 0 0 0 0 
8042 8 0 0 0 8 0 0 0 0 4 0 0 0 0 0 0 0 0 0 0 0 0 
8044 0 39 0 0 8 0 0 0 0 39 0 0 0 0 0 0 0 0 0 0 0 0 
8059 0 3 0 0 8 0 0 0 0 3 0 0 0 0 0 0 0 0 0 0 0 0 
8074 0 4 0 0 8 0 0 0 0 4 0 0 0 0 0 0 0 0 0 0 0 0 
8087 6 0 0 0 6 0 0 0 0 4 0 0 0 0 0 0 0 0 0 0 0 0 
8089 0 0 0 0 6 0 0 0 0 0 0 0 0 0 0 0 0 0 0 0 0 0 
8102 9 0 0 0 9 0 0 0 0 0 0 0 0 0 0 0 0 0 0 0 0 0 
8117 5 0 0 0 5 0 0 0 0 0 0 0 0 0 0 0 0 0 0 0 0 0 
8132 0 0 0 0 0 0 0 0 0 0 0 0 0 0 0 0 0 0 0 0 0 0 
8209 0 4 0 0 0 0 0 0 0 4 0 0 0 0 0 0 0 0 0 0 0 0 
8239 0 3 0 0 0 0 0 0 0 3 0 0 0 0 0 0 0 0 0 0 0 0 
8254 0 4 0 0 0 0 0 0 0 4 0 0 0 0 0 0 0 0 0 0 0 0 
8284 0 2 0 0 0 0 0 0 0 2 0 0 0 0 0 0 0 0 0 0 0 0 
8299 0 0 0 0 0 0 0 0 0 0 0 0 0 0 0 0 0 0 0 0 0 0 
8345 6 0 0 0 0 0 0 0 0 0 6 0 0 0 0 0 0 0 0 0 0 0 
8375 4 0 0 0 0 0 0 0 0 0 4 0 0 0 0 0 0 0 0 0 0 0 
8390 0 0 0 0 0 0 0 0 0 0 0 0 0 0 0 0 0 0 0 0 0 0 
8513 0 7 0 0 0 0 0 0 0 0 0 0 0 0 0 0 0 7 0 0 0 0 
8528 0 6 0 0 0 0 0 0 0 0 0 0 0 0 0 0 0 6 0 0 0 0 
8543 0 13 0 0 0 0 0 0 0 0 0 0 0 0 0 0 0 13 0 0 0 0 
8558 0 2 0 0 0 0 0 0 0 0 0 0 0 0 0 0 0 2 0 0 0 0 
8573 0 9 0 0 0 0 0 0 0 0 0 0 0 0 0 0 0 9 0 0 0 0 
8588 0 12 0 0 0 0 0 0 0 0 0 0 0 0 0 0 0 12 0 0 0 0 
8603 0 7 0 0 0 0 0 0 0 0 0 0 0 0 0 0 0 7 0 0 0 0 
8618 0 2 0 0 0 0 0 0 0 0 0 0 0 0 0 0 0 2 0 0 0 0 
8633 0 4 0 0 0 0 0 0 0 0 0 0 0 0 0 0 0 4 0 0 0 0 
8648 0 6 0 0 0 0 0 0 0 0 0 0 0 0 0 0 0 6 0 0 0 0 
8663 0 3 0 0 0 0 0 0 0 0 0 0 0 0 0 0 0 3 0 0 0 0 
8678 0 5 0 0 0 0 0 0 0 0 0 0 0 0 0 0 0 5 0 0 0 0 
8693 0 0 0 0 0 0 0 0 0 0 0 0 0 0 0 0 0 0 0 0 0 0 
8708 0 4 0 0 0 0 0 0 0 0 0 0 0 0 0 0 0 4 0 0 0 0 
8723 0 3 0 0 0 0 0 0 0 0 0 0 0 0 0 0 0 3 0 0 0 0 
8738 0 6 0 0 0 0 0 0 0 0 0 0 0 0 0 0 0 6 0 0 0 0 
8753 0 4 0 0 0 0 0 0 0 0 0 0 0 0 0 0 0 4 0 0 0 0 
8768 0 3 0 0 0 0 0 0 0 0 0 0 0 0 0 0 0 3 0 0 0 0 
8783 0 0 0 0 0 0 0 0 0 0 0 0 0 0 0 0 0 0 0 0 0 0 
8825 6 0 0 0 0 0 0 0 0 0 6 0 0 0 0 0 0 0 0 0 0 0 
8840 0 0 0 0 0 0 0 0 0 0 0 0 0 0 0 0 0 0 0 0 0 0 
8873 0 1 0 0 0 0 0 0 0 0 0 0 0 0 0 0 0 1 0 0 0 0 
8888 0 4 0 0 0 0 0 0 0 0 0 0 0 0 0 0 0 4 0 0 0 0 
8903 0 3 0 0 0 0 0 0 0 0 0 0 0 0 0 0 0 3 0 0 0 0 
8918 0 4 0 0 0 0 0 0 0 0 0 0 0 0 0 0 0 4 0 0 0 0 
8963 0 3 0 0 0 0 0 0 0 0 0 0 0 0 0 0 0 3 0 0 0 0 
8978 0 2 0 0 0 0 0 0 0 0 0 0 0 0 0 0 0 2 0 0 0 0 
8993 0 0 0 0 0 0 0 0 0 0 0 0 0 0 0 0 0 0 0 0 0 0 
9136 2 0 2 0 0 0 0 0 0 0 0 0 0 0 0 0 0 0 0 0 0 0 
9140 8 0 2 0 0 0 0 0 0 0 8 0 0 0 0 0 0 0 0 0 0 0 
9151 0 0 0 0 0 0 0 0 0 0 8 0 0 0 0 0 0 0 0 0 0 0 
9155 2 0 0 0 0 0 0 0 0 0 2 0 0 0 0 0 0 0 0 0 0 0 
9170 0 0 0 0 0 0 0 0 0 0 0 0 0 0 0 0 0 0 0 0 0 0 
9453 4 0 0 0 0 0 4 0 0 0 0 0 0 0 0 0 0 0 0 0 0 0 
9468 8 0 0 0 0 0 8 0 0 0 0 0 0 0 0 0 0 0 0 0 0 0 
9483 6 0 0 0 0 0 6 0 0 0 0 0 0 0 0 0 0 0 0 0 0 0 
9498 8 0 0 0 0 0 8 0 0 0 0 0 0 0 0 0 0 0 0 0 0 0 
9513 10 0 0 0 0 0 10 0 0 0 0 0 0 0 0 0 0 0 0 0 0 0 
9528 8 0 0 0 0 0 8 0 0 0 0 0 0 0 0 0 0 0 0 0 0 0 
9543 6 0 0 0 0 0 6 0 0 0 0 0 0 0 0 0 0 0 0 0 0 0 
9558 8 0 0 0 0 0 8 0 0 0 0 0 0 0 0 0 0 0 0 0 0 0 
9603 6 0 0 0 0 0 6 0 0 0 0 0 0 0 0 0 0 0 0 0 0 0 
9618 8 0 0 0 0 0 8 0 0 0 0 0 0 0 0 0 0 0 0 0 0 0 
9623 2 0 0 0 0 0 8 0 0 0 0 0 0 0 0 0 2 0 0 0 0 0 
9633 0 0 0 0 0 0 0 0 0 0 0 0 0 0 0 0 2 0 0 0 0 0 
10104 4 0 0 0 0 0 0 0 0 0 0 0 0 0 0 0 0 0 8 0 0 0 
10119 6 0 0 0 0 0 0 0 0 0 0 0 0 0 0 0 0 0 6 0 0 0 
10134 8 0 0 0 0 0 0 0 0 0 0 0 0 0 0 0 0 0 8 0 0 0 
10179 6 0 0 0 0 0 0 0 0 0 0 0 0 0 0 0 0 0 6 0 0 0 
10194 8 0 0 0 0 0 0 0 0 0 0 0 0 0 0 0 0 0 8 0 0 0 
10224 12 0 0 0 0 0 0 0 0 0 0 0 0 0 0 0 0 0 12 0 0 0 
10239 6 0 0 0 0 0 0 0 0 0 0 0 0 0 0 0 0 0 6 0 0 0 
10254 8 0 0 0 0 0 0 0 0 0 0 0 0 0 0 0 0 0 8 0 0 0 
10299 6 0 0 0 0 0 0 0 0 0 0 0 0 0 0 0 0 0 6 0 0 0 
10314 8 0 0 0 0 0 0 0 0 0 0 0 0 0 0 0 0 0 8 0 0 0 
10329 9 0 0 0 0 0 0 0 0 0 0 0 0 0 0 0 0 0 9 0 0 0 
10344 7 0 0 0 0 0 0 0 0 0 0 0 0 0 0 0 0 0 7 0 0 0 
10359 6 0 0 0 0 0 0 0 0 0 0 0 0 0 0 0 0 0 6 0 0 0 
10374 10 0 0 0 0 0 0 0 0 0 0 0 0 0 0 0 0 0 10 0 0 0 
10386 0 8 0 0 0 0 0 0 0 0 0 0 0 8 0 0 0 0 10 0 0 0 
10389 8 0 0 0 0 0 0 0 0 0 0 0 0 8 0 0 0 0 8 0 0 0 
10416 0 12 0 0 0 0 0 0 0 0 0 0 0 12 0 0 0 0 8 0 0 0 
10419 4 0 0 0 0 0 0 0 0 0 0 0 0 12 0 0 0 0 4 0 0 0 
10431 0 6 0 0 0 0 0 0 0 0 0 0 0 6 0 0 0 0 4 0 0 0 
10434 0 0 0 0 0 0 0 0 0 0 0 0 0 6 0 0 0 0 0 0 0 0 
10446 0 4 0 0 0 0 0 0 0 0 0 0 0 4 0 0 0 0 0 0 0 0 
10461 0 16 0 0 0 0 0 0 0 0 0 0 0 16 0 0 0 0 0 0 0 0 
10476 0 2 0 0 0 0 0 0 0 0 0 0 0 2 0 0 0 0 0 0 0 0 
10491 0 3 0 0 0 0 0 0 0 0 0 0 0 3 0 0 0 0 0 0 0 0 
10506 0 4 0 0 0 0 0 0 0 0 0 0 0 4 0 0 0 0 0 0 0 0 
10521 0 6 0 0 0 0 0 0 0 0 0 0 0 6 0 0 0 0 0 0 0 0 
10536 0 4 0 0 0 0 0 0 0 0 0 0 0 4 0 0 0 0 0 0 0 0 
10551 0 3 0 0 0 0 0 0 0 0 0 0 0 3 0 0 0 0 0 0 0 0 
10566 0 2 0 0 0 0 0 0 0 0 0 0 0 2 0 0 0 0 0 0 0 0 
10581 0 4 0 0 0 0 0 0 0 0 0 0 0 4 0 0 0 0 0 0 0 0 
10596 0 6 0 0 0 0 0 0 0 0 0 0 0 6 0 0 0 0 0 0 0 0 
10611 0 3 0 0 0 0 0 0 0 0 0 0 0 3 0 0 0 0 0 0 0 0 
10626 0 5 0 0 0 0 0 0 0 0 0 0 0 5 0 0 0 0 0 0 0 0 
10641 0 0 0 0 0 0 0 0 0 0 0 0 0 0 0 0 0 0 0 0 0 0 
10731 0 2 0 0 0 0 0 0 0 0 0 0 0 2 0 0 0 0 0 0 0 0 
10746 0 4 0 0 0 0 0 0 0 0 0 0 0 4 0 0 0 0 0 0 0 0 
10776 0 6 0 0 0 0 0 0 0 0 0 0 0 6 0 0 0 0 0 0 0 0 
10791 0 2 0 0 0 0 0 0 0 0 0 0 0 2 0 0 0 0 0 0 0 0 
10806 0 0 0 0 0 0 0 0 0 0 0 0 0 0 0 0 0 0 0 0 0 0 
10836 0 4 0 0 0 0 0 0 0 0 0 0 0 4 0 0 0 0 0 0 0 0 
10851 0 3 0 0 0 0 0 0 0 0 0 0 0 3 0 0 0 0 0 0 0 0 
10866 0 4 0 0 0 0 0 0 0 0 0 0 0 4 0 0 0 0 0 0 0 0 
10881 0 1 0 0 0 0 0 0 0 0 0 0 0 1 0 0 0 0 0 0 0 0 
10896 0 0 0 0 0 0 0 0 0 0 0 0 0 0 0 0 0 0 0 0 0 0 
10898 0 1 0 0 0 0 0 0 0 0 0 0 0 0 0 0 0 1 0 0 0 0 
10913 0 4 0 0 0 0 0 0 0 0 0 0 0 0 0 0 0 4 0 0 0 0 
10943 0 3 0 0 0 0 0 0 0 0 0 0 0 0 0 0 0 3 0 0 0 0 
10958 0 35 0 0 0 0 0 0 0 0 0 0 0 0 0 0 0 35 0 0 0 0 
10973 0 4 0 0 0 0 0 0 0 0 0 0 0 0 0 0 0 4 0 0 0 0 
11003 0 3 0 0 0 0 0 0 0 0 0 0 0 0 0 0 0 3 0 0 0 0 
11018 0 4 0 0 0 0 0 0 0 0 0 0 0 0 0 0 0 4 0 0 0 0 
11033 0 1 0 0 0 0 0 0 0 0 0 0 0 0 0 0 0 1 0 0 0 0 
11048 0 0 0 0 0 0 0 0 0 0 0 0 0 0 0 0 0 0 0 0 0 0 
11196 0 2 0 0 0 0 0 0 0 0 0 0 0 2 0 0 0 0 0 0 0 0 
11211 0 3 0 0 0 0 0 0 0 0 0 0 0 3 0 0 0 0 0 0 0 0 
11226 0 3.5 0 0 0 0 0 0 0 0 0 0 0 4 0 0 0 3 0 0 0 0 
11228 0 4 0 0 0 0 0 0 0 0 0 0 0 4 0 0 0 4 0 0 0 0 
11242 8 0 0 0 0 0 0 0 0 0 0 0 0 4 8 0 0 4 0 0 0 0 
11243 0 3 0 0 0 0 0 0 0 0 0 0 0 4 8 0 0 3 0 0 0 0 
11257 27 0 0 0 0 0 0 0 0 0 0 0 0 4 27 0 0 3 0 0 0 0 
11258 0 4 0 0 0 0 0 0 0 0 0 0 0 4 27 0 0 4 0 0 0 0 
11271 0 3 0 0 0 0 0 0 0 0 0 0 0 3 27 0 0 4 0 0 0 0 
11272 7 0 0 0 0 0 0 0 0 0 0 0 0 3 7 0 0 4 0 0 0 0 
11286 0 2 0 0 0 0 0 0 0 0 0 0 0 2 7 0 0 4 0 0 0 0 
11287 6 0 0 0 0 0 0 0 0 0 0 0 0 2 6 0 0 4 0 0 0 0 
11301 0 0 0 0 0 0 0 0 0 0 0 0 0 0 6 0 0 4 0 0 0 0 
11302 8 0 0 0 0 0 0 0 0 0 0 0 0 0 8 0 0 4 0 0 0 0 
11303 0 2 0 0 0 0 0 0 0 0 0 0 0 0 8 0 0 2 0 0 0 0 
11318 0 0 0 0 0 0 0 0 0 0 0 0 0 0 8 0 0 0 0 0 0 0 
11332 36 0 0 0 0 0 0 0 0 0 0 0 0 0 36 0 0 0 0 0 0 0 
11347 6 0 0 0 0 0 0 0 0 0 0 0 0 0 6 0 0 0 0 0 0 0 
11362 8 0 0 0 0 0 0 0 0 0 0 0 0 0 8 0 0 0 0 0 0 0 
11407 6 0 0 0 0 0 0 0 0 0 0 0 0 0 6 0 0 0 0 0 0 0 
11422 7 0 0 0 0 0 0 0 0 0 0 0 0 0 8 0 0 0 0 0 6 0 
11425 8 0 0 0 0 0 0 0 0 0 0 0 0 0 8 0 0 0 0 0 8 0 
11455 6 0 0 0 0 0 0 0 0 0 0 0 0 0 8 0 0 0 0 0 6 0 
11470 7 0 0 0 0 0 0 0 0 0 0 0 0 0 6 0 0 0 0 0 8 0 
11482 0 0 0 0 0 0 0 0 0 0 0 0 0 0 0 0 0 0 0 0 8 0 
11500 7 0 0 0 0 0 0 0 0 0 0 0 0 0 0 0 0 0 0 0 7 0 
11512 2 0 0 0 0 0 0 0 0 0 0 0 0 0 2 0 0 0 0 0 7 0 
11515 5 0 0 0 0 0 0 0 0 0 0 0 0 0 2 0 0 0 0 0 5 0 
11527 0 0 0 0 0 0 0 0 0 0 0 0 0 0 0 0 0 0 0 0 5 0 
11530 8 0 0 0 0 0 0 0 0 0 0 0 0 0 0 0 0 0 0 0 8 0 
11560 0 0 0 0 0 0 0 0 0 0 0 0 0 0 0 0 0 0 0 0 0 0 
11602 4 0 0 0 0 0 0 0 0 0 0 0 0 0 4 0 0 0 0 0 0 0 
11617 8 0 0 0 0 0 0 0 0 0 0 0 0 0 8 0 0 0 0 0 0 0 
11632 26 0 0 0 0 0 0 0 0 0 0 0 0 0 26 0 0 0 0 0 0 0 
11641 0 7 0 7 0 0 0 0 0 0 0 0 0 0 26 0 0 0 0 0 0 0 
11647 6 0 0 7 0 0 0 0 0 0 0 0 0 0 6 0 0 0 0 0 0 0 
11656 0 6 0 6 0 0 0 0 0 0 0 0 0 0 6 0 0 0 0 0 0 0 
11662 8 0 0 6 0 0 0 0 0 0 0 0 0 0 8 0 0 0 0 0 0 0 
11671 0 13 0 13 0 0 0 0 0 0 0 0 0 0 8 0 0 0 0 0 0 0 
11677 0 0 0 13 0 0 0 0 0 0 0 0 0 0 0 0 0 0 0 0 0 0 
11686 0 2 0 2 0 0 0 0 0 0 0 0 0 0 0 0 0 0 0 0 0 0 
11701 0 9 0 9 0 0 0 0 0 0 0 0 0 0 0 0 0 0 0 0 0 0 
11716 0 12 0 12 0 0 0 0 0 0 0 0 0 0 0 0 0 0 0 0 0 0 
11731 0 7 0 7 0 0 0 0 0 0 0 0 0 0 0 0 0 0 0 0 0 0 
11746 0 2 0 2 0 0 0 0 0 0 0 0 0 0 0 0 0 0 0 0 0 0 
11761 0 4 0 4 0 0 0 0 0 0 0 0 0 0 0 0 0 0 0 0 0 0 
11776 0 6 0 6 0 0 0 0 0 0 0 0 0 0 0 0 0 0 0 0 0 0 
11791 0 3 0 3 0 0 0 0 0 0 0 0 0 0 0 0 0 0 0 0 0 0 
11806 0 5 0 5 0 0 0 0 0 0 0 0 0 0 0 0 0 0 0 0 0 0 
11821 0 1 0 1 0 0 0 0 0 0 0 0 0 0 0 0 0 0 0 0 0 0 
11836 0 4 0 4 0 0 0 0 0 0 0 0 0 0 0 0 0 0 0 0 0 0 
11851 0 3 0 3 0 0 0 0 0 0 0 0 0 0 0 0 0 0 0 0 0 0 
11855 1 0 0 3 0 0 0 0 0 0 1 0 0 0 0 0 0 0 0 0 0 0 
11860 7 0 0 3 0 0 0 0 0 0 1 0 0 0 0 0 0 0 0 0 7 0 
11866 0 6 0 6 0 0 0 0 0 0 1 0 0 0 0 0 0 0 0 0 7 0 
11870 0 0 0 6 0 0 0 0 0 0 0 0 0 0 0 0 0 0 0 0 7 0 
11875 6 0 0 6 0 0 0 0 0 0 0 0 0 0 0 0 0 0 0 0 6 0 
11881 0 8 0 8 0 0 0 0 0 0 0 0 0 0 0 0 0 0 0 0 6 0 
11884 0 1 0 8 0 0 0 0 0 1 0 0 0 0 0 0 0 0 0 0 6 0 
11890 8 0 0 8 0 0 0 0 0 1 0 0 0 0 0 0 0 0 0 0 8 0 
11896 0 0 0 0 0 0 0 0 0 1 0 0 0 0 0 0 0 0 0 0 8 0 
11920 1 0 0 0 0 0 0 0 0 0 0 0 0 0 0 0 0 0 0 0 2 0 
11935 0 0 0 0 0 0 0 0 0 0 0 0 0 0 0 0 0 0 0 0 0 0 
12200 1 0 0 0 0 0 0 0 0 0 1 0 0 0 0 0 0 0 0 0 0 0 
12205 3 0 0 0 0 0 0 0 0 0 1 0 0 0 0 0 0 0 0 0 3 0 
12215 0 0 0 0 0 0 0 0 0 0 0 0 0 0 0 0 0 0 0 0 3 0 
12220 34 0 0 0 0 0 0 0 0 0 0 0 0 0 0 0 0 0 0 0 34 0 
12235 8 0 0 0 0 0 0 0 0 0 0 0 0 0 0 0 0 0 0 0 8 0 
12280 0 0 0 0 0 0 0 0 0 0 0 0 0 0 0 0 0 0 0 0 0 0 
12796 0 1 0 1 0 0 0 0 0 0 0 0 0 0 0 0 0 0 0 0 0 0 
12811 0 3 0 3 0 0 0 0 0 0 0 0 0 0 0 0 0 0 0 0 0 0 
12826 0 4 0 4 0 0 0 0 0 0 0 0 0 0 0 0 0 0 0 0 0 0 
12871 0 3 0 3 0 0 0 0 0 0 0 0 0 0 0 0 0 0 0 0 0 0 
12886 0 4 0 4 0 0 0 0 0 0 0 0 0 0 0 0 0 0 0 0 0 0 
12901 0 1 0 1 0 0 0 0 0 0 0 0 0 0 0 0 0 0 0 0 0 0 
12916 0 0 0 0 0 0 0 0 0 0 0 0 0 0 0 0 0 0 0 0 0 0 
13412 0 9 0 0 0 9 0 0 0 0 0 0 0 0 0 0 0 0 0 0 0 0 
13427 0 7 0 0 0 7 0 0 0 0 0 0 0 0 0 0 0 0 0 0 0 0 
13442 0 12 0 0 0 12 0 0 0 0 0 0 0 0 0 0 0 0 0 0 0 0 
13457 0 7 0 0 0 7 0 0 0 0 0 0 0 0 0 0 0 0 0 0 0 0 
13472 0 6 0 0 0 6 0 0 0 0 0 0 0 0 0 0 0 0 0 0 0 0 
13487 0 13 0 0 0 13 0 0 0 0 0 0 0 0 0 0 0 0 0 0 0 0 
13502 0 2 0 0 0 2 0 0 0 0 0 0 0 0 0 0 0 0 0 0 0 0 
13517 0 -16 0 0 0 -16 0 0 0 0 0 0 0 0 0 0 0 0 0 0 0 0 
13532 0 -12 0 0 0 -12 0 0 0 0 0 0 0 0 0 0 0 0 0 0 0 0 
13547 0 -16 0 0 0 -16 0 0 0 0 0 0 0 0 0 0 0 0 0 0 0 0 
13562 0 -12 0 0 0 -12 0 0 0 0 0 0 0 0 0 0 0 0 0 0 0 0 
13577 0 0 0 0 0 0 0 0 0 0 0 0 0 0 0 0 0 0 0 0 0 0 
13579 2 0 0 0 0 0 0 0 2 0 0 0 0 0 0 0 0 0 0 0 0 0 
13594 6 0 0 0 0 0 0 0 6 0 0 0 0 0 0 0 0 0 0 0 0 0 
13609 9 0 0 0 0 0 0 0 9 0 0 0 0 0 0 0 0 0 0 0 0 0 
13624 1 0 0 0 0 0 0 0 1 0 0 0 0 0 0 0 0 0 0 0 0 0 
13639 0 0 0 0 0 0 0 0 0 0 0 0 0 0 0 0 0 0 0 0 0 0 
13982 6 0 0 0 6 0 0 0 0 0 0 0 0 0 0 0 0 0 0 0 0 0 
14012 4 0 0 0 4 0 0 0 0 0 0 0 0 0 0 0 0 0 0 0 0 0 
14027 0 0 0 0 0 0 0 0 0 0 0 0 0 0 0 0 0 0 0 0 0 0 
14030 4 0 0 0 0 0 0 0 0 0 4 0 0 0 0 0 0 0 0 0 0 0 
14060 7 0 0 0 0 0 0 0 0 0 7 0 0 0 0 0 0 0 0 0 0 0 
14075 1 0 0 0 0 0 0 0 0 0 1 0 0 0 0 0 0 0 0 0 0 0 
14090 0 0 0 0 0 0 0 0 0 0 0 0 0 0 0 0 0 0 0 0 0 0 
14913 2 0 0 0 0 0 2 0 0 0 0 0 0 0 0 0 0 0 0 0 0 0 
14928 6 0 0 0 0 0 6 0 0 0 0 0 0 0 0 0 0 0 0 0 0 0 
14929 10 0 0 0 0 0 6 0 10 0 0 0 0 0 0 0 0 0 0 0 0 0 
14958 2 0 0 0 0 0 2 0 10 0 0 0 0 0 0 0 0 0 0 0 0 0 
14959 6 0 0 0 0 0 2 0 6 0 0 0 0 0 0 0 0 0 0 0 0 0 
14973 0 0 0 0 0 0 0 0 6 0 0 0 0 0 0 0 0 0 0 0 0 0 
14974 8 0 0 0 0 0 0 0 8 0 0 0 0 0 0 0 0 0 0 0 0 0 
15019 6 0 0 0 0 0 0 0 6 0 0 0 0 0 0 0 0 0 0 0 0 0 
15034 8 0 0 0 0 0 0 0 8 0 0 0 0 0 0 0 0 0 0 0 0 0 
15049 10 0 0 0 0 0 0 0 10 0 0 0 0 0 0 0 0 0 0 0 0 0 
15064 8 0 0 0 0 0 0 0 8 0 0 0 0 0 0 0 0 0 0 0 0 0 
15076 0 1 0 1 0 0 0 0 8 0 0 0 0 0 0 0 0 0 0 0 0 0 
15079 6 0 0 1 0 0 0 0 6 0 0 0 0 0 0 0 0 0 0 0 0 0 
15091 0 3 0 3 0 0 0 0 6 0 0 0 0 0 0 0 0 0 0 0 0 0 
15094 8 0 0 3 0 0 0 0 8 0 0 0 0 0 0 0 0 0 0 0 0 0 
15106 0 23 0 23 0 0 0 0 8 0 0 0 0 0 0 0 0 0 0 0 0 0 
15109 11 0 0 23 0 0 0 0 11 0 0 0 0 0 0 0 0 0 0 0 0 0 
15121 0 4 0 4 0 0 0 0 11 0 0 0 0 0 0 0 0 0 0 0 0 0 
15124 3 0 0 4 0 0 0 0 3 0 0 0 0 0 0 0 0 0 0 0 0 0 
15139 0 0 0 4 0 0 0 0 0 0 0 0 0 0 0 0 0 0 0 0 0 0 
15151 0 3 0 3 0 0 0 0 0 0 0 0 0 0 0 0 0 0 0 0 0 0 
15166 0 0 0 0 0 0 0 0 0 0 0 0 0 0 0 0 0 0 0 0 0 0 
15294 2 0 0 0 0 0 0 0 0 0 0 0 0 0 0 0 0 0 2 0 0 0 
15309 6 0 0 0 0 0 0 0 0 0 0 0 0 0 0 0 0 0 6 0 0 0 
15324 7 0 0 0 0 0 0 0 0 0 0 0 0 0 0 0 0 0 7 0 0 0 
15339 1 0 0 0 0 0 0 0 0 0 0 0 0 0 0 0 0 0 1 0 0 0 
15354 0 0 0 0 0 0 0 0 0 0 0 0 0 0 0 0 0 0 0 0 0 0 
15391 0 2 0 2 0 0 0 0 0 0 0 0 0 0 0 0 0 0 0 0 0 0 
15406 0 4 0 4 0 0 0 0 0 0 0 0 0 0 0 0 0 0 0 0 0 0 
15451 0 3 0 3 0 0 0 0 0 0 0 0 0 0 0 0 0 0 0 0 0 0 
15466 0 4 0 4 0 0 0 0 0 0 0 0 0 0 0 0 0 0 0 0 0 0 
15481 0 2 0 2 0 0 0 0 0 0 0 0 0 0 0 0 0 0 0 0 0 0 
15496 0 0 0 0 0 0 0 0 0 0 0 0 0 0 0 0 0 0 0 0 0 0 
15947 1 0 0 0 1 0 0 0 0 0 0 0 0 0 0 0 0 0 0 0 0 0 
15955 2 0 0 0 1 0 0 0 0 0 0 0 0 0 0 0 0 0 0 0 2 0 
15962 3 0 0 0 3 0 0 0 0 0 0 0 0 0 0 0 0 0 0 0 2 0 
15970 0 0 0 0 3 0 0 0 0 0 0 0 0 0 0 0 0 0 0 0 0 0 
16161 0 4 0 0 0 0 0 0 0 0 0 0 0 8 0 0 0 0 0 0 0 0 
16178 0 7 0 0 0 0 0 0 0 0 0 0 0 8 0 0 0 7 0 0 0 0 
16191 0 11 0 0 0 0 0 0 0 0 0 0 0 11 0 0 0 7 0 0 0 0 
16193 0 6 0 0 0 0 0 0 0 0 0 0 0 11 0 0 0 6 0 0 0 0 
16206 0 7 0 0 0 0 0 0 0 0 0 0 0 7 0 0 0 6 0 0 0 0 
16208 0 14 0 0 0 0 0 0 0 0 0 0 0 7 0 0 0 14 0 0 0 0 
16220 4 0 0 0 0 0 0 0 0 0 4 0 0 7 0 0 0 14 0 0 0 0 
16221 0 4 0 0 0 0 0 0 0 0 4 0 0 4 0 0 0 14 0 0 0 0 
16223 0 1 0 0 0 0 0 0 0 0 4 0 0 4 0 0 0 1 0 0 0 0 
16235 6 0 0 0 0 0 0 0 0 0 6 0 0 4 0 0 0 1 0 0 0 0 
16236 0 16 0 0 0 0 0 0 0 0 6 0 0 16 0 0 0 1 0 0 0 0 
16238 0 9 0 0 0 0 0 0 0 0 6 0 0 16 0 0 0 9 0 0 0 0 
16251 0 2 0 0 0 0 0 0 0 0 6 0 0 2 0 0 0 9 0 0 0 0 
16253 0 12 0 0 0 0 0 0 0 0 6 0 0 2 0 0 0 12 0 0 0 0 
16262 2 0 0 0 2 0 0 0 0 0 6 0 0 2 0 0 0 12 0 0 0 0 
16265 8 0 0 0 2 0 0 0 0 0 8 0 0 2 0 0 0 12 0 0 0 0 
16266 0 3 0 0 2 0 0 0 0 0 8 0 0 3 0 0 0 12 0 0 0 0 
16268 2 7 0 0 2 0 0 0 0 0 8 0 0 3 0 0 2 7 0 0 0 0 
16277 10 0 0 0 10 0 0 0 0 0 8 0 0 3 0 0 2 7 0 0 0 0 
16281 0 4 0 0 10 0 0 0 0 0 8 0 0 4 0 0 2 7 0 0 0 0 
16283 0 2 0 0 10 0 0 0 0 0 8 0 0 4 0 0 0 2 0 0 0 0 
16292 8 0 0 0 8 0 0 0 0 0 8 0 0 4 0 0 0 2 0 0 0 0 
16295 6 0 0 0 8 0 0 0 0 0 6 0 0 4 0 0 0 2 0 0 0 0 
16296 0 6 0 0 8 0 0 0 0 0 6 0 0 6 0 0 0 2 0 0 0 0 
16298 0 4 0 0 8 0 0 0 0 0 6 0 0 6 0 0 0 4 0 0 0 0 
16307 6 0 0 0 6 0 0 0 0 0 6 0 0 6 0 0 0 4 0 0 0 0 
16310 9 0 0 0 6 0 0 0 0 0 9 0 0 6 0 0 0 4 0 0 0 0 
16311 0 3 0 0 6 0 0 0 0 0 9 0 0 3 0 0 0 4 0 0 0 0 
16313 0 6 0 0 6 0 0 0 0 0 9 0 0 3 0 0 0 6 0 0 0 0 
16322 8 0 0 0 8 0 0 0 0 0 9 0 0 3 0 0 0 6 0 0 0 0 
16325 7 0 0 0 8 0 0 0 0 0 7 0 0 3 0 0 0 6 0 0 0 0 
16326 0 4 0 0 8 0 0 0 0 0 7 0 0 4 0 0 0 6 0 0 0 0 
16340 1.5 2 0 0 8 0 0 0 0 0 3 0 0 4 0 0 0 4 0 0 0 0 
16341 0 2 0 0 8 0 0 0 0 0 3 0 0 2 0 0 0 4 0 0 0 0 
16343 1 4 0 0 8 0 0 0 0 0 3 0 0 2 0 0 1 4 0 0 0 0 
16355 0 0 0 0 8 0 0 0 0 0 0 0 0 2 0 0 1 4 0 0 0 0 
16356 0 4 0 0 8 0 0 0 0 0 0 0 0 4 0 0 1 4 0 0 0 0 
16358 0 1 0 0 8 0 0 0 0 0 0 0 0 4 0 0 0 1 0 0 0 0 
16367 6 0 0 0 6 0 0 0 0 0 0 0 0 4 0 0 0 1 0 0 0 0 
16371 0 3 0 0 6 0 0 0 0 0 0 0 0 3 0 0 0 1 0 0 0 0 
16373 0 4 0 0 6 0 0 0 0 0 0 0 0 3 0 0 0 4 0 0 0 0 
16382 8 0 0 0 8 0 0 0 0 0 0 0 0 3 0 0 0 4 0 0 0 0 
16386 0 6 0 0 8 0 0 0 0 0 0 0 0 6 0 0 0 4 0 0 0 0 
16401 0 5 0 0 8 0 0 0 0 0 0 0 0 5 0 0 0 4 0 0 0 0 
16416 0 2.5 0 0 8 0 0 0 0 0 0 0 0 0 0 0 0 5 0 0 0 0 
16418 0 6 0 0 8 0 0 0 0 0 0 0 0 0 0 0 0 6 0 0 0 0 
16427 6 0 0 0 6 0 0 0 0 0 0 0 0 0 0 0 0 6 0 0 0 0 
16433 0 0 0 0 6 0 0 0 0 0 0 0 0 0 0 0 0 0 0 0 0 0 
16442 8 0 0 0 8 0 0 0 0 0 0 0 0 0 0 0 0 0 0 0 0 0 
16457 6 0 0 0 6 0 0 0 0 0 0 0 0 0 0 0 0 0 0 0 0 0 
16472 0 0 0 0 0 0 0 0 0 0 0 0 0 0 0 0 0 0 0 0 0 0 
16596 0 4 0 0 0 0 0 0 0 0 0 0 0 4 0 0 0 0 0 0 0 0 
16611 0 3 0 0 0 0 0 0 0 0 0 0 0 3 0 0 0 0 0 0 0 0 
16626 0 4 0 0 0 0 0 0 0 0 0 0 0 4 0 0 0 0 0 0 0 0 
16671 0 1 0 0 0 0 0 0 0 0 0 0 0 1 0 0 0 0 0 0 0 0 
16686 0 0 0 0 0 0 0 0 0 0 0 0 0 0 0 0 0 0 0 0 0 0 
16731 0 1 0 0 0 0 0 0 0 0 0 0 0 1 0 0 0 0 0 0 0 0 
16746 0 4 0 0 0 0 0 0 0 0 0 0 0 4 0 0 0 0 0 0 0 0 
16791 0 3 0 0 0 0 0 0 0 0 0 0 0 3 0 0 0 0 0 0 0 0 
16806 0 1 0 0 0 0 0 0 0 0 0 0 0 1 0 0 0 0 0 0 0 0 
16821 0 0 0 0 0 0 0 0 0 0 0 0 0 0 0 0 0 0 0 0 0 0 
16928 0 4 0 0 0 0 0 0 0 0 0 0 0 0 0 0 0 4 0 0 0 0 
16940 3 0 0 0 0 0 0 0 0 0 3 0 0 0 0 0 0 4 0 0 0 0 
16943 1 3 0 0 0 0 0 0 0 0 3 0 0 0 0 0 1 3 0 0 0 0 
16945 1 0 0 0 0 0 0 0 0 0 3 0 0 0 0 0 1 3 0 0 1 0 
16955 4 0 0 0 0 0 0 0 0 0 4 0 0 0 0 0 1 3 0 0 1 0 
16957 6 0 0 0 0 0 0 0 0 0 4 0 0 0 6 0 1 3 0 0 1 0 
16958 0 4 0 0 0 0 0 0 0 0 4 0 0 0 6 0 0 4 0 0 1 0 
16970 8 0 0 0 0 0 0 0 0 0 8 0 0 0 6 0 0 4 0 0 1 0 
16972 4 0 0 0 0 0 0 0 0 0 8 0 0 0 4 0 0 4 0 0 1 0 
16973 2 4 0 0 0 0 0 0 0 0 8 0 0 0 4 0 2 4 0 0 1 0 
16975 0 0 0 0 0 0 0 0 0 0 8 0 0 0 4 0 2 4 0 0 0 0 
16987 2 0 0 0 0 0 0 0 0 0 8 0 0 0 2 0 2 4 0 0 0 0 
16988 0 4 0 0 0 0 0 0 0 0 8 0 0 0 2 0 0 4 0 0 0 0 
17000 2 0 0 0 0 0 0 0 0 0 2 0 0 0 2 0 0 4 0 0 0 0 
17002 0 0 0 0 0 0 0 0 0 0 2 0 0 0 0 0 0 4 0 0 0 0 
17003 0 3 0 0 0 0 0 0 0 0 2 0 0 0 0 0 0 3 0 0 0 0 
17015 0 0 0 0 0 0 0 0 0 0 0 0 0 0 0 0 0 3 0 0 0 0 
17018 0 4 0 0 0 0 0 0 0 0 0 0 0 0 0 0 0 4 0 0 0 0 
17048 0 1 0 0 0 0 0 0 0 0 0 0 0 0 0 0 0 1 0 0 0 0 
17063 0 0 0 0 0 0 0 0 0 0 0 0 0 0 0 0 0 0 0 0 0 0 
17155 0 6 0 0 0 0 0 0 0 0 0 0 0 0 0 0 0 0 0 0 0 6 
17185 0 16 0 0 0 0 0 0 0 0 0 0 0 0 0 0 0 0 0 0 0 16 
17200 0 2 0 0 0 0 0 0 0 0 0 0 0 0 0 0 0 0 0 0 0 2 
17208 2 0 0 0 0 0 2 0 0 0 0 0 0 0 0 0 0 0 0 0 0 2 
17215 0 0 0 0 0 0 2 0 0 0 0 0 0 0 0 0 0 0 0 0 0 0 
17223 8 0 0 0 0 0 8 0 0 0 0 0 0 0 0 0 0 0 0 0 0 0 
17230 0 8 0 0 0 0 8 0 0 0 0 0 0 0 0 0 0 0 0 0 0 8 
17260 0 12 0 0 0 0 8 0 0 0 0 0 0 0 0 0 0 0 0 0 0 12 
17275 0 1 0 0 0 0 8 0 0 0 0 0 0 0 0 0 0 0 0 0 0 1 
17283 6 0 0 0 0 0 6 0 0 0 0 0 0 0 0 0 0 0 0 0 0 1 
17290 0 4 0 0 0 0 6 0 0 0 0 0 0 0 0 0 0 0 0 0 0 4 
17298 8 0 0 0 0 0 8 0 0 0 0 0 0 0 0 0 0 0 0 0 0 4 
17320 0 6 0 0 0 0 8 0 0 0 0 0 0 0 0 0 0 0 0 0 0 6 
17335 0 5 0 0 0 0 8 0 0 0 0 0 0 0 0 0 0 0 0 0 0 5 
17350 0 0 0 0 0 0 8 0 0 0 0 0 0 0 0 0 0 0 0 0 0 0 
17365 0 4 0 0 0 0 8 0 0 0 0 0 0 0 0 0 0 0 0 0 0 4 
17377 2 0 0 0 0 0 8 0 0 0 0 0 0 0 2 0 0 0 0 0 0 4 
17380 0 6 0 0 0 0 8 0 0 0 0 0 0 0 2 0 0 0 0 0 0 6 
17388 11 0 0 0 0 0 11 0 0 0 0 0 0 0 2 0 0 0 0 0 0 6 
17392 5 0 0 0 0 0 11 0 0 0 0 0 0 0 5 0 0 0 0 0 0 6 
17395 0 5 0 0 0 0 11 0 0 0 0 0 0 0 5 0 0 0 0 0 0 5 
17403 6 0 0 0 0 0 6 0 0 0 0 0 0 0 5 0 0 0 0 0 0 5 
17407 0 0 0 0 0 0 6 0 0 0 0 0 0 0 0 0 0 0 0 0 0 5 
17410 0 4 0 0 0 0 6 0 0 0 0 0 0 0 0 0 0 0 0 0 0 4 
17418 8 0 0 0 0 0 8 0 0 0 0 0 0 0 0 0 0 0 0 0 0 4 
17425 0 3 0 0 0 0 8 0 0 0 0 0 0 0 0 0 0 0 0 0 0 3 
17440 0 0 0 0 0 0 8 0 0 0 0 0 0 0 0 0 0 0 0 0 0 0 
17448 4 0 0 0 0 0 4 0 0 0 0 0 0 0 0 0 0 0 0 0 0 0 
17463 0 0 0 0 0 0 0 0 0 0 0 0 0 0 0 0 0 0 0 0 0 0 
17485 0 4 0 0 0 0 0 0 0 0 0 0 0 0 0 0 0 0 0 0 0 4 
17515 0 3 0 0 0 0 0 0 0 0 0 0 0 0 0 0 0 0 0 0 0 3 
17530 0 4 0 0 0 0 0 0 0 0 0 0 0 0 0 0 0 0 0 0 0 4 
17575 0 1 0 0 0 0 0 0 0 0 0 0 0 0 0 0 0 0 0 0 0 1 
17590 0 0 0 0 0 0 0 0 0 0 0 0 0 0 0 0 0 0 0 0 0 0 
17633 0 4 0 0 0 0 0 0 0 0 0 0 0 0 0 0 0 4 0 0 0 0 
17663 0 3 0 0 0 0 0 0 0 0 0 0 0 0 0 0 0 3 0 0 0 0 
17678 0 4 0 0 0 0 0 0 0 0 0 0 0 0 0 0 0 4 0 0 0 0 
17738 0 0 0 0 0 0 0 0 0 0 0 0 0 0 0 0 0 0 0 0 0 0 
18081 0 2 0 0 0 0 0 0 0 0 0 0 0 2 0 0 0 0 0 0 0 0 
18096 0 6 0 0 0 0 0 0 0 0 0 0 0 6 0 0 0 0 0 0 0 0 
18100 0 2 0 0 0 0 0 0 0 0 0 0 0 6 0 0 0 0 0 0 0 2 
18111 0 18 0 0 0 0 0 0 0 0 0 0 0 18 0 0 0 0 0 0 0 2 
18115 0 3 0 0 0 0 0 0 0 0 0 0 0 18 0 0 0 0 0 0 0 3 
18126 0 6 0 0 0 0 0 0 0 0 0 0 0 6 0 0 0 0 0 0 0 3 
18130 0 4 0 0 0 0 0 0 0 0 0 0 0 6 0 0 0 0 0 0 0 4 
18141 0 19 0 0 0 0 0 0 0 0 0 0 0 19 0 0 0 0 0 0 0 4 
18156 0 3 0 0 0 0 0 0 0 0 0 0 0 3 0 0 0 0 0 0 0 4 
18171 0 0 0 0 0 0 0 0 0 0 0 0 0 0 0 0 0 0 0 0 0 4 
18175 0 3 0 0 0 0 0 0 0 0 0 0 0 0 0 0 0 0 0 0 0 3 
18190 0 6 0 0 0 0 0 0 0 0 0 0 0 0 0 0 0 0 0 0 0 6 
18205 0 19 0 0 0 0 0 0 0 0 0 0 0 0 0 0 0 0 0 0 0 19 
18220 0 6 0 0 0 0 0 0 0 0 0 0 0 0 0 0 0 0 0 0 0 6 
18235 0 1 0 0 0 0 0 0 0 0 0 0 0 0 0 0 0 0 0 0 0 1 
18250 0 0 0 0 0 0 0 0 0 0 0 0 0 0 0 0 0 0 0 0 0 0 
19285 0 17 0 0 0 0 0 0 0 0 0 0 0 0 0 0 0 0 0 0 0 17 
19300 0 4 0 0 0 0 0 0 0 0 0 0 0 0 0 0 0 0 0 0 0 4 
19315 0 3 0 0 0 0 0 0 0 0 0 0 0 0 0 0 0 0 0 0 0 3 
19330 0 4 0 0 0 0 0 0 0 0 0 0 0 0 0 0 0 0 0 0 0 4 
19360 0 0 0 0 0 0 0 0 0 0 0 0 0 0 0 0 0 0 0 0 0 0 
19674 3 0 0 0 0 0 0 0 0 0 0 0 0 0 0 0 0 0 3 0 0 0 
19689 7 0 0 0 0 0 0 0 0 0 0 0 0 0 0 0 0 0 7 0 0 0 
19704 8 0 0 0 0 0 0 0 0 0 0 0 0 0 0 0 0 0 8 0 0 0 
19719 6 0 0 0 0 0 0 0 0 0 0 0 0 0 0 0 0 0 6 0 0 0 
19734 10 0 0 0 0 0 0 0 0 0 0 0 0 0 0 0 0 0 10 0 0 0 
19764 8 0 0 0 0 0 0 0 0 0 0 0 0 0 0 0 0 0 8 0 0 0 
19779 6 0 0 0 0 0 0 0 0 0 0 0 0 0 0 0 0 0 6 0 0 0 
19794 8 0 0 0 0 0 0 0 0 0 0 0 0 0 0 0 0 0 8 0 0 0 
19802 2 0 0 0 2 0 0 0 0 0 0 0 0 0 0 0 0 0 8 0 0 0 
19809 6 0 0 0 2 0 0 0 0 0 0 0 0 0 0 0 0 0 6 0 0 0 
19817 0 0 0 0 0 0 0 0 0 0 0 0 0 0 0 0 0 0 6 0 0 0 
19824 9 0 0 0 0 0 0 0 0 0 0 0 0 0 0 0 0 0 9 0 0 0 
19839 5 0 0 0 0 0 0 0 0 0 0 0 0 0 0 0 0 0 5 0 0 0 
19854 8 0 0 0 0 0 0 0 0 0 0 0 0 0 0 0 0 0 8 0 0 0 
19884 26 0 0 0 0 0 0 0 0 0 0 0 0 0 0 0 0 0 26 0 0 0 
19899 9 0 0 0 0 0 0 0 0 0 0 0 0 0 0 0 0 0 9 0 0 0 
19914 7 0 0 0 0 0 0 0 0 0 0 0 0 0 0 0 0 0 7 0 0 0 
19929 26 0 0 0 0 0 0 0 0 0 0 0 0 0 0 0 0 0 26 0 0 0 
19944 8 0 0 0 0 0 0 0 0 0 0 0 0 0 0 0 0 0 8 0 0 0 
19959 7 0 0 0 0 0 0 0 0 0 0 0 0 0 0 0 0 0 7 0 0 0 
19989 8 0 0 0 0 0 0 0 0 0 0 0 0 0 0 0 0 0 8 0 0 0 
20019 6 0 0 0 0 0 0 0 0 0 0 0 0 0 0 0 0 0 6 0 0 0 
20028 1 0 0 0 0 0 1 0 0 0 0 0 0 0 0 0 0 0 6 0 0 0 
20049 0 0 0 0 0 0 1 0 0 0 0 0 0 0 0 0 0 0 0 0 0 0 
20356 0 3.5 0 7 0 0 0 0 0 0 0 0 0 0 0 0 0 0 0 0 0 0 
20371 0 3 0 3 0 0 0 0 0 0 0 0 0 0 0 0 0 0 0 0 0 0 
20386 0 16 0 16 0 0 0 0 0 0 0 0 0 0 0 0 0 0 0 0 0 0 
20401 0 2 0 2 0 0 0 0 0 0 0 0 0 0 0 0 0 0 0 0 0 0 
20416 0 9 0 9 0 0 0 0 0 0 0 0 0 0 0 0 0 0 0 0 0 0 
20431 0 7 0 7 0 0 0 0 0 0 0 0 0 0 0 0 0 0 0 0 0 0 
20446 0 12 0 12 0 0 0 0 0 0 0 0 0 0 0 0 0 0 0 0 0 0 
20461 0 -6 0 -6 0 0 0 0 0 0 0 0 0 0 0 0 0 0 0 0 0 0 
20476 0 -20 0 -20 0 0 0 0 0 0 0 0 0 0 0 0 0 0 0 0 0 0 
20491 0 -8 0 -8 0 0 0 0 0 0 0 0 0 0 0 0 0 0 0 0 0 0 
20506 0 -20 0 -20 0 0 0 0 0 0 0 0 0 0 0 0 0 0 0 0 0 0 
20521 0 -2 0 -2 0 0 0 0 0 0 0 0 0 0 0 0 0 0 0 0 0 0 
20536 0 0 0 0 0 0 0 0 0 0 0 0 0 0 0 0 0 0 0 0 0 0 
20926 0 6 0 6 0 0 0 0 0 0 0 0 0 0 0 0 0 0 0 0 0 0 
20941 0 4 0 4 0 0 0 0 0 0 0 0 0 0 0 0 0 0 0 0 0 0 
20956 0 16 0 16 0 0 0 0 0 0 0 0 0 0 0 0 0 0 0 0 0 0 
20971 0 2 0 2 0 0 0 0 0 0 0 0 0 0 0 0 0 0 0 0 0 0 
20986 0 8 0 8 0 0 0 0 0 0 0 0 0 0 0 0 0 0 0 0 0 0 
21016 0 12 0 12 0 0 0 0 0 0 0 0 0 0 0 0 0 0 0 0 0 0 
21031 0 1 0 1 0 0 0 0 0 0 0 0 0 0 0 0 0 0 0 0 0 0 
21046 0 4 0 4 0 0 0 0 0 0 0 0 0 0 0 0 0 0 0 0 0 0 
21076 0 6 0 6 0 0 0 0 0 0 0 0 0 0 0 0 0 0 0 0 0 0 
21091 0 5 0 5 0 0 0 0 0 0 0 0 0 0 0 0 0 0 0 0 0 0 
21106 0 0 0 0 0 0 0 0 0 0 0 0 0 0 0 0 0 0 0 0 0 0 
21121 0 4 0 4 0 0 0 0 0 0 0 0 0 0 0 0 0 0 0 0 0 0 
21151 0 5 0 5 0 0 0 0 0 0 0 0 0 0 0 0 0 0 0 0 0 0 
21166 0 4 0 4 0 0 0 0 0 0 0 0 0 0 0 0 0 0 0 0 0 0 
21181 0 3 0 3 0 0 0 0 0 0 0 0 0 0 0 0 0 0 0 0 0 0 
21196 0 0 0 0 0 0 0 0 0 0 0 0 0 0 0 0 0 0 0 0 0 0 
21256 0 4 0 4 0 0 0 0 0 0 0 0 0 0 0 0 0 0 0 0 0 0 
21271 0 3 0 3 0 0 0 0 0 0 0 0 0 0 0 0 0 0 0 0 0 0 
21286 0 4 0 4 0 0 0 0 0 0 0 0 0 0 0 0 0 0 0 0 0 0 
21308 0 23 0 4 0 0 0 0 0 0 0 0 0 0 0 0 0 23 0 0 0 0 
21323 0 3 0 4 0 0 0 0 0 0 0 0 0 0 0 0 0 3 0 0 0 0 
21331 0 0 0 0 0 0 0 0 0 0 0 0 0 0 0 0 0 3 0 0 0 0 
21332 0 7 0 0 0 7 0 0 0 0 0 0 0 0 0 0 0 3 0 0 0 0 
21338 0 4 0 0 0 7 0 0 0 0 0 0 0 0 0 0 0 4 0 0 0 0 
21346 0 1 0 1 0 7 0 0 0 0 0 0 0 0 0 0 0 4 0 0 0 0 
21347 0 3 0 1 0 3 0 0 0 0 0 0 0 0 0 0 0 4 0 0 0 0 
21361 0 4 0 4 0 3 0 0 0 0 0 0 0 0 0 0 0 4 0 0 0 0 
21362 0 16 0 4 0 16 0 0 0 0 0 0 0 0 0 0 0 4 0 0 0 0 
21377 0 2 0 4 0 2 0 0 0 0 0 0 0 0 0 0 0 4 0 0 0 0 
21383 0 3 0 4 0 2 0 0 0 0 0 0 0 0 0 0 0 3 0 0 0 0 
21392 0 6 0 3 0 9 0 0 0 0 0 0 0 0 0 0 0 3 0 0 0 0 
21398 0 4 0 3 0 9 0 0 0 0 0 0 0 0 0 0 0 4 0 0 0 0 
21406 0 2 0 2 0 9 0 0 0 0 0 0 0 0 0 0 0 4 0 0 0 0 
21407 0 7 0 2 0 7 0 0 0 0 0 0 0 0 0 0 0 4 0 0 0 0 
21421 0 3 0 3 0 7 0 0 0 0 0 0 0 0 0 0 0 4 0 0 0 0 
21422 0 12 0 3 0 12 0 0 0 0 0 0 0 0 0 0 0 4 0 0 0 0 
21428 0 0 0 3 0 12 0 0 0 0 0 0 0 0 0 0 0 0 0 0 0 0 
21436 0 4 0 4 0 12 0 0 0 0 0 0 0 0 0 0 0 0 0 0 0 0 
21437 0 2 0 4 0 2 0 0 0 0 0 0 0 0 0 0 0 0 0 0 0 0 
21451 0 3 0 3 0 2 0 0 0 0 0 0 0 0 0 0 0 0 0 0 0 0 
21452 0 4 0 3 0 4 0 0 0 0 0 0 0 0 0 0 0 0 0 0 0 0 
21466 0 2 0 2 0 4 0 0 0 0 0 0 0 0 0 0 0 0 0 0 0 0 
21467 0 3 0 2 0 3 0 0 0 0 0 0 0 0 0 0 0 0 0 0 0 0 
21481 0 0 0 0 0 3 0 0 0 0 0 0 0 0 0 0 0 0 0 0 0 0 
21482 0 6 0 0 0 6 0 0 0 0 0 0 0 0 0 0 0 0 0 0 0 0 
21497 0 5 0 0 0 5 0 0 0 0 0 0 0 0 0 0 0 0 0 0 0 0 
21512 0 1 0 0 0 1 0 0 0 0 0 0 0 0 0 0 0 0 0 0 0 0 
21527 0 3 0 0 0 3 0 0 0 0 0 0 0 0 0 0 0 0 0 0 0 0 
21542 0 4 0 0 0 4 0 0 0 0 0 0 0 0 0 0 0 0 0 0 0 0 
21557 0 6 0 0 0 6 0 0 0 0 0 0 0 0 0 0 0 0 0 0 0 0 
21587 0 0 0 0 0 0 0 0 0 0 0 0 0 0 0 0 0 0 0 0 0 0 
21890 0 8 0 0 0 0 0 0 0 0 0 8 0 0 0 0 0 0 0 0 0 0 
21920 0 12 0 0 0 0 0 0 0 0 0 12 0 0 0 0 0 0 0 0 0 0 
21935 0 6 0 0 0 0 0 0 0 0 0 6 0 0 0 0 0 0 0 0 0 0 
21950 0 4 0 0 0 0 0 0 0 0 0 4 0 0 0 0 0 0 0 0 0 0 
21965 0 16 0 0 0 0 0 0 0 0 0 16 0 0 0 0 0 0 0 0 0 0 
21980 0 2 0 0 0 0 0 0 0 0 0 2 0 0 0 0 0 0 0 0 0 0 
21995 0 3 0 0 0 0 0 0 0 0 0 3 0 0 0 0 0 0 0 0 0 0 
22010 0 4 0 0 0 0 0 0 0 0 0 4 0 0 0 0 0 0 0 0 0 0 
22025 0 6 0 0 0 0 0 0 0 0 0 6 0 0 0 0 0 0 0 0 0 0 
22055 0 3 0 0 0 0 0 0 0 0 0 3 0 0 0 0 0 0 0 0 0 0 
22070 0 2 0 0 0 0 0 0 0 0 0 2 0 0 0 0 0 0 0 0 0 0 
22085 0 4 0 0 0 0 0 0 0 0 0 4 0 0 0 0 0 0 0 0 0 0 
22100 0 6 0 0 0 0 0 0 0 0 0 6 0 0 0 0 0 0 0 0 0 0 
22115 0 3 0 0 0 0 0 0 0 0 0 3 0 0 0 0 0 0 0 0 0 0 
22130 0 5 0 0 0 0 0 0 0 0 0 5 0 0 0 0 0 0 0 0 0 0 
22145 0 0 0 0 0 0 0 0 0 0 0 0 0 0 0 0 0 0 0 0 0 0 
22267 0 7 0 0 0 0 0 0 0 0 0 0 0 0 0 7 0 0 0 0 0 0 
22282 0 6 0 0 0 0 0 0 0 0 0 0 0 0 0 6 0 0 0 0 0 0 
22297 0 14 0 0 0 0 0 0 0 0 0 0 0 0 0 14 0 0 0 0 0 0 
22312 0 7 0 0 0 0 0 0 0 0 0 0 0 0 0 7 0 0 0 0 0 0 
22327 0 3 0 0 0 0 0 0 0 0 0 0 0 0 0 3 0 0 0 0 0 0 
22342 0 12 0 0 0 0 0 0 0 0 0 0 0 0 0 12 0 0 0 0 0 0 
22357 0 7 0 0 0 0 0 0 0 0 0 0 0 0 0 7 0 0 0 0 0 0 
22372 0 2 0 0 0 0 0 0 0 0 0 0 0 0 0 2 0 0 0 0 0 0 
22387 0 3 0 0 0 0 0 0 0 0 0 0 0 0 0 3 0 0 0 0 0 0 
22402 0 4 0 0 0 0 0 0 0 0 0 0 0 0 0 4 0 0 0 0 0 0 
22417 0 6 0 0 0 0 0 0 0 0 0 0 0 0 0 6 0 0 0 0 0 0 
22432 0 5 0 0 0 0 0 0 0 0 0 0 0 0 0 5 0 0 0 0 0 0 
22447 0 0 0 0 0 0 0 0 0 0 0 0 0 0 0 0 0 0 0 0 0 0 
22462 0 4 0 0 0 0 0 0 0 0 0 0 0 0 0 4 0 0 0 0 0 0 
22492 0 6 0 0 0 0 0 0 0 0 0 0 0 0 0 6 0 0 0 0 0 0 
22507 0 3 0 0 0 0 0 0 0 0 0 0 0 0 0 3 0 0 0 0 0 0 
22537 0 0 0 0 0 0 0 0 0 0 0 0 0 0 0 0 0 0 0 0 0 0 
22743 4 0 0 0 0 0 4 0 0 0 0 0 0 0 0 0 0 0 0 0 0 0 
22758 6 0 0 0 0 0 6 0 0 0 0 0 0 0 0 0 0 0 0 0 0 0 
22777 0 3 0 0 0 0 6 0 0 0 0 0 0 0 0 3 0 0 0 0 0 0 
22788 0 0 0 0 0 0 0 0 0 0 0 0 0 0 0 3 0 0 0 0 0 0 
22792 0 4 0 0 0 0 0 0 0 0 0 0 0 0 0 4 0 0 0 0 0 0 
22807 0 5 0 0 0 0 0 0 0 0 0 0 0 0 0 5 0 0 0 0 0 0 
22822 0 4 0 0 0 0 0 0 0 0 0 0 0 0 0 4 0 0 0 0 0 0 
22867 0 3 0 0 0 0 0 0 0 0 0 0 0 0 0 3 0 0 0 0 0 0 
22897 0 0 0 0 0 0 0 0 0 0 0 0 0 0 0 0 0 0 0 0 0 0 
22912 0 1 0 0 0 0 0 0 0 0 0 0 0 0 0 1 0 0 0 0 0 0 
22927 0 3 0 0 0 0 0 0 0 0 0 0 0 0 0 3 0 0 0 0 0 0 
22942 0 63 0 0 0 0 0 0 0 0 0 0 0 0 0 63 0 0 0 0 0 0 
22957 0 1 0 0 0 0 0 0 0 0 0 0 0 0 0 1 0 0 0 0 0 0 
22972 0 0 0 0 0 0 0 0 0 0 0 0 0 0 0 0 0 0 0 0 0 0 
23252 0 3 0 0 0 3 0 0 0 0 0 0 0 0 0 0 0 0 0 0 0 0 
23267 0 14 0 0 0 14 0 0 0 0 0 0 0 0 0 0 0 0 0 0 0 0 
23282 0 4 0 0 0 4 0 0 0 0 0 0 0 0 0 0 0 0 0 0 0 0 
23312 0 6 0 0 0 6 0 0 0 0 0 0 0 0 0 0 0 0 0 0 0 0 
23327 0 3 0 0 0 3 0 0 0 0 0 0 0 0 0 0 0 0 0 0 0 0 
23342 0 2 0 0 0 2 0 0 0 0 0 0 0 0 0 0 0 0 0 0 0 0 
23357 0 0 0 0 0 0 0 0 0 0 0 0 0 0 0 0 0 0 0 0 0 0 
23567 0 1 0 0 0 1 0 0 0 0 0 0 0 0 0 0 0 0 0 0 0 0 
23582 0 4 0 0 0 4 0 0 0 0 0 0 0 0 0 0 0 0 0 0 0 0 
23627 0 14 0 0 0 14 0 0 0 0 0 0 0 0 0 0 0 0 0 0 0 0 
23642 0 4 0 0 0 4 0 0 0 0 0 0 0 0 0 0 0 0 0 0 0 0 
23657 0 2 0 0 0 2 0 0 0 0 0 0 0 0 0 0 0 0 0 0 0 0 
23672 0 0 0 0 0 0 0 0 0 0 0 0 0 0 0 0 0 0 0 0 0 0 
24112 0 3 0 0 0 0 0 0 0 0 0 0 0 0 0 3 0 0 0 0 0 0 
24127 0 18 0 0 0 0 0 0 0 0 0 0 0 0 0 18 0 0 0 0 0 0 
24142 0 4 0 0 0 0 0 0 0 0 0 0 0 0 0 4 0 0 0 0 0 0 
24157 0 15 0 0 0 0 0 0 0 0 0 0 0 0 0 15 0 0 0 0 0 0 
24172 0 19 0 0 0 0 0 0 0 0 0 0 0 0 0 19 0 0 0 0 0 0 
24187 0 1 0 0 0 0 0 0 0 0 0 0 0 0 0 1 0 0 0 0 0 0 
24202 0 0 0 0 0 0 0 0 0 0 0 0 0 0 0 0 0 0 0 0 0 0 
24235 6 0 0 0 0 0 0 0 0 0 0 0 0 0 0 0 0 0 0 0 6 0 
24265 4 0 0 0 0 0 0 0 0 0 0 0 0 0 0 0 0 0 0 0 4 0 
24280 0 0 0 0 0 0 0 0 0 0 0 0 0 0 0 0 0 0 0 0 0 0 
24302 0 1 0 0 0 1 0 0 0 0 0 0 0 0 0 0 0 0 0 0 0 0 
24317 0 4 0 0 0 4 0 0 0 0 0 0 0 0 0 0 0 0 0 0 0 0 
24347 0 3 0 0 0 3 0 0 0 0 0 0 0 0 0 0 0 0 0 0 0 0 
24362 0 54 0 0 0 54 0 0 0 0 0 0 0 0 0 0 0 0 0 0 0 0 
24377 0 0 0 0 0 0 0 0 0 0 0 0 0 0 0 0 0 0 0 0 0 0 
24651 4 0 0 0 0 0 0 0 0 0 0 0 4 0 0 0 0 0 0 0 0 0 
24681 7 0 0 0 0 0 0 0 0 0 0 0 7 0 0 0 0 0 0 0 0 0 
24696 1 0 0 0 0 0 0 0 0 0 0 0 1 0 0 0 0 0 0 0 0 0 
24711 0 0 0 0 0 0 0 0 0 0 0 0 0 0 0 0 0 0 0 0 0 0 
24924 6 0 0 0 0 0 0 0 0 0 0 0 0 0 0 0 0 0 6 0 0 0 
24939 2 0 0 0 0 0 0 0 0 0 0 0 0 0 0 0 0 0 2 0 0 0 
24954 4 0 0 0 0 0 0 0 0 0 0 0 0 0 0 0 0 0 4 0 0 0 
24969 0 0 0 0 0 0 0 0 0 0 0 0 0 0 0 0 0 0 0 0 0 0 
25172 1 0 0 0 1 0 0 0 0 0 0 0 0 0 0 0 0 0 0 0 0 0 
25187 0 0 0 0 0 0 0 0 0 0 0 0 0 0 0 0 0 0 0 0 0 0 
25221 2 0 0 0 0 0 0 0 0 0 0 0 2 0 0 0 0 0 0 0 0 0 
25236 5 0 0 0 0 0 0 0 0 0 0 0 5 0 0 0 0 0 0 0 0 0 
25251 45 0 0 0 0 0 0 0 0 0 0 0 45 0 0 0 0 0 0 0 0 0 
25266 8 0 0 0 0 0 0 0 0 0 0 0 8 0 0 0 0 0 0 0 0 0 
25311 6 0 0 0 0 0 0 0 0 0 0 0 6 0 0 0 0 0 0 0 0 0 
25326 10 0 0 0 0 0 0 0 0 0 0 0 10 0 0 0 0 0 0 0 0 0 
25341 6 0 0 0 0 0 0 0 0 0 0 0 6 0 0 0 0 0 0 0 0 0 
25356 0 0 0 0 0 0 0 0 0 0 0 0 0 0 0 0 0 0 0 0 0 0 
25989 5 0 0 0 0 0 0 0 0 0 0 0 0 0 0 0 0 0 5 0 0 0 
26004 7 0 0 0 0 0 0 0 0 0 0 0 0 0 0 0 0 0 7 0 0 0 
26019 6 0 0 0 0 0 0 0 0 0 0 0 0 0 0 0 0 0 6 0 0 0 
26034 8 0 0 0 0 0 0 0 0 0 0 0 0 0 0 0 0 0 8 0 0 0 
26079 3 0 0 0 0 0 0 0 0 0 0 0 0 0 0 0 0 0 3 0 0 0 
26092 2 0 0 0 0 0 0 0 0 0 0 0 0 0 2 0 0 0 3 0 0 0 
26094 51 0 0 0 0 0 0 0 0 0 0 0 0 0 2 0 0 0 51 0 0 0 
26107 0 0 0 0 0 0 0 0 0 0 0 0 0 0 0 0 0 0 51 0 0 0 
26109 8 0 0 0 0 0 0 0 0 0 0 0 0 0 0 0 0 0 8 0 0 0 
26139 5 0 0 0 0 0 0 0 0 0 0 0 0 0 0 0 0 0 5 0 0 0 
26154 0 0 0 0 0 0 0 0 0 0 0 0 0 0 0 0 0 0 0 0 0 0 
26240 0 4 0 0 0 0 0 0 0 0 0 4 0 0 0 0 0 0 0 0 0 0 
26255 0 3 0 0 0 0 0 0 0 0 0 3 0 0 0 0 0 0 0 0 0 0 
26270 0 4 0 0 0 0 0 0 0 0 0 4 0 0 0 0 0 0 0 0 0 0 
26288 2 0 0 0 0 0 0 0 0 0 0 4 0 0 0 0 2 0 0 0 0 0 
26303 5 0 0 0 0 0 0 0 0 0 0 4 0 0 0 0 5 0 0 0 0 0 
26315 0 3 0 0 0 0 0 0 0 0 0 3 0 0 0 0 5 0 0 0 0 0 
26318 7 0 0 0 0 0 0 0 0 0 0 3 0 0 0 0 7 0 0 0 0 0 
26330 0 4 0 0 0 0 0 0 0 0 0 4 0 0 0 0 7 0 0 0 0 0 
26333 2 0 0 0 0 0 0 0 0 0 0 4 0 0 0 0 2 0 0 0 0 0 
26348 0 0 0 0 0 0 0 0 0 0 0 4 0 0 0 0 0 0 0 0 0 0 
26375 0 3 0 0 0 0 0 0 0 0 0 3 0 0 0 0 0 0 0 0 0 0 
26390 0 -2 0 0 0 0 0 0 0 0 0 -2 0 0 0 0 0 0 0 0 0 0 
26405 0 0 0 0 0 0 0 0 0 0 0 0 0 0 0 0 0 0 0 0 0 0 
26768 6 0 0 0 0 0 0 0 0 0 0 0 0 0 0 0 6 0 0 0 0 0 
26798 9 0 0 0 0 0 0 0 0 0 0 0 0 0 0 0 9 0 0 0 0 0 
26813 7 0 0 0 0 0 0 0 0 0 0 0 0 0 0 0 7 0 0 0 0 0 
26828 8 0 0 0 0 0 0 0 0 0 0 0 0 0 0 0 8 0 0 0 0 0 
26858 4 0 0 0 0 0 0 0 0 0 0 0 0 0 0 0 4 0 0 0 0 0 
26873 0 0 0 0 0 0 0 0 0 0 0 0 0 0 0 0 0 0 0 0 0 0 
