# deltaRailways deltaRailVehicles
10 0 0 0 0 0 0 0 0 0 0 0 0 0 0 0 0 0 0 0 0 0 0 
121 7 0 7 0 0 0 0 0 0 0 0 0 0 0 0 0 0 0 0 0 0 0 
123 8 0 7 0 0 0 8 0 0 0 0 0 0 0 0 0 0 0 0 0 0 0 
124 9 0 7 0 0 0 8 0 9 0 0 0 0 0 0 0 0 0 0 0 0 0 
125 18 0 7 0 0 0 8 0 9 0 18 0 0 0 0 0 0 0 0 0 0 0 
126 7 0 7 0 0 0 8 0 9 0 18 0 7 0 0 0 0 0 0 0 0 0 
130 7.5 0 7 0 0 0 8 0 9 0 18 0 7 0 7 0 0 0 0 0 8 0 
136 10 0 10 0 0 0 8 0 9 0 18 0 7 0 7 0 0 0 0 0 8 0 
139 17 0 10 0 0 0 8 0 17 0 18 0 7 0 7 0 0 0 0 0 8 0 
140 8 0 10 0 0 0 8 0 17 0 8 0 7 0 7 0 0 0 0 0 8 0 
141 10 0 10 0 0 0 8 0 17 0 8 0 10 0 7 0 0 0 0 0 8 0 
151 9.5 0 9 0 0 0 8 0 17 0 8 0 10 0 10 0 0 0 0 0 8 0 
153 12 0 9 0 0 0 12 0 17 0 8 0 10 0 10 0 0 0 0 0 8 0 
155 11.5 0 9 0 0 0 12 0 12 0 11 0 10 0 10 0 0 0 0 0 8 0 
160 12 0 9 0 0 0 12 0 12 0 11 0 10 0 10 0 0 0 0 0 12 0 
166 2 0 2 0 0 0 12 0 12 0 11 0 10 0 10 0 0 0 0 0 12 0 
168 7 0 2 0 0 0 7 0 12 0 11 0 10 0 10 0 0 0 0 0 12 0 
171 5 0 2 0 0 0 7 0 7 0 7 0 1 0 10 0 0 0 0 0 12 0 
172 1 0 2 0 0 0 7 0 7 0 7 0 1 0 1 0 0 0 0 0 12 0 
175 6 0 2 0 0 0 7 0 7 0 7 0 1 0 1 0 0 0 0 0 6 0 
181 0 0 0 0 0 0 7 0 7 0 7 0 1 0 1 0 0 0 0 0 6 0 
183 3 0 0 0 0 0 3 0 7 0 7 0 1 0 1 0 0 0 0 0 6 0 
184 6 0 0 0 0 0 3 0 6 0 7 0 1 0 1 0 0 0 0 0 6 0 
185 4 0 0 0 0 0 3 0 6 0 4 0 1 0 1 0 0 0 0 0 6 0 
186 0 0 0 0 0 0 3 0 6 0 4 0 0 0 1 0 0 0 0 0 6 0 
190 2 0 0 0 0 0 3 0 6 0 4 0 0 0 0 0 0 0 0 0 4 0 
198 16 0 0 0 0 0 16 0 6 0 4 0 0 0 0 0 0 0 0 0 4 0 
199 13 0 0 0 0 0 16 0 13 0 4 0 0 0 0 0 0 0 0 0 4 0 
200 16 0 0 0 0 0 16 0 13 0 16 0 0 0 0 0 0 0 0 0 4 0 
213 9 0 0 0 0 0 2 0 13 0 16 0 0 0 0 0 0 0 0 0 16 0 
214 2 0 0 0 0 0 2 0 2 0 16 0 0 0 0 0 0 0 0 0 16 0 
228 2.66667 0 0 0 0 0 4 0 2 0 2 0 0 0 0 0 0 0 0 0 2 0 
229 -16 0 0 0 0 0 4 0 -16 0 2 0 0 0 0 0 0 0 0 0 2 0 
230 3 0 0 0 0 0 4 0 -16 0 3 0 0 0 0 0 0 0 0 0 2 0 
244 -2 0 0 0 0 0 3 0 -12 0 3 0 0 0 0 0 0 0 0 0 3 0 
245 4 0 0 0 0 0 3 0 -12 0 4 0 0 0 0 0 0 0 0 0 3 0 
258 5 0 0 0 0 0 6 0 -12 0 4 0 0 0 0 0 0 0 0 0 4 0 
259 -16 0 0 0 0 0 6 0 -16 0 4 0 0 0 0 0 0 0 0 0 4 0 
260 6 0 0 0 0 0 6 0 -16 0 6 0 0 0 0 0 0 0 0 0 4 0 
273 5 0 0 0 0 0 4 0 -16 0 6 0 0 0 0 0 0 0 0 0 6 0 
274 -12 0 0 0 0 0 4 0 -12 0 6 0 0 0 0 0 0 0 0 0 6 0 
275 3 0 0 0 0 0 4 0 -12 0 3 0 0 0 0 0 0 0 0 0 6 0 
280 4 0 0 0 0 0 4 0 -12 0 3 0 0 0 0 0 0 0 0 0 4 0 
288 3 0 0 0 0 0 3 0 -12 0 3 0 0 0 0 0 0 0 0 0 4 0 
289 0 0 0 0 0 0 3 0 0 0 3 0 0 0 0 0 0 0 0 0 4 0 
290 4 0 0 0 0 0 3 0 0 0 4 0 0 0 0 0 0 0 0 0 4 0 
295 3 0 0 0 0 0 3 0 0 0 4 0 0 0 0 0 0 0 0 0 3 0 
303 2 0 0 0 0 0 2 0 0 0 4 0 0 0 0 0 0 0 0 0 3 0 
318 2.66667 0 0 0 0 0 4 0 0 0 2 0 0 0 0 0 0 0 0 0 2 0 
320 4 0 0 0 0 0 4 0 0 0 4 0 0 0 0 0 0 0 0 0 2 0 
333 5 0 0 0 0 0 6 0 0 0 4 0 0 0 0 0 0 0 0 0 4 0 
335 3 0 0 0 0 0 6 0 0 0 3 0 0 0 0 0 0 0 0 0 4 0 
340 6 0 0 0 0 0 6 0 0 0 3 0 0 0 0 0 0 0 0 0 6 0 
348 4 0 0 0 0 0 4 0 0 0 3 0 0 0 0 0 0 0 0 0 6 0 
350 6 0 0 0 0 0 4 0 0 0 6 0 0 0 0 0 0 0 0 0 6 0 
355 3 0 0 0 0 0 4 0 0 0 6 0 0 0 0 0 0 0 0 0 3 0 
365 5 0 0 0 0 0 4 0 0 0 5 0 0 0 0 0 0 0 0 0 3 0 
378 2.5 0 0 0 0 0 0 0 0 0 5 0 0 0 0 0 0 0 0 0 5 0 
380 0 0 0 0 0 0 0 0 0 0 0 0 0 0 0 0 0 0 0 0 5 0 
490 3 0 0 0 0 0 0 0 0 0 0 0 0 0 0 0 0 0 0 0 3 0 
505 4 0 0 0 0 0 0 0 0 0 0 0 0 0 0 0 0 0 0 0 4 0 
535 3 0 0 0 0 0 0 0 0 0 0 0 0 0 0 0 0 0 0 0 3 0 
550 4 0 0 0 0 0 0 0 0 0 0 0 0 0 0 0 0 0 0 0 4 0 
565 1 0 0 0 0 0 0 0 0 0 0 0 0 0 0 0 0 0 0 0 1 0 
580 0 0 0 0 0 0 0 0 0 0 0 0 0 0 0 0 0 0 0 0 0 0 
1143 1 0 0 0 0 0 1 0 0 0 0 0 0 0 0 0 0 0 0 0 0 0 
1158 2.5 0 1 0 0 0 4 0 0 0 0 0 0 0 0 0 0 0 0 0 0 0 
1171 3 0 3 0 0 0 4 0 0 0 0 0 0 0 0 0 0 0 0 0 0 0 
1186 4 0 4 0 0 0 4 0 0 0 0 0 0 0 0 0 0 0 0 0 0 0 
1188 15 0 4 0 0 0 15 0 0 0 0 0 0 0 0 0 0 0 0 0 0 0 
1203 3 0 4 0 0 0 3 0 0 0 0 0 0 0 0 0 0 0 0 0 0 0 
1218 14 0 4 0 0 0 14 0 0 0 0 0 0 0 0 0 0 0 0 0 0 0 
1220 1 0 4 0 0 0 14 0 0 0 1 0 0 0 0 0 0 0 0 0 0 0 
1231 3 0 3 0 0 0 14 0 0 0 1 0 0 0 0 0 0 0 0 0 0 0 
1235 8.5 0 3 0 0 0 3 0 0 0 14 0 0 0 0 0 0 0 0 0 0 0 
1237 3 0 3 0 0 0 3 0 0 0 14 0 0 0 3 0 0 0 0 0 0 0 
1246 4 0 4 0 0 0 3 0 0 0 14 0 0 0 3 0 0 0 0 0 0 0 
1248 0 0 4 0 0 0 0 0 0 0 14 0 0 0 3 0 0 0 0 0 0 0 
1250 4 0 4 0 0 0 0 0 0 0 4 0 0 0 3 0 0 0 0 0 0 0 
1291 3.5 0 3 0 0 0 0 0 0 0 4 0 0 0 4 0 0 0 0 0 0 0 
1293 4 0 3 0 0 0 4 0 0 0 4 0 0 0 4 0 0 0 0 0 0 0 
1295 2 0 3 0 0 0 4 0 0 0 2 0 0 0 4 0 0 0 0 0 0 0 
1306 4 0 4 0 0 0 4 0 0 0 2 0 0 0 4 0 0 0 0 0 0 0 
1310 0 0 4 0 0 0 4 0 0 0 0 0 0 0 4 0 0 0 0 0 0 0 
1323 3 0 4 0 0 0 3 0 0 0 0 0 0 0 4 0 0 0 0 0 0 0 
1338 3.5 0 4 0 0 0 4 0 0 0 0 0 0 0 3 0 0 0 0 0 0 0 
1342 4 0 4 0 0 0 4 0 0 0 0 0 0 0 4 0 0 0 0 0 0 0 
1351 3 0 3 0 0 0 4 0 0 0 0 0 0 0 4 0 0 0 0 0 0 0 
1366 1 1 1 1 0 0 4 0 0 0 0 0 0 0 4 0 0 0 0 0 0 0 
1368 14 0 1 1 0 0 14 0 0 0 0 0 0 0 4 0 0 0 0 0 0 0 
1381 0 0 0 0 0 0 14 0 0 0 0 0 0 0 4 0 0 0 0 0 0 0 
1383 3 0 0 0 0 0 3 0 0 0 0 0 0 0 4 0 0 0 0 0 0 0 
1387 0 1 0 0 0 0 3 0 0 0 0 0 0 0 0 1 0 0 0 0 0 0 
1398 -16 0 0 0 0 0 -16 0 0 0 0 0 0 0 0 1 0 0 0 0 0 0 
1402 0 0 0 0 0 0 -16 0 0 0 0 0 0 0 0 0 0 0 0 0 0 0 
1413 -12 0 0 0 0 0 -12 0 0 0 0 0 0 0 0 0 0 0 0 0 0 0 
1428 -25 0 0 0 0 0 -25 0 0 0 0 0 0 0 0 0 0 0 0 0 0 0 
1430 4 0 0 0 0 0 -25 0 0 0 4 0 0 0 0 0 0 0 0 0 0 0 
1443 -3 0 0 0 0 0 -3 0 0 0 4 0 0 0 0 0 0 0 0 0 0 0 
1445 14 0 0 0 0 0 -3 0 0 0 14 0 0 0 0 0 0 0 0 0 0 0 
1458 -4 0 0 0 0 0 -4 0 0 0 14 0 0 0 0 0 0 0 0 0 0 0 
1460 4 0 0 0 0 0 -4 0 0 0 4 0 0 0 0 0 0 0 0 0 0 0 
1475 3 0 0 0 0 0 -4 0 0 0 3 0 0 0 0 0 0 0 0 0 0 0 
1488 -15 0 0 0 0 0 -15 0 0 0 3 0 0 0 0 0 0 0 0 0 0 0 
1490 4 0 0 0 0 0 -15 0 0 0 4 0 0 0 0 0 0 0 0 0 0 0 
1503 -3 0 0 0 0 0 -3 0 0 0 4 0 0 0 0 0 0 0 0 0 0 0 
1505 3 0 0 0 0 0 -3 0 0 0 3 0 0 0 0 0 0 0 0 0 0 0 
1518 -4 0 0 0 0 0 -4 0 0 0 3 0 0 0 0 0 0 0 0 0 0 0 
1520 0 0 0 0 0 0 -4 0 0 0 0 0 0 0 0 0 0 0 0 0 0 0 
1548 -7 0 0 0 0 0 -7 0 0 0 0 0 0 0 0 0 0 0 0 0 0 0 
1550 4 0 0 0 0 0 -7 0 0 0 4 0 0 0 0 0 0 0 0 0 0 0 
1563 -6 0 0 0 0 0 -6 0 0 0 4 0 0 0 0 0 0 0 0 0 0 0 
1566 3 0 0 0 0 0 -6 0 0 0 4 0 3 0 0 0 0 0 0 0 0 0 
1578 -4 0 0 0 0 0 -4 0 0 0 4 0 3 0 0 0 0 0 0 0 0 0 
1581 4 0 0 0 0 0 -4 0 0 0 4 0 4 0 0 0 0 0 0 0 0 0 
1595 3 0 0 0 0 0 -4 0 0 0 3 0 4 0 0 0 0 0 0 0 0 0 
1610 4 0 0 0 0 0 -4 0 0 0 4 0 4 0 0 0 0 0 0 0 0 0 
1611 3 0 0 0 0 0 -4 0 0 0 4 0 3 0 0 0 0 0 0 0 0 0 
1623 -3 0 0 0 0 0 -3 0 0 0 4 0 3 0 0 0 0 0 0 0 0 0 
1625 0 1 0 0 0 0 -3 0 0 0 0 1 3 0 0 0 0 0 0 0 0 0 
1626 14 0 0 0 0 0 -3 0 0 0 0 1 14 0 0 0 0 0 0 0 0 0 
1630 1 0 0 0 0 0 -3 0 0 0 0 1 14 0 0 0 0 0 0 0 1 0 
1638 -4 0 0 0 0 0 -4 0 0 0 0 1 14 0 0 0 0 0 0 0 1 0 
1640 0 0 0 0 0 0 -4 0 0 0 0 0 14 0 0 0 0 0 0 0 1 0 
1641 4 0 0 0 0 0 -4 0 0 0 0 0 4 0 0 0 0 0 0 0 1 0 
1645 14 0 0 0 0 0 -4 0 0 0 0 0 4 0 0 0 0 0 0 0 14 0 
1660 4 0 0 0 0 0 -4 0 0 0 0 0 4 0 0 0 0 0 0 0 4 0 
1670 0 21 0 0 0 0 -4 0 0 0 0 21 4 0 0 0 0 0 0 0 4 0 
1671 3 0 0 0 0 0 -4 0 0 0 0 21 3 0 0 0 0 0 0 0 4 0 
1683 0 0 0 0 0 0 -3 0 0 0 0 21 3 0 0 0 0 0 0 0 3 0 
1686 2 0 0 0 0 0 -3 0 0 0 0 0 4 0 0 0 0 0 0 0 3 0 
1690 4 0 0 0 0 0 -3 0 0 0 0 0 4 0 0 0 0 0 0 0 4 0 
1698 -7 0 0 0 0 0 -7 0 0 0 0 0 4 0 0 0 0 0 0 0 4 0 
1713 -4 0 0 0 0 0 -4 0 0 0 0 0 4 0 0 0 0 0 0 0 4 0 
1716 3 0 0 0 0 0 -4 0 0 0 0 0 3 0 0 0 0 0 0 0 4 0 
1728 -7 0 0 0 0 0 -7 0 0 0 0 0 3 0 0 0 0 0 0 0 4 0 
1731 0 1 0 0 0 0 -7 0 0 0 0 0 0 1 0 0 0 0 0 0 4 0 
1735 1 0 0 0 0 0 -7 0 0 0 0 0 0 1 0 0 0 0 0 0 1 0 
1743 -3 0 0 0 0 0 -3 0 0 0 0 0 0 1 0 0 0 0 0 0 1 0 
1746 0 0 0 0 0 0 -3 0 0 0 0 0 0 0 0 0 0 0 0 0 1 0 
1758 -1 0 0 0 0 0 -2 0 0 0 0 0 0 0 0 0 0 0 0 0 0 0 
1773 0 0 0 0 0 0 0 0 0 0 0 0 0 0 0 0 0 0 0 0 0 0 
1795 1 0 0 0 0 0 0 0 0 0 0 0 0 0 0 0 0 0 0 0 1 0 
1810 4 0 0 0 0 0 0 0 0 0 0 0 0 0 0 0 0 0 0 0 4 0 
1855 3 0 0 0 0 0 0 0 0 0 0 0 0 0 0 0 0 0 0 0 3 0 
1870 4 0 0 0 0 0 0 0 0 0 0 0 0 0 0 0 0 0 0 0 4 0 
1885 14 0 0 0 0 0 0 0 0 0 0 0 0 0 0 0 0 0 0 0 14 0 
1900 0 1 0 0 0 0 0 0 0 0 0 0 0 0 0 0 0 0 0 0 0 1 
1915 0 0 0 0 0 0 0 0 0 0 0 0 0 0 0 0 0 0 0 0 0 0 
1945 0 21 0 0 0 0 0 0 0 0 0 0 0 0 0 0 0 0 0 0 0 21 
1960 0 0 0 0 0 0 0 0 0 0 0 0 0 0 0 0 0 0 0 0 0 0 
2178 8 0 0 0 0 0 8 0 0 0 0 0 0 0 0 0 0 0 0 0 0 0 
2208 12 0 0 0 0 0 12 0 0 0 0 0 0 0 0 0 0 0 0 0 0 0 
2223 6 0 0 0 0 0 6 0 0 0 0 0 0 0 0 0 0 0 0 0 0 0 
2238 4 0 0 0 0 0 4 0 0 0 0 0 0 0 0 0 0 0 0 0 0 0 
2253 16 0 0 0 0 0 16 0 0 0 0 0 0 0 0 0 0 0 0 0 0 0 
2268 2 0 0 0 0 0 2 0 0 0 0 0 0 0 0 0 0 0 0 0 0 0 
2283 3 0 0 0 0 0 3 0 0 0 0 0 0 0 0 0 0 0 0 0 0 0 
2298 4 0 0 0 0 0 4 0 0 0 0 0 0 0 0 0 0 0 0 0 0 0 
2313 6 0 0 0 0 0 6 0 0 0 0 0 0 0 0 0 0 0 0 0 0 0 
2328 4 0 0 0 0 0 4 0 0 0 0 0 0 0 0 0 0 0 0 0 0 0 
2343 3 0 0 0 0 0 3 0 0 0 0 0 0 0 0 0 0 0 0 0 0 0 
2358 2 0 0 0 0 0 2 0 0 0 0 0 0 0 0 0 0 0 0 0 0 0 
2373 4 0 0 0 0 0 4 0 0 0 0 0 0 0 0 0 0 0 0 0 0 0 
2388 6 0 0 0 0 0 6 0 0 0 0 0 0 0 0 0 0 0 0 0 0 0 
2403 3 0 0 0 0 0 3 0 0 0 0 0 0 0 0 0 0 0 0 0 0 0 
2418 5 0 0 0 0 0 5 0 0 0 0 0 0 0 0 0 0 0 0 0 0 0 
2433 0 0 0 0 0 0 0 0 0 0 0 0 0 0 0 0 0 0 0 0 0 0 
2913 1 0 0 0 0 0 1 0 0 0 0 0 0 0 0 0 0 0 0 0 0 0 
2928 4 0 0 0 0 0 4 0 0 0 0 0 0 0 0 0 0 0 0 0 0 0 
2943 14 0 0 0 0 0 14 0 0 0 0 0 0 0 0 0 0 0 0 0 0 0 
2958 4 0 0 0 0 0 4 0 0 0 0 0 0 0 0 0 0 0 0 0 0 0 
2988 1 0 0 0 0 0 1 0 0 0 0 0 0 0 0 0 0 0 0 0 0 0 
3003 3 0 0 0 0 0 3 0 0 0 0 0 0 0 0 0 0 0 0 0 0 0 
3018 14 0 0 0 0 0 14 0 0 0 0 0 0 0 0 0 0 0 0 0 0 0 
3033 4 0 0 0 0 0 4 0 0 0 0 0 0 0 0 0 0 0 0 0 0 0 
3063 1 0 0 0 0 0 1 0 0 0 0 0 0 0 0 0 0 0 0 0 0 0 
3078 0 0 0 0 0 0 0 0 0 0 0 0 0 0 0 0 0 0 0 0 0 0 
3153 1 0 0 0 0 0 1 0 0 0 0 0 0 0 0 0 0 0 0 0 0 0 
3168 4 0 0 0 0 0 4 0 0 0 0 0 0 0 0 0 0 0 0 0 0 0 
3183 3 0 0 0 0 0 3 0 0 0 0 0 0 0 0 0 0 0 0 0 0 0 
3198 19 0 0 0 0 0 19 0 0 0 0 0 0 0 0 0 0 0 0 0 0 0 
3213 2 0 0 0 0 0 2 0 0 0 0 0 0 0 0 0 0 0 0 0 0 0 
3228 0 1 0 0 0 0 0 1 0 0 0 0 0 0 0 0 0 0 0 0 0 0 
3243 0 0 0 0 0 0 0 0 0 0 0 0 0 0 0 0 0 0 0 0 0 0 
3273 0 1 0 0 0 0 0 1 0 0 0 0 0 0 0 0 0 0 0 0 0 0 
3288 0 0 0 0 0 0 0 0 0 0 0 0 0 0 0 0 0 0 0 0 0 0 
5762 8 0 0 0 8 0 0 0 0 0 0 0 0 0 0 0 0 0 0 0 0 0 
5792 12 0 0 0 12 0 0 0 0 0 0 0 0 0 0 0 0 0 0 0 0 0 
5807 6 0 0 0 6 0 0 0 0 0 0 0 0 0 0 0 0 0 0 0 0 0 
5822 4 0 0 0 4 0 0 0 0 0 0 0 0 0 0 0 0 0 0 0 0 0 
5837 16 0 0 0 16 0 0 0 0 0 0 0 0 0 0 0 0 0 0 0 0 0 
5852 2 0 0 0 2 0 0 0 0 0 0 0 0 0 0 0 0 0 0 0 0 0 
5867 13 0 0 0 13 0 0 0 0 0 0 0 0 0 0 0 0 0 0 0 0 0 
5882 4 0 0 0 4 0 0 0 0 0 0 0 0 0 0 0 0 0 0 0 0 0 
5897 6 0 0 0 6 0 0 0 0 0 0 0 0 0 0 0 0 0 0 0 0 0 
5912 4 0 0 0 4 0 0 0 0 0 0 0 0 0 0 0 0 0 0 0 0 0 
5927 3 0 0 0 3 0 0 0 0 0 0 0 0 0 0 0 0 0 0 0 0 0 
5942 2 0 0 0 2 0 0 0 0 0 0 0 0 0 0 0 0 0 0 0 0 0 
5957 4 0 0 0 4 0 0 0 0 0 0 0 0 0 0 0 0 0 0 0 0 0 
5972 6 0 0 0 6 0 0 0 0 0 0 0 0 0 0 0 0 0 0 0 0 0 
5987 3 0 0 0 3 0 0 0 0 0 0 0 0 0 0 0 0 0 0 0 0 0 
6002 5 0 0 0 5 0 0 0 0 0 0 0 0 0 0 0 0 0 0 0 0 0 
6017 0 0 0 0 0 0 0 0 0 0 0 0 0 0 0 0 0 0 0 0 0 0 
6047 1 0 0 0 1 0 0 0 0 0 0 0 0 0 0 0 0 0 0 0 0 0 
6062 4 0 0 0 4 0 0 0 0 0 0 0 0 0 0 0 0 0 0 0 0 0 
6107 3 0 0 0 3 0 0 0 0 0 0 0 0 0 0 0 0 0 0 0 0 0 
6122 4 0 0 0 4 0 0 0 0 0 0 0 0 0 0 0 0 0 0 0 0 0 
6137 3 0 0 0 3 0 0 0 0 0 0 0 0 0 0 0 0 0 0 0 0 0 
6152 0 0 0 0 0 0 0 0 0 0 0 0 0 0 0 0 0 0 0 0 0 0 
6167 2 0 0 0 2 0 0 0 0 0 0 0 0 0 0 0 0 0 0 0 0 0 
6182 4 0 0 0 4 0 0 0 0 0 0 0 0 0 0 0 0 0 0 0 0 0 
6197 14 0 0 0 14 0 0 0 0 0 0 0 0 0 0 0 0 0 0 0 0 0 
6212 4 0 0 0 4 0 0 0 0 0 0 0 0 0 0 0 0 0 0 0 0 0 
6227 3 0 0 0 3 0 0 0 0 0 0 0 0 0 0 0 0 0 0 0 0 0 
6242 4 0 0 0 4 0 0 0 0 0 0 0 0 0 0 0 0 0 0 0 0 0 
6257 3 0 0 0 3 0 0 0 0 0 0 0 0 0 0 0 0 0 0 0 0 0 
6272 0 0 0 0 0 0 0 0 0 0 0 0 0 0 0 0 0 0 0 0 0 0 
6790 9 0 0 0 0 0 0 0 0 0 0 0 0 0 0 0 0 0 0 0 9 0 
6805 12 0 0 0 0 0 0 0 0 0 0 0 0 0 0 0 0 0 0 0 12 0 
6820 7 0 0 0 0 0 0 0 0 0 0 0 0 0 0 0 0 0 0 0 7 0 
6835 0 0 0 0 0 0 0 0 0 0 0 0 0 0 0 0 0 0 0 0 0 0 
6850 7 0 0 0 0 0 0 0 0 0 0 0 0 0 0 0 0 0 0 0 7 0 
6865 6 0 0 0 0 0 0 0 0 0 0 0 0 0 0 0 0 0 0 0 6 0 
6880 14 0 0 0 0 0 0 0 0 0 0 0 0 0 0 0 0 0 0 0 14 0 
6895 1 0 0 0 0 0 0 0 0 0 0 0 0 0 0 0 0 0 0 0 1 0 
6910 3 0 0 0 0 0 0 0 0 0 0 0 0 0 0 0 0 0 0 0 3 0 
6925 4 0 0 0 0 0 0 0 0 0 0 0 0 0 0 0 0 0 0 0 4 0 
6940 16 0 0 0 0 0 0 0 0 0 0 0 0 0 0 0 0 0 0 0 16 0 
6955 3 0 0 0 0 0 0 0 0 0 0 0 0 0 0 0 0 0 0 0 3 0 
6970 4 0 0 0 0 0 0 0 0 0 0 0 0 0 0 0 0 0 0 0 4 0 
6985 2 0 0 0 0 0 0 0 0 0 0 0 0 0 0 0 0 0 0 0 2 0 
7000 4 0 0 0 0 0 0 0 0 0 0 0 0 0 0 0 0 0 0 0 4 0 
7015 3 0 0 0 0 0 0 0 0 0 0 0 0 0 0 0 0 0 0 0 3 0 
7030 6 0 0 0 0 0 0 0 0 0 0 0 0 0 0 0 0 0 0 0 6 0 
7045 5 0 0 0 0 0 0 0 0 0 0 0 0 0 0 0 0 0 0 0 5 0 
7060 0 0 0 0 0 0 0 0 0 0 0 0 0 0 0 0 0 0 0 0 0 0 
7067 3 0 0 0 3 0 0 0 0 0 0 0 0 0 0 0 0 0 0 0 0 0 
7082 4 0 0 0 4 0 0 0 0 0 0 0 0 0 0 0 0 0 0 0 0 0 
7097 14 0 0 0 14 0 0 0 0 0 0 0 0 0 0 0 0 0 0 0 0 0 
7112 4 0 0 0 4 0 0 0 0 0 0 0 0 0 0 0 0 0 0 0 0 0 
7127 3 0 0 0 3 0 0 0 0 0 0 0 0 0 0 0 0 0 0 0 0 0 
7142 4 0 0 0 4 0 0 0 0 0 0 0 0 0 0 0 0 0 0 0 0 0 
7172 3 0 0 0 3 0 0 0 0 0 0 0 0 0 0 0 0 0 0 0 0 0 
7180 12 0 0 0 3 0 0 0 0 0 0 0 0 0 0 0 0 0 0 0 12 0 
7187 0 11 0 0 0 11 0 0 0 0 0 0 0 0 0 0 0 0 0 0 12 0 
7195 3 0 0 0 0 11 0 0 0 0 0 0 0 0 0 0 0 0 0 0 3 0 
7202 0 0 0 0 0 0 0 0 0 0 0 0 0 0 0 0 0 0 0 0 3 0 
7210 4 0 0 0 0 0 0 0 0 0 0 0 0 0 0 0 0 0 0 0 4 0 
7225 2 0 0 0 0 0 0 0 0 0 0 0 0 0 0 0 0 0 0 0 2 0 
7232 0 1 0 0 0 1 0 0 0 0 0 0 0 0 0 0 0 0 0 0 2 0 
7240 0 0 0 0 0 1 0 0 0 0 0 0 0 0 0 0 0 0 0 0 0 0 
8425 0.5 0 0 0 0 0 0 0 0 0 0 0 0 0 0 0 0 0 0 0 1 0 
8440 0 0 0 0 0 0 0 0 0 0 0 0 0 0 0 0 0 0 0 0 0 0 
11332 3 0 0 0 0 0 0 0 0 0 0 0 0 0 3 0 0 0 0 0 0 0 
11347 9 0 0 0 0 0 0 0 0 0 0 0 0 0 9 0 0 0 0 0 0 0 
11362 6 0 0 0 0 0 0 0 0 0 0 0 0 0 6 0 0 0 0 0 0 0 
11377 10 0 0 0 0 0 0 0 0 0 0 0 0 0 10 0 0 0 0 0 0 0 
11392 0 0 0 0 0 0 0 0 0 0 0 0 0 0 0 0 0 0 0 0 0 0 
13659 7 0 0 0 0 0 0 0 0 0 0 0 0 0 0 0 0 0 7 0 0 0 
13674 6.5 0 0 0 0 0 0 0 7 0 0 0 0 0 0 0 0 0 6 0 0 0 
13684 6 0 0 0 0 0 0 0 6 0 0 0 0 0 0 0 0 0 6 0 0 0 
13689 14 0 0 0 0 0 0 0 6 0 0 0 0 0 0 0 0 0 14 0 0 0 
13699 13 0 0 0 0 0 0 0 13 0 0 0 0 0 0 0 0 0 14 0 0 0 
13704 1 0 0 0 0 0 0 0 13 0 0 0 0 0 0 0 0 0 1 0 0 0 
13714 2 0 0 0 0 0 0 0 2 0 0 0 0 0 0 0 0 0 1 0 0 0 
13719 0 0 0 0 0 0 0 0 2 0 0 0 0 0 0 0 0 0 0 0 0 0 
13729 9 0 0 0 0 0 0 0 9 0 0 0 0 0 0 0 0 0 0 0 0 0 
13744 10.5 0 0 0 0 0 0 0 12 0 0 0 0 0 0 0 0 0 9 0 0 0 
13749 12 0 0 0 0 0 0 0 12 0 0 0 0 0 0 0 0 0 12 0 0 0 
13759 7 0 0 0 0 0 0 0 7 0 0 0 0 0 0 0 0 0 12 0 0 0 
13774 4.5 0 0 0 0 0 0 0 2 0 0 0 0 0 0 0 0 0 7 0 0 0 
13779 2 0 0 0 0 0 0 0 2 0 0 0 0 0 0 0 0 0 2 0 0 0 
13789 4 0 0 0 0 0 0 0 4 0 0 0 0 0 0 0 0 0 2 0 0 0 
13804 5 0 0 0 0 0 0 0 6 0 0 0 0 0 0 0 0 0 4 0 0 0 
13809 6 0 0 0 0 0 0 0 6 0 0 0 0 0 0 0 0 0 6 0 0 0 
13819 3 0 0 0 0 0 0 0 3 0 0 0 0 0 0 0 0 0 6 0 0 0 
13824 14 0 0 0 0 0 0 0 3 0 0 0 0 0 0 0 0 0 14 0 0 0 
13834 5 0 0 0 0 0 0 0 5 0 0 0 0 0 0 0 0 0 14 0 0 0 
13839 4 0 0 0 0 0 0 0 5 0 0 0 0 0 0 0 0 0 4 0 0 0 
13849 1 0 0 0 0 0 0 0 1 0 0 0 0 0 0 0 0 0 4 0 0 0 
13854 11 0 0 0 0 0 0 0 1 0 0 0 0 0 0 0 0 0 11 0 0 0 
13864 4 0 0 0 0 0 0 0 4 0 0 0 0 0 0 0 0 0 11 0 0 0 
13879 3.5 0 0 0 0 0 0 0 3 0 0 0 0 0 0 0 0 0 4 0 0 0 
13894 6 0 0 0 0 0 0 0 6 0 0 0 0 0 0 0 0 0 4 0 0 0 
13899 5 0 0 0 0 0 0 0 6 0 0 0 0 0 0 0 0 0 5 0 0 0 
13914 6 0 0 0 0 0 0 0 6 0 0 0 0 0 0 0 0 0 6 0 0 0 
13924 0 0 0 0 0 0 0 0 0 0 0 0 0 0 0 0 0 0 6 0 0 0 
13974 4 0 0 0 0 0 0 0 0 0 0 0 0 0 0 0 0 0 4 0 0 0 
14019 3 0 0 0 0 0 0 0 0 0 0 0 0 0 0 0 0 0 3 0 0 0 
14034 4 0 0 0 0 0 0 0 0 0 0 0 0 0 0 0 0 0 4 0 0 0 
14049 0 0 0 0 0 0 0 0 0 0 0 0 0 0 0 0 0 0 0 0 0 0 
14064 2 0 0 0 0 0 0 0 0 0 0 0 0 0 0 0 0 0 2 0 0 0 
14079 3 0 0 0 0 0 0 0 0 0 0 0 0 0 0 0 0 0 3 0 0 0 
14094 4 0 0 0 0 0 0 0 0 0 0 0 0 0 0 0 0 0 4 0 0 0 
14109 14 0 0 0 0 0 0 0 0 0 0 0 0 0 0 0 0 0 14 0 0 0 
14124 4 0 0 0 0 0 0 0 0 0 0 0 0 0 0 0 0 0 4 0 0 0 
14139 3 0 0 0 0 0 0 0 0 0 0 0 0 0 0 0 0 0 3 0 0 0 
14154 0 0 0 0 0 0 0 0 0 0 0 0 0 0 0 0 0 0 0 0 0 0 
14269 1 0 0 0 0 0 0 0 1 0 0 0 0 0 0 0 0 0 0 0 0 0 
14284 14 0 0 0 0 0 0 0 14 0 0 0 0 0 0 0 0 0 0 0 0 0 
14299 3 0 0 0 0 0 0 0 3 0 0 0 0 0 0 0 0 0 0 0 0 0 
14314 14 0 0 0 0 0 0 0 14 0 0 0 0 0 0 0 0 0 0 0 0 0 
14329 4 0 0 0 0 0 0 0 4 0 0 0 0 0 0 0 0 0 0 0 0 0 
14344 15 0 0 0 0 0 0 0 15 0 0 0 0 0 0 0 0 0 0 0 0 0 
14349 4 0 0 0 0 0 0 0 15 0 0 0 0 0 0 0 0 0 4 0 0 0 
14359 12 0 0 0 0 0 0 0 12 0 0 0 0 0 0 0 0 0 4 0 0 0 
14374 0 0 0 0 0 0 0 0 0 0 0 0 0 0 0 0 0 0 4 0 0 0 
14379 3 0 0 0 0 0 0 0 0 0 0 0 0 0 0 0 0 0 3 0 0 0 
14394 19 0 0 0 0 0 0 0 0 0 0 0 0 0 0 0 0 0 19 0 0 0 
14409 3 0 0 0 0 0 0 0 0 0 0 0 0 0 0 0 0 0 3 0 0 0 
14424 0 1 0 0 0 0 0 0 0 0 0 0 0 0 0 0 0 0 0 1 0 0 
14439 0 0 0 0 0 0 0 0 0 0 0 0 0 0 0 0 0 0 0 0 0 0 
14454 0 10 0 0 0 0 0 0 0 0 0 0 0 0 0 0 0 0 0 10 0 0 
14469 0 1 0 0 0 0 0 0 0 0 0 0 0 0 0 0 0 0 0 1 0 0 
14484 0 0 0 0 0 0 0 0 0 0 0 0 0 0 0 0 0 0 0 0 0 0 
14899 1 0 0 0 0 0 0 0 1 0 0 0 0 0 0 0 0 0 0 0 0 0 
14914 4 0 0 0 0 0 0 0 4 0 0 0 0 0 0 0 0 0 0 0 0 0 
14929 14 0 0 0 0 0 0 0 14 0 0 0 0 0 0 0 0 0 0 0 0 0 
14944 4 0 0 0 0 0 0 0 4 0 0 0 0 0 0 0 0 0 0 0 0 0 
14959 3 0 0 0 0 0 0 0 3 0 0 0 0 0 0 0 0 0 0 0 0 0 
14974 4 0 0 0 0 0 0 0 4 0 0 0 0 0 0 0 0 0 0 0 0 0 
15019 1 0 0 0 0 0 0 0 1 0 0 0 0 0 0 0 0 0 0 0 0 0 
15034 0 0 0 0 0 0 0 0 0 0 0 0 0 0 0 0 0 0 0 0 0 0 
15230 7 0 0 0 0 0 0 0 0 0 7 0 0 0 0 0 0 0 0 0 0 0 
15245 6 0 0 0 0 0 0 0 0 0 6 0 0 0 0 0 0 0 0 0 0 0 
15260 14 0 0 0 0 0 0 0 0 0 14 0 0 0 0 0 0 0 0 0 0 0 
15275 1 0 0 0 0 0 0 0 0 0 1 0 0 0 0 0 0 0 0 0 0 0 
15290 0 0 0 0 0 0 0 0 0 0 0 0 0 0 0 0 0 0 0 0 0 0 
15305 9 0 0 0 0 0 0 0 0 0 9 0 0 0 0 0 0 0 0 0 0 0 
15320 12 0 0 0 0 0 0 0 0 0 12 0 0 0 0 0 0 0 0 0 0 0 
15335 7 0 0 0 0 0 0 0 0 0 7 0 0 0 0 0 0 0 0 0 0 0 
15350 2 0 0 0 0 0 0 0 0 0 2 0 0 0 0 0 0 0 0 0 0 0 
15365 4 0 0 0 0 0 0 0 0 0 4 0 0 0 0 0 0 0 0 0 0 0 
15380 6 0 0 0 0 0 0 0 0 0 6 0 0 0 0 0 0 0 0 0 0 0 
15395 3 0 0 0 0 0 0 0 0 0 3 0 0 0 0 0 0 0 0 0 0 0 
15410 5 0 0 0 0 0 0 0 0 0 5 0 0 0 0 0 0 0 0 0 0 0 
15425 1 0 0 0 0 0 0 0 0 0 1 0 0 0 0 0 0 0 0 0 0 0 
15440 4 0 0 0 0 0 0 0 0 0 4 0 0 0 0 0 0 0 0 0 0 0 
15455 3 0 0 0 0 0 0 0 0 0 3 0 0 0 0 0 0 0 0 0 0 0 
15470 6 0 0 0 0 0 0 0 0 0 6 0 0 0 0 0 0 0 0 0 0 0 
15500 0 0 0 0 0 0 0 0 0 0 0 0 0 0 0 0 0 0 0 0 0 0 
15633 2 0 0 0 0 0 2 0 0 0 0 0 0 0 0 0 0 0 0 0 0 0 
15648 10 0 0 0 0 0 10 0 0 0 0 0 0 0 0 0 0 0 0 0 0 0 
15663 4 0 0 0 0 0 4 0 0 0 0 0 0 0 0 0 0 0 0 0 0 0 
15678 10 0 0 0 0 0 10 0 0 0 0 0 0 0 0 0 0 0 0 0 0 0 
15693 0 0 0 0 0 0 0 0 0 0 0 0 0 0 0 0 0 0 0 0 0 0 
16250 4 0 0 0 0 0 0 0 0 0 4 0 0 0 0 0 0 0 0 0 0 0 
16265 14 0 0 0 0 0 0 0 0 0 14 0 0 0 0 0 0 0 0 0 0 0 
16280 4 0 0 0 0 0 0 0 0 0 4 0 0 0 0 0 0 0 0 0 0 0 
16295 3 0 0 0 0 0 0 0 0 0 3 0 0 0 0 0 0 0 0 0 0 0 
16310 4 0 0 0 0 0 0 0 0 0 4 0 0 0 0 0 0 0 0 0 0 0 
16325 26 0 0 0 0 0 0 0 0 0 26 0 0 0 0 0 0 0 0 0 0 0 
16340 1 0 0 0 0 0 0 0 0 0 1 0 0 0 0 0 0 0 0 0 0 0 
16355 0 0 0 0 0 0 0 0 0 0 0 0 0 0 0 0 0 0 0 0 0 0 
17002 4 0 0 0 0 0 0 0 0 0 0 0 0 0 4 0 0 0 0 0 0 0 
17047 18 0 0 0 0 0 0 0 0 0 0 0 0 0 18 0 0 0 0 0 0 0 
17062 4 0 0 0 0 0 0 0 0 0 0 0 0 0 4 0 0 0 0 0 0 0 
17090 15 0 0 0 0 0 0 0 0 0 15 0 0 0 4 0 0 0 0 0 0 0 
17105 4 0 0 0 0 0 0 0 0 0 4 0 0 0 4 0 0 0 0 0 0 0 
17107 3 0 0 0 0 0 0 0 0 0 4 0 0 0 3 0 0 0 0 0 0 0 
17122 4 0 0 0 0 0 0 0 0 0 4 0 0 0 4 0 0 0 0 0 0 0 
17135 3 0 0 0 0 0 0 0 0 0 3 0 0 0 4 0 0 0 0 0 0 0 
17150 0 0 0 0 0 0 0 0 0 0 0 0 0 0 4 0 0 0 0 0 0 0 
17165 1 0 0 0 0 0 0 0 0 0 1 0 0 0 4 0 0 0 0 0 0 0 
17167 3 0 0 0 0 0 0 0 0 0 1 0 0 0 3 0 0 0 0 0 0 0 
17180 4 0 0 0 0 0 0 0 0 0 4 0 0 0 3 0 0 0 0 0 0 0 
17195 3.5 0 0 0 0 0 0 0 0 0 3 0 0 0 4 0 0 0 0 0 0 0 
17210 4 0 0 0 0 0 0 0 0 0 4 0 0 0 4 0 0 0 0 0 0 0 
17227 1 0 0 0 0 0 0 0 0 0 4 0 0 0 1 0 0 0 0 0 0 0 
17242 0 1 0 0 0 0 0 0 0 0 4 0 0 0 0 1 0 0 0 0 0 0 
17257 0 5.5 0 0 0 0 0 0 0 0 0 1 0 0 0 10 0 0 0 0 0 0 
17270 0 0 0 0 0 0 0 0 0 0 0 0 0 0 0 10 0 0 0 0 0 0 
17315 0 0.5 0 0 0 0 0 0 0 0 0 1 0 0 0 0 0 0 0 0 0 0 
17330 0 0 0 0 0 0 0 0 0 0 0 0 0 0 0 0 0 0 0 0 0 0 
18214 1 0 0 0 0 0 0 0 1 0 0 0 0 0 0 0 0 0 0 0 0 0 
18229 14 0 0 0 0 0 0 0 14 0 0 0 0 0 0 0 0 0 0 0 0 0 
18244 4 0 0 0 0 0 0 0 4 0 0 0 0 0 0 0 0 0 0 0 0 0 
18259 3 0 0 0 0 0 0 0 3 0 0 0 0 0 0 0 0 0 0 0 0 0 
18274 4 0 0 0 0 0 0 0 4 0 0 0 0 0 0 0 0 0 0 0 0 0 
18319 3 0 0 0 0 0 0 0 3 0 0 0 0 0 0 0 0 0 0 0 0 0 
18334 4 0 0 0 0 0 0 0 4 0 0 0 0 0 0 0 0 0 0 0 0 0 
18349 2 0 0 0 0 0 0 0 2 0 0 0 0 0 0 0 0 0 0 0 0 0 
18364 0 1 0 0 0 0 0 0 0 1 0 0 0 0 0 0 0 0 0 0 0 0 
18379 0 0 0 0 0 0 0 0 0 0 0 0 0 0 0 0 0 0 0 0 0 0 
18409 0 1 0 0 0 0 0 0 0 1 0 0 0 0 0 0 0 0 0 0 0 0 
18424 0 0 0 0 0 0 0 0 0 0 0 0 0 0 0 0 0 0 0 0 0 0 
20091 8 0 0 0 0 0 0 0 0 0 0 0 8 0 0 0 0 0 0 0 0 0 
20121 12 0 0 0 0 0 0 0 0 0 0 0 12 0 0 0 0 0 0 0 0 0 
20136 7 0 0 0 0 0 0 0 0 0 0 0 7 0 0 0 0 0 0 0 0 0 
20151 3 0 0 0 0 0 0 0 0 0 0 0 3 0 0 0 0 0 0 0 0 0 
20166 16 0 0 0 0 0 0 0 0 0 0 0 16 0 0 0 0 0 0 0 0 0 
20181 2 0 0 0 0 0 0 0 0 0 0 0 2 0 0 0 0 0 0 0 0 0 
20196 4 0 0 0 0 0 0 0 0 0 0 0 4 0 0 0 0 0 0 0 0 0 
20211 3 0 0 0 0 0 0 0 0 0 0 0 3 0 0 0 0 0 0 0 0 0 
20226 6 0 0 0 0 0 0 0 0 0 0 0 6 0 0 0 0 0 0 0 0 0 
20241 4 0 0 0 0 0 0 0 0 0 0 0 4 0 0 0 0 0 0 0 0 0 
20256 3 0 0 0 0 0 0 0 0 0 0 0 3 0 0 0 0 0 0 0 0 0 
20271 2 0 0 0 0 0 0 0 0 0 0 0 2 0 0 0 0 0 0 0 0 0 
20286 4 0 0 0 0 0 0 0 0 0 0 0 4 0 0 0 0 0 0 0 0 0 
20301 6 0 0 0 0 0 0 0 0 0 0 0 6 0 0 0 0 0 0 0 0 0 
20316 4 0 0 0 0 0 0 0 0 0 0 0 4 0 0 0 0 0 0 0 0 0 
20346 0 0 0 0 0 0 0 0 0 0 0 0 0 0 0 0 0 0 0 0 0 0 
21278 6 0 0 0 0 0 0 0 0 0 0 0 0 0 0 0 6 0 0 0 0 0 
21293 4 0 0 0 0 0 0 0 0 0 0 0 0 0 0 0 4 0 0 0 0 0 
21308 16 0 0 0 0 0 0 0 0 0 0 0 0 0 0 0 16 0 0 0 0 0 
21323 2 0 0 0 0 0 0 0 0 0 0 0 0 0 0 0 2 0 0 0 0 0 
21338 8 0 0 0 0 0 0 0 0 0 0 0 0 0 0 0 8 0 0 0 0 0 
21368 12 0 0 0 0 0 0 0 0 0 0 0 0 0 0 0 12 0 0 0 0 0 
21383 1 0 0 0 0 0 0 0 0 0 0 0 0 0 0 0 1 0 0 0 0 0 
21398 4 0 0 0 0 0 0 0 0 0 0 0 0 0 0 0 4 0 0 0 0 0 
21428 6 0 0 0 0 0 0 0 0 0 0 0 0 0 0 0 6 0 0 0 0 0 
21443 5 0 0 0 0 0 0 0 0 0 0 0 0 0 0 0 5 0 0 0 0 0 
21458 0 0 0 0 0 0 0 0 0 0 0 0 0 0 0 0 0 0 0 0 0 0 
21473 4 0 0 0 0 0 0 0 0 0 0 0 0 0 0 0 4 0 0 0 0 0 
21498 1 0 0 0 0 0 1 0 0 0 0 0 0 0 0 0 4 0 0 0 0 0 
21503 5 0 0 0 0 0 1 0 0 0 0 0 0 0 0 0 5 0 0 0 0 0 
21513 4 0 0 0 0 0 4 0 0 0 0 0 0 0 0 0 5 0 0 0 0 0 
21533 3 0 0 0 0 0 4 0 0 0 0 0 0 0 0 0 3 0 0 0 0 0 
21543 18 0 0 0 0 0 18 0 0 0 0 0 0 0 0 0 3 0 0 0 0 0 
21548 0 0 0 0 0 0 18 0 0 0 0 0 0 0 0 0 0 0 0 0 0 0 
21558 27 0 0 0 0 0 27 0 0 0 0 0 0 0 0 0 0 0 0 0 0 0 
21563 -16 0 0 0 0 0 27 0 0 0 0 0 0 0 0 0 -16 0 0 0 0 0 
21573 4 0 0 0 0 0 4 0 0 0 0 0 0 0 0 0 -16 0 0 0 0 0 
21578 -12 0 0 0 0 0 4 0 0 0 0 0 0 0 0 0 -12 0 0 0 0 0 
21588 -2 0 0 0 0 0 -2 0 0 0 0 0 0 0 0 0 -12 0 0 0 0 0 
21593 -17 0 0 0 0 0 -2 0 0 0 0 0 0 0 0 0 -17 0 0 0 0 0 
21603 0 0 0 0 0 0 0 0 0 0 0 0 0 0 0 0 -17 0 0 0 0 0 
21608 -12 0 0 0 0 0 0 0 0 0 0 0 0 0 0 0 -12 0 0 0 0 0 
21623 -6 0 0 0 0 0 0 0 0 0 0 0 0 0 0 0 -6 0 0 0 0 0 
21638 -7 0 0 0 0 0 0 0 0 0 0 0 0 0 0 0 -7 0 0 0 0 0 
21653 -4 0 0 0 0 0 0 0 0 0 0 0 0 0 0 0 -4 0 0 0 0 0 
21663 17 0 0 0 0 0 17 0 0 0 0 0 0 0 0 0 -4 0 0 0 0 0 
21668 -3 0 0 0 0 0 17 0 0 0 0 0 0 0 0 0 -3 0 0 0 0 0 
21678 4 0 0 0 0 0 4 0 0 0 0 0 0 0 0 0 -3 0 0 0 0 0 
21683 -6 0 0 0 0 0 4 0 0 0 0 0 0 0 0 0 -6 0 0 0 0 0 
21693 2 0 0 0 0 0 2 0 0 0 0 0 0 0 0 0 -6 0 0 0 0 0 
21698 -7 0 0 0 0 0 2 0 0 0 0 0 0 0 0 0 -7 0 0 0 0 0 
21708 0 1 0 0 0 0 0 1 0 0 0 0 0 0 0 0 -7 0 0 0 0 0 
21713 -4 0 0 0 0 0 0 1 0 0 0 0 0 0 0 0 -4 0 0 0 0 0 
21723 0 0 0 0 0 0 0 0 0 0 0 0 0 0 0 0 -4 0 0 0 0 0 
21728 -2 0 0 0 0 0 0 0 0 0 0 0 0 0 0 0 -2 0 0 0 0 0 
21743 0 0 0 0 0 0 0 0 0 0 0 0 0 0 0 0 0 0 0 0 0 0 
22087 6 0 0 0 0 0 0 0 0 0 0 0 0 0 6 0 0 0 0 0 0 0 
22102 4 0 0 0 0 0 0 0 0 0 0 0 0 0 4 0 0 0 0 0 0 0 
22117 16 0 0 0 0 0 0 0 0 0 0 0 0 0 16 0 0 0 0 0 0 0 
22132 2 0 0 0 0 0 0 0 0 0 0 0 0 0 2 0 0 0 0 0 0 0 
22147 0 0 0 0 0 0 0 0 0 0 0 0 0 0 0 0 0 0 0 0 0 0 
22148 9 0 0 0 0 0 0 0 0 0 0 0 0 0 0 0 9 0 0 0 0 0 
22162 8 0 0 0 0 0 0 0 0 0 0 0 0 0 8 0 9 0 0 0 0 0 
22163 7 0 0 0 0 0 0 0 0 0 0 0 0 0 8 0 7 0 0 0 0 0 
22178 12 0 0 0 0 0 0 0 0 0 0 0 0 0 8 0 12 0 0 0 0 0 
22193 9.5 0 0 0 0 0 0 0 0 0 0 0 0 0 12 0 7 0 0 0 0 0 
22207 1 0 0 0 0 0 0 0 0 0 0 0 0 0 1 0 7 0 0 0 0 0 
22208 6 0 0 0 0 0 0 0 0 0 0 0 0 0 1 0 6 0 0 0 0 0 
22222 4 0 0 0 0 0 0 0 0 0 0 0 0 0 4 0 6 0 0 0 0 0 
22223 13 0 0 0 0 0 0 0 0 0 0 0 0 0 4 0 13 0 0 0 0 0 
22238 2 0 0 0 0 0 0 0 0 0 0 0 0 0 4 0 2 0 0 0 0 0 
22252 6 0 0 0 0 0 0 0 0 0 0 0 0 0 6 0 2 0 0 0 0 0 
22253 4 0 0 0 0 0 0 0 0 0 0 0 0 0 6 0 4 0 0 0 0 0 
22267 5 0 0 0 0 0 0 0 0 0 0 0 0 0 5 0 4 0 0 0 0 0 
22282 0 0 0 0 0 0 0 0 0 0 0 0 0 0 0 0 4 0 0 0 0 0 
22283 5 0 0 0 0 0 0 0 0 0 0 0 0 0 0 0 5 0 0 0 0 0 
22297 4 0 0 0 0 0 0 0 0 0 0 0 0 0 4 0 5 0 0 0 0 0 
22298 14 0 0 0 0 0 0 0 0 0 0 0 0 0 4 0 14 0 0 0 0 0 
22313 3 0 0 0 0 0 0 0 0 0 0 0 0 0 4 0 3 0 0 0 0 0 
22327 5 0 0 0 0 0 0 0 0 0 0 0 0 0 5 0 3 0 0 0 0 0 
22342 4 0 0 0 0 0 0 0 0 0 0 0 0 0 4 0 3 0 0 0 0 0 
22357 3 0 0 0 0 0 0 0 0 0 0 0 0 0 3 0 3 0 0 0 0 0 
22358 6 0 0 0 0 0 0 0 0 0 0 0 0 0 3 0 6 0 0 0 0 0 
22372 0 0 0 0 0 0 0 0 0 0 0 0 0 0 0 0 6 0 0 0 0 0 
22373 4 0 0 0 0 0 0 0 0 0 0 0 0 0 0 0 4 0 0 0 0 0 
22403 0 0 0 0 0 0 0 0 0 0 0 0 0 0 0 0 0 0 0 0 0 0 
22960 3 0 0 0 0 0 0 0 0 0 0 0 0 0 0 0 0 0 0 0 3 0 
22988 1 0 0 0 0 0 0 0 0 0 0 0 0 0 0 0 1 0 0 0 3 0 
22990 4 0 0 0 0 0 0 0 0 0 0 0 0 0 0 0 1 0 0 0 4 0 
23003 3 0 0 0 0 0 0 0 0 0 0 0 0 0 0 0 3 0 0 0 4 0 
23018 4 0 0 0 0 0 0 0 0 0 0 0 0 0 0 0 4 0 0 0 4 0 
23035 3 0 0 0 0 0 0 0 0 0 0 0 0 0 0 0 4 0 0 0 3 0 
23050 4 0 0 0 0 0 0 0 0 0 0 0 0 0 0 0 4 0 0 0 4 0 
23063 3 0 0 0 0 0 0 0 0 0 0 0 0 0 0 0 3 0 0 0 4 0 
23078 4 0 0 0 0 0 0 0 0 0 0 0 0 0 0 0 4 0 0 0 4 0 
23093 2 0 0 0 0 0 0 0 0 0 0 0 0 0 0 0 2 0 0 0 4 0 
23095 3 0 0 0 0 0 0 0 0 0 0 0 0 0 0 0 2 0 0 0 3 0 
23108 0 0 0 0 0 0 0 0 0 0 0 0 0 0 0 0 0 0 0 0 3 0 
23110 4 0 0 0 0 0 0 0 0 0 0 0 0 0 0 0 0 0 0 0 4 0 
23155 3 0 0 0 0 0 0 0 0 0 0 0 0 0 0 0 0 0 0 0 3 0 
23170 4 0 0 0 0 0 0 0 0 0 0 0 0 0 0 0 0 0 0 0 4 0 
23200 2 0 0 0 0 0 0 0 0 0 0 0 0 0 0 0 0 0 0 0 2 0 
23215 -2 0 0 0 0 0 0 0 0 0 0 0 0 0 0 0 0 0 0 0 -2 0 
23230 0 0 0 0 0 0 0 0 0 0 0 0 0 0 0 0 0 0 0 0 0 0 
23275 1 0 0 0 0 0 0 0 0 0 0 0 0 0 0 0 0 0 0 0 1 0 
23290 4 0 0 0 0 0 0 0 0 0 0 0 0 0 0 0 0 0 0 0 4 0 
23335 3 0 0 0 0 0 0 0 0 0 0 0 0 0 0 0 0 0 0 0 3 0 
23350 4 0 0 0 0 0 0 0 0 0 0 0 0 0 0 0 0 0 0 0 4 0 
23380 0 0 0 0 0 0 0 0 0 0 0 0 0 0 0 0 0 0 0 0 0 0 
23393 4 0 0 0 0 0 0 0 0 0 0 0 0 0 0 0 4 0 0 0 0 0 
23423 13 0 0 0 0 0 0 0 0 0 0 0 0 0 0 0 13 0 0 0 0 0 
23438 4 0 0 0 0 0 0 0 0 0 0 0 0 0 0 0 4 0 0 0 0 0 
23483 3 0 0 0 0 0 0 0 0 0 0 0 0 0 0 0 3 0 0 0 0 0 
23498 0 0 0 0 0 0 0 0 0 0 0 0 0 0 0 0 0 0 0 0 0 0 
24460 1 0 0 0 0 0 0 0 0 0 0 0 0 0 0 0 0 0 0 0 1 0 
24475 3 0 0 0 0 0 0 0 0 0 0 0 0 0 0 0 0 0 0 0 3 0 
24490 4 0 0 0 0 0 0 0 0 0 0 0 0 0 0 0 0 0 0 0 4 0 
24535 3 0 0 0 0 0 0 0 0 0 0 0 0 0 0 0 0 0 0 0 3 0 
24550 4 0 0 0 0 0 0 0 0 0 0 0 0 0 0 0 0 0 0 0 4 0 
24580 3 0 0 0 0 0 0 0 0 0 0 0 0 0 0 0 0 0 0 0 3 0 
24595 0 1 0 0 0 0 0 0 0 0 0 0 0 0 0 0 0 0 0 0 0 1 
24610 0 0 0 0 0 0 0 0 0 0 0 0 0 0 0 0 0 0 0 0 0 0 
24625 0 10 0 0 0 0 0 0 0 0 0 0 0 0 0 0 0 0 0 0 0 10 
24640 0 1 0 0 0 0 0 0 0 0 0 0 0 0 0 0 0 0 0 0 0 1 
24655 0 0 0 0 0 0 0 0 0 0 0 0 0 0 0 0 0 0 0 0 0 0 
25567 1 0 0 0 0 0 0 0 0 0 0 0 0 0 1 0 0 0 0 0 0 0 
25582 23 0 0 0 0 0 0 0 0 0 0 0 0 0 23 0 0 0 0 0 0 0 
25597 4 0 0 0 0 0 0 0 0 0 0 0 0 0 4 0 0 0 0 0 0 0 
25627 3 0 0 0 0 0 0 0 0 0 0 0 0 0 3 0 0 0 0 0 0 0 
25642 4 0 0 0 0 0 0 0 0 0 0 0 0 0 4 0 0 0 0 0 0 0 
25657 -2 0 0 0 0 0 0 0 0 0 0 0 0 0 -2 0 0 0 0 0 0 0 
25672 0 0 0 0 0 0 0 0 0 0 0 0 0 0 0 0 0 0 0 0 0 0 
25760 9 0 0 0 0 0 0 0 0 0 9 0 0 0 0 0 0 0 0 0 0 0 
25775 7 0 0 0 0 0 0 0 0 0 7 0 0 0 0 0 0 0 0 0 0 0 
25778 1 0 0 0 0 0 0 0 0 0 7 0 0 0 0 0 1 0 0 0 0 0 
25790 12 0 0 0 0 0 0 0 0 0 12 0 0 0 0 0 1 0 0 0 0 0 
25793 4 0 0 0 0 0 0 0 0 0 12 0 0 0 0 0 4 0 0 0 0 0 
25805 0 0 0 0 0 0 0 0 0 0 0 0 0 0 0 0 4 0 0 0 0 0 
25820 7 0 0 0 0 0 0 0 0 0 7 0 0 0 0 0 4 0 0 0 0 0 
25823 18 0 0 0 0 0 0 0 0 0 7 0 0 0 0 0 18 0 0 0 0 0 
25835 3 0 0 0 0 0 0 0 0 0 3 0 0 0 0 0 18 0 0 0 0 0 
25838 23 0 0 0 0 0 0 0 0 0 3 0 0 0 0 0 23 0 0 0 0 0 
25850 16 0 0 0 0 0 0 0 0 0 16 0 0 0 0 0 23 0 0 0 0 0 
25853 4 0 0 0 0 0 0 0 0 0 16 0 0 0 0 0 4 0 0 0 0 0 
25865 2 0 0 0 0 0 0 0 0 0 2 0 0 0 0 0 4 0 0 0 0 0 
25880 3 0 0 0 0 0 0 0 0 0 4 0 0 0 0 0 2 0 0 0 0 0 
25883 0 1 0 0 0 0 0 0 0 0 4 0 0 0 0 0 0 1 0 0 0 0 
25895 3 0 0 0 0 0 0 0 0 0 3 0 0 0 0 0 0 1 0 0 0 0 
25898 0 0 0 0 0 0 0 0 0 0 3 0 0 0 0 0 0 0 0 0 0 0 
25910 6 0 0 0 0 0 0 0 0 0 6 0 0 0 0 0 0 0 0 0 0 0 
25925 4 0 0 0 0 0 0 0 0 0 4 0 0 0 0 0 0 0 0 0 0 0 
25928 0 11 0 0 0 0 0 0 0 0 4 0 0 0 0 0 0 11 0 0 0 0 
25940 3 0 0 0 0 0 0 0 0 0 3 0 0 0 0 0 0 11 0 0 0 0 
25943 0 0 0 0 0 0 0 0 0 0 3 0 0 0 0 0 0 0 0 0 0 0 
25955 1 0 0 0 0 0 0 0 0 0 1 0 0 0 0 0 0 0 0 0 0 0 
25970 4 0 0 0 0 0 0 0 0 0 4 0 0 0 0 0 0 0 0 0 0 0 
26000 6 0 0 0 0 0 0 0 0 0 6 0 0 0 0 0 0 0 0 0 0 0 
26015 5 0 0 0 0 0 0 0 0 0 5 0 0 0 0 0 0 0 0 0 0 0 
26030 0 0 0 0 0 0 0 0 0 0 0 0 0 0 0 0 0 0 0 0 0 0 
26553 6 0 0 0 0 0 6 0 0 0 0 0 0 0 0 0 0 0 0 0 0 0 
26568 4 0 0 0 0 0 4 0 0 0 0 0 0 0 0 0 0 0 0 0 0 0 
26583 11 0 0 0 0 0 11 0 0 0 0 0 0 0 0 0 0 0 0 0 0 0 
26598 7 0 0 0 0 0 7 0 0 0 0 0 0 0 0 0 0 0 0 0 0 0 
26613 -7 0 0 0 0 0 -7 0 0 0 0 0 0 0 0 0 0 0 0 0 0 0 
26628 -20 0 0 0 0 0 -20 0 0 0 0 0 0 0 0 0 0 0 0 0 0 0 
26643 -1 0 0 0 0 0 -1 0 0 0 0 0 0 0 0 0 0 0 0 0 0 0 
26658 0 0 0 0 0 0 0 0 0 0 0 0 0 0 0 0 0 0 0 0 0 0 
26930 3 0 0 0 0 0 0 0 0 0 3 0 0 0 0 0 0 0 0 0 0 0 
26945 14 0 0 0 0 0 0 0 0 0 14 0 0 0 0 0 0 0 0 0 0 0 
26960 4 0 0 0 0 0 0 0 0 0 4 0 0 0 0 0 0 0 0 0 0 0 
26975 3 0 0 0 0 0 0 0 0 0 3 0 0 0 0 0 0 0 0 0 0 0 
26990 4 0 0 0 0 0 0 0 0 0 4 0 0 0 0 0 0 0 0 0 0 0 
