# ValueCount deltaRailways
10 0 0 0 0 0 0 0 0 0 0 0 0 0 0 0 0 0 0 0 0 0 0 
121 1 7 1 7 1 0 1 0 1 0 1 0 1 0 1 0 1 0 1 0 1 0 
123 2 8 2 7 2 0 2 8 2 0 2 0 2 0 2 0 2 0 2 0 2 0 
124 3 9 3 7 3 0 3 8 3 9 3 0 3 0 3 0 3 0 3 0 3 0 
126 4 8 4 7 4 0 4 8 4 9 4 9 4 7 4 0 4 0 4 0 4 0 
127 5 7 5 7 5 0 5 8 5 9 5 9 5 7 5 7 5 0 5 0 5 0 
130 6 8 6 7 6 0 6 8 6 9 6 9 6 7 6 7 6 0 6 0 6 8 
136 7 10 7 10 7 0 7 8 7 9 7 9 7 7 7 7 7 0 7 0 7 8 
139 8 8 8 10 8 0 8 8 8 8 8 9 8 7 8 7 8 0 8 0 8 8 
141 9 9 9 10 9 0 9 8 9 8 9 8 9 10 9 7 9 0 9 0 9 8 
142 10 10 10 10 10 0 10 8 10 8 10 8 10 10 10 10 10 0 10 0 10 8 
151 11 9 11 9 11 0 11 8 11 8 11 8 11 10 11 10 11 0 11 0 11 8 
153 12 12 12 9 12 0 12 12 12 8 12 8 12 10 12 10 12 0 12 0 12 8 
155 13 11.5 13 9 13 0 13 12 13 12 13 11 13 10 13 10 13 0 13 0 13 8 
160 14 12 14 9 14 0 14 12 14 12 14 11 14 10 14 10 14 0 14 0 14 12 
166 15 2 15 2 15 0 15 12 15 12 15 11 15 10 15 10 15 0 15 0 15 12 
168 16 7 16 2 16 0 16 7 16 12 16 11 16 10 16 10 16 0 16 0 16 12 
171 17 5 17 2 17 0 17 7 17 7 17 7 17 1 17 10 17 0 17 0 17 12 
172 18 1 18 2 18 0 18 7 18 7 18 7 18 1 18 1 18 0 18 0 18 12 
175 19 6 19 2 19 0 19 7 19 7 19 7 19 1 19 1 19 0 19 0 19 6 
181 20 0 20 0 20 0 20 7 20 7 20 7 20 1 20 1 20 0 20 0 20 6 
183 21 3 21 0 21 0 21 3 21 7 21 7 21 1 21 1 21 0 21 0 21 6 
184 22 6 22 0 22 0 22 3 22 6 22 7 22 1 22 1 22 0 22 0 22 6 
185 23 4 23 0 23 0 23 3 23 6 23 4 23 1 23 1 23 0 23 0 23 6 
186 24 0 24 0 24 0 24 3 24 6 24 4 24 0 24 1 24 0 24 0 24 6 
190 25 2 25 0 25 0 25 3 25 6 25 4 25 0 25 0 25 0 25 0 25 4 
198 26 16 26 0 26 0 26 16 26 6 26 4 26 0 26 0 26 0 26 0 26 4 
199 27 13 27 0 27 0 27 16 27 13 27 4 27 0 27 0 27 0 27 0 27 4 
200 28 16 28 0 28 0 28 16 28 13 28 16 28 0 28 0 28 0 28 0 28 4 
213 29 9 29 0 29 0 29 2 29 13 29 16 29 0 29 0 29 0 29 0 29 16 
214 30 2 30 0 30 0 30 2 30 2 30 16 30 0 30 0 30 0 30 0 30 16 
228 31 2.66667 31 0 31 0 31 4 31 2 31 2 31 0 31 0 31 0 31 0 31 2 
229 32 -16 32 0 32 0 32 4 32 -16 32 2 32 0 32 0 32 0 32 0 32 2 
230 33 3 33 0 33 0 33 4 33 -16 33 3 33 0 33 0 33 0 33 0 33 2 
244 34 -2 34 0 34 0 34 3 34 -12 34 3 34 0 34 0 34 0 34 0 34 3 
245 35 4 35 0 35 0 35 3 35 -12 35 4 35 0 35 0 35 0 35 0 35 3 
258 36 5 36 0 36 0 36 6 36 -12 36 4 36 0 36 0 36 0 36 0 36 4 
259 37 -16 37 0 37 0 37 6 37 -16 37 4 37 0 37 0 37 0 37 0 37 4 
260 38 6 38 0 38 0 38 6 38 -16 38 6 38 0 38 0 38 0 38 0 38 4 
273 39 5 39 0 39 0 39 4 39 -16 39 6 39 0 39 0 39 0 39 0 39 6 
274 40 -12 40 0 40 0 40 4 40 -12 40 6 40 0 40 0 40 0 40 0 40 6 
275 41 3 41 0 41 0 41 4 41 -12 41 3 41 0 41 0 41 0 41 0 41 6 
280 42 4 42 0 42 0 42 4 42 -12 42 3 42 0 42 0 42 0 42 0 42 4 
288 43 3 43 0 43 0 43 3 43 -12 43 3 43 0 43 0 43 0 43 0 43 4 
289 44 0 44 0 44 0 44 3 44 0 44 3 44 0 44 0 44 0 44 0 44 4 
290 45 4 45 0 45 0 45 3 45 0 45 4 45 0 45 0 45 0 45 0 45 4 
295 46 3 46 0 46 0 46 3 46 0 46 4 46 0 46 0 46 0 46 0 46 3 
303 47 2 47 0 47 0 47 2 47 0 47 4 47 0 47 0 47 0 47 0 47 3 
318 48 2.66667 48 0 48 0 48 4 48 0 48 2 48 0 48 0 48 0 48 0 48 2 
320 49 4 49 0 49 0 49 4 49 0 49 4 49 0 49 0 49 0 49 0 49 2 
333 50 5 50 0 50 0 50 6 50 0 50 4 50 0 50 0 50 0 50 0 50 4 
335 51 3 51 0 51 0 51 6 51 0 51 3 51 0 51 0 51 0 51 0 51 4 
340 52 6 52 0 52 0 52 6 52 0 52 3 52 0 52 0 52 0 52 0 52 6 
348 53 4 53 0 53 0 53 4 53 0 53 3 53 0 53 0 53 0 53 0 53 6 
350 54 6 54 0 54 0 54 4 54 0 54 6 54 0 54 0 54 0 54 0 54 6 
355 55 3 55 0 55 0 55 4 55 0 55 6 55 0 55 0 55 0 55 0 55 3 
365 56 5 56 0 56 0 56 4 56 0 56 5 56 0 56 0 56 0 56 0 56 3 
378 57 2.5 57 0 57 0 57 0 57 0 57 5 57 0 57 0 57 0 57 0 57 5 
380 58 0 58 0 58 0 58 0 58 0 58 0 58 0 58 0 58 0 58 0 58 5 
490 59 3 59 0 59 0 59 0 59 0 59 0 59 0 59 0 59 0 59 0 59 3 
505 60 4 60 0 60 0 60 0 60 0 60 0 60 0 60 0 60 0 60 0 60 4 
535 61 3 61 0 61 0 61 0 61 0 61 0 61 0 61 0 61 0 61 0 61 3 
550 62 4 62 0 62 0 62 0 62 0 62 0 62 0 62 0 62 0 62 0 62 4 
565 63 1 63 0 63 0 63 0 63 0 63 0 63 0 63 0 63 0 63 0 63 1 
580 64 0 64 0 64 0 64 0 64 0 64 0 64 0 64 0 64 0 64 0 64 0 
1143 65 1 65 0 65 0 65 1 65 0 65 0 65 0 65 0 65 0 65 0 65 0 
1158 66 2.5 66 1 66 0 66 4 66 0 66 0 66 0 66 0 66 0 66 0 66 0 
1171 67 3 67 3 67 0 67 4 67 0 67 0 67 0 67 0 67 0 67 0 67 0 
1186 68 4 68 4 68 0 68 4 68 0 68 0 68 0 68 0 68 0 68 0 68 0 
1188 69 15 69 4 69 0 69 15 69 0 69 0 69 0 69 0 69 0 69 0 69 0 
1203 70 3 70 4 70 0 70 3 70 0 70 0 70 0 70 0 70 0 70 0 70 0 
1218 71 5 71 4 71 0 71 5 71 0 71 0 71 0 71 0 71 0 71 0 71 0 
1220 72 1 72 4 72 0 72 5 72 0 72 1 72 0 72 0 72 0 72 0 72 0 
1231 73 3 73 3 73 0 73 5 73 0 73 1 73 0 73 0 73 0 73 0 73 0 
1235 74 8.5 74 3 74 0 74 3 74 0 74 14 74 0 74 0 74 0 74 0 74 0 
1237 75 3 75 3 75 0 75 3 75 0 75 14 75 0 75 3 75 0 75 0 75 0 
1246 76 4 76 4 76 0 76 3 76 0 76 14 76 0 76 3 76 0 76 0 76 0 
1248 77 0 77 4 77 0 77 0 77 0 77 14 77 0 77 3 77 0 77 0 77 0 
1250 78 4 78 4 78 0 78 0 78 0 78 4 78 0 78 3 78 0 78 0 78 0 
1291 79 3.5 79 3 79 0 79 0 79 0 79 4 79 0 79 4 79 0 79 0 79 0 
1293 80 4 80 3 80 0 80 4 80 0 80 4 80 0 80 4 80 0 80 0 80 0 
1295 81 2 81 3 81 0 81 4 81 0 81 2 81 0 81 4 81 0 81 0 81 0 
1306 82 4 82 4 82 0 82 4 82 0 82 2 82 0 82 4 82 0 82 0 82 0 
1310 83 0 83 4 83 0 83 4 83 0 83 0 83 0 83 4 83 0 83 0 83 0 
1323 84 3 84 4 84 0 84 3 84 0 84 0 84 0 84 4 84 0 84 0 84 0 
1338 85 3.5 85 4 85 0 85 4 85 0 85 0 85 0 85 3 85 0 85 0 85 0 
1342 86 4 86 4 86 0 86 4 86 0 86 0 86 0 86 4 86 0 86 0 86 0 
1351 87 3 87 3 87 0 87 4 87 0 87 0 87 0 87 4 87 0 87 0 87 0 
1366 88 1 88 1 88 0 88 4 88 0 88 0 88 0 88 4 88 0 88 0 88 0 
1368 89 5 89 1 89 0 89 5 89 0 89 0 89 0 89 4 89 0 89 0 89 0 
1381 90 0 90 0 90 0 90 5 90 0 90 0 90 0 90 4 90 0 90 0 90 0 
1383 91 3 91 0 91 0 91 3 91 0 91 0 91 0 91 4 91 0 91 0 91 0 
1387 92 0 92 0 92 0 92 3 92 0 92 0 92 0 92 0 92 0 92 0 92 0 
1398 93 -16 93 0 93 0 93 -16 93 0 93 0 93 0 93 0 93 0 93 0 93 0 
1413 94 -12 94 0 94 0 94 -12 94 0 94 0 94 0 94 0 94 0 94 0 94 0 
1428 95 -25 95 0 95 0 95 -25 95 0 95 0 95 0 95 0 95 0 95 0 95 0 
1430 96 4 96 0 96 0 96 -25 96 0 96 4 96 0 96 0 96 0 96 0 96 0 
1443 97 -3 97 0 97 0 97 -3 97 0 97 4 97 0 97 0 97 0 97 0 97 0 
1445 98 5 98 0 98 0 98 -3 98 0 98 5 98 0 98 0 98 0 98 0 98 0 
1458 99 -4 99 0 99 0 99 -4 99 0 99 5 99 0 99 0 99 0 99 0 99 0 
1460 100 4 100 0 100 0 100 -4 100 0 100 4 100 0 100 0 100 0 100 0 100 0 
1475 101 3 101 0 101 0 101 -4 101 0 101 3 101 0 101 0 101 0 101 0 101 0 
1488 102 -15 102 0 102 0 102 -15 102 0 102 3 102 0 102 0 102 0 102 0 102 0 
1490 103 4 103 0 103 0 103 -15 103 0 103 4 103 0 103 0 103 0 103 0 103 0 
1503 104 -3 104 0 104 0 104 -3 104 0 104 4 104 0 104 0 104 0 104 0 104 0 
1505 105 3 105 0 105 0 105 -3 105 0 105 3 105 0 105 0 105 0 105 0 105 0 
1518 106 -4 106 0 106 0 106 -4 106 0 106 3 106 0 106 0 106 0 106 0 106 0 
1520 107 0 107 0 107 0 107 -4 107 0 107 0 107 0 107 0 107 0 107 0 107 0 
1548 108 -7 108 0 108 0 108 -7 108 0 108 0 108 0 108 0 108 0 108 0 108 0 
1550 109 4 109 0 109 0 109 -7 109 0 109 4 109 0 109 0 109 0 109 0 109 0 
1563 110 -6 110 0 110 0 110 -6 110 0 110 4 110 0 110 0 110 0 110 0 110 0 
1566 111 3 111 0 111 0 111 -6 111 0 111 4 111 3 111 0 111 0 111 0 111 0 
1578 112 -4 112 0 112 0 112 -4 112 0 112 4 112 3 112 0 112 0 112 0 112 0 
1581 113 4 113 0 113 0 113 -4 113 0 113 4 113 4 113 0 113 0 113 0 113 0 
1595 114 3 114 0 114 0 114 -4 114 0 114 3 114 4 114 0 114 0 114 0 114 0 
1610 115 4 115 0 115 0 115 -4 115 0 115 4 115 4 115 0 115 0 115 0 115 0 
1611 116 3 116 0 116 0 116 -4 116 0 116 4 116 3 116 0 116 0 116 0 116 0 
1623 117 -3 117 0 117 0 117 -3 117 0 117 4 117 3 117 0 117 0 117 0 117 0 
1625 118 0 118 0 118 0 118 -3 118 0 118 0 118 3 118 0 118 0 118 0 118 0 
1626 119 5 119 0 119 0 119 -3 119 0 119 0 119 5 119 0 119 0 119 0 119 0 
1630 120 1 120 0 120 0 120 -3 120 0 120 0 120 5 120 0 120 0 120 0 120 1 
1638 121 -4 121 0 121 0 121 -4 121 0 121 0 121 5 121 0 121 0 121 0 121 1 
1641 122 4 122 0 122 0 122 -4 122 0 122 0 122 4 122 0 122 0 122 0 122 1 
1645 123 5 123 0 123 0 123 -4 123 0 123 0 123 4 123 0 123 0 123 0 123 5 
1660 124 4 124 0 124 0 124 -4 124 0 124 0 124 4 124 0 124 0 124 0 124 4 
1671 125 3 125 0 125 0 125 -4 125 0 125 0 125 3 125 0 125 0 125 0 125 4 
1683 126 0 126 0 126 0 126 -3 126 0 126 0 126 3 126 0 126 0 126 0 126 3 
1686 127 4 127 0 127 0 127 -3 127 0 127 0 127 4 127 0 127 0 127 0 127 3 
1698 128 -1.5 128 0 128 0 128 -7 128 0 128 0 128 4 128 0 128 0 128 0 128 4 
1713 129 -4 129 0 129 0 129 -4 129 0 129 0 129 4 129 0 129 0 129 0 129 4 
1716 130 3 130 0 130 0 130 -4 130 0 130 0 130 3 130 0 130 0 130 0 130 4 
1728 131 -7 131 0 131 0 131 -7 131 0 131 0 131 3 131 0 131 0 131 0 131 4 
1731 132 0 132 0 132 0 132 -7 132 0 132 0 132 0 132 0 132 0 132 0 132 4 
1735 133 1 133 0 133 0 133 -7 133 0 133 0 133 0 133 0 133 0 133 0 133 1 
1743 134 -3 134 0 134 0 134 -3 134 0 134 0 134 0 134 0 134 0 134 0 134 1 
1750 135 0 135 0 135 0 135 -3 135 0 135 0 135 0 135 0 135 0 135 0 135 0 
1758 136 -2 136 0 136 0 136 -2 136 0 136 0 136 0 136 0 136 0 136 0 136 0 
1773 137 0 137 0 137 0 137 0 137 0 137 0 137 0 137 0 137 0 137 0 137 0 
1795 138 1 138 0 138 0 138 0 138 0 138 0 138 0 138 0 138 0 138 0 138 1 
1810 139 4 139 0 139 0 139 0 139 0 139 0 139 0 139 0 139 0 139 0 139 4 
1855 140 3 140 0 140 0 140 0 140 0 140 0 140 0 140 0 140 0 140 0 140 3 
1870 141 4 141 0 141 0 141 0 141 0 141 0 141 0 141 0 141 0 141 0 141 4 
1885 142 5 142 0 142 0 142 0 142 0 142 0 142 0 142 0 142 0 142 0 142 5 
1900 143 0 143 0 143 0 143 0 143 0 143 0 143 0 143 0 143 0 143 0 143 0 
2178 144 8 144 0 144 0 144 8 144 0 144 0 144 0 144 0 144 0 144 0 144 0 
2208 145 12 145 0 145 0 145 12 145 0 145 0 145 0 145 0 145 0 145 0 145 0 
2223 146 6 146 0 146 0 146 6 146 0 146 0 146 0 146 0 146 0 146 0 146 0 
2238 147 4 147 0 147 0 147 4 147 0 147 0 147 0 147 0 147 0 147 0 147 0 
2253 148 16 148 0 148 0 148 16 148 0 148 0 148 0 148 0 148 0 148 0 148 0 
2268 149 2 149 0 149 0 149 2 149 0 149 0 149 0 149 0 149 0 149 0 149 0 
2283 150 3 150 0 150 0 150 3 150 0 150 0 150 0 150 0 150 0 150 0 150 0 
2298 151 4 151 0 151 0 151 4 151 0 151 0 151 0 151 0 151 0 151 0 151 0 
2313 152 6 152 0 152 0 152 6 152 0 152 0 152 0 152 0 152 0 152 0 152 0 
2328 153 4 153 0 153 0 153 4 153 0 153 0 153 0 153 0 153 0 153 0 153 0 
2343 154 3 154 0 154 0 154 3 154 0 154 0 154 0 154 0 154 0 154 0 154 0 
2358 155 2 155 0 155 0 155 2 155 0 155 0 155 0 155 0 155 0 155 0 155 0 
2373 156 4 156 0 156 0 156 4 156 0 156 0 156 0 156 0 156 0 156 0 156 0 
2388 157 6 157 0 157 0 157 6 157 0 157 0 157 0 157 0 157 0 157 0 157 0 
2403 158 3 158 0 158 0 158 3 158 0 158 0 158 0 158 0 158 0 158 0 158 0 
2418 159 5 159 0 159 0 159 5 159 0 159 0 159 0 159 0 159 0 159 0 159 0 
2433 160 0 160 0 160 0 160 0 160 0 160 0 160 0 160 0 160 0 160 0 160 0 
2913 161 1 161 0 161 0 161 1 161 0 161 0 161 0 161 0 161 0 161 0 161 0 
2928 162 4 162 0 162 0 162 4 162 0 162 0 162 0 162 0 162 0 162 0 162 0 
2943 163 14 163 0 163 0 163 14 163 0 163 0 163 0 163 0 163 0 163 0 163 0 
2958 164 4 164 0 164 0 164 4 164 0 164 0 164 0 164 0 164 0 164 0 164 0 
2988 165 1 165 0 165 0 165 1 165 0 165 0 165 0 165 0 165 0 165 0 165 0 
3003 166 3 166 0 166 0 166 3 166 0 166 0 166 0 166 0 166 0 166 0 166 0 
3018 167 5 167 0 167 0 167 5 167 0 167 0 167 0 167 0 167 0 167 0 167 0 
3033 168 4 168 0 168 0 168 4 168 0 168 0 168 0 168 0 168 0 168 0 168 0 
3063 169 1 169 0 169 0 169 1 169 0 169 0 169 0 169 0 169 0 169 0 169 0 
3078 170 0 170 0 170 0 170 0 170 0 170 0 170 0 170 0 170 0 170 0 170 0 
3153 171 1 171 0 171 0 171 1 171 0 171 0 171 0 171 0 171 0 171 0 171 0 
3168 172 4 172 0 172 0 172 4 172 0 172 0 172 0 172 0 172 0 172 0 172 0 
3183 173 3 173 0 173 0 173 3 173 0 173 0 173 0 173 0 173 0 173 0 173 0 
3198 174 19 174 0 174 0 174 19 174 0 174 0 174 0 174 0 174 0 174 0 174 0 
3213 175 2 175 0 175 0 175 2 175 0 175 0 175 0 175 0 175 0 175 0 175 0 
3228 176 0 176 0 176 0 176 0 176 0 176 0 176 0 176 0 176 0 176 0 176 0 
5762 177 8 177 0 177 8 177 0 177 0 177 0 177 0 177 0 177 0 177 0 177 0 
5792 178 12 178 0 178 12 178 0 178 0 178 0 178 0 178 0 178 0 178 0 178 0 
5807 179 6 179 0 179 6 179 0 179 0 179 0 179 0 179 0 179 0 179 0 179 0 
5822 180 4 180 0 180 4 180 0 180 0 180 0 180 0 180 0 180 0 180 0 180 0 
5837 181 16 181 0 181 16 181 0 181 0 181 0 181 0 181 0 181 0 181 0 181 0 
5852 182 2 182 0 182 2 182 0 182 0 182 0 182 0 182 0 182 0 182 0 182 0 
5867 183 4 183 0 183 4 183 0 183 0 183 0 183 0 183 0 183 0 183 0 183 0 
5897 184 6 184 0 184 6 184 0 184 0 184 0 184 0 184 0 184 0 184 0 184 0 
5912 185 4 185 0 185 4 185 0 185 0 185 0 185 0 185 0 185 0 185 0 185 0 
5927 186 3 186 0 186 3 186 0 186 0 186 0 186 0 186 0 186 0 186 0 186 0 
5942 187 2 187 0 187 2 187 0 187 0 187 0 187 0 187 0 187 0 187 0 187 0 
5957 188 4 188 0 188 4 188 0 188 0 188 0 188 0 188 0 188 0 188 0 188 0 
5972 189 6 189 0 189 6 189 0 189 0 189 0 189 0 189 0 189 0 189 0 189 0 
5987 190 3 190 0 190 3 190 0 190 0 190 0 190 0 190 0 190 0 190 0 190 0 
6002 191 5 191 0 191 5 191 0 191 0 191 0 191 0 191 0 191 0 191 0 191 0 
6017 192 0 192 0 192 0 192 0 192 0 192 0 192 0 192 0 192 0 192 0 192 0 
6047 193 1 193 0 193 1 193 0 193 0 193 0 193 0 193 0 193 0 193 0 193 0 
6062 194 4 194 0 194 4 194 0 194 0 194 0 194 0 194 0 194 0 194 0 194 0 
6107 195 3 195 0 195 3 195 0 195 0 195 0 195 0 195 0 195 0 195 0 195 0 
6122 196 4 196 0 196 4 196 0 196 0 196 0 196 0 196 0 196 0 196 0 196 0 
6137 197 3 197 0 197 3 197 0 197 0 197 0 197 0 197 0 197 0 197 0 197 0 
6152 198 0 198 0 198 0 198 0 198 0 198 0 198 0 198 0 198 0 198 0 198 0 
6167 199 2 199 0 199 2 199 0 199 0 199 0 199 0 199 0 199 0 199 0 199 0 
6182 200 4 200 0 200 4 200 0 200 0 200 0 200 0 200 0 200 0 200 0 200 0 
6197 201 5 201 0 201 5 201 0 201 0 201 0 201 0 201 0 201 0 201 0 201 0 
6212 202 4 202 0 202 4 202 0 202 0 202 0 202 0 202 0 202 0 202 0 202 0 
6227 203 3 203 0 203 3 203 0 203 0 203 0 203 0 203 0 203 0 203 0 203 0 
6242 204 4 204 0 204 4 204 0 204 0 204 0 204 0 204 0 204 0 204 0 204 0 
6257 205 3 205 0 205 3 205 0 205 0 205 0 205 0 205 0 205 0 205 0 205 0 
6272 206 0 206 0 206 0 206 0 206 0 206 0 206 0 206 0 206 0 206 0 206 0 
6790 207 9 207 0 207 0 207 0 207 0 207 0 207 0 207 0 207 0 207 0 207 9 
6805 208 12 208 0 208 0 208 0 208 0 208 0 208 0 208 0 208 0 208 0 208 12 
6820 209 7 209 0 209 0 209 0 209 0 209 0 209 0 209 0 209 0 209 0 209 7 
6835 210 0 210 0 210 0 210 0 210 0 210 0 210 0 210 0 210 0 210 0 210 0 
6850 211 7 211 0 211 0 211 0 211 0 211 0 211 0 211 0 211 0 211 0 211 7 
6865 212 6 212 0 212 0 212 0 212 0 212 0 212 0 212 0 212 0 212 0 212 6 
6880 213 14 213 0 213 0 213 0 213 0 213 0 213 0 213 0 213 0 213 0 213 14 
6895 214 1 214 0 214 0 214 0 214 0 214 0 214 0 214 0 214 0 214 0 214 1 
6910 215 3 215 0 215 0 215 0 215 0 215 0 215 0 215 0 215 0 215 0 215 3 
6925 216 4 216 0 216 0 216 0 216 0 216 0 216 0 216 0 216 0 216 0 216 4 
6940 217 7 217 0 217 0 217 0 217 0 217 0 217 0 217 0 217 0 217 0 217 7 
6955 218 3 218 0 218 0 218 0 218 0 218 0 218 0 218 0 218 0 218 0 218 3 
6970 219 4 219 0 219 0 219 0 219 0 219 0 219 0 219 0 219 0 219 0 219 4 
6985 220 2 220 0 220 0 220 0 220 0 220 0 220 0 220 0 220 0 220 0 220 2 
7000 221 4 221 0 221 0 221 0 221 0 221 0 221 0 221 0 221 0 221 0 221 4 
7015 222 3 222 0 222 0 222 0 222 0 222 0 222 0 222 0 222 0 222 0 222 3 
7030 223 6 223 0 223 0 223 0 223 0 223 0 223 0 223 0 223 0 223 0 223 6 
7045 224 5 224 0 224 0 224 0 224 0 224 0 224 0 224 0 224 0 224 0 224 5 
7060 225 0 225 0 225 0 225 0 225 0 225 0 225 0 225 0 225 0 225 0 225 0 
7067 226 3 226 0 226 3 226 0 226 0 226 0 226 0 226 0 226 0 226 0 226 0 
7082 227 4 227 0 227 4 227 0 227 0 227 0 227 0 227 0 227 0 227 0 227 0 
7097 228 5 228 0 228 5 228 0 228 0 228 0 228 0 228 0 228 0 228 0 228 0 
7112 229 4 229 0 229 4 229 0 229 0 229 0 229 0 229 0 229 0 229 0 229 0 
7127 230 3 230 0 230 3 230 0 230 0 230 0 230 0 230 0 230 0 230 0 230 0 
7142 231 4 231 0 231 4 231 0 231 0 231 0 231 0 231 0 231 0 231 0 231 0 
7172 232 3 232 0 232 3 232 0 232 0 232 0 232 0 232 0 232 0 232 0 232 0 
7187 233 1.5 233 0 233 0 233 0 233 0 233 0 233 0 233 0 233 0 233 0 233 3 
7210 234 4 234 0 234 0 234 0 234 0 234 0 234 0 234 0 234 0 234 0 234 4 
7225 235 2 235 0 235 0 235 0 235 0 235 0 235 0 235 0 235 0 235 0 235 2 
7240 236 0 236 0 236 0 236 0 236 0 236 0 236 0 236 0 236 0 236 0 236 0 
8425 237 1 237 0 237 0 237 0 237 0 237 0 237 0 237 0 237 0 237 0 237 1 
8440 238 0 238 0 238 0 238 0 238 0 238 0 238 0 238 0 238 0 238 0 238 0 
11332 239 3 239 0 239 0 239 0 239 0 239 0 239 0 239 3 239 0 239 0 239 0 
11347 240 9 240 0 240 0 240 0 240 0 240 0 240 0 240 9 240 0 240 0 240 0 
11362 241 6 241 0 241 0 241 0 241 0 241 0 241 0 241 6 241 0 241 0 241 0 
11377 242 10 242 0 242 0 242 0 242 0 242 0 242 0 242 10 242 0 242 0 242 0 
11392 243 0 243 0 243 0 243 0 243 0 243 0 243 0 243 0 243 0 243 0 243 0 
13659 244 7 244 0 244 0 244 0 244 0 244 0 244 0 244 0 244 0 244 7 244 0 
13674 245 6.5 245 0 245 0 245 0 245 7 245 0 245 0 245 0 245 0 245 6 245 0 
13684 246 6 246 0 246 0 246 0 246 6 246 0 246 0 246 0 246 0 246 6 246 0 
13689 247 14 247 0 247 0 247 0 247 6 247 0 247 0 247 0 247 0 247 14 247 0 
13699 248 13 248 0 248 0 248 0 248 13 248 0 248 0 248 0 248 0 248 14 248 0 
13704 249 1 249 0 249 0 249 0 249 13 249 0 249 0 249 0 249 0 249 1 249 0 
13714 250 2 250 0 250 0 250 0 250 2 250 0 250 0 250 0 250 0 250 1 250 0 
13719 251 0 251 0 251 0 251 0 251 2 251 0 251 0 251 0 251 0 251 0 251 0 
13729 252 9 252 0 252 0 252 0 252 9 252 0 252 0 252 0 252 0 252 0 252 0 
13744 253 10.5 253 0 253 0 253 0 253 12 253 0 253 0 253 0 253 0 253 9 253 0 
13749 254 12 254 0 254 0 254 0 254 12 254 0 254 0 254 0 254 0 254 12 254 0 
13759 255 7 255 0 255 0 255 0 255 7 255 0 255 0 255 0 255 0 255 12 255 0 
13774 256 4.5 256 0 256 0 256 0 256 2 256 0 256 0 256 0 256 0 256 7 256 0 
13779 257 2 257 0 257 0 257 0 257 2 257 0 257 0 257 0 257 0 257 2 257 0 
13789 258 4 258 0 258 0 258 0 258 4 258 0 258 0 258 0 258 0 258 2 258 0 
13804 259 5 259 0 259 0 259 0 259 6 259 0 259 0 259 0 259 0 259 4 259 0 
13809 260 6 260 0 260 0 260 0 260 6 260 0 260 0 260 0 260 0 260 6 260 0 
13819 261 3 261 0 261 0 261 0 261 3 261 0 261 0 261 0 261 0 261 6 261 0 
13824 262 5 262 0 262 0 262 0 262 3 262 0 262 0 262 0 262 0 262 5 262 0 
13839 263 4.5 263 0 263 0 263 0 263 5 263 0 263 0 263 0 263 0 263 4 263 0 
13849 264 1 264 0 264 0 264 0 264 1 264 0 264 0 264 0 264 0 264 4 264 0 
13854 265 2 265 0 265 0 265 0 265 1 265 0 265 0 265 0 265 0 265 2 265 0 
13864 266 4 266 0 266 0 266 0 266 4 266 0 266 0 266 0 266 0 266 2 266 0 
13879 267 3.5 267 0 267 0 267 0 267 3 267 0 267 0 267 0 267 0 267 4 267 0 
13894 268 6 268 0 268 0 268 0 268 6 268 0 268 0 268 0 268 0 268 4 268 0 
13899 269 5 269 0 269 0 269 0 269 6 269 0 269 0 269 0 269 0 269 5 269 0 
13914 270 6 270 0 270 0 270 0 270 6 270 0 270 0 270 0 270 0 270 6 270 0 
13924 271 0 271 0 271 0 271 0 271 0 271 0 271 0 271 0 271 0 271 6 271 0 
13974 272 4 272 0 272 0 272 0 272 0 272 0 272 0 272 0 272 0 272 4 272 0 
14019 273 3 273 0 273 0 273 0 273 0 273 0 273 0 273 0 273 0 273 3 273 0 
14034 274 4 274 0 274 0 274 0 274 0 274 0 274 0 274 0 274 0 274 4 274 0 
14049 275 0 275 0 275 0 275 0 275 0 275 0 275 0 275 0 275 0 275 0 275 0 
14064 276 2 276 0 276 0 276 0 276 0 276 0 276 0 276 0 276 0 276 2 276 0 
14079 277 3 277 0 277 0 277 0 277 0 277 0 277 0 277 0 277 0 277 3 277 0 
14094 278 4 278 0 278 0 278 0 278 0 278 0 278 0 278 0 278 0 278 4 278 0 
14109 279 5 279 0 279 0 279 0 279 0 279 0 279 0 279 0 279 0 279 5 279 0 
14124 280 4 280 0 280 0 280 0 280 0 280 0 280 0 280 0 280 0 280 4 280 0 
14139 281 3 281 0 281 0 281 0 281 0 281 0 281 0 281 0 281 0 281 3 281 0 
14154 282 0 282 0 282 0 282 0 282 0 282 0 282 0 282 0 282 0 282 0 282 0 
14269 283 1 283 0 283 0 283 0 283 1 283 0 283 0 283 0 283 0 283 0 283 0 
14284 284 5 284 0 284 0 284 0 284 5 284 0 284 0 284 0 284 0 284 0 284 0 
14299 285 3 285 0 285 0 285 0 285 3 285 0 285 0 285 0 285 0 285 0 285 0 
14314 286 5 286 0 286 0 286 0 286 5 286 0 286 0 286 0 286 0 286 0 286 0 
14329 287 4 287 0 287 0 287 0 287 4 287 0 287 0 287 0 287 0 287 0 287 0 
14344 288 15 288 0 288 0 288 0 288 15 288 0 288 0 288 0 288 0 288 0 288 0 
14349 289 4 289 0 289 0 289 0 289 15 289 0 289 0 289 0 289 0 289 4 289 0 
14359 290 3 290 0 290 0 290 0 290 3 290 0 290 0 290 0 290 0 290 4 290 0 
14374 291 0 291 0 291 0 291 0 291 0 291 0 291 0 291 0 291 0 291 4 291 0 
14379 292 3 292 0 292 0 292 0 292 0 292 0 292 0 292 0 292 0 292 3 292 0 
14394 293 19 293 0 293 0 293 0 293 0 293 0 293 0 293 0 293 0 293 19 293 0 
14409 294 3 294 0 294 0 294 0 294 0 294 0 294 0 294 0 294 0 294 3 294 0 
14424 295 0 295 0 295 0 295 0 295 0 295 0 295 0 295 0 295 0 295 0 295 0 
14899 296 1 296 0 296 0 296 0 296 1 296 0 296 0 296 0 296 0 296 0 296 0 
14914 297 4 297 0 297 0 297 0 297 4 297 0 297 0 297 0 297 0 297 0 297 0 
14929 298 5 298 0 298 0 298 0 298 5 298 0 298 0 298 0 298 0 298 0 298 0 
14944 299 4 299 0 299 0 299 0 299 4 299 0 299 0 299 0 299 0 299 0 299 0 
14959 300 3 300 0 300 0 300 0 300 3 300 0 300 0 300 0 300 0 300 0 300 0 
14974 301 4 301 0 301 0 301 0 301 4 301 0 301 0 301 0 301 0 301 0 301 0 
15019 302 1 302 0 302 0 302 0 302 1 302 0 302 0 302 0 302 0 302 0 302 0 
15034 303 0 303 0 303 0 303 0 303 0 303 0 303 0 303 0 303 0 303 0 303 0 
15230 304 7 304 0 304 0 304 0 304 0 304 7 304 0 304 0 304 0 304 0 304 0 
15245 305 6 305 0 305 0 305 0 305 0 305 6 305 0 305 0 305 0 305 0 305 0 
15260 306 14 306 0 306 0 306 0 306 0 306 14 306 0 306 0 306 0 306 0 306 0 
15275 307 1 307 0 307 0 307 0 307 0 307 1 307 0 307 0 307 0 307 0 307 0 
15290 308 0 308 0 308 0 308 0 308 0 308 0 308 0 308 0 308 0 308 0 308 0 
15305 309 9 309 0 309 0 309 0 309 0 309 9 309 0 309 0 309 0 309 0 309 0 
15320 310 12 310 0 310 0 310 0 310 0 310 12 310 0 310 0 310 0 310 0 310 0 
15335 311 7 311 0 311 0 311 0 311 0 311 7 311 0 311 0 311 0 311 0 311 0 
15350 312 2 312 0 312 0 312 0 312 0 312 2 312 0 312 0 312 0 312 0 312 0 
15365 313 4 313 0 313 0 313 0 313 0 313 4 313 0 313 0 313 0 313 0 313 0 
15380 314 6 314 0 314 0 314 0 314 0 314 6 314 0 314 0 314 0 314 0 314 0 
15395 315 3 315 0 315 0 315 0 315 0 315 3 315 0 315 0 315 0 315 0 315 0 
15410 316 5 316 0 316 0 316 0 316 0 316 5 316 0 316 0 316 0 316 0 316 0 
15425 317 1 317 0 317 0 317 0 317 0 317 1 317 0 317 0 317 0 317 0 317 0 
15440 318 4 318 0 318 0 318 0 318 0 318 4 318 0 318 0 318 0 318 0 318 0 
15455 319 3 319 0 319 0 319 0 319 0 319 3 319 0 319 0 319 0 319 0 319 0 
15470 320 6 320 0 320 0 320 0 320 0 320 6 320 0 320 0 320 0 320 0 320 0 
15500 321 0 321 0 321 0 321 0 321 0 321 0 321 0 321 0 321 0 321 0 321 0 
15633 322 2 322 0 322 0 322 2 322 0 322 0 322 0 322 0 322 0 322 0 322 0 
15648 323 10 323 0 323 0 323 10 323 0 323 0 323 0 323 0 323 0 323 0 323 0 
15663 324 4 324 0 324 0 324 4 324 0 324 0 324 0 324 0 324 0 324 0 324 0 
15678 325 10 325 0 325 0 325 10 325 0 325 0 325 0 325 0 325 0 325 0 325 0 
15693 326 0 326 0 326 0 326 0 326 0 326 0 326 0 326 0 326 0 326 0 326 0 
16250 327 4 327 0 327 0 327 0 327 0 327 4 327 0 327 0 327 0 327 0 327 0 
16265 328 5 328 0 328 0 328 0 328 0 328 5 328 0 328 0 328 0 328 0 328 0 
16280 329 4 329 0 329 0 329 0 329 0 329 4 329 0 329 0 329 0 329 0 329 0 
16295 330 3 330 0 330 0 330 0 330 0 330 3 330 0 330 0 330 0 330 0 330 0 
16310 331 4 331 0 331 0 331 0 331 0 331 4 331 0 331 0 331 0 331 0 331 0 
16325 332 26 332 0 332 0 332 0 332 0 332 26 332 0 332 0 332 0 332 0 332 0 
16340 333 1 333 0 333 0 333 0 333 0 333 1 333 0 333 0 333 0 333 0 333 0 
16355 334 0 334 0 334 0 334 0 334 0 334 0 334 0 334 0 334 0 334 0 334 0 
17002 335 4 335 0 335 0 335 0 335 0 335 0 335 0 335 4 335 0 335 0 335 0 
17047 336 18 336 0 336 0 336 0 336 0 336 0 336 0 336 18 336 0 336 0 336 0 
17062 337 4 337 0 337 0 337 0 337 0 337 0 337 0 337 4 337 0 337 0 337 0 
17090 338 15 338 0 338 0 338 0 338 0 338 15 338 0 338 4 338 0 338 0 338 0 
17105 339 4 339 0 339 0 339 0 339 0 339 4 339 0 339 4 339 0 339 0 339 0 
17107 340 3 340 0 340 0 340 0 340 0 340 4 340 0 340 3 340 0 340 0 340 0 
17122 341 4 341 0 341 0 341 0 341 0 341 4 341 0 341 4 341 0 341 0 341 0 
17135 342 3 342 0 342 0 342 0 342 0 342 3 342 0 342 4 342 0 342 0 342 0 
17150 343 0 343 0 343 0 343 0 343 0 343 0 343 0 343 4 343 0 343 0 343 0 
17165 344 1 344 0 344 0 344 0 344 0 344 1 344 0 344 4 344 0 344 0 344 0 
17167 345 3 345 0 345 0 345 0 345 0 345 1 345 0 345 3 345 0 345 0 345 0 
17180 346 4 346 0 346 0 346 0 346 0 346 4 346 0 346 3 346 0 346 0 346 0 
17195 347 3.5 347 0 347 0 347 0 347 0 347 3 347 0 347 4 347 0 347 0 347 0 
17210 348 4 348 0 348 0 348 0 348 0 348 4 348 0 348 4 348 0 348 0 348 0 
17227 349 1 349 0 349 0 349 0 349 0 349 4 349 0 349 1 349 0 349 0 349 0 
17242 350 0 350 0 350 0 350 0 350 0 350 4 350 0 350 0 350 0 350 0 350 0 
18214 351 0.5 351 0 351 0 351 0 351 1 351 0 351 0 351 0 351 0 351 0 351 0 
18229 352 5 352 0 352 0 352 0 352 5 352 0 352 0 352 0 352 0 352 0 352 0 
18244 353 4 353 0 353 0 353 0 353 4 353 0 353 0 353 0 353 0 353 0 353 0 
18259 354 3 354 0 354 0 354 0 354 3 354 0 354 0 354 0 354 0 354 0 354 0 
18274 355 4 355 0 355 0 355 0 355 4 355 0 355 0 355 0 355 0 355 0 355 0 
18319 356 3 356 0 356 0 356 0 356 3 356 0 356 0 356 0 356 0 356 0 356 0 
18334 357 4 357 0 357 0 357 0 357 4 357 0 357 0 357 0 357 0 357 0 357 0 
18349 358 2 358 0 358 0 358 0 358 2 358 0 358 0 358 0 358 0 358 0 358 0 
18364 359 0 359 0 359 0 359 0 359 0 359 0 359 0 359 0 359 0 359 0 359 0 
20091 360 8 360 0 360 0 360 0 360 0 360 0 360 8 360 0 360 0 360 0 360 0 
20121 361 12 361 0 361 0 361 0 361 0 361 0 361 12 361 0 361 0 361 0 361 0 
20136 362 7 362 0 362 0 362 0 362 0 362 0 362 7 362 0 362 0 362 0 362 0 
20151 363 3 363 0 363 0 363 0 363 0 363 0 363 3 363 0 363 0 363 0 363 0 
20166 364 16 364 0 364 0 364 0 364 0 364 0 364 16 364 0 364 0 364 0 364 0 
20181 365 2 365 0 365 0 365 0 365 0 365 0 365 2 365 0 365 0 365 0 365 0 
20196 366 4 366 0 366 0 366 0 366 0 366 0 366 4 366 0 366 0 366 0 366 0 
20211 367 3 367 0 367 0 367 0 367 0 367 0 367 3 367 0 367 0 367 0 367 0 
20226 368 6 368 0 368 0 368 0 368 0 368 0 368 6 368 0 368 0 368 0 368 0 
20241 369 4 369 0 369 0 369 0 369 0 369 0 369 4 369 0 369 0 369 0 369 0 
20256 370 3 370 0 370 0 370 0 370 0 370 0 370 3 370 0 370 0 370 0 370 0 
20271 371 2 371 0 371 0 371 0 371 0 371 0 371 2 371 0 371 0 371 0 371 0 
20286 372 4 372 0 372 0 372 0 372 0 372 0 372 4 372 0 372 0 372 0 372 0 
20301 373 6 373 0 373 0 373 0 373 0 373 0 373 6 373 0 373 0 373 0 373 0 
20316 374 4 374 0 374 0 374 0 374 0 374 0 374 4 374 0 374 0 374 0 374 0 
20346 375 0 375 0 375 0 375 0 375 0 375 0 375 0 375 0 375 0 375 0 375 0 
21278 376 6 376 0 376 0 376 0 376 0 376 0 376 0 376 0 376 6 376 0 376 0 
21293 377 4 377 0 377 0 377 0 377 0 377 0 377 0 377 0 377 4 377 0 377 0 
21308 378 16 378 0 378 0 378 0 378 0 378 0 378 0 378 0 378 16 378 0 378 0 
21323 379 2 379 0 379 0 379 0 379 0 379 0 379 0 379 0 379 2 379 0 379 0 
21338 380 8 380 0 380 0 380 0 380 0 380 0 380 0 380 0 380 8 380 0 380 0 
21368 381 12 381 0 381 0 381 0 381 0 381 0 381 0 381 0 381 12 381 0 381 0 
21383 382 1 382 0 382 0 382 0 382 0 382 0 382 0 382 0 382 1 382 0 382 0 
21398 383 4 383 0 383 0 383 0 383 0 383 0 383 0 383 0 383 4 383 0 383 0 
21428 384 6 384 0 384 0 384 0 384 0 384 0 384 0 384 0 384 6 384 0 384 0 
21443 385 5 385 0 385 0 385 0 385 0 385 0 385 0 385 0 385 5 385 0 385 0 
21458 386 0 386 0 386 0 386 0 386 0 386 0 386 0 386 0 386 0 386 0 386 0 
21473 387 4 387 0 387 0 387 0 387 0 387 0 387 0 387 0 387 4 387 0 387 0 
21498 388 1 388 0 388 0 388 1 388 0 388 0 388 0 388 0 388 4 388 0 388 0 
21503 389 5 389 0 389 0 389 1 389 0 389 0 389 0 389 0 389 5 389 0 389 0 
21513 390 4 390 0 390 0 390 4 390 0 390 0 390 0 390 0 390 5 390 0 390 0 
21533 391 3 391 0 391 0 391 4 391 0 391 0 391 0 391 0 391 3 391 0 391 0 
21543 392 18 392 0 392 0 392 18 392 0 392 0 392 0 392 0 392 3 392 0 392 0 
21548 393 0 393 0 393 0 393 18 393 0 393 0 393 0 393 0 393 0 393 0 393 0 
21558 394 27 394 0 394 0 394 27 394 0 394 0 394 0 394 0 394 0 394 0 394 0 
21563 395 -16 395 0 395 0 395 27 395 0 395 0 395 0 395 0 395 -16 395 0 395 0 
21573 396 4 396 0 396 0 396 4 396 0 396 0 396 0 396 0 396 -16 396 0 396 0 
21578 397 -12 397 0 397 0 397 4 397 0 397 0 397 0 397 0 397 -12 397 0 397 0 
21588 398 -2 398 0 398 0 398 -2 398 0 398 0 398 0 398 0 398 -12 398 0 398 0 
21593 399 -17 399 0 399 0 399 -2 399 0 399 0 399 0 399 0 399 -17 399 0 399 0 
21603 400 0 400 0 400 0 400 0 400 0 400 0 400 0 400 0 400 -17 400 0 400 0 
21608 401 -12 401 0 401 0 401 0 401 0 401 0 401 0 401 0 401 -12 401 0 401 0 
21623 402 -6 402 0 402 0 402 0 402 0 402 0 402 0 402 0 402 -6 402 0 402 0 
21638 403 -7 403 0 403 0 403 0 403 0 403 0 403 0 403 0 403 -7 403 0 403 0 
21653 404 -4 404 0 404 0 404 0 404 0 404 0 404 0 404 0 404 -4 404 0 404 0 
21663 405 17 405 0 405 0 405 17 405 0 405 0 405 0 405 0 405 -4 405 0 405 0 
21668 406 -3 406 0 406 0 406 17 406 0 406 0 406 0 406 0 406 -3 406 0 406 0 
21678 407 4 407 0 407 0 407 4 407 0 407 0 407 0 407 0 407 -3 407 0 407 0 
21683 408 -6 408 0 408 0 408 4 408 0 408 0 408 0 408 0 408 -6 408 0 408 0 
21693 409 2 409 0 409 0 409 2 409 0 409 0 409 0 409 0 409 -6 409 0 409 0 
21698 410 -7 410 0 410 0 410 2 410 0 410 0 410 0 410 0 410 -7 410 0 410 0 
21708 411 0 411 0 411 0 411 0 411 0 411 0 411 0 411 0 411 -7 411 0 411 0 
21713 412 -4 412 0 412 0 412 0 412 0 412 0 412 0 412 0 412 -4 412 0 412 0 
21728 413 -2 413 0 413 0 413 0 413 0 413 0 413 0 413 0 413 -2 413 0 413 0 
21743 414 0 414 0 414 0 414 0 414 0 414 0 414 0 414 0 414 0 414 0 414 0 
22087 415 6 415 0 415 0 415 0 415 0 415 0 415 0 415 6 415 0 415 0 415 0 
22102 416 4 416 0 416 0 416 0 416 0 416 0 416 0 416 4 416 0 416 0 416 0 
22117 417 16 417 0 417 0 417 0 417 0 417 0 417 0 417 16 417 0 417 0 417 0 
22132 418 2 418 0 418 0 418 0 418 0 418 0 418 0 418 2 418 0 418 0 418 0 
22147 419 0 419 0 419 0 419 0 419 0 419 0 419 0 419 0 419 0 419 0 419 0 
22148 420 9 420 0 420 0 420 0 420 0 420 0 420 0 420 0 420 9 420 0 420 0 
22162 421 8 421 0 421 0 421 0 421 0 421 0 421 0 421 8 421 9 421 0 421 0 
22163 422 7 422 0 422 0 422 0 422 0 422 0 422 0 422 8 422 7 422 0 422 0 
22178 423 12 423 0 423 0 423 0 423 0 423 0 423 0 423 8 423 12 423 0 423 0 
22193 424 9.5 424 0 424 0 424 0 424 0 424 0 424 0 424 12 424 7 424 0 424 0 
22207 425 1 425 0 425 0 425 0 425 0 425 0 425 0 425 1 425 7 425 0 425 0 
22208 426 6 426 0 426 0 426 0 426 0 426 0 426 0 426 1 426 6 426 0 426 0 
22222 427 4 427 0 427 0 427 0 427 0 427 0 427 0 427 4 427 6 427 0 427 0 
22223 428 13 428 0 428 0 428 0 428 0 428 0 428 0 428 4 428 13 428 0 428 0 
22238 429 2 429 0 429 0 429 0 429 0 429 0 429 0 429 4 429 2 429 0 429 0 
22252 430 6 430 0 430 0 430 0 430 0 430 0 430 0 430 6 430 2 430 0 430 0 
22253 431 4 431 0 431 0 431 0 431 0 431 0 431 0 431 6 431 4 431 0 431 0 
22267 432 5 432 0 432 0 432 0 432 0 432 0 432 0 432 5 432 4 432 0 432 0 
22282 433 0 433 0 433 0 433 0 433 0 433 0 433 0 433 0 433 4 433 0 433 0 
22283 434 5 434 0 434 0 434 0 434 0 434 0 434 0 434 0 434 5 434 0 434 0 
22297 435 4 435 0 435 0 435 0 435 0 435 0 435 0 435 4 435 5 435 0 435 0 
22313 436 3 436 0 436 0 436 0 436 0 436 0 436 0 436 4 436 3 436 0 436 0 
22327 437 5 437 0 437 0 437 0 437 0 437 0 437 0 437 5 437 3 437 0 437 0 
22342 438 4 438 0 438 0 438 0 438 0 438 0 438 0 438 4 438 3 438 0 438 0 
22357 439 3 439 0 439 0 439 0 439 0 439 0 439 0 439 3 439 3 439 0 439 0 
22358 440 6 440 0 440 0 440 0 440 0 440 0 440 0 440 3 440 6 440 0 440 0 
22372 441 0 441 0 441 0 441 0 441 0 441 0 441 0 441 0 441 6 441 0 441 0 
22373 442 4 442 0 442 0 442 0 442 0 442 0 442 0 442 0 442 4 442 0 442 0 
22403 443 0 443 0 443 0 443 0 443 0 443 0 443 0 443 0 443 0 443 0 443 0 
22960 444 3 444 0 444 0 444 0 444 0 444 0 444 0 444 0 444 0 444 0 444 3 
22988 445 1 445 0 445 0 445 0 445 0 445 0 445 0 445 0 445 1 445 0 445 3 
22990 446 4 446 0 446 0 446 0 446 0 446 0 446 0 446 0 446 1 446 0 446 4 
23003 447 3 447 0 447 0 447 0 447 0 447 0 447 0 447 0 447 3 447 0 447 4 
23018 448 4 448 0 448 0 448 0 448 0 448 0 448 0 448 0 448 4 448 0 448 4 
23035 449 3 449 0 449 0 449 0 449 0 449 0 449 0 449 0 449 4 449 0 449 3 
23050 450 4 450 0 450 0 450 0 450 0 450 0 450 0 450 0 450 4 450 0 450 4 
23063 451 3 451 0 451 0 451 0 451 0 451 0 451 0 451 0 451 3 451 0 451 4 
23078 452 4 452 0 452 0 452 0 452 0 452 0 452 0 452 0 452 4 452 0 452 4 
23093 453 2 453 0 453 0 453 0 453 0 453 0 453 0 453 0 453 2 453 0 453 4 
23095 454 3 454 0 454 0 454 0 454 0 454 0 454 0 454 0 454 2 454 0 454 3 
23108 455 0 455 0 455 0 455 0 455 0 455 0 455 0 455 0 455 0 455 0 455 3 
23110 456 4 456 0 456 0 456 0 456 0 456 0 456 0 456 0 456 0 456 0 456 4 
23155 457 3 457 0 457 0 457 0 457 0 457 0 457 0 457 0 457 0 457 0 457 3 
23170 458 4 458 0 458 0 458 0 458 0 458 0 458 0 458 0 458 0 458 0 458 4 
23200 459 2 459 0 459 0 459 0 459 0 459 0 459 0 459 0 459 0 459 0 459 2 
23215 460 -2 460 0 460 0 460 0 460 0 460 0 460 0 460 0 460 0 460 0 460 -2 
23230 461 0 461 0 461 0 461 0 461 0 461 0 461 0 461 0 461 0 461 0 461 0 
23275 462 1 462 0 462 0 462 0 462 0 462 0 462 0 462 0 462 0 462 0 462 1 
23290 463 4 463 0 463 0 463 0 463 0 463 0 463 0 463 0 463 0 463 0 463 4 
23335 464 3 464 0 464 0 464 0 464 0 464 0 464 0 464 0 464 0 464 0 464 3 
23350 465 4 465 0 465 0 465 0 465 0 465 0 465 0 465 0 465 0 465 0 465 4 
23380 466 0 466 0 466 0 466 0 466 0 466 0 466 0 466 0 466 0 466 0 466 0 
23393 467 4 467 0 467 0 467 0 467 0 467 0 467 0 467 0 467 4 467 0 467 0 
23483 468 3 468 0 468 0 468 0 468 0 468 0 468 0 468 0 468 3 468 0 468 0 
23498 469 0 469 0 469 0 469 0 469 0 469 0 469 0 469 0 469 0 469 0 469 0 
24460 470 1 470 0 470 0 470 0 470 0 470 0 470 0 470 0 470 0 470 0 470 1 
24475 471 3 471 0 471 0 471 0 471 0 471 0 471 0 471 0 471 0 471 0 471 3 
24490 472 4 472 0 472 0 472 0 472 0 472 0 472 0 472 0 472 0 472 0 472 4 
24535 473 3 473 0 473 0 473 0 473 0 473 0 473 0 473 0 473 0 473 0 473 3 
24550 474 4 474 0 474 0 474 0 474 0 474 0 474 0 474 0 474 0 474 0 474 4 
24580 475 3 475 0 475 0 475 0 475 0 475 0 475 0 475 0 475 0 475 0 475 3 
24595 476 0 476 0 476 0 476 0 476 0 476 0 476 0 476 0 476 0 476 0 476 0 
25567 477 1 477 0 477 0 477 0 477 0 477 0 477 0 477 1 477 0 477 0 477 0 
25582 478 23 478 0 478 0 478 0 478 0 478 0 478 0 478 23 478 0 478 0 478 0 
25597 479 4 479 0 479 0 479 0 479 0 479 0 479 0 479 4 479 0 479 0 479 0 
25627 480 3 480 0 480 0 480 0 480 0 480 0 480 0 480 3 480 0 480 0 480 0 
25642 481 4 481 0 481 0 481 0 481 0 481 0 481 0 481 4 481 0 481 0 481 0 
25657 482 -2 482 0 482 0 482 0 482 0 482 0 482 0 482 -2 482 0 482 0 482 0 
25672 483 0 483 0 483 0 483 0 483 0 483 0 483 0 483 0 483 0 483 0 483 0 
25760 484 9 484 0 484 0 484 0 484 0 484 9 484 0 484 0 484 0 484 0 484 0 
25775 485 7 485 0 485 0 485 0 485 0 485 7 485 0 485 0 485 0 485 0 485 0 
25778 486 1 486 0 486 0 486 0 486 0 486 7 486 0 486 0 486 1 486 0 486 0 
25790 487 12 487 0 487 0 487 0 487 0 487 12 487 0 487 0 487 1 487 0 487 0 
25793 488 4 488 0 488 0 488 0 488 0 488 12 488 0 488 0 488 4 488 0 488 0 
25805 489 0 489 0 489 0 489 0 489 0 489 0 489 0 489 0 489 4 489 0 489 0 
25820 490 7 490 0 490 0 490 0 490 0 490 7 490 0 490 0 490 4 490 0 490 0 
25823 491 18 491 0 491 0 491 0 491 0 491 7 491 0 491 0 491 18 491 0 491 0 
25835 492 3 492 0 492 0 492 0 492 0 492 3 492 0 492 0 492 18 492 0 492 0 
25838 493 23 493 0 493 0 493 0 493 0 493 3 493 0 493 0 493 23 493 0 493 0 
25850 494 16 494 0 494 0 494 0 494 0 494 16 494 0 494 0 494 23 494 0 494 0 
25853 495 4 495 0 495 0 495 0 495 0 495 16 495 0 495 0 495 4 495 0 495 0 
25865 496 2 496 0 496 0 496 0 496 0 496 2 496 0 496 0 496 4 496 0 496 0 
25880 497 3 497 0 497 0 497 0 497 0 497 4 497 0 497 0 497 2 497 0 497 0 
25883 498 0 498 0 498 0 498 0 498 0 498 4 498 0 498 0 498 0 498 0 498 0 
25895 499 3 499 0 499 0 499 0 499 0 499 3 499 0 499 0 499 0 499 0 499 0 
25910 500 6 500 0 500 0 500 0 500 0 500 6 500 0 500 0 500 0 500 0 500 0 
25925 501 4 501 0 501 0 501 0 501 0 501 4 501 0 501 0 501 0 501 0 501 0 
25940 502 3 502 0 502 0 502 0 502 0 502 3 502 0 502 0 502 0 502 0 502 0 
25955 503 1 503 0 503 0 503 0 503 0 503 1 503 0 503 0 503 0 503 0 503 0 
25970 504 4 504 0 504 0 504 0 504 0 504 4 504 0 504 0 504 0 504 0 504 0 
26000 505 6 505 0 505 0 505 0 505 0 505 6 505 0 505 0 505 0 505 0 505 0 
26015 506 5 506 0 506 0 506 0 506 0 506 5 506 0 506 0 506 0 506 0 506 0 
26030 507 0 507 0 507 0 507 0 507 0 507 0 507 0 507 0 507 0 507 0 507 0 
26553 508 6 508 0 508 0 508 6 508 0 508 0 508 0 508 0 508 0 508 0 508 0 
26568 509 4 509 0 509 0 509 4 509 0 509 0 509 0 509 0 509 0 509 0 509 0 
26583 510 11 510 0 510 0 510 11 510 0 510 0 510 0 510 0 510 0 510 0 510 0 
26598 511 7 511 0 511 0 511 7 511 0 511 0 511 0 511 0 511 0 511 0 511 0 
26613 512 -7 512 0 512 0 512 -7 512 0 512 0 512 0 512 0 512 0 512 0 512 0 
26628 513 -20 513 0 513 0 513 -20 513 0 513 0 513 0 513 0 513 0 513 0 513 0 
26643 514 -1 514 0 514 0 514 -1 514 0 514 0 514 0 514 0 514 0 514 0 514 0 
26658 515 0 515 0 515 0 515 0 515 0 515 0 515 0 515 0 515 0 515 0 515 0 
26930 516 3 516 0 516 0 516 0 516 0 516 3 516 0 516 0 516 0 516 0 516 0 
26945 517 5 517 0 517 0 517 0 517 0 517 5 517 0 517 0 517 0 517 0 517 0 
26960 518 4 518 0 518 0 518 0 518 0 518 4 518 0 518 0 518 0 518 0 518 0 
26975 519 3 519 0 519 0 519 0 519 0 519 3 519 0 519 0 519 0 519 0 519 0 
26990 520 4 520 0 520 0 520 0 520 0 520 4 520 0 520 0 520 0 520 0 520 0 
