# deltaRoads deltaRailways
10 0 0 0 0 0 0 0 0 0 0 0 0 0 0 0 0 0 0 0 0 0 0 
121 0 7 0 7 0 0 0 0 0 0 0 0 0 0 0 0 0 0 0 0 0 0 
122 6 0 0 7 6 0 0 0 0 0 0 0 0 0 0 0 0 0 0 0 0 0 
123 0 8 0 7 6 0 0 8 0 0 0 0 0 0 0 0 0 0 0 0 0 0 
124 0 9 0 7 6 0 0 8 0 9 0 0 0 0 0 0 0 0 0 0 0 0 
125 0 10 0 7 6 0 0 8 0 9 0 10 0 0 0 0 0 0 0 0 0 0 
126 0 7 0 7 6 0 0 8 0 9 0 10 0 7 0 0 0 0 0 0 0 0 
128 3.5 3.5 0 7 6 0 0 8 0 9 0 10 0 7 0 7 7 0 0 0 0 0 
129 8 0 0 7 6 0 0 8 0 9 0 10 0 7 0 7 7 0 8 0 0 0 
130 0 8 0 7 6 0 0 8 0 9 0 10 0 7 0 7 7 0 8 0 0 8 
136 0 10 0 10 6 0 0 8 0 9 0 10 0 7 0 7 7 0 8 0 0 8 
140 0 8 0 10 6 0 0 8 0 9 0 8 0 7 0 7 7 0 8 0 0 8 
141 0 10 0 10 6 0 0 8 0 9 0 8 0 10 0 7 7 0 8 0 0 8 
143 2.5 5 0 10 6 0 0 8 0 9 0 8 0 10 0 10 5 0 8 0 0 8 
144 6 0 0 10 6 0 0 8 0 9 0 8 0 10 0 10 5 0 6 0 0 8 
151 0 9 0 9 6 0 0 8 0 9 0 8 0 10 0 10 5 0 6 0 0 8 
152 4 0 0 9 4 0 0 8 0 9 0 8 0 10 0 10 5 0 6 0 0 8 
153 0 12 0 9 4 0 0 12 0 9 0 8 0 10 0 10 5 0 6 0 0 8 
155 0 11.5 0 9 4 0 0 12 0 12 0 11 0 10 0 10 5 0 6 0 0 8 
158 4 0 0 9 4 0 0 12 0 12 0 11 0 10 0 10 4 0 6 0 0 8 
160 2 6 0 9 4 0 0 12 0 12 0 11 0 10 0 10 4 0 4 0 0 12 
166 0 2 0 2 4 0 0 12 0 12 0 11 0 10 0 10 4 0 4 0 0 12 
167 0 0 0 2 0 0 0 12 0 12 0 11 0 10 0 10 4 0 4 0 0 12 
168 0 7 0 2 0 0 0 7 0 12 0 11 0 10 0 10 4 0 4 0 0 12 
171 0 5 0 2 0 0 0 7 0 7 0 7 0 1 0 10 4 0 4 0 0 12 
172 0 1 0 2 0 0 0 7 0 7 0 7 0 1 0 1 4 0 4 0 0 12 
173 0 0 0 2 0 0 0 7 0 7 0 7 0 1 0 1 0 0 4 0 0 12 
175 0 3 0 2 0 0 0 7 0 7 0 7 0 1 0 1 0 0 0 0 0 6 
181 0 0 0 0 0 0 0 7 0 7 0 7 0 1 0 1 0 0 0 0 0 6 
183 0 3 0 0 0 0 0 3 0 7 0 7 0 1 0 1 0 0 0 0 0 6 
184 0 6 0 0 0 0 0 3 0 6 0 7 0 1 0 1 0 0 0 0 0 6 
185 0 4 0 0 0 0 0 3 0 6 0 4 0 1 0 1 0 0 0 0 0 6 
186 0 0 0 0 0 0 0 3 0 6 0 4 0 0 0 1 0 0 0 0 0 6 
190 0 2 0 0 0 0 0 3 0 6 0 4 0 0 0 0 0 0 0 0 0 4 
198 0 16 0 0 0 0 0 16 0 6 0 4 0 0 0 0 0 0 0 0 0 4 
199 0 13 0 0 0 0 0 16 0 13 0 4 0 0 0 0 0 0 0 0 0 4 
200 0 16 0 0 0 0 0 16 0 13 0 16 0 0 0 0 0 0 0 0 0 4 
213 0 9 0 0 0 0 0 2 0 13 0 16 0 0 0 0 0 0 0 0 0 16 
214 0 2 0 0 0 0 0 2 0 2 0 16 0 0 0 0 0 0 0 0 0 16 
228 0 2.66667 0 0 0 0 0 4 0 2 0 2 0 0 0 0 0 0 0 0 0 2 
229 0 -16 0 0 0 0 0 4 0 -16 0 2 0 0 0 0 0 0 0 0 0 2 
230 0 3 0 0 0 0 0 4 0 -16 0 3 0 0 0 0 0 0 0 0 0 2 
244 0 -2 0 0 0 0 0 3 0 -12 0 3 0 0 0 0 0 0 0 0 0 3 
245 0 4 0 0 0 0 0 3 0 -12 0 4 0 0 0 0 0 0 0 0 0 3 
258 0 5 0 0 0 0 0 6 0 -12 0 4 0 0 0 0 0 0 0 0 0 4 
259 0 -16 0 0 0 0 0 6 0 -16 0 4 0 0 0 0 0 0 0 0 0 4 
260 0 6 0 0 0 0 0 6 0 -16 0 6 0 0 0 0 0 0 0 0 0 4 
273 0 5 0 0 0 0 0 4 0 -16 0 6 0 0 0 0 0 0 0 0 0 6 
274 0 -12 0 0 0 0 0 4 0 -12 0 6 0 0 0 0 0 0 0 0 0 6 
275 0 3 0 0 0 0 0 4 0 -12 0 3 0 0 0 0 0 0 0 0 0 6 
280 0 4 0 0 0 0 0 4 0 -12 0 3 0 0 0 0 0 0 0 0 0 4 
288 0 3 0 0 0 0 0 3 0 -12 0 3 0 0 0 0 0 0 0 0 0 4 
289 0 0 0 0 0 0 0 3 0 0 0 3 0 0 0 0 0 0 0 0 0 4 
290 0 4 0 0 0 0 0 3 0 0 0 4 0 0 0 0 0 0 0 0 0 4 
295 0 3 0 0 0 0 0 3 0 0 0 4 0 0 0 0 0 0 0 0 0 3 
303 0 2 0 0 0 0 0 2 0 0 0 4 0 0 0 0 0 0 0 0 0 3 
318 0 2.66667 0 0 0 0 0 4 0 0 0 2 0 0 0 0 0 0 0 0 0 2 
320 0 4 0 0 0 0 0 4 0 0 0 4 0 0 0 0 0 0 0 0 0 2 
333 0 5 0 0 0 0 0 6 0 0 0 4 0 0 0 0 0 0 0 0 0 4 
335 0 3 0 0 0 0 0 6 0 0 0 3 0 0 0 0 0 0 0 0 0 4 
340 0 6 0 0 0 0 0 6 0 0 0 3 0 0 0 0 0 0 0 0 0 6 
348 0 4 0 0 0 0 0 4 0 0 0 3 0 0 0 0 0 0 0 0 0 6 
350 0 6 0 0 0 0 0 4 0 0 0 6 0 0 0 0 0 0 0 0 0 6 
355 0 3 0 0 0 0 0 4 0 0 0 6 0 0 0 0 0 0 0 0 0 3 
365 0 5 0 0 0 0 0 4 0 0 0 5 0 0 0 0 0 0 0 0 0 3 
378 0 2.5 0 0 0 0 0 0 0 0 0 5 0 0 0 0 0 0 0 0 0 5 
380 0 0 0 0 0 0 0 0 0 0 0 0 0 0 0 0 0 0 0 0 0 5 
490 0 3 0 0 0 0 0 0 0 0 0 0 0 0 0 0 0 0 0 0 0 3 
505 0 4 0 0 0 0 0 0 0 0 0 0 0 0 0 0 0 0 0 0 0 4 
535 0 3 0 0 0 0 0 0 0 0 0 0 0 0 0 0 0 0 0 0 0 3 
550 0 4 0 0 0 0 0 0 0 0 0 0 0 0 0 0 0 0 0 0 0 4 
565 0 1 0 0 0 0 0 0 0 0 0 0 0 0 0 0 0 0 0 0 0 1 
580 0 0 0 0 0 0 0 0 0 0 0 0 0 0 0 0 0 0 0 0 0 0 
694 6 0 0 0 0 0 0 0 6 0 0 0 0 0 0 0 0 0 0 0 0 0 
724 4 0 0 0 0 0 0 0 4 0 0 0 0 0 0 0 0 0 0 0 0 0 
737 2 0 0 0 2 0 0 0 4 0 0 0 0 0 0 0 0 0 0 0 0 0 
739 0 0 0 0 2 0 0 0 0 0 0 0 0 0 0 0 0 0 0 0 0 0 
752 8 0 0 0 8 0 0 0 0 0 0 0 0 0 0 0 0 0 0 0 0 0 
767 6 0 0 0 6 0 0 0 0 0 0 0 0 0 0 0 0 0 0 0 0 0 
782 8 0 0 0 8 0 0 0 0 0 0 0 0 0 0 0 0 0 0 0 0 0 
797 9 0 0 0 9 0 0 0 0 0 0 0 0 0 0 0 0 0 0 0 0 0 
812 8 0 0 0 8 0 0 0 0 0 0 0 0 0 0 0 0 0 0 0 0 0 
827 5 0 0 0 5 0 0 0 0 0 0 0 0 0 0 0 0 0 0 0 0 0 
842 8 0 0 0 8 0 0 0 0 0 0 0 0 0 0 0 0 0 0 0 0 0 
857 10 0 0 0 10 0 0 0 0 0 0 0 0 0 0 0 0 0 0 0 0 0 
872 8 0 0 0 8 0 0 0 0 0 0 0 0 0 0 0 0 0 0 0 0 0 
887 4 0 0 0 4 0 0 0 0 0 0 0 0 0 0 0 0 0 0 0 0 0 
902 0 0 0 0 0 0 0 0 0 0 0 0 0 0 0 0 0 0 0 0 0 0 
1143 0 1 0 0 0 0 0 1 0 0 0 0 0 0 0 0 0 0 0 0 0 0 
1158 0 2.5 0 1 0 0 0 4 0 0 0 0 0 0 0 0 0 0 0 0 0 0 
1171 0 3 0 3 0 0 0 4 0 0 0 0 0 0 0 0 0 0 0 0 0 0 
1186 0 4 0 4 0 0 0 4 0 0 0 0 0 0 0 0 0 0 0 0 0 0 
1188 0 15 0 4 0 0 0 15 0 0 0 0 0 0 0 0 0 0 0 0 0 0 
1203 0 3 0 4 0 0 0 3 0 0 0 0 0 0 0 0 0 0 0 0 0 0 
1218 0 6 0 4 0 0 0 6 0 0 0 0 0 0 0 0 0 0 0 0 0 0 
1220 0 1 0 4 0 0 0 6 0 0 0 1 0 0 0 0 0 0 0 0 0 0 
1231 0 3 0 3 0 0 0 6 0 0 0 1 0 0 0 0 0 0 0 0 0 0 
1235 0 8.5 0 3 0 0 0 3 0 0 0 14 0 0 0 0 0 0 0 0 0 0 
1237 0 3 0 3 0 0 0 3 0 0 0 14 0 0 0 3 0 0 0 0 0 0 
1246 0 4 0 4 0 0 0 3 0 0 0 14 0 0 0 3 0 0 0 0 0 0 
1248 0 0 0 4 0 0 0 0 0 0 0 14 0 0 0 3 0 0 0 0 0 0 
1250 0 4 0 4 0 0 0 0 0 0 0 4 0 0 0 3 0 0 0 0 0 0 
1291 0 3.5 0 3 0 0 0 0 0 0 0 4 0 0 0 4 0 0 0 0 0 0 
1293 0 4 0 3 0 0 0 4 0 0 0 4 0 0 0 4 0 0 0 0 0 0 
1295 0 2 0 3 0 0 0 4 0 0 0 2 0 0 0 4 0 0 0 0 0 0 
1306 0 4 0 4 0 0 0 4 0 0 0 2 0 0 0 4 0 0 0 0 0 0 
1310 0 0 0 4 0 0 0 4 0 0 0 0 0 0 0 4 0 0 0 0 0 0 
1323 0 3 0 4 0 0 0 3 0 0 0 0 0 0 0 4 0 0 0 0 0 0 
1338 0 3.5 0 4 0 0 0 4 0 0 0 0 0 0 0 3 0 0 0 0 0 0 
1342 0 4 0 4 0 0 0 4 0 0 0 0 0 0 0 4 0 0 0 0 0 0 
1351 0 3 0 3 0 0 0 4 0 0 0 0 0 0 0 4 0 0 0 0 0 0 
1366 0 1 0 1 0 0 0 4 0 0 0 0 0 0 0 4 0 0 0 0 0 0 
1368 0 6 0 1 0 0 0 6 0 0 0 0 0 0 0 4 0 0 0 0 0 0 
1373 8 0 0 1 0 0 0 6 0 0 0 0 0 0 0 4 8 0 0 0 0 0 
1381 0 0 0 0 0 0 0 6 0 0 0 0 0 0 0 4 8 0 0 0 0 0 
1383 0 3 0 0 0 0 0 3 0 0 0 0 0 0 0 4 8 0 0 0 0 0 
1387 0 0 0 0 0 0 0 3 0 0 0 0 0 0 0 0 8 0 0 0 0 0 
1398 0 -16 0 0 0 0 0 -16 0 0 0 0 0 0 0 0 8 0 0 0 0 0 
1403 6 0 0 0 0 0 0 -16 0 0 0 0 0 0 0 0 6 0 0 0 0 0 
1413 0 -12 0 0 0 0 0 -12 0 0 0 0 0 0 0 0 6 0 0 0 0 0 
1418 8 0 0 0 0 0 0 -12 0 0 0 0 0 0 0 0 8 0 0 0 0 0 
1428 0 -25 0 0 0 0 0 -25 0 0 0 0 0 0 0 0 8 0 0 0 0 0 
1430 0 4 0 0 0 0 0 -25 0 0 0 4 0 0 0 0 8 0 0 0 0 0 
1443 0 -3 0 0 0 0 0 -3 0 0 0 4 0 0 0 0 8 0 0 0 0 0 
1445 0 6 0 0 0 0 0 -3 0 0 0 6 0 0 0 0 8 0 0 0 0 0 
1458 0 -4 0 0 0 0 0 -4 0 0 0 6 0 0 0 0 8 0 0 0 0 0 
1460 0 4 0 0 0 0 0 -4 0 0 0 4 0 0 0 0 8 0 0 0 0 0 
1463 3 0 0 0 0 0 0 -4 0 0 0 4 0 0 0 0 3 0 0 0 0 0 
1475 0 3 0 0 0 0 0 -4 0 0 0 3 0 0 0 0 3 0 0 0 0 0 
1478 45 0 0 0 0 0 0 -4 0 0 0 3 0 0 0 0 45 0 0 0 0 0 
1488 0 -15 0 0 0 0 0 -15 0 0 0 3 0 0 0 0 45 0 0 0 0 0 
1490 0 4 0 0 0 0 0 -15 0 0 0 4 0 0 0 0 45 0 0 0 0 0 
1493 8 0 0 0 0 0 0 -15 0 0 0 4 0 0 0 0 8 0 0 0 0 0 
1503 0 -3 0 0 0 0 0 -3 0 0 0 4 0 0 0 0 8 0 0 0 0 0 
1505 0 3 0 0 0 0 0 -3 0 0 0 3 0 0 0 0 8 0 0 0 0 0 
1518 0 -4 0 0 0 0 0 -4 0 0 0 3 0 0 0 0 8 0 0 0 0 0 
1520 0 0 0 0 0 0 0 -4 0 0 0 0 0 0 0 0 8 0 0 0 0 0 
1523 6 0 0 0 0 0 0 -4 0 0 0 0 0 0 0 0 6 0 0 0 0 0 
1538 8 0 0 0 0 0 0 -4 0 0 0 0 0 0 0 0 8 0 0 0 0 0 
1548 0 -7 0 0 0 0 0 -7 0 0 0 0 0 0 0 0 8 0 0 0 0 0 
1550 0 4 0 0 0 0 0 -7 0 0 0 4 0 0 0 0 8 0 0 0 0 0 
1553 2 0 0 0 0 0 0 -7 0 0 0 4 0 0 0 0 2 0 0 0 0 0 
1563 0 -6 0 0 0 0 0 -6 0 0 0 4 0 0 0 0 2 0 0 0 0 0 
1566 0 3 0 0 0 0 0 -6 0 0 0 4 0 3 0 0 2 0 0 0 0 0 
1568 0 0 0 0 0 0 0 -6 0 0 0 4 0 3 0 0 0 0 0 0 0 0 
1578 0 -4 0 0 0 0 0 -4 0 0 0 4 0 3 0 0 0 0 0 0 0 0 
1581 0 4 0 0 0 0 0 -4 0 0 0 4 0 4 0 0 0 0 0 0 0 0 
1595 0 3 0 0 0 0 0 -4 0 0 0 3 0 4 0 0 0 0 0 0 0 0 
1610 0 4 0 0 0 0 0 -4 0 0 0 4 0 4 0 0 0 0 0 0 0 0 
1611 0 3 0 0 0 0 0 -4 0 0 0 4 0 3 0 0 0 0 0 0 0 0 
1623 0 -3 0 0 0 0 0 -3 0 0 0 4 0 3 0 0 0 0 0 0 0 0 
1625 0 0 0 0 0 0 0 -3 0 0 0 0 0 3 0 0 0 0 0 0 0 0 
1626 0 6 0 0 0 0 0 -3 0 0 0 0 0 6 0 0 0 0 0 0 0 0 
1630 0 1 0 0 0 0 0 -3 0 0 0 0 0 6 0 0 0 0 0 0 0 1 
1638 0 -4 0 0 0 0 0 -4 0 0 0 0 0 6 0 0 0 0 0 0 0 1 
1641 0 4 0 0 0 0 0 -4 0 0 0 0 0 4 0 0 0 0 0 0 0 1 
1645 0 6 0 0 0 0 0 -4 0 0 0 0 0 4 0 0 0 0 0 0 0 6 
1660 0 4 0 0 0 0 0 -4 0 0 0 0 0 4 0 0 0 0 0 0 0 4 
1671 0 3 0 0 0 0 0 -4 0 0 0 0 0 3 0 0 0 0 0 0 0 4 
1683 0 0 0 0 0 0 0 -3 0 0 0 0 0 3 0 0 0 0 0 0 0 3 
1686 0 4 0 0 0 0 0 -3 0 0 0 0 0 4 0 0 0 0 0 0 0 3 
1698 0 -1.5 0 0 0 0 0 -7 0 0 0 0 0 4 0 0 0 0 0 0 0 4 
1713 0 -4 0 0 0 0 0 -4 0 0 0 0 0 4 0 0 0 0 0 0 0 4 
1716 0 3 0 0 0 0 0 -4 0 0 0 0 0 3 0 0 0 0 0 0 0 4 
1728 0 -7 0 0 0 0 0 -7 0 0 0 0 0 3 0 0 0 0 0 0 0 4 
1731 0 0 0 0 0 0 0 -7 0 0 0 0 0 0 0 0 0 0 0 0 0 4 
1735 0 1 0 0 0 0 0 -7 0 0 0 0 0 0 0 0 0 0 0 0 0 1 
1743 0 -3 0 0 0 0 0 -3 0 0 0 0 0 0 0 0 0 0 0 0 0 1 
1750 0 0 0 0 0 0 0 -3 0 0 0 0 0 0 0 0 0 0 0 0 0 0 
1758 0 -2 0 0 0 0 0 -2 0 0 0 0 0 0 0 0 0 0 0 0 0 0 
1773 0 0 0 0 0 0 0 0 0 0 0 0 0 0 0 0 0 0 0 0 0 0 
1789 4 0 0 0 0 0 0 0 4 0 0 0 0 0 0 0 0 0 0 0 0 0 
1795 0 1 0 0 0 0 0 0 4 0 0 0 0 0 0 0 0 0 0 0 0 1 
1804 8 0 0 0 0 0 0 0 8 0 0 0 0 0 0 0 0 0 0 0 0 1 
1810 0 4 0 0 0 0 0 0 8 0 0 0 0 0 0 0 0 0 0 0 0 4 
1819 6 0 0 0 0 0 0 0 6 0 0 0 0 0 0 0 0 0 0 0 0 4 
1834 8 0 0 0 0 0 0 0 8 0 0 0 0 0 0 0 0 0 0 0 0 4 
1855 0 3 0 0 0 0 0 0 8 0 0 0 0 0 0 0 0 0 0 0 0 3 
1870 0 4 0 0 0 0 0 0 8 0 0 0 0 0 0 0 0 0 0 0 0 4 
1885 0 6 0 0 0 0 0 0 8 0 0 0 0 0 0 0 0 0 0 0 0 6 
1894 6 0 0 0 0 0 0 0 6 0 0 0 0 0 0 0 0 0 0 0 0 6 
1900 0 0 0 0 0 0 0 0 6 0 0 0 0 0 0 0 0 0 0 0 0 0 
1909 8 0 0 0 0 0 0 0 8 0 0 0 0 0 0 0 0 0 0 0 0 0 
1939 6 0 0 0 0 0 0 0 6 0 0 0 0 0 0 0 0 0 0 0 0 0 
1954 2 0 0 0 0 0 0 0 2 0 0 0 0 0 0 0 0 0 0 0 0 0 
1969 0 0 0 0 0 0 0 0 0 0 0 0 0 0 0 0 0 0 0 0 0 0 
2178 0 8 0 0 0 0 0 8 0 0 0 0 0 0 0 0 0 0 0 0 0 0 
2208 0 12 0 0 0 0 0 12 0 0 0 0 0 0 0 0 0 0 0 0 0 0 
2223 0 6 0 0 0 0 0 6 0 0 0 0 0 0 0 0 0 0 0 0 0 0 
2238 0 4 0 0 0 0 0 4 0 0 0 0 0 0 0 0 0 0 0 0 0 0 
2253 0 16 0 0 0 0 0 16 0 0 0 0 0 0 0 0 0 0 0 0 0 0 
2268 0 2 0 0 0 0 0 2 0 0 0 0 0 0 0 0 0 0 0 0 0 0 
2283 0 3 0 0 0 0 0 3 0 0 0 0 0 0 0 0 0 0 0 0 0 0 
2298 0 4 0 0 0 0 0 4 0 0 0 0 0 0 0 0 0 0 0 0 0 0 
2313 0 6 0 0 0 0 0 6 0 0 0 0 0 0 0 0 0 0 0 0 0 0 
2328 0 4 0 0 0 0 0 4 0 0 0 0 0 0 0 0 0 0 0 0 0 0 
2343 0 3 0 0 0 0 0 3 0 0 0 0 0 0 0 0 0 0 0 0 0 0 
2358 0 2 0 0 0 0 0 2 0 0 0 0 0 0 0 0 0 0 0 0 0 0 
2373 0 4 0 0 0 0 0 4 0 0 0 0 0 0 0 0 0 0 0 0 0 0 
2388 0 6 0 0 0 0 0 6 0 0 0 0 0 0 0 0 0 0 0 0 0 0 
2403 0 3 0 0 0 0 0 3 0 0 0 0 0 0 0 0 0 0 0 0 0 0 
2418 0 5 0 0 0 0 0 5 0 0 0 0 0 0 0 0 0 0 0 0 0 0 
2433 0 0 0 0 0 0 0 0 0 0 0 0 0 0 0 0 0 0 0 0 0 0 
2913 0 1 0 0 0 0 0 1 0 0 0 0 0 0 0 0 0 0 0 0 0 0 
2928 0 4 0 0 0 0 0 4 0 0 0 0 0 0 0 0 0 0 0 0 0 0 
2943 0 14 0 0 0 0 0 14 0 0 0 0 0 0 0 0 0 0 0 0 0 0 
2958 0 4 0 0 0 0 0 4 0 0 0 0 0 0 0 0 0 0 0 0 0 0 
2988 0 1 0 0 0 0 0 1 0 0 0 0 0 0 0 0 0 0 0 0 0 0 
3003 0 3 0 0 0 0 0 3 0 0 0 0 0 0 0 0 0 0 0 0 0 0 
3018 0 6 0 0 0 0 0 6 0 0 0 0 0 0 0 0 0 0 0 0 0 0 
3033 0 4 0 0 0 0 0 4 0 0 0 0 0 0 0 0 0 0 0 0 0 0 
3063 0 1 0 0 0 0 0 1 0 0 0 0 0 0 0 0 0 0 0 0 0 0 
3078 0 0 0 0 0 0 0 0 0 0 0 0 0 0 0 0 0 0 0 0 0 0 
3153 0 1 0 0 0 0 0 1 0 0 0 0 0 0 0 0 0 0 0 0 0 0 
3168 0 4 0 0 0 0 0 4 0 0 0 0 0 0 0 0 0 0 0 0 0 0 
3183 0 3 0 0 0 0 0 3 0 0 0 0 0 0 0 0 0 0 0 0 0 0 
3198 0 19 0 0 0 0 0 19 0 0 0 0 0 0 0 0 0 0 0 0 0 0 
3213 0 2 0 0 0 0 0 2 0 0 0 0 0 0 0 0 0 0 0 0 0 0 
3228 0 0 0 0 0 0 0 0 0 0 0 0 0 0 0 0 0 0 0 0 0 0 
5762 0 8 0 0 0 8 0 0 0 0 0 0 0 0 0 0 0 0 0 0 0 0 
5792 0 12 0 0 0 12 0 0 0 0 0 0 0 0 0 0 0 0 0 0 0 0 
5807 0 6 0 0 0 6 0 0 0 0 0 0 0 0 0 0 0 0 0 0 0 0 
5822 0 4 0 0 0 4 0 0 0 0 0 0 0 0 0 0 0 0 0 0 0 0 
5837 0 16 0 0 0 16 0 0 0 0 0 0 0 0 0 0 0 0 0 0 0 0 
5852 0 2 0 0 0 2 0 0 0 0 0 0 0 0 0 0 0 0 0 0 0 0 
5867 0 5 0 0 0 5 0 0 0 0 0 0 0 0 0 0 0 0 0 0 0 0 
5882 0 4 0 0 0 4 0 0 0 0 0 0 0 0 0 0 0 0 0 0 0 0 
5897 0 6 0 0 0 6 0 0 0 0 0 0 0 0 0 0 0 0 0 0 0 0 
5912 0 4 0 0 0 4 0 0 0 0 0 0 0 0 0 0 0 0 0 0 0 0 
5927 0 3 0 0 0 3 0 0 0 0 0 0 0 0 0 0 0 0 0 0 0 0 
5942 0 2 0 0 0 2 0 0 0 0 0 0 0 0 0 0 0 0 0 0 0 0 
5957 0 4 0 0 0 4 0 0 0 0 0 0 0 0 0 0 0 0 0 0 0 0 
5972 0 6 0 0 0 6 0 0 0 0 0 0 0 0 0 0 0 0 0 0 0 0 
5987 0 3 0 0 0 3 0 0 0 0 0 0 0 0 0 0 0 0 0 0 0 0 
6002 0 5 0 0 0 5 0 0 0 0 0 0 0 0 0 0 0 0 0 0 0 0 
6017 0 0 0 0 0 0 0 0 0 0 0 0 0 0 0 0 0 0 0 0 0 0 
6047 0 1 0 0 0 1 0 0 0 0 0 0 0 0 0 0 0 0 0 0 0 0 
6062 0 4 0 0 0 4 0 0 0 0 0 0 0 0 0 0 0 0 0 0 0 0 
6107 0 3 0 0 0 3 0 0 0 0 0 0 0 0 0 0 0 0 0 0 0 0 
6122 0 4 0 0 0 4 0 0 0 0 0 0 0 0 0 0 0 0 0 0 0 0 
6137 0 3 0 0 0 3 0 0 0 0 0 0 0 0 0 0 0 0 0 0 0 0 
6152 0 0 0 0 0 0 0 0 0 0 0 0 0 0 0 0 0 0 0 0 0 0 
6167 0 2 0 0 0 2 0 0 0 0 0 0 0 0 0 0 0 0 0 0 0 0 
6182 0 4 0 0 0 4 0 0 0 0 0 0 0 0 0 0 0 0 0 0 0 0 
6197 0 6 0 0 0 6 0 0 0 0 0 0 0 0 0 0 0 0 0 0 0 0 
6212 0 4 0 0 0 4 0 0 0 0 0 0 0 0 0 0 0 0 0 0 0 0 
6226 4 0 4 0 0 4 0 0 0 0 0 0 0 0 0 0 0 0 0 0 0 0 
6227 0 3 4 0 0 3 0 0 0 0 0 0 0 0 0 0 0 0 0 0 0 0 
6241 6 0 6 0 0 3 0 0 0 0 0 0 0 0 0 0 0 0 0 0 0 0 
6242 0 4 6 0 0 4 0 0 0 0 0 0 0 0 0 0 0 0 0 0 0 0 
6247 4 0 6 0 0 4 0 0 0 0 0 0 0 0 4 0 0 0 0 0 0 0 
6257 0 3 6 0 0 3 0 0 0 0 0 0 0 0 4 0 0 0 0 0 0 0 
6262 6 0 6 0 0 3 0 0 0 0 0 0 0 0 6 0 0 0 0 0 0 0 
6271 0 0 0 0 0 3 0 0 0 0 0 0 0 0 6 0 0 0 0 0 0 0 
6277 4 0 0 0 0 0 0 0 0 0 0 0 0 0 8 0 0 0 0 0 0 0 
6292 0 0 0 0 0 0 0 0 0 0 0 0 0 0 0 0 0 0 0 0 0 0 
6412 10 0 0 0 0 0 0 0 0 0 0 0 0 0 10 0 0 0 0 0 0 0 
6413 2 0 0 0 0 0 0 0 0 0 0 0 0 0 10 0 2 0 0 0 0 0 
6427 6 0 0 0 0 0 0 0 0 0 0 0 0 0 6 0 2 0 0 0 0 0 
6428 8 0 0 0 0 0 0 0 0 0 0 0 0 0 6 0 8 0 0 0 0 0 
6442 10 0 0 0 0 0 0 0 0 0 0 0 0 0 10 0 8 0 0 0 0 0 
6443 6 0 0 0 0 0 0 0 0 0 0 0 0 0 10 0 6 0 0 0 0 0 
6457 8 0 0 0 0 0 0 0 0 0 0 0 0 0 8 0 6 0 0 0 0 0 
6458 2 0 0 0 0 0 0 0 0 0 0 0 0 0 8 0 2 0 0 0 0 0 
6473 1 0 0 0 0 0 0 0 0 0 0 0 0 0 2 0 0 0 0 0 0 0 
6487 0 0 0 0 0 0 0 0 0 0 0 0 0 0 0 0 0 0 0 0 0 0 
6500 6 0 0 0 0 0 0 0 0 0 6 0 0 0 0 0 0 0 0 0 0 0 
6515 2 0 0 0 0 0 0 0 0 0 2 0 0 0 0 0 0 0 0 0 0 0 
6530 7 0 0 0 0 0 0 0 0 0 7 0 0 0 0 0 0 0 0 0 0 0 
6545 1 0 0 0 0 0 0 0 0 0 1 0 0 0 0 0 0 0 0 0 0 0 
6560 0 0 0 0 0 0 0 0 0 0 0 0 0 0 0 0 0 0 0 0 0 0 
6591 1 0 0 0 0 0 0 0 0 0 0 0 1 0 0 0 0 0 0 0 0 0 
6606 3 0 0 0 0 0 0 0 0 0 0 0 3 0 0 0 0 0 0 0 0 0 
6621 5 0 0 0 0 0 0 0 0 0 0 0 5 0 0 0 0 0 0 0 0 0 
6636 1 0 0 0 0 0 0 0 0 0 0 0 1 0 0 0 0 0 0 0 0 0 
6651 0 0 0 0 0 0 0 0 0 0 0 0 0 0 0 0 0 0 0 0 0 0 
6728 8 0 0 0 0 0 0 0 0 0 0 0 0 0 0 0 8 0 0 0 0 0 
6743 6 0 0 0 0 0 0 0 0 0 0 0 0 0 0 0 6 0 0 0 0 0 
6758 8 0 0 0 0 0 0 0 0 0 0 0 0 0 0 0 8 0 0 0 0 0 
6790 0 9 0 0 0 0 0 0 0 0 0 0 0 0 0 0 8 0 0 0 0 9 
6803 6 0 0 0 0 0 0 0 0 0 0 0 0 0 0 0 6 0 0 0 0 9 
6805 0 12 0 0 0 0 0 0 0 0 0 0 0 0 0 0 6 0 0 0 0 12 
6814 2 0 0 0 0 0 0 0 2 0 0 0 0 0 0 0 6 0 0 0 0 12 
6820 1 3.5 0 0 0 0 0 0 2 0 0 0 0 0 0 0 2 0 0 0 0 7 
6829 6 0 0 0 0 0 0 0 6 0 0 0 0 0 0 0 2 0 0 0 0 7 
6833 0 0 0 0 0 0 0 0 6 0 0 0 0 0 0 0 0 0 0 0 0 7 
6844 3.5 0 0 0 0 0 0 0 7 0 0 0 0 0 0 0 0 0 0 0 0 0 
6850 0 7 0 0 0 0 0 0 7 0 0 0 0 0 0 0 0 0 0 0 0 7 
6859 1 0 0 0 0 0 0 0 1 0 0 0 0 0 0 0 0 0 0 0 0 7 
6865 0 6 0 0 0 0 0 0 1 0 0 0 0 0 0 0 0 0 0 0 0 6 
6874 0 0 0 0 0 0 0 0 0 0 0 0 0 0 0 0 0 0 0 0 0 6 
6880 0 14 0 0 0 0 0 0 0 0 0 0 0 0 0 0 0 0 0 0 0 14 
6895 0 1 0 0 0 0 0 0 0 0 0 0 0 0 0 0 0 0 0 0 0 1 
6910 0 3 0 0 0 0 0 0 0 0 0 0 0 0 0 0 0 0 0 0 0 3 
6925 0 4 0 0 0 0 0 0 0 0 0 0 0 0 0 0 0 0 0 0 0 4 
6940 0 8 0 0 0 0 0 0 0 0 0 0 0 0 0 0 0 0 0 0 0 8 
6955 0 3 0 0 0 0 0 0 0 0 0 0 0 0 0 0 0 0 0 0 0 3 
6970 0 4 0 0 0 0 0 0 0 0 0 0 0 0 0 0 0 0 0 0 0 4 
6985 0 2 0 0 0 0 0 0 0 0 0 0 0 0 0 0 0 0 0 0 0 2 
7000 0 4 0 0 0 0 0 0 0 0 0 0 0 0 0 0 0 0 0 0 0 4 
7015 0 3 0 0 0 0 0 0 0 0 0 0 0 0 0 0 0 0 0 0 0 3 
7030 0 6 0 0 0 0 0 0 0 0 0 0 0 0 0 0 0 0 0 0 0 6 
7045 0 5 0 0 0 0 0 0 0 0 0 0 0 0 0 0 0 0 0 0 0 5 
7051 4 0 4 0 0 0 0 0 0 0 0 0 0 0 0 0 0 0 0 0 0 5 
7060 0 0 4 0 0 0 0 0 0 0 0 0 0 0 0 0 0 0 0 0 0 0 
7066 26 0 26 0 0 0 0 0 0 0 0 0 0 0 0 0 0 0 0 0 0 0 
7067 0 3 26 0 0 3 0 0 0 0 0 0 0 0 0 0 0 0 0 0 0 0 
7081 8 0 8 0 0 3 0 0 0 0 0 0 0 0 0 0 0 0 0 0 0 0 
7082 0 4 8 0 0 4 0 0 0 0 0 0 0 0 0 0 0 0 0 0 0 0 
7096 12 0 12 0 0 4 0 0 0 0 0 0 0 0 0 0 0 0 0 0 0 0 
7097 0 6 12 0 0 6 0 0 0 0 0 0 0 0 0 0 0 0 0 0 0 0 
7111 6 0 6 0 0 6 0 0 0 0 0 0 0 0 0 0 0 0 0 0 0 0 
7112 0 4 6 0 0 4 0 0 0 0 0 0 0 0 0 0 0 0 0 0 0 0 
7126 10 0 10 0 0 4 0 0 0 0 0 0 0 0 0 0 0 0 0 0 0 0 
7127 0 3 10 0 0 3 0 0 0 0 0 0 0 0 0 0 0 0 0 0 0 0 
7141 28 0 28 0 0 3 0 0 0 0 0 0 0 0 0 0 0 0 0 0 0 0 
7142 0 4 28 0 0 4 0 0 0 0 0 0 0 0 0 0 0 0 0 0 0 0 
7156 10 0 10 0 0 4 0 0 0 0 0 0 0 0 0 0 0 0 0 0 0 0 
7171 8 0 8 0 0 4 0 0 0 0 0 0 0 0 0 0 0 0 0 0 0 0 
7172 0 3 8 0 0 3 0 0 0 0 0 0 0 0 0 0 0 0 0 0 0 0 
7180 0 4 8 0 0 3 0 0 0 0 0 0 0 0 0 0 0 0 0 0 0 4 
7187 0 0 8 0 0 0 0 0 0 0 0 0 0 0 0 0 0 0 0 0 0 4 
7195 0 3 8 0 0 0 0 0 0 0 0 0 0 0 0 0 0 0 0 0 0 3 
7210 0 4 8 0 0 0 0 0 0 0 0 0 0 0 0 0 0 0 0 0 0 4 
7216 6 0 6 0 0 0 0 0 0 0 0 0 0 0 0 0 0 0 0 0 0 4 
7225 0 2 6 0 0 0 0 0 0 0 0 0 0 0 0 0 0 0 0 0 0 2 
7231 0 0 0 0 0 0 0 0 0 0 0 0 0 0 0 0 0 0 0 0 0 2 
7566 2.5 0 0 0 0 0 0 0 0 0 0 0 5 0 0 0 0 0 0 0 0 0 
7581 8 0 0 0 0 0 0 0 0 0 0 0 8 0 0 0 0 0 0 0 0 0 
7596 9 0 0 0 0 0 0 0 0 0 0 0 9 0 0 0 0 0 0 0 0 0 
7611 5 0 0 0 0 0 0 0 0 0 0 0 5 0 0 0 0 0 0 0 0 0 
7626 8 0 0 0 0 0 0 0 0 0 0 0 8 0 0 0 0 0 0 0 0 0 
7671 6 0 0 0 0 0 0 0 0 0 0 0 6 0 0 0 0 0 0 0 0 0 
7686 5 0 0 0 0 0 0 0 0 0 0 0 5 0 0 0 0 0 0 0 0 0 
7701 0 0 0 0 0 0 0 0 0 0 0 0 0 0 0 0 0 0 0 0 0 0 
8088 7 0 0 0 0 0 7 0 0 0 0 0 0 0 0 0 0 0 0 0 0 0 
8103 5 0 0 0 0 0 5 0 0 0 0 0 0 0 0 0 0 0 0 0 0 0 
8118 4 0 0 0 0 0 4 0 0 0 0 0 0 0 0 0 0 0 0 0 0 0 
8133 0 0 0 0 0 0 0 0 0 0 0 0 0 0 0 0 0 0 0 0 0 0 
8214 4 0 0 0 0 0 0 0 0 0 0 0 0 0 0 0 0 0 4 0 0 0 
8229 8 0 0 0 0 0 0 0 0 0 0 0 0 0 0 0 0 0 8 0 0 0 
8259 6 0 0 0 0 0 0 0 0 0 0 0 0 0 0 0 0 0 6 0 0 0 
8274 8 0 0 0 0 0 0 0 0 0 0 0 0 0 0 0 0 0 8 0 0 0 
8319 6 0 0 0 0 0 0 0 0 0 0 0 0 0 0 0 0 0 6 0 0 0 
8334 8 0 0 0 0 0 0 0 0 0 0 0 0 0 0 0 0 0 8 0 0 0 
8349 10 0 0 0 0 0 0 0 0 0 0 0 0 0 0 0 0 0 10 0 0 0 
8359 1 0 0 0 0 0 0 0 1 0 0 0 0 0 0 0 0 0 10 0 0 0 
8364 7 0 0 0 0 0 0 0 1 0 0 0 0 0 0 0 0 0 7 0 0 0 
8374 0 0 0 0 0 0 0 0 0 0 0 0 0 0 0 0 0 0 7 0 0 0 
8379 6 0 0 0 0 0 0 0 0 0 0 0 0 0 0 0 0 0 6 0 0 0 
8394 8 0 0 0 0 0 0 0 0 0 0 0 0 0 0 0 0 0 8 0 0 0 
8424 9 0 0 0 0 0 0 0 0 0 0 0 0 0 0 0 0 0 9 0 0 0 
8425 0 1 0 0 0 0 0 0 0 0 0 0 0 0 0 0 0 0 9 0 0 1 
8439 41 0 0 0 0 0 0 0 0 0 0 0 0 0 0 0 0 0 41 0 0 1 
8440 0 0 0 0 0 0 0 0 0 0 0 0 0 0 0 0 0 0 41 0 0 0 
8454 8 0 0 0 0 0 0 0 0 0 0 0 0 0 0 0 0 0 8 0 0 0 
8469 7 0 0 0 0 0 0 0 0 0 0 0 0 0 0 0 0 0 7 0 0 0 
8484 8 0 0 0 0 0 0 0 0 0 0 0 0 0 0 0 0 0 8 0 0 0 
8499 6 0 0 0 0 0 0 0 0 0 0 0 0 0 0 0 0 0 6 0 0 0 
8514 8 0 0 0 0 0 0 0 0 0 0 0 0 0 0 0 0 0 8 0 0 0 
8544 10 0 0 0 0 0 0 0 0 0 0 0 0 0 0 0 0 0 10 0 0 0 
8559 0 0 0 0 0 0 0 0 0 0 0 0 0 0 0 0 0 0 0 0 0 0 
8574 4 0 0 0 0 0 0 0 0 0 0 0 0 0 0 0 0 0 4 0 0 0 
8584 1 0 0 0 0 0 0 0 1 0 0 0 0 0 0 0 0 0 4 0 0 0 
8589 5 0 0 0 0 0 0 0 1 0 0 0 0 0 0 0 0 0 5 0 0 0 
8599 0 0 0 0 0 0 0 0 0 0 0 0 0 0 0 0 0 0 5 0 0 0 
8689 2 0 0 0 0 0 0 0 4 0 0 0 0 0 0 0 0 0 0 0 0 0 
8704 8 0 0 0 0 0 0 0 8 0 0 0 0 0 0 0 0 0 0 0 0 0 
8769 5 0 0 0 0 0 0 0 8 0 0 0 0 0 0 0 0 0 5 0 0 0 
8779 6 0 0 0 0 0 0 0 6 0 0 0 0 0 0 0 0 0 5 0 0 0 
8784 43 0 0 0 0 0 0 0 6 0 0 0 0 0 0 0 0 0 43 0 0 0 
8794 9 0 0 0 0 0 0 0 9 0 0 0 0 0 0 0 0 0 43 0 0 0 
8799 1 0 0 0 0 0 0 0 9 0 0 0 0 0 0 0 0 0 1 0 0 0 
8809 0 0 0 0 0 0 0 0 0 0 0 0 0 0 0 0 0 0 1 0 0 0 
10085 3 0 0 0 0 0 0 0 0 0 6 0 0 0 0 0 0 0 0 0 0 0 
10100 8 0 0 0 0 0 0 0 0 0 8 0 0 0 0 0 0 0 0 0 0 0 
10115 33 0 0 0 0 0 0 0 0 0 33 0 0 0 0 0 0 0 0 0 0 0 
10130 7 0 0 0 0 0 0 0 0 0 7 0 0 0 0 0 0 0 0 0 0 0 
10145 8 0 0 0 0 0 0 0 0 0 8 0 0 0 0 0 0 0 0 0 0 0 
10160 10 0 0 0 0 0 0 0 0 0 10 0 0 0 0 0 0 0 0 0 0 0 
10175 6 0 0 0 0 0 0 0 0 0 6 0 0 0 0 0 0 0 0 0 0 0 
10190 10 0 0 0 0 0 0 0 0 0 10 0 0 0 0 0 0 0 0 0 0 0 
10220 8 0 0 0 0 0 0 0 0 0 8 0 0 0 0 0 0 0 0 0 0 0 
10235 6 0 0 0 0 0 0 0 0 0 6 0 0 0 0 0 0 0 0 0 0 0 
10250 8 0 0 0 0 0 0 0 0 0 8 0 0 0 0 0 0 0 0 0 0 0 
10295 6 0 0 0 0 0 0 0 0 0 6 0 0 0 0 0 0 0 0 0 0 0 
10310 5 0 0 0 0 0 0 0 0 0 5 0 0 0 0 0 0 0 0 0 0 0 
10325 29 0 0 0 0 0 0 0 0 0 29 0 0 0 0 0 0 0 0 0 0 0 
10340 4 0 0 0 0 0 0 0 0 0 4 0 0 0 0 0 0 0 0 0 0 0 
10355 0 0 0 0 0 0 0 0 0 0 0 0 0 0 0 0 0 0 0 0 0 0 
10563 4 0 0 0 0 0 4 0 0 0 0 0 0 0 0 0 0 0 0 0 0 0 
10578 8 0 0 0 0 0 8 0 0 0 0 0 0 0 0 0 0 0 0 0 0 0 
10593 10 0 0 0 0 0 10 0 0 0 0 0 0 0 0 0 0 0 0 0 0 0 
10608 50 0 0 0 0 0 50 0 0 0 0 0 0 0 0 0 0 0 0 0 0 0 
10623 6 0 0 0 0 0 6 0 0 0 0 0 0 0 0 0 0 0 0 0 0 0 
10638 8 0 0 0 0 0 8 0 0 0 0 0 0 0 0 0 0 0 0 0 0 0 
10653 10 0 0 0 0 0 10 0 0 0 0 0 0 0 0 0 0 0 0 0 0 0 
10668 8 0 0 0 0 0 8 0 0 0 0 0 0 0 0 0 0 0 0 0 0 0 
10683 6 0 0 0 0 0 6 0 0 0 0 0 0 0 0 0 0 0 0 0 0 0 
10698 9 0 0 0 0 0 9 0 0 0 0 0 0 0 0 0 0 0 0 0 0 0 
10713 7 0 0 0 0 0 7 0 0 0 0 0 0 0 0 0 0 0 0 0 0 0 
10728 8 0 0 0 0 0 8 0 0 0 0 0 0 0 0 0 0 0 0 0 0 0 
10743 6 0 0 0 0 0 6 0 0 0 0 0 0 0 0 0 0 0 0 0 0 0 
10758 9 0 0 0 0 0 9 0 0 0 0 0 0 0 0 0 0 0 0 0 0 0 
10773 1 0 0 0 0 0 1 0 0 0 0 0 0 0 0 0 0 0 0 0 0 0 
10788 0 0 0 0 0 0 0 0 0 0 0 0 0 0 0 0 0 0 0 0 0 0 
11332 0 3 0 0 0 0 0 0 0 0 0 0 0 0 0 3 0 0 0 0 0 0 
11347 0 9 0 0 0 0 0 0 0 0 0 0 0 0 0 9 0 0 0 0 0 0 
11362 0 6 0 0 0 0 0 0 0 0 0 0 0 0 0 6 0 0 0 0 0 0 
11377 0 10 0 0 0 0 0 0 0 0 0 0 0 0 0 10 0 0 0 0 0 0 
11392 0 0 0 0 0 0 0 0 0 0 0 0 0 0 0 0 0 0 0 0 0 0 
11693 6 0 0 0 0 0 0 0 0 0 0 0 0 0 0 0 6 0 0 0 0 0 
11723 5 0 0 0 0 0 0 0 0 0 0 0 0 0 0 0 5 0 0 0 0 0 
11738 1 0 0 0 0 0 0 0 0 0 0 0 0 0 0 0 1 0 0 0 0 0 
11753 0 0 0 0 0 0 0 0 0 0 0 0 0 0 0 0 0 0 0 0 0 0 
12091 4 0 4 0 0 0 0 0 0 0 0 0 0 0 0 0 0 0 0 0 0 0 
12106 6 0 6 0 0 0 0 0 0 0 0 0 0 0 0 0 0 0 0 0 0 0 
12136 0 0 0 0 0 0 0 0 0 0 0 0 0 0 0 0 0 0 0 0 0 0 
12452 2 0 0 0 2 0 0 0 0 0 0 0 0 0 0 0 0 0 0 0 0 0 
12467 5 0 0 0 5 0 0 0 0 0 0 0 0 0 0 0 0 0 0 0 0 0 
12482 7 0 0 0 7 0 0 0 0 0 0 0 0 0 0 0 0 0 0 0 0 0 
12497 2 0 0 0 2 0 0 0 0 0 0 0 0 0 0 0 0 0 0 0 0 0 
12512 0 0 0 0 0 0 0 0 0 0 0 0 0 0 0 0 0 0 0 0 0 0 
12561 4 0 0 0 0 0 0 0 0 0 0 0 4 0 0 0 0 0 0 0 0 0 
12591 6 0 0 0 0 0 0 0 0 0 0 0 6 0 0 0 0 0 0 0 0 0 
12606 2 0 0 0 0 0 0 0 0 0 0 0 2 0 0 0 0 0 0 0 0 0 
12621 0 0 0 0 0 0 0 0 0 0 0 0 0 0 0 0 0 0 0 0 0 0 
12706 4 0 4 0 0 0 0 0 0 0 0 0 0 0 0 0 0 0 0 0 0 0 
12721 8 0 8 0 0 0 0 0 0 0 0 0 0 0 0 0 0 0 0 0 0 0 
12736 10 0 10 0 0 0 0 0 0 0 0 0 0 0 0 0 0 0 0 0 0 0 
12751 6 0 6 0 0 0 0 0 0 0 0 0 0 0 0 0 0 0 0 0 0 0 
12766 8 0 8 0 0 0 0 0 0 0 0 0 0 0 0 0 0 0 0 0 0 0 
12811 6 0 6 0 0 0 0 0 0 0 0 0 0 0 0 0 0 0 0 0 0 0 
12826 8 0 8 0 0 0 0 0 0 0 0 0 0 0 0 0 0 0 0 0 0 0 
12841 52 0 52 0 0 0 0 0 0 0 0 0 0 0 0 0 0 0 0 0 0 0 
12856 8 0 8 0 0 0 0 0 0 0 0 0 0 0 0 0 0 0 0 0 0 0 
12871 0 0 0 0 0 0 0 0 0 0 0 0 0 0 0 0 0 0 0 0 0 0 
13517 4 0 0 0 4 0 0 0 0 0 0 0 0 0 0 0 0 0 0 0 0 0 
13532 8 0 0 0 8 0 0 0 0 0 0 0 0 0 0 0 0 0 0 0 0 0 
13547 6 0 0 0 6 0 0 0 0 0 0 0 0 0 0 0 0 0 0 0 0 0 
13566 1 0 0 0 6 0 0 0 0 0 0 0 1 0 0 0 0 0 0 0 0 0 
13577 8 0 0 0 8 0 0 0 0 0 0 0 1 0 0 0 0 0 0 0 0 0 
13581 0 0 0 0 8 0 0 0 0 0 0 0 0 0 0 0 0 0 0 0 0 0 
13607 6 0 0 0 6 0 0 0 0 0 0 0 0 0 0 0 0 0 0 0 0 0 
13622 8 0 0 0 8 0 0 0 0 0 0 0 0 0 0 0 0 0 0 0 0 0 
13659 0 7 0 0 8 0 0 0 0 0 0 0 0 0 0 0 0 0 0 7 0 0 
13667 6 0 0 0 6 0 0 0 0 0 0 0 0 0 0 0 0 0 0 7 0 0 
13669 0 7 0 0 6 0 0 0 0 7 0 0 0 0 0 0 0 0 0 7 0 0 
13674 0 6 0 0 6 0 0 0 0 7 0 0 0 0 0 0 0 0 0 6 0 0 
13682 8 0 0 0 8 0 0 0 0 7 0 0 0 0 0 0 0 0 0 6 0 0 
13684 0 6 0 0 8 0 0 0 0 6 0 0 0 0 0 0 0 0 0 6 0 0 
13689 0 14 0 0 8 0 0 0 0 6 0 0 0 0 0 0 0 0 0 14 0 0 
13697 6 0 0 0 6 0 0 0 0 6 0 0 0 0 0 0 0 0 0 14 0 0 
13699 0 13 0 0 6 0 0 0 0 13 0 0 0 0 0 0 0 0 0 14 0 0 
13704 0 1 0 0 6 0 0 0 0 13 0 0 0 0 0 0 0 0 0 1 0 0 
13712 0 0 0 0 0 0 0 0 0 13 0 0 0 0 0 0 0 0 0 1 0 0 
13714 0 2 0 0 0 0 0 0 0 2 0 0 0 0 0 0 0 0 0 1 0 0 
13719 0 0 0 0 0 0 0 0 0 2 0 0 0 0 0 0 0 0 0 0 0 0 
13729 0 9 0 0 0 0 0 0 0 9 0 0 0 0 0 0 0 0 0 0 0 0 
13744 0 10.5 0 0 0 0 0 0 0 12 0 0 0 0 0 0 0 0 0 9 0 0 
13749 0 12 0 0 0 0 0 0 0 12 0 0 0 0 0 0 0 0 0 12 0 0 
13759 0 7 0 0 0 0 0 0 0 7 0 0 0 0 0 0 0 0 0 12 0 0 
13774 0 4.5 0 0 0 0 0 0 0 2 0 0 0 0 0 0 0 0 0 7 0 0 
13779 0 2 0 0 0 0 0 0 0 2 0 0 0 0 0 0 0 0 0 2 0 0 
13789 0 4 0 0 0 0 0 0 0 4 0 0 0 0 0 0 0 0 0 2 0 0 
13804 0 5 0 0 0 0 0 0 0 6 0 0 0 0 0 0 0 0 0 4 0 0 
13809 0 6 0 0 0 0 0 0 0 6 0 0 0 0 0 0 0 0 0 6 0 0 
13819 0 3 0 0 0 0 0 0 0 3 0 0 0 0 0 0 0 0 0 6 0 0 
13834 0 5 0 0 0 0 0 0 0 5 0 0 0 0 0 0 0 0 0 6 0 0 
13839 0 4 0 0 0 0 0 0 0 5 0 0 0 0 0 0 0 0 0 4 0 0 
13849 0 1 0 0 0 0 0 0 0 1 0 0 0 0 0 0 0 0 0 4 0 0 
13854 0 3 0 0 0 0 0 0 0 1 0 0 0 0 0 0 0 0 0 3 0 0 
13864 0 4 0 0 0 0 0 0 0 4 0 0 0 0 0 0 0 0 0 3 0 0 
13879 0 3.5 0 0 0 0 0 0 0 3 0 0 0 0 0 0 0 0 0 4 0 0 
13894 0 6 0 0 0 0 0 0 0 6 0 0 0 0 0 0 0 0 0 4 0 0 
13899 0 5 0 0 0 0 0 0 0 6 0 0 0 0 0 0 0 0 0 5 0 0 
13914 0 6 0 0 0 0 0 0 0 6 0 0 0 0 0 0 0 0 0 6 0 0 
13924 0 0 0 0 0 0 0 0 0 0 0 0 0 0 0 0 0 0 0 6 0 0 
13974 0 4 0 0 0 0 0 0 0 0 0 0 0 0 0 0 0 0 0 4 0 0 
14019 0 3 0 0 0 0 0 0 0 0 0 0 0 0 0 0 0 0 0 3 0 0 
14034 0 4 0 0 0 0 0 0 0 0 0 0 0 0 0 0 0 0 0 4 0 0 
14049 0 0 0 0 0 0 0 0 0 0 0 0 0 0 0 0 0 0 0 0 0 0 
14064 0 2 0 0 0 0 0 0 0 0 0 0 0 0 0 0 0 0 0 2 0 0 
14079 0 3 0 0 0 0 0 0 0 0 0 0 0 0 0 0 0 0 0 3 0 0 
14094 0 4 0 0 0 0 0 0 0 0 0 0 0 0 0 0 0 0 0 4 0 0 
14109 0 6 0 0 0 0 0 0 0 0 0 0 0 0 0 0 0 0 0 6 0 0 
14124 0 4 0 0 0 0 0 0 0 0 0 0 0 0 0 0 0 0 0 4 0 0 
14139 0 3 0 0 0 0 0 0 0 0 0 0 0 0 0 0 0 0 0 3 0 0 
14154 0 0 0 0 0 0 0 0 0 0 0 0 0 0 0 0 0 0 0 0 0 0 
14269 0 1 0 0 0 0 0 0 0 1 0 0 0 0 0 0 0 0 0 0 0 0 
14284 0 6 0 0 0 0 0 0 0 6 0 0 0 0 0 0 0 0 0 0 0 0 
14299 0 3 0 0 0 0 0 0 0 3 0 0 0 0 0 0 0 0 0 0 0 0 
14314 0 6 0 0 0 0 0 0 0 6 0 0 0 0 0 0 0 0 0 0 0 0 
14329 0 4 0 0 0 0 0 0 0 4 0 0 0 0 0 0 0 0 0 0 0 0 
14344 0 15 0 0 0 0 0 0 0 15 0 0 0 0 0 0 0 0 0 0 0 0 
14349 0 4 0 0 0 0 0 0 0 15 0 0 0 0 0 0 0 0 0 4 0 0 
14374 0 0 0 0 0 0 0 0 0 0 0 0 0 0 0 0 0 0 0 4 0 0 
14379 0 3 0 0 0 0 0 0 0 0 0 0 0 0 0 0 0 0 0 3 0 0 
14394 0 19 0 0 0 0 0 0 0 0 0 0 0 0 0 0 0 0 0 19 0 0 
14409 0 3 0 0 0 0 0 0 0 0 0 0 0 0 0 0 0 0 0 3 0 0 
14424 0 0 0 0 0 0 0 0 0 0 0 0 0 0 0 0 0 0 0 0 0 0 
14899 0 1 0 0 0 0 0 0 0 1 0 0 0 0 0 0 0 0 0 0 0 0 
14914 0 4 0 0 0 0 0 0 0 4 0 0 0 0 0 0 0 0 0 0 0 0 
14929 0 6 0 0 0 0 0 0 0 6 0 0 0 0 0 0 0 0 0 0 0 0 
14944 0 4 0 0 0 0 0 0 0 4 0 0 0 0 0 0 0 0 0 0 0 0 
14946 4 0 0 0 0 0 0 0 0 4 0 0 4 0 0 0 0 0 0 0 0 0 
14959 0 3 0 0 0 0 0 0 0 3 0 0 4 0 0 0 0 0 0 0 0 0 
14961 8 0 0 0 0 0 0 0 0 3 0 0 8 0 0 0 0 0 0 0 0 0 
14974 0 4 0 0 0 0 0 0 0 4 0 0 8 0 0 0 0 0 0 0 0 0 
14991 6 0 0 0 0 0 0 0 0 4 0 0 6 0 0 0 0 0 0 0 0 0 
15006 8 0 0 0 0 0 0 0 0 4 0 0 8 0 0 0 0 0 0 0 0 0 
15019 0 1 0 0 0 0 0 0 0 1 0 0 8 0 0 0 0 0 0 0 0 0 
15034 0 0 0 0 0 0 0 0 0 0 0 0 8 0 0 0 0 0 0 0 0 0 
15051 6 0 0 0 0 0 0 0 0 0 0 0 6 0 0 0 0 0 0 0 0 0 
15066 10 0 0 0 0 0 0 0 0 0 0 0 10 0 0 0 0 0 0 0 0 0 
15081 8 0 0 0 0 0 0 0 0 0 0 0 8 0 0 0 0 0 0 0 0 0 
15107 1 0 0 0 1 0 0 0 0 0 0 0 8 0 0 0 0 0 0 0 0 0 
15111 4 0 0 0 1 0 0 0 0 0 0 0 4 0 0 0 0 0 0 0 0 0 
15126 8 0 0 0 1 0 0 0 0 0 0 0 8 0 0 0 0 0 0 0 0 0 
15137 0 0 0 0 0 0 0 0 0 0 0 0 8 0 0 0 0 0 0 0 0 0 
15141 51 0 0 0 0 0 0 0 0 0 0 0 51 0 0 0 0 0 0 0 0 0 
15156 7 0 0 0 0 0 0 0 0 0 0 0 7 0 0 0 0 0 0 0 0 0 
15171 6 0 0 0 0 0 0 0 0 0 0 0 6 0 0 0 0 0 0 0 0 0 
15186 8 0 0 0 0 0 0 0 0 0 0 0 8 0 0 0 0 0 0 0 0 0 
15216 4 0 0 0 0 0 0 0 0 0 0 0 4 0 0 0 0 0 0 0 0 0 
15230 0 7 0 0 0 0 0 0 0 0 0 7 4 0 0 0 0 0 0 0 0 0 
15231 0 0 0 0 0 0 0 0 0 0 0 7 0 0 0 0 0 0 0 0 0 0 
15245 0 6 0 0 0 0 0 0 0 0 0 6 0 0 0 0 0 0 0 0 0 0 
15260 0 14 0 0 0 0 0 0 0 0 0 14 0 0 0 0 0 0 0 0 0 0 
15275 0 1 0 0 0 0 0 0 0 0 0 1 0 0 0 0 0 0 0 0 0 0 
15290 0 0 0 0 0 0 0 0 0 0 0 0 0 0 0 0 0 0 0 0 0 0 
15305 0 9 0 0 0 0 0 0 0 0 0 9 0 0 0 0 0 0 0 0 0 0 
15320 0 12 0 0 0 0 0 0 0 0 0 12 0 0 0 0 0 0 0 0 0 0 
15335 0 7 0 0 0 0 0 0 0 0 0 7 0 0 0 0 0 0 0 0 0 0 
15350 0 2 0 0 0 0 0 0 0 0 0 2 0 0 0 0 0 0 0 0 0 0 
15365 0 4 0 0 0 0 0 0 0 0 0 4 0 0 0 0 0 0 0 0 0 0 
15380 0 6 0 0 0 0 0 0 0 0 0 6 0 0 0 0 0 0 0 0 0 0 
15395 0 3 0 0 0 0 0 0 0 0 0 3 0 0 0 0 0 0 0 0 0 0 
15410 0 5 0 0 0 0 0 0 0 0 0 5 0 0 0 0 0 0 0 0 0 0 
15425 0 1 0 0 0 0 0 0 0 0 0 1 0 0 0 0 0 0 0 0 0 0 
15440 0 4 0 0 0 0 0 0 0 0 0 4 0 0 0 0 0 0 0 0 0 0 
15455 0 3 0 0 0 0 0 0 0 0 0 3 0 0 0 0 0 0 0 0 0 0 
15470 0 6 0 0 0 0 0 0 0 0 0 6 0 0 0 0 0 0 0 0 0 0 
15500 0 0 0 0 0 0 0 0 0 0 0 0 0 0 0 0 0 0 0 0 0 0 
15633 0 2 0 0 0 0 0 2 0 0 0 0 0 0 0 0 0 0 0 0 0 0 
15648 0 10 0 0 0 0 0 10 0 0 0 0 0 0 0 0 0 0 0 0 0 0 
15663 0 4 0 0 0 0 0 4 0 0 0 0 0 0 0 0 0 0 0 0 0 0 
15678 0 10 0 0 0 0 0 10 0 0 0 0 0 0 0 0 0 0 0 0 0 0 
15693 0 0 0 0 0 0 0 0 0 0 0 0 0 0 0 0 0 0 0 0 0 0 
16088 8 0 0 0 0 0 0 0 0 0 0 0 0 0 0 0 8 0 0 0 0 0 
16103 6 0 0 0 0 0 0 0 0 0 0 0 0 0 0 0 6 0 0 0 0 0 
16118 10 0 0 0 0 0 0 0 0 0 0 0 0 0 0 0 10 0 0 0 0 0 
16133 8 0 0 0 0 0 0 0 0 0 0 0 0 0 0 0 8 0 0 0 0 0 
16163 6 0 0 0 0 0 0 0 0 0 0 0 0 0 0 0 6 0 0 0 0 0 
16178 10 0 0 0 0 0 0 0 0 0 0 0 0 0 0 0 10 0 0 0 0 0 
16193 8 0 0 0 0 0 0 0 0 0 0 0 0 0 0 0 8 0 0 0 0 0 
16208 90 0 0 0 0 0 0 0 0 0 0 0 0 0 0 0 90 0 0 0 0 0 
16223 6 0 0 0 0 0 0 0 0 0 0 0 0 0 0 0 6 0 0 0 0 0 
16238 8 0 0 0 0 0 0 0 0 0 0 0 0 0 0 0 8 0 0 0 0 0 
16250 0 4 0 0 0 0 0 0 0 0 0 4 0 0 0 0 8 0 0 0 0 0 
16265 0 6 0 0 0 0 0 0 0 0 0 6 0 0 0 0 8 0 0 0 0 0 
16280 0 4 0 0 0 0 0 0 0 0 0 4 0 0 0 0 8 0 0 0 0 0 
16283 6 0 0 0 0 0 0 0 0 0 0 4 0 0 0 0 6 0 0 0 0 0 
16295 0 3 0 0 0 0 0 0 0 0 0 3 0 0 0 0 6 0 0 0 0 0 
16298 8 0 0 0 0 0 0 0 0 0 0 3 0 0 0 0 8 0 0 0 0 0 
16310 0 4 0 0 0 0 0 0 0 0 0 4 0 0 0 0 8 0 0 0 0 0 
16325 0 26 0 0 0 0 0 0 0 0 0 26 0 0 0 0 8 0 0 0 0 0 
16328 10 0 0 0 0 0 0 0 0 0 0 26 0 0 0 0 10 0 0 0 0 0 
16340 0 1 0 0 0 0 0 0 0 0 0 1 0 0 0 0 10 0 0 0 0 0 
16343 24 0 0 0 0 0 0 0 0 0 0 1 0 0 0 0 24 0 0 0 0 0 
16355 0 0 0 0 0 0 0 0 0 0 0 0 0 0 0 0 24 0 0 0 0 0 
16358 8 0 0 0 0 0 0 0 0 0 0 0 0 0 0 0 8 0 0 0 0 0 
16388 6 0 0 0 0 0 0 0 0 0 0 0 0 0 0 0 6 0 0 0 0 0 
16389 2 0 0 0 0 0 0 0 0 0 0 0 0 0 0 0 6 0 2 0 0 0 
16404 0 0 0 0 0 0 0 0 0 0 0 0 0 0 0 0 6 0 0 0 0 0 
16418 2 0 0 0 0 0 0 0 0 0 0 0 0 0 0 0 2 0 0 0 0 0 
16433 0 0 0 0 0 0 0 0 0 0 0 0 0 0 0 0 0 0 0 0 0 0 
17002 0 4 0 0 0 0 0 0 0 0 0 0 0 0 0 4 0 0 0 0 0 0 
17047 0 18 0 0 0 0 0 0 0 0 0 0 0 0 0 18 0 0 0 0 0 0 
17062 0 4 0 0 0 0 0 0 0 0 0 0 0 0 0 4 0 0 0 0 0 0 
17090 0 15 0 0 0 0 0 0 0 0 0 15 0 0 0 4 0 0 0 0 0 0 
17105 0 4 0 0 0 0 0 0 0 0 0 4 0 0 0 4 0 0 0 0 0 0 
17107 0 3 0 0 0 0 0 0 0 0 0 4 0 0 0 3 0 0 0 0 0 0 
17122 0 4 0 0 0 0 0 0 0 0 0 4 0 0 0 4 0 0 0 0 0 0 
17135 0 3 0 0 0 0 0 0 0 0 0 3 0 0 0 4 0 0 0 0 0 0 
17150 0 0 0 0 0 0 0 0 0 0 0 0 0 0 0 4 0 0 0 0 0 0 
17165 0 1 0 0 0 0 0 0 0 0 0 1 0 0 0 4 0 0 0 0 0 0 
17167 0 3 0 0 0 0 0 0 0 0 0 1 0 0 0 3 0 0 0 0 0 0 
17180 0 4 0 0 0 0 0 0 0 0 0 4 0 0 0 3 0 0 0 0 0 0 
17195 0 3.5 0 0 0 0 0 0 0 0 0 3 0 0 0 4 0 0 0 0 0 0 
17210 0 4 0 0 0 0 0 0 0 0 0 4 0 0 0 4 0 0 0 0 0 0 
17227 0 1 0 0 0 0 0 0 0 0 0 4 0 0 0 1 0 0 0 0 0 0 
17242 0 0 0 0 0 0 0 0 0 0 0 4 0 0 0 0 0 0 0 0 0 0 
17731 1 0 2 0 0 0 0 0 0 0 0 0 0 0 0 0 0 0 0 0 0 0 
17746 8 0 8 0 0 0 0 0 0 0 0 0 0 0 0 0 0 0 0 0 0 0 
17761 4 0 4 0 0 0 0 0 0 0 0 0 0 0 0 0 0 0 0 0 0 0 
17776 2 0 2 0 0 0 0 0 0 0 0 0 0 0 0 0 0 0 0 0 0 0 
17791 0 0 0 0 0 0 0 0 0 0 0 0 0 0 0 0 0 0 0 0 0 0 
18214 0 1 0 0 0 0 0 0 0 1 0 0 0 0 0 0 0 0 0 0 0 0 
18229 0 6 0 0 0 0 0 0 0 6 0 0 0 0 0 0 0 0 0 0 0 0 
18244 0 4 0 0 0 0 0 0 0 4 0 0 0 0 0 0 0 0 0 0 0 0 
18259 0 3 0 0 0 0 0 0 0 3 0 0 0 0 0 0 0 0 0 0 0 0 
18274 0 4 0 0 0 0 0 0 0 4 0 0 0 0 0 0 0 0 0 0 0 0 
18319 0 3 0 0 0 0 0 0 0 3 0 0 0 0 0 0 0 0 0 0 0 0 
18334 0 4 0 0 0 0 0 0 0 4 0 0 0 0 0 0 0 0 0 0 0 0 
18349 0 2 0 0 0 0 0 0 0 2 0 0 0 0 0 0 0 0 0 0 0 0 
18364 0 0 0 0 0 0 0 0 0 0 0 0 0 0 0 0 0 0 0 0 0 0 
18587 4 0 0 0 4 0 0 0 0 0 0 0 0 0 0 0 0 0 0 0 0 0 
18617 7 0 0 0 7 0 0 0 0 0 0 0 0 0 0 0 0 0 0 0 0 0 
18632 1 0 0 0 1 0 0 0 0 0 0 0 0 0 0 0 0 0 0 0 0 0 
18647 0 0 0 0 0 0 0 0 0 0 0 0 0 0 0 0 0 0 0 0 0 0 
19299 6 0 0 0 0 0 0 0 0 0 0 0 0 0 0 0 0 0 6 0 0 0 
19314 4 0 0 0 0 0 0 0 0 0 0 0 0 0 0 0 0 0 4 0 0 0 
19329 6 0 0 0 0 0 0 0 0 0 0 0 0 0 0 0 0 0 6 0 0 0 
19344 0 0 0 0 0 0 0 0 0 0 0 0 0 0 0 0 0 0 0 0 0 0 
20091 0 8 0 0 0 0 0 0 0 0 0 0 0 8 0 0 0 0 0 0 0 0 
20121 0 12 0 0 0 0 0 0 0 0 0 0 0 12 0 0 0 0 0 0 0 0 
20136 0 7 0 0 0 0 0 0 0 0 0 0 0 7 0 0 0 0 0 0 0 0 
20151 0 3 0 0 0 0 0 0 0 0 0 0 0 3 0 0 0 0 0 0 0 0 
20166 0 16 0 0 0 0 0 0 0 0 0 0 0 16 0 0 0 0 0 0 0 0 
20181 0 2 0 0 0 0 0 0 0 0 0 0 0 2 0 0 0 0 0 0 0 0 
20196 0 4 0 0 0 0 0 0 0 0 0 0 0 4 0 0 0 0 0 0 0 0 
20211 0 3 0 0 0 0 0 0 0 0 0 0 0 3 0 0 0 0 0 0 0 0 
20226 0 6 0 0 0 0 0 0 0 0 0 0 0 6 0 0 0 0 0 0 0 0 
20241 0 4 0 0 0 0 0 0 0 0 0 0 0 4 0 0 0 0 0 0 0 0 
20256 0 3 0 0 0 0 0 0 0 0 0 0 0 3 0 0 0 0 0 0 0 0 
20271 0 2 0 0 0 0 0 0 0 0 0 0 0 2 0 0 0 0 0 0 0 0 
20286 0 4 0 0 0 0 0 0 0 0 0 0 0 4 0 0 0 0 0 0 0 0 
20301 0 6 0 0 0 0 0 0 0 0 0 0 0 6 0 0 0 0 0 0 0 0 
20316 0 4 0 0 0 0 0 0 0 0 0 0 0 4 0 0 0 0 0 0 0 0 
20346 0 0 0 0 0 0 0 0 0 0 0 0 0 0 0 0 0 0 0 0 0 0 
21278 0 6 0 0 0 0 0 0 0 0 0 0 0 0 0 0 0 6 0 0 0 0 
21293 0 4 0 0 0 0 0 0 0 0 0 0 0 0 0 0 0 4 0 0 0 0 
21308 0 16 0 0 0 0 0 0 0 0 0 0 0 0 0 0 0 16 0 0 0 0 
21323 0 2 0 0 0 0 0 0 0 0 0 0 0 0 0 0 0 2 0 0 0 0 
21338 0 8 0 0 0 0 0 0 0 0 0 0 0 0 0 0 0 8 0 0 0 0 
21368 0 12 0 0 0 0 0 0 0 0 0 0 0 0 0 0 0 12 0 0 0 0 
21383 0 1 0 0 0 0 0 0 0 0 0 0 0 0 0 0 0 1 0 0 0 0 
21398 0 4 0 0 0 0 0 0 0 0 0 0 0 0 0 0 0 4 0 0 0 0 
21428 0 6 0 0 0 0 0 0 0 0 0 0 0 0 0 0 0 6 0 0 0 0 
21443 0 5 0 0 0 0 0 0 0 0 0 0 0 0 0 0 0 5 0 0 0 0 
21458 0 0 0 0 0 0 0 0 0 0 0 0 0 0 0 0 0 0 0 0 0 0 
21473 0 4 0 0 0 0 0 0 0 0 0 0 0 0 0 0 0 4 0 0 0 0 
21498 0 1 0 0 0 0 0 1 0 0 0 0 0 0 0 0 0 4 0 0 0 0 
21503 0 5 0 0 0 0 0 1 0 0 0 0 0 0 0 0 0 5 0 0 0 0 
21513 0 4 0 0 0 0 0 4 0 0 0 0 0 0 0 0 0 5 0 0 0 0 
21533 0 3 0 0 0 0 0 4 0 0 0 0 0 0 0 0 0 3 0 0 0 0 
21543 0 18 0 0 0 0 0 18 0 0 0 0 0 0 0 0 0 3 0 0 0 0 
21548 0 0 0 0 0 0 0 18 0 0 0 0 0 0 0 0 0 0 0 0 0 0 
21558 0 27 0 0 0 0 0 27 0 0 0 0 0 0 0 0 0 0 0 0 0 0 
21563 0 -16 0 0 0 0 0 27 0 0 0 0 0 0 0 0 0 -16 0 0 0 0 
21573 0 4 0 0 0 0 0 4 0 0 0 0 0 0 0 0 0 -16 0 0 0 0 
21578 0 -12 0 0 0 0 0 4 0 0 0 0 0 0 0 0 0 -12 0 0 0 0 
21588 0 -2 0 0 0 0 0 -2 0 0 0 0 0 0 0 0 0 -12 0 0 0 0 
21593 0 -17 0 0 0 0 0 -2 0 0 0 0 0 0 0 0 0 -17 0 0 0 0 
21603 0 0 0 0 0 0 0 0 0 0 0 0 0 0 0 0 0 -17 0 0 0 0 
21608 0 -12 0 0 0 0 0 0 0 0 0 0 0 0 0 0 0 -12 0 0 0 0 
21623 0 -6 0 0 0 0 0 0 0 0 0 0 0 0 0 0 0 -6 0 0 0 0 
21638 0 -7 0 0 0 0 0 0 0 0 0 0 0 0 0 0 0 -7 0 0 0 0 
21653 0 -4 0 0 0 0 0 0 0 0 0 0 0 0 0 0 0 -4 0 0 0 0 
21663 0 17 0 0 0 0 0 17 0 0 0 0 0 0 0 0 0 -4 0 0 0 0 
21668 0 -3 0 0 0 0 0 17 0 0 0 0 0 0 0 0 0 -3 0 0 0 0 
21678 0 4 0 0 0 0 0 4 0 0 0 0 0 0 0 0 0 -3 0 0 0 0 
21683 0 -6 0 0 0 0 0 4 0 0 0 0 0 0 0 0 0 -6 0 0 0 0 
21693 0 2 0 0 0 0 0 2 0 0 0 0 0 0 0 0 0 -6 0 0 0 0 
21698 0 -7 0 0 0 0 0 2 0 0 0 0 0 0 0 0 0 -7 0 0 0 0 
21708 0 0 0 0 0 0 0 0 0 0 0 0 0 0 0 0 0 -7 0 0 0 0 
21713 0 -4 0 0 0 0 0 0 0 0 0 0 0 0 0 0 0 -4 0 0 0 0 
21728 0 -2 0 0 0 0 0 0 0 0 0 0 0 0 0 0 0 -2 0 0 0 0 
21743 0 0 0 0 0 0 0 0 0 0 0 0 0 0 0 0 0 0 0 0 0 0 
22087 0 6 0 0 0 0 0 0 0 0 0 0 0 0 0 6 0 0 0 0 0 0 
22102 0 4 0 0 0 0 0 0 0 0 0 0 0 0 0 4 0 0 0 0 0 0 
22117 0 16 0 0 0 0 0 0 0 0 0 0 0 0 0 16 0 0 0 0 0 0 
22132 0 2 0 0 0 0 0 0 0 0 0 0 0 0 0 2 0 0 0 0 0 0 
22147 0 0 0 0 0 0 0 0 0 0 0 0 0 0 0 0 0 0 0 0 0 0 
22148 0 9 0 0 0 0 0 0 0 0 0 0 0 0 0 0 0 9 0 0 0 0 
22162 0 8 0 0 0 0 0 0 0 0 0 0 0 0 0 8 0 9 0 0 0 0 
22163 0 7 0 0 0 0 0 0 0 0 0 0 0 0 0 8 0 7 0 0 0 0 
22178 0 12 0 0 0 0 0 0 0 0 0 0 0 0 0 8 0 12 0 0 0 0 
22193 0 9.5 0 0 0 0 0 0 0 0 0 0 0 0 0 12 0 7 0 0 0 0 
22207 0 1 0 0 0 0 0 0 0 0 0 0 0 0 0 1 0 7 0 0 0 0 
22208 0 6 0 0 0 0 0 0 0 0 0 0 0 0 0 1 0 6 0 0 0 0 
22222 0 4 0 0 0 0 0 0 0 0 0 0 0 0 0 4 0 6 0 0 0 0 
22223 0 13 0 0 0 0 0 0 0 0 0 0 0 0 0 4 0 13 0 0 0 0 
22238 0 2 0 0 0 0 0 0 0 0 0 0 0 0 0 4 0 2 0 0 0 0 
22252 0 6 0 0 0 0 0 0 0 0 0 0 0 0 0 6 0 2 0 0 0 0 
22253 0 4 0 0 0 0 0 0 0 0 0 0 0 0 0 6 0 4 0 0 0 0 
22267 0 5 0 0 0 0 0 0 0 0 0 0 0 0 0 5 0 4 0 0 0 0 
22282 0 0 0 0 0 0 0 0 0 0 0 0 0 0 0 0 0 4 0 0 0 0 
22283 0 5 0 0 0 0 0 0 0 0 0 0 0 0 0 0 0 5 0 0 0 0 
22297 0 4 0 0 0 0 0 0 0 0 0 0 0 0 0 4 0 5 0 0 0 0 
22298 0 6 0 0 0 0 0 0 0 0 0 0 0 0 0 4 0 6 0 0 0 0 
22313 0 3 0 0 0 0 0 0 0 0 0 0 0 0 0 4 0 3 0 0 0 0 
22327 0 5 0 0 0 0 0 0 0 0 0 0 0 0 0 5 0 3 0 0 0 0 
22342 0 4 0 0 0 0 0 0 0 0 0 0 0 0 0 4 0 3 0 0 0 0 
22352 6 0 0 0 6 0 0 0 0 0 0 0 0 0 0 4 0 3 0 0 0 0 
22357 0 3 0 0 6 0 0 0 0 0 0 0 0 0 0 3 0 3 0 0 0 0 
22358 0 6 0 0 6 0 0 0 0 0 0 0 0 0 0 3 0 6 0 0 0 0 
22372 0 0 0 0 6 0 0 0 0 0 0 0 0 0 0 0 0 6 0 0 0 0 
22373 0 4 0 0 6 0 0 0 0 0 0 0 0 0 0 0 0 4 0 0 0 0 
22382 8 0 0 0 8 0 0 0 0 0 0 0 0 0 0 0 0 4 0 0 0 0 
22397 10 0 0 0 10 0 0 0 0 0 0 0 0 0 0 0 0 4 0 0 0 0 
22403 0 0 0 0 10 0 0 0 0 0 0 0 0 0 0 0 0 0 0 0 0 0 
22427 1 0 0 0 1 0 0 0 0 0 0 0 0 0 0 0 0 0 0 0 0 0 
22442 0.5 0 0 0 0 0 0 0 0 0 1 0 0 0 0 0 0 0 0 0 0 0 
22445 0 0 0 0 0 0 0 0 0 0 0 0 0 0 0 0 0 0 0 0 0 0 
22546 8 0 8 0 0 0 0 0 0 0 0 0 0 0 0 0 0 0 0 0 0 0 
22561 9 0 9 0 0 0 0 0 0 0 0 0 0 0 0 0 0 0 0 0 0 0 
22576 8 0 8 0 0 0 0 0 0 0 0 0 0 0 0 0 0 0 0 0 0 0 
22591 5 0 5 0 0 0 0 0 0 0 0 0 0 0 0 0 0 0 0 0 0 0 
22606 8 0 8 0 0 0 0 0 0 0 0 0 0 0 0 0 0 0 0 0 0 0 
22621 6 0 6 0 0 0 0 0 0 0 0 0 0 0 0 0 0 0 0 0 0 0 
22626 2 0 6 0 0 0 0 0 0 0 0 0 2 0 0 0 0 0 0 0 0 0 
22636 8 0 8 0 0 0 0 0 0 0 0 0 2 0 0 0 0 0 0 0 0 0 
22641 0 0 8 0 0 0 0 0 0 0 0 0 0 0 0 0 0 0 0 0 0 0 
22651 6 0 6 0 0 0 0 0 0 0 0 0 0 0 0 0 0 0 0 0 0 0 
22666 8 0 8 0 0 0 0 0 0 0 0 0 0 0 0 0 0 0 0 0 0 0 
22696 6 0 6 0 0 0 0 0 0 0 0 0 0 0 0 0 0 0 0 0 0 0 
22726 0 0 0 0 0 0 0 0 0 0 0 0 0 0 0 0 0 0 0 0 0 0 
22727 3 0 0 0 3 0 0 0 0 0 0 0 0 0 0 0 0 0 0 0 0 0 
22730 1 0 0 0 3 0 0 0 0 0 1 0 0 0 0 0 0 0 0 0 0 0 
22742 0 0 0 0 0 0 0 0 0 0 1 0 0 0 0 0 0 0 0 0 0 0 
22960 0 1.5 0 0 0 0 0 0 0 0 0 0 0 0 0 0 0 0 0 0 0 3 
22988 0 1 0 0 0 0 0 0 0 0 0 0 0 0 0 0 0 1 0 0 0 3 
22990 0 4 0 0 0 0 0 0 0 0 0 0 0 0 0 0 0 1 0 0 0 4 
23003 0 3 0 0 0 0 0 0 0 0 0 0 0 0 0 0 0 3 0 0 0 4 
23018 0 4 0 0 0 0 0 0 0 0 0 0 0 0 0 0 0 4 0 0 0 4 
23035 0 3 0 0 0 0 0 0 0 0 0 0 0 0 0 0 0 4 0 0 0 3 
23050 0 4 0 0 0 0 0 0 0 0 0 0 0 0 0 0 0 4 0 0 0 4 
23063 0 3 0 0 0 0 0 0 0 0 0 0 0 0 0 0 0 3 0 0 0 4 
23078 0 4 0 0 0 0 0 0 0 0 0 0 0 0 0 0 0 4 0 0 0 4 
23093 0 2 0 0 0 0 0 0 0 0 0 0 0 0 0 0 0 2 0 0 0 4 
23095 0 3 0 0 0 0 0 0 0 0 0 0 0 0 0 0 0 2 0 0 0 3 
23108 0 0 0 0 0 0 0 0 0 0 0 0 0 0 0 0 0 0 0 0 0 3 
23110 0 4 0 0 0 0 0 0 0 0 0 0 0 0 0 0 0 0 0 0 0 4 
23155 0 3 0 0 0 0 0 0 0 0 0 0 0 0 0 0 0 0 0 0 0 3 
23170 0 4 0 0 0 0 0 0 0 0 0 0 0 0 0 0 0 0 0 0 0 4 
23200 0 2 0 0 0 0 0 0 0 0 0 0 0 0 0 0 0 0 0 0 0 2 
23215 0 -2 0 0 0 0 0 0 0 0 0 0 0 0 0 0 0 0 0 0 0 -2 
23230 0 0 0 0 0 0 0 0 0 0 0 0 0 0 0 0 0 0 0 0 0 0 
23239 6 0 0 0 0 0 0 0 6 0 0 0 0 0 0 0 0 0 0 0 0 0 
23269 4 0 0 0 0 0 0 0 4 0 0 0 0 0 0 0 0 0 0 0 0 0 
23275 0 1 0 0 0 0 0 0 4 0 0 0 0 0 0 0 0 0 0 0 0 1 
23284 0 0 0 0 0 0 0 0 0 0 0 0 0 0 0 0 0 0 0 0 0 1 
23290 0 4 0 0 0 0 0 0 0 0 0 0 0 0 0 0 0 0 0 0 0 4 
23335 0 3 0 0 0 0 0 0 0 0 0 0 0 0 0 0 0 0 0 0 0 3 
23350 0 4 0 0 0 0 0 0 0 0 0 0 0 0 0 0 0 0 0 0 0 4 
23380 0 0 0 0 0 0 0 0 0 0 0 0 0 0 0 0 0 0 0 0 0 0 
23393 0 4 0 0 0 0 0 0 0 0 0 0 0 0 0 0 0 4 0 0 0 0 
23423 0 5 0 0 0 0 0 0 0 0 0 0 0 0 0 0 0 5 0 0 0 0 
23438 0 4 0 0 0 0 0 0 0 0 0 0 0 0 0 0 0 4 0 0 0 0 
23483 0 3 0 0 0 0 0 0 0 0 0 0 0 0 0 0 0 3 0 0 0 0 
23498 0 0 0 0 0 0 0 0 0 0 0 0 0 0 0 0 0 0 0 0 0 0 
24460 0 1 0 0 0 0 0 0 0 0 0 0 0 0 0 0 0 0 0 0 0 1 
24475 0 3 0 0 0 0 0 0 0 0 0 0 0 0 0 0 0 0 0 0 0 3 
24490 0 4 0 0 0 0 0 0 0 0 0 0 0 0 0 0 0 0 0 0 0 4 
24535 0 3 0 0 0 0 0 0 0 0 0 0 0 0 0 0 0 0 0 0 0 3 
24550 0 4 0 0 0 0 0 0 0 0 0 0 0 0 0 0 0 0 0 0 0 4 
24580 0 3 0 0 0 0 0 0 0 0 0 0 0 0 0 0 0 0 0 0 0 3 
24595 0 0 0 0 0 0 0 0 0 0 0 0 0 0 0 0 0 0 0 0 0 0 
25567 0 1 0 0 0 0 0 0 0 0 0 0 0 0 0 1 0 0 0 0 0 0 
25582 0 23 0 0 0 0 0 0 0 0 0 0 0 0 0 23 0 0 0 0 0 0 
25597 0 4 0 0 0 0 0 0 0 0 0 0 0 0 0 4 0 0 0 0 0 0 
25627 0 3 0 0 0 0 0 0 0 0 0 0 0 0 0 3 0 0 0 0 0 0 
25642 0 4 0 0 0 0 0 0 0 0 0 0 0 0 0 4 0 0 0 0 0 0 
25657 0 -2 0 0 0 0 0 0 0 0 0 0 0 0 0 -2 0 0 0 0 0 0 
25672 0 0 0 0 0 0 0 0 0 0 0 0 0 0 0 0 0 0 0 0 0 0 
25760 0 9 0 0 0 0 0 0 0 0 0 9 0 0 0 0 0 0 0 0 0 0 
25775 0 7 0 0 0 0 0 0 0 0 0 7 0 0 0 0 0 0 0 0 0 0 
25778 0 1 0 0 0 0 0 0 0 0 0 7 0 0 0 0 0 1 0 0 0 0 
25790 0 12 0 0 0 0 0 0 0 0 0 12 0 0 0 0 0 1 0 0 0 0 
25793 0 4 0 0 0 0 0 0 0 0 0 12 0 0 0 0 0 4 0 0 0 0 
25805 0 0 0 0 0 0 0 0 0 0 0 0 0 0 0 0 0 4 0 0 0 0 
25820 0 7 0 0 0 0 0 0 0 0 0 7 0 0 0 0 0 4 0 0 0 0 
25823 0 18 0 0 0 0 0 0 0 0 0 7 0 0 0 0 0 18 0 0 0 0 
25835 0 3 0 0 0 0 0 0 0 0 0 3 0 0 0 0 0 18 0 0 0 0 
25838 0 23 0 0 0 0 0 0 0 0 0 3 0 0 0 0 0 23 0 0 0 0 
25850 0 16 0 0 0 0 0 0 0 0 0 16 0 0 0 0 0 23 0 0 0 0 
25853 0 4 0 0 0 0 0 0 0 0 0 16 0 0 0 0 0 4 0 0 0 0 
25865 0 2 0 0 0 0 0 0 0 0 0 2 0 0 0 0 0 4 0 0 0 0 
25880 0 3 0 0 0 0 0 0 0 0 0 4 0 0 0 0 0 2 0 0 0 0 
25883 0 0 0 0 0 0 0 0 0 0 0 4 0 0 0 0 0 0 0 0 0 0 
25895 0 3 0 0 0 0 0 0 0 0 0 3 0 0 0 0 0 0 0 0 0 0 
25910 0 6 0 0 0 0 0 0 0 0 0 6 0 0 0 0 0 0 0 0 0 0 
25925 0 4 0 0 0 0 0 0 0 0 0 4 0 0 0 0 0 0 0 0 0 0 
25940 0 3 0 0 0 0 0 0 0 0 0 3 0 0 0 0 0 0 0 0 0 0 
25955 0 1 0 0 0 0 0 0 0 0 0 1 0 0 0 0 0 0 0 0 0 0 
25970 0 4 0 0 0 0 0 0 0 0 0 4 0 0 0 0 0 0 0 0 0 0 
26000 0 6 0 0 0 0 0 0 0 0 0 6 0 0 0 0 0 0 0 0 0 0 
26015 0 5 0 0 0 0 0 0 0 0 0 5 0 0 0 0 0 0 0 0 0 0 
26030 0 0 0 0 0 0 0 0 0 0 0 0 0 0 0 0 0 0 0 0 0 0 
26553 0 6 0 0 0 0 0 6 0 0 0 0 0 0 0 0 0 0 0 0 0 0 
26568 0 4 0 0 0 0 0 4 0 0 0 0 0 0 0 0 0 0 0 0 0 0 
26583 0 11 0 0 0 0 0 11 0 0 0 0 0 0 0 0 0 0 0 0 0 0 
26598 0 7 0 0 0 0 0 7 0 0 0 0 0 0 0 0 0 0 0 0 0 0 
26613 0 -7 0 0 0 0 0 -7 0 0 0 0 0 0 0 0 0 0 0 0 0 0 
26628 0 -20 0 0 0 0 0 -20 0 0 0 0 0 0 0 0 0 0 0 0 0 0 
26643 0 -1 0 0 0 0 0 -1 0 0 0 0 0 0 0 0 0 0 0 0 0 0 
26658 0 0 0 0 0 0 0 0 0 0 0 0 0 0 0 0 0 0 0 0 0 0 
26930 0 3 0 0 0 0 0 0 0 0 0 3 0 0 0 0 0 0 0 0 0 0 
26945 0 6 0 0 0 0 0 0 0 0 0 6 0 0 0 0 0 0 0 0 0 0 
26960 0 4 0 0 0 0 0 0 0 0 0 4 0 0 0 0 0 0 0 0 0 0 
26975 0 3 0 0 0 0 0 0 0 0 0 3 0 0 0 0 0 0 0 0 0 0 
26990 0 4 0 0 0 0 0 0 0 0 0 4 0 0 0 0 0 0 0 0 0 0 
