# deltaRailways deltaRailVehicles
10 0 0 0 0 0 0 0 0 0 0 0 0 0 0 0 0 0 0 0 0 0 0 
123 8 0 0 0 0 0 8 0 0 0 0 0 0 0 0 0 0 0 0 0 0 0 
128 9 0 0 0 0 0 8 0 0 0 0 0 0 0 0 0 9 0 0 0 0 0 
129 8 0 0 0 0 0 8 0 0 0 0 0 0 0 0 0 9 0 8 0 0 0 
137 6 0 0 0 6 0 8 0 0 0 0 0 0 0 0 0 9 0 8 0 0 0 
143 7 0 0 0 6 0 8 0 0 0 0 0 0 0 0 0 7 0 8 0 0 0 
144 10 0 0 0 6 0 8 0 0 0 0 0 0 0 0 0 7 0 10 0 0 0 
152 4 0 0 0 4 0 8 0 0 0 0 0 0 0 0 0 7 0 10 0 0 0 
153 12 0 0 0 4 0 12 0 0 0 0 0 0 0 0 0 7 0 10 0 0 0 
159 11.5 0 0 0 4 0 12 0 0 0 0 0 0 0 0 0 12 0 11 0 0 0 
167 11 0 0 0 11 0 12 0 0 0 0 0 0 0 0 0 12 0 11 0 0 0 
168 7 0 0 0 11 0 7 0 0 0 0 0 0 0 0 0 12 0 11 0 0 0 
183 6 0 0 0 7 0 3 0 0 0 0 0 0 0 0 0 7 0 7 0 0 0 
189 5 0 0 0 7 0 3 0 0 0 0 0 0 0 0 0 6 0 4 0 0 0 
197 0 0 0 0 0 0 3 0 0 0 0 0 0 0 0 0 6 0 4 0 0 0 
198 16 0 0 0 0 0 16 0 0 0 0 0 0 0 0 0 6 0 4 0 0 0 
203 13 0 0 0 0 0 16 0 0 0 0 0 0 0 0 0 13 0 4 0 0 0 
204 16 0 0 0 0 0 16 0 0 0 0 0 0 0 0 0 13 0 16 0 0 0 
212 8 0 0 0 8 0 16 0 0 0 0 0 0 0 0 0 13 0 16 0 0 0 
213 2 0 0 0 8 0 2 0 0 0 0 0 0 0 0 0 13 0 16 0 0 0 
227 3 0 0 0 5 0 2 0 0 0 0 0 0 0 0 0 2 0 2 0 0 0 
228 4 0 0 0 5 0 4 0 0 0 0 0 0 0 0 0 2 0 2 0 0 0 
234 3.5 0 0 0 5 0 4 0 0 0 0 0 0 0 0 0 4 0 3 0 0 0 
242 14 0 0 0 14 0 4 0 0 0 0 0 0 0 0 0 4 0 3 0 0 0 
243 3 0 0 0 14 0 3 0 0 0 0 0 0 0 0 0 4 0 3 0 0 0 
249 4 0 0 0 14 0 3 0 0 0 0 0 0 0 0 0 4 0 4 0 0 0 
257 2 0 0 0 2 0 3 0 0 0 0 0 0 0 0 0 4 0 4 0 0 0 
258 6 0 0 0 2 0 6 0 0 0 0 0 0 0 0 0 4 0 4 0 0 0 
263 5 0 0 0 2 0 6 0 0 0 0 0 0 0 0 0 5 0 4 0 0 0 
264 6 0 0 0 2 0 6 0 0 0 0 0 0 0 0 0 5 0 6 0 0 0 
272 4 0 0 0 4 0 6 0 0 0 0 0 0 0 0 0 5 0 6 0 0 0 
279 3.66667 0 0 0 4 0 4 0 0 0 0 0 0 0 0 0 4 0 3 0 0 0 
287 3 0 0 0 3 0 4 0 0 0 0 0 0 0 0 0 4 0 3 0 0 0 
294 3.33333 0 0 0 3 0 3 0 0 0 0 0 0 0 0 0 3 0 4 0 0 0 
302 6 0 0 0 6 0 3 0 0 0 0 0 0 0 0 0 3 0 4 0 0 0 
303 2 0 0 0 6 0 2 0 0 0 0 0 0 0 0 0 3 0 4 0 0 0 
318 3 0 0 0 6 0 4 0 0 0 0 0 0 0 0 0 3 0 2 0 0 0 
324 4 0 0 0 6 0 4 0 0 0 0 0 0 0 0 0 3 0 4 0 0 0 
332 0 0 0 0 0 0 4 0 0 0 0 0 0 0 0 0 3 0 4 0 0 0 
333 6 0 0 0 0 0 6 0 0 0 0 0 0 0 0 0 3 0 4 0 0 0 
339 4.5 0 0 0 0 0 6 0 0 0 0 0 0 0 0 0 6 0 3 0 0 0 
347 3 0 0 0 3 0 6 0 0 0 0 0 0 0 0 0 6 0 3 0 0 0 
348 4 0 0 0 3 0 4 0 0 0 0 0 0 0 0 0 6 0 3 0 0 0 
354 5 0 0 0 3 0 4 0 0 0 0 0 0 0 0 0 4 0 6 0 0 0 
362 4 0 0 0 4 0 4 0 0 0 0 0 0 0 0 0 4 0 6 0 0 0 
369 5 0 0 0 4 0 4 0 0 0 0 0 0 0 0 0 4 0 5 0 0 0 
377 6 0 0 0 6 0 4 0 0 0 0 0 0 0 0 0 4 0 5 0 0 0 
378 0 0 0 0 6 0 0 0 0 0 0 0 0 0 0 0 4 0 5 0 0 0 
392 1.33333 0 0 0 4 0 0 0 0 0 0 0 0 0 0 0 0 0 0 0 0 0 
407 3 0 0 0 3 0 0 0 0 0 0 0 0 0 0 0 0 0 0 0 0 0 
422 0 0 0 0 0 0 0 0 0 0 0 0 0 0 0 0 0 0 0 0 0 0 
467 3 0 0 0 3 0 0 0 0 0 0 0 0 0 0 0 0 0 0 0 0 0 
482 4 0 0 0 4 0 0 0 0 0 0 0 0 0 0 0 0 0 0 0 0 0 
518 1 0 0 0 4 0 0 0 0 0 0 0 0 0 0 0 1 0 0 0 0 0 
527 3 0 0 0 3 0 0 0 0 0 0 0 0 0 0 0 1 0 0 0 0 0 
533 4 0 0 0 3 0 0 0 0 0 0 0 0 0 0 0 4 0 0 0 0 0 
557 1 0 0 0 1 0 0 0 0 0 0 0 0 0 0 0 4 0 0 0 0 0 
563 3 0 0 0 1 0 0 0 0 0 0 0 0 0 0 0 3 0 0 0 0 0 
565 7 0 0 0 1 0 0 0 0 0 0 0 0 0 0 0 3 0 0 0 7 0 
572 0 0 0 0 0 0 0 0 0 0 0 0 0 0 0 0 3 0 0 0 7 0 
573 3 0 0 0 0 0 3 0 0 0 0 0 0 0 0 0 3 0 0 0 7 0 
578 1 0 0 0 0 0 3 0 0 0 0 0 0 0 0 0 1 0 0 0 7 0 
580 6 0 0 0 0 0 3 0 0 0 0 0 0 0 0 0 1 0 0 0 6 0 
588 4 0 0 0 0 0 4 0 0 0 0 0 0 0 0 0 1 0 0 0 6 0 
593 0 0 0 0 0 0 4 0 0 0 0 0 0 0 0 0 0 0 0 0 6 0 
595 13 0 0 0 0 0 4 0 0 0 0 0 0 0 0 0 0 0 0 0 13 0 
603 3 0 0 0 0 0 3 0 0 0 0 0 0 0 0 0 0 0 0 0 13 0 
610 2.5 0 0 0 0 0 3 0 0 0 0 0 0 0 0 0 3 0 0 0 2 0 
618 4 0 0 0 0 0 4 0 0 0 0 0 0 0 0 0 3 0 0 0 2 0 
625 9 0 0 0 0 0 4 0 0 0 0 0 0 0 0 0 3 0 0 0 9 0 
638 4 0 0 0 0 0 4 0 0 0 0 0 0 0 0 0 4 0 0 0 9 0 
640 12 0 0 0 0 0 4 0 0 0 0 0 0 0 0 0 4 0 0 0 12 0 
655 7 0 0 0 0 0 4 0 0 0 0 0 0 0 0 0 4 0 0 0 7 0 
663 0 0 0 0 0 0 0 0 0 0 0 0 0 0 0 0 4 0 0 0 7 0 
668 2 0 0 0 0 0 0 0 0 0 0 0 0 0 0 0 2 0 0 0 7 0 
683 1 0 0 0 0 0 0 0 0 0 0 0 0 0 0 0 0 0 0 0 2 0 
685 4 0 0 0 0 0 0 0 0 0 0 0 0 0 0 0 0 0 0 0 4 0 
700 6 0 0 0 0 0 0 0 0 0 0 0 0 0 0 0 0 0 0 0 6 0 
715 3 0 0 0 0 0 0 0 0 0 0 0 0 0 0 0 0 0 0 0 3 0 
730 5 0 0 0 0 0 0 0 0 0 0 0 0 0 0 0 0 0 0 0 5 0 
745 1 0 0 0 0 0 0 0 0 0 0 0 0 0 0 0 0 0 0 0 1 0 
752 4 0 0 0 4 0 0 0 0 0 0 0 0 0 0 0 0 0 0 0 1 0 
767 3.5 0 0 0 3 0 0 0 0 0 0 0 0 0 0 0 0 0 0 0 4 0 
775 3 0 0 0 3 0 0 0 0 0 0 0 0 0 0 0 0 0 0 0 3 0 
782 4 0 0 0 4 0 0 0 0 0 0 0 0 0 0 0 0 0 0 0 3 0 
790 6 0 0 0 4 0 0 0 0 0 0 0 0 0 0 0 0 0 0 0 6 0 
804 3 0 0 0 4 0 0 0 0 0 0 0 0 0 0 0 0 0 3 0 6 0 
820 0 0 0 0 4 0 0 0 0 0 0 0 0 0 0 0 0 0 3 0 0 0 
827 3 0 0 0 3 0 0 0 0 0 0 0 0 0 0 0 0 0 3 0 0 0 
834 3.5 0 0 0 3 0 0 0 0 0 0 0 0 0 0 0 3 0 4 0 0 0 
842 6 0 0 0 6 0 0 0 0 0 0 0 0 0 0 0 3 0 4 0 0 0 
857 4.33333 0 0 0 1 0 0 0 0 0 0 0 0 0 0 0 6 0 4 0 6 0 
863 3 0 0 0 1 0 0 0 0 0 0 0 0 0 0 0 3 0 4 0 6 0 
865 4 0 0 0 1 0 0 0 0 0 0 0 0 0 0 0 3 0 4 0 4 0 
872 0 0 0 0 0 0 0 0 0 0 0 0 0 0 0 0 3 0 4 0 4 0 
878 4 0 0 0 0 0 0 0 0 0 0 0 0 0 0 0 4 0 4 0 4 0 
879 3 0 0 0 0 0 0 0 0 0 0 0 0 0 0 0 4 0 3 0 4 0 
894 1.5 0 0 0 0 0 0 0 0 0 0 0 0 0 0 0 3 0 0 0 4 0 
895 3 0 0 0 0 0 0 0 0 0 0 0 0 0 0 0 3 0 0 0 3 0 
908 0 1 0 0 0 0 0 0 0 0 0 0 0 0 0 0 0 1 0 0 3 0 
910 0 0 0 0 0 0 0 0 0 0 0 0 0 0 0 0 0 1 0 0 0 0 
953 0 3 0 0 0 0 0 0 0 0 0 0 0 0 0 0 0 3 0 0 0 0 
968 0 0 0 0 0 0 0 0 0 0 0 0 0 0 0 0 0 0 0 0 0 0 
1030 2 0 0 0 0 0 0 0 0 0 0 0 0 0 0 0 0 0 0 0 2 0 
1045 4 0 0 0 0 0 0 0 0 0 0 0 0 0 0 0 0 0 0 0 4 0 
1059 1 0 0 0 0 0 0 0 0 0 0 0 0 0 0 0 0 0 1 0 4 0 
1074 4 0 0 0 0 0 0 0 0 0 0 0 0 0 0 0 0 0 4 0 4 0 
1075 3 0 0 0 0 0 0 0 0 0 0 0 0 0 0 0 0 0 4 0 3 0 
1105 0 0 0 0 0 0 0 0 0 0 0 0 0 0 0 0 0 0 4 0 0 0 
1119 3 0 0 0 0 0 0 0 0 0 0 0 0 0 0 0 0 0 3 0 0 0 
1134 4 0 0 0 0 0 0 0 0 0 0 0 0 0 0 0 0 0 4 0 0 0 
1149 3 0 0 0 0 0 0 0 0 0 0 0 0 0 0 0 0 0 3 0 0 0 
1158 4 0 0 0 0 0 4 0 0 0 0 0 0 0 0 0 0 0 3 0 0 0 
1164 0 0 0 0 0 0 4 0 0 0 0 0 0 0 0 0 0 0 0 0 0 0 
1172 3 0 0 0 3 0 4 0 0 0 0 0 0 0 0 0 0 0 0 0 0 0 
1202 4 0 0 0 4 0 4 0 0 0 0 0 0 0 0 0 0 0 0 0 0 0 
1203 3 0 0 0 4 0 3 0 0 0 0 0 0 0 0 0 0 0 0 0 0 0 
1218 4 0 0 0 4 0 4 0 0 0 0 0 0 0 0 0 0 0 0 0 0 0 
1232 6 0 0 0 6 0 4 0 0 0 0 0 0 0 0 0 0 0 0 0 0 0 
1247 3 0 0 0 3 0 4 0 0 0 0 0 0 0 0 0 0 0 0 0 0 0 
1262 4 0 0 0 4 0 4 0 0 0 0 0 0 0 0 0 0 0 0 0 0 0 
1263 1 0 0 0 4 0 1 0 0 0 0 0 0 0 0 0 0 0 0 0 0 0 
1277 1 1 0 0 1 1 1 0 0 0 0 0 0 0 0 0 0 0 0 0 0 0 
1278 0 0 0 0 1 1 0 0 0 0 0 0 0 0 0 0 0 0 0 0 0 0 
1307 0 2 0 0 0 2 0 0 0 0 0 0 0 0 0 0 0 0 0 0 0 0 
1322 0 0 0 0 0 0 0 0 0 0 0 0 0 0 0 0 0 0 0 0 0 0 
1330 6 0 0 0 0 0 0 0 0 0 0 0 0 0 0 0 0 0 0 0 6 0 
1337 0 1 0 0 0 1 0 0 0 0 0 0 0 0 0 0 0 0 0 0 6 0 
1345 4 0 0 0 0 1 0 0 0 0 0 0 0 0 0 0 0 0 0 0 4 0 
1352 0 0 0 0 0 0 0 0 0 0 0 0 0 0 0 0 0 0 0 0 4 0 
1375 18 0 0 0 0 0 0 0 0 0 0 0 0 0 0 0 0 0 0 0 18 0 
1390 1 1 0 0 0 0 0 0 0 0 0 0 0 0 0 0 0 0 0 0 1 1 
1405 0 0 0 0 0 0 0 0 0 0 0 0 0 0 0 0 0 0 0 0 0 0 
1450 0 1 0 0 0 0 0 0 0 0 0 0 0 0 0 0 0 0 0 0 0 1 
1465 0 0 0 0 0 0 0 0 0 0 0 0 0 0 0 0 0 0 0 0 0 0 
1509 2 0 0 0 0 0 0 0 0 0 0 0 0 0 0 0 0 0 2 0 0 0 
1524 4 0 0 0 0 0 0 0 0 0 0 0 0 0 0 0 0 0 4 0 0 0 
1539 3 0 0 0 0 0 0 0 0 0 0 0 0 0 0 0 0 0 3 0 0 0 
1554 4 0 0 0 0 0 0 0 0 0 0 0 0 0 0 0 0 0 4 0 0 0 
1599 3 0 0 0 0 0 0 0 0 0 0 0 0 0 0 0 0 0 3 0 0 0 
1614 0 0 0 0 0 0 0 0 0 0 0 0 0 0 0 0 0 0 0 0 0 0 
1629 1 0 0 0 0 0 0 0 0 0 0 0 0 0 0 0 0 0 1 0 0 0 
1644 3 0 0 0 0 0 0 0 0 0 0 0 0 0 0 0 0 0 3 0 0 0 
1659 0 1 0 0 0 0 0 0 0 0 0 0 0 0 0 0 0 0 0 1 0 0 
1674 0 0 0 0 0 0 0 0 0 0 0 0 0 0 0 0 0 0 0 0 0 0 
1704 0 3 0 0 0 0 0 0 0 0 0 0 0 0 0 0 0 0 0 3 0 0 
1713 1 0 0 0 0 0 1 0 0 0 0 0 0 0 0 0 0 0 0 3 0 0 
1719 0 0 0 0 0 0 1 0 0 0 0 0 0 0 0 0 0 0 0 0 0 0 
1728 4 0 0 0 0 0 4 0 0 0 0 0 0 0 0 0 0 0 0 0 0 0 
1743 3 0 0 0 0 0 3 0 0 0 0 0 0 0 0 0 0 0 0 0 0 0 
1758 4 0 0 0 0 0 4 0 0 0 0 0 0 0 0 0 0 0 0 0 0 0 
1803 -3 0 0 0 0 0 -3 0 0 0 0 0 0 0 0 0 0 0 0 0 0 0 
1818 0 0 0 0 0 0 0 0 0 0 0 0 0 0 0 0 0 0 0 0 0 0 
6519 7 0 0 0 0 0 0 0 0 0 0 0 0 0 0 0 0 0 7 0 0 0 
6534 6 0 0 0 0 0 0 0 0 0 0 0 0 0 0 0 0 0 6 0 0 0 
6549 14 0 0 0 0 0 0 0 0 0 0 0 0 0 0 0 0 0 14 0 0 0 
6564 7 0 0 0 0 0 0 0 0 0 0 0 0 0 0 0 0 0 7 0 0 0 
6579 3 0 0 0 0 0 0 0 0 0 0 0 0 0 0 0 0 0 3 0 0 0 
6594 12 0 0 0 0 0 0 0 0 0 0 0 0 0 0 0 0 0 12 0 0 0 
6609 7 0 0 0 0 0 0 0 0 0 0 0 0 0 0 0 0 0 7 0 0 0 
6624 3 0 0 0 0 0 0 0 0 0 0 0 0 0 0 0 0 0 3 0 0 0 
6654 6 0 0 0 0 0 0 0 0 0 0 0 0 0 0 0 0 0 6 0 0 0 
6669 4 0 0 0 0 0 0 0 0 0 0 0 0 0 0 0 0 0 4 0 0 0 
6699 1 0 0 0 0 0 0 0 0 0 0 0 0 0 0 0 0 0 1 0 0 0 
6714 4 0 0 0 0 0 0 0 0 0 0 0 0 0 0 0 0 0 4 0 0 0 
6744 8 0 0 0 0 0 0 0 0 0 0 0 0 0 0 0 0 0 8 0 0 0 
6759 5 0 0 0 0 0 0 0 0 0 0 0 0 0 0 0 0 0 5 0 0 0 
6774 0 0 0 0 0 0 0 0 0 0 0 0 0 0 0 0 0 0 0 0 0 0 
6819 1 0 0 0 0 0 0 0 0 0 0 0 0 0 0 0 0 0 1 0 0 0 
6834 4 0 0 0 0 0 0 0 0 0 0 0 0 0 0 0 0 0 4 0 0 0 
6879 3 0 0 0 0 0 0 0 0 0 0 0 0 0 0 0 0 0 3 0 0 0 
6894 4 0 0 0 0 0 0 0 0 0 0 0 0 0 0 0 0 0 4 0 0 0 
6939 2 0 0 0 0 0 0 0 0 0 0 0 0 0 0 0 0 0 2 0 0 0 
6954 0 0 0 0 0 0 0 0 0 0 0 0 0 0 0 0 0 0 0 0 0 0 
7400 7 0 0 0 0 0 0 0 0 0 7 0 0 0 0 0 0 0 0 0 0 0 
7430 12 0 0 0 0 0 0 0 0 0 12 0 0 0 0 0 0 0 0 0 0 0 
7445 2 0 0 0 0 0 0 0 0 0 2 0 0 0 0 0 0 0 0 0 0 0 
7460 0 0 0 0 0 0 0 0 0 0 0 0 0 0 0 0 0 0 0 0 0 0 
8197 8 0 0 0 0 0 0 0 0 0 0 0 0 0 8 0 0 0 0 0 0 0 
8227 11 0 0 0 0 0 0 0 0 0 0 0 0 0 11 0 0 0 0 0 0 0 
8242 7 0 0 0 0 0 0 0 0 0 0 0 0 0 7 0 0 0 0 0 0 0 
8257 4 0 0 0 0 0 0 0 0 0 0 0 0 0 4 0 0 0 0 0 0 0 
8272 16 0 0 0 0 0 0 0 0 0 0 0 0 0 16 0 0 0 0 0 0 0 
8287 2 0 0 0 0 0 0 0 0 0 0 0 0 0 2 0 0 0 0 0 0 0 
8302 3 0 0 0 0 0 0 0 0 0 0 0 0 0 3 0 0 0 0 0 0 0 
8317 4 0 0 0 0 0 0 0 0 0 0 0 0 0 4 0 0 0 0 0 0 0 
8332 6 0 0 0 0 0 0 0 0 0 0 0 0 0 6 0 0 0 0 0 0 0 
8347 3 0 0 0 0 0 0 0 0 0 0 0 0 0 3 0 0 0 0 0 0 0 
8362 4 0 0 0 0 0 0 0 0 0 0 0 0 0 4 0 0 0 0 0 0 0 
8377 2 0 0 0 0 0 0 0 0 0 0 0 0 0 2 0 0 0 0 0 0 0 
8392 4 0 0 0 0 0 0 0 0 0 0 0 0 0 4 0 0 0 0 0 0 0 
8407 3 0 0 0 0 0 0 0 0 0 0 0 0 0 3 0 0 0 0 0 0 0 
8422 6 0 0 0 0 0 0 0 0 0 0 0 0 0 6 0 0 0 0 0 0 0 
8437 5 0 0 0 0 0 0 0 0 0 0 0 0 0 5 0 0 0 0 0 0 0 
8452 0 0 0 0 0 0 0 0 0 0 0 0 0 0 0 0 0 0 0 0 0 0 
8527 3 0 0 0 0 0 0 0 0 0 0 0 0 0 3 0 0 0 0 0 0 0 
8542 4 0 0 0 0 0 0 0 0 0 0 0 0 0 4 0 0 0 0 0 0 0 
8587 3 0 0 0 0 0 0 0 0 0 0 0 0 0 3 0 0 0 0 0 0 0 
8602 4 0 0 0 0 0 0 0 0 0 0 0 0 0 4 0 0 0 0 0 0 0 
8647 3 0 0 0 0 0 0 0 0 0 0 0 0 0 3 0 0 0 0 0 0 0 
8662 1 0 0 0 0 0 0 0 0 0 0 0 0 0 1 0 0 0 0 0 0 0 
8677 0 0 0 0 0 0 0 0 0 0 0 0 0 0 0 0 0 0 0 0 0 0 
8979 12 0 0 0 0 0 0 0 0 0 0 0 0 0 0 0 0 0 12 0 0 0 
8994 6 0 0 0 0 0 0 0 0 0 0 0 0 0 0 0 0 0 6 0 0 0 
9009 4 0 0 0 0 0 0 0 0 0 0 0 0 0 0 0 0 0 4 0 0 0 
9039 3 0 0 0 0 0 0 0 0 0 0 0 0 0 0 0 0 0 3 0 0 0 
9054 4 0 0 0 0 0 0 0 0 0 0 0 0 0 0 0 0 0 4 0 0 0 
9099 5 0 0 0 0 0 0 0 0 0 0 0 0 0 0 0 0 0 5 0 0 0 
9114 1 0 0 0 0 0 0 0 0 0 0 0 0 0 0 0 0 0 1 0 0 0 
9129 0 0 0 0 0 0 0 0 0 0 0 0 0 0 0 0 0 0 0 0 0 0 
9410 1 0 0 0 0 0 0 0 0 0 1 0 0 0 0 0 0 0 0 0 0 0 
9425 4 0 0 0 0 0 0 0 0 0 4 0 0 0 0 0 0 0 0 0 0 0 
9455 3 0 0 0 0 0 0 0 0 0 3 0 0 0 0 0 0 0 0 0 0 0 
9470 4 0 0 0 0 0 0 0 0 0 4 0 0 0 0 0 0 0 0 0 0 0 
9485 39 0 0 0 0 0 0 0 0 0 39 0 0 0 0 0 0 0 0 0 0 0 
9500 4 0 0 0 0 0 0 0 0 0 4 0 0 0 0 0 0 0 0 0 0 0 
9515 2 0 0 0 0 0 0 0 0 0 2 0 0 0 0 0 0 0 0 0 0 0 
9530 0 1 0 0 0 0 0 0 0 0 0 1 0 0 0 0 0 0 0 0 0 0 
9545 0 0 0 0 0 0 0 0 0 0 0 0 0 0 0 0 0 0 0 0 0 0 
9575 0 2 0 0 0 0 0 0 0 0 0 2 0 0 0 0 0 0 0 0 0 0 
9590 0 0 0 0 0 0 0 0 0 0 0 0 0 0 0 0 0 0 0 0 0 0 
9652 1 0 0 0 0 0 0 0 0 0 0 0 0 0 1 0 0 0 0 0 0 0 
9667 4 0 0 0 0 0 0 0 0 0 0 0 0 0 4 0 0 0 0 0 0 0 
9727 2 0 0 0 0 0 0 0 0 0 0 0 0 0 2 0 0 0 0 0 0 0 
9742 0 0 0 0 0 0 0 0 0 0 0 0 0 0 0 0 0 0 0 0 0 0 
10959 2 0 0 0 0 0 0 0 0 0 0 0 0 0 0 0 0 0 2 0 0 0 
10974 4 0 0 0 0 0 0 0 0 0 0 0 0 0 0 0 0 0 4 0 0 0 
10989 39 0 0 0 0 0 0 0 0 0 0 0 0 0 0 0 0 0 39 0 0 0 
11004 4 0 0 0 0 0 0 0 0 0 0 0 0 0 0 0 0 0 4 0 0 0 
11019 3 0 0 0 0 0 0 0 0 0 0 0 0 0 0 0 0 0 3 0 0 0 
11034 4 0 0 0 0 0 0 0 0 0 0 0 0 0 0 0 0 0 4 0 0 0 
11049 0 1 0 0 0 0 0 0 0 0 0 0 0 0 0 0 0 0 0 1 0 0 
11064 0 0 0 0 0 0 0 0 0 0 0 0 0 0 0 0 0 0 0 0 0 0 
11109 0 1 0 0 0 0 0 0 0 0 0 0 0 0 0 0 0 0 0 1 0 0 
11124 0 0 0 0 0 0 0 0 0 0 0 0 0 0 0 0 0 0 0 0 0 0 
11617 2 0 0 0 0 0 0 0 0 0 0 0 0 0 2 0 0 0 0 0 0 0 
11632 4 0 0 0 0 0 0 0 0 0 0 0 0 0 4 0 0 0 0 0 0 0 
11647 3 0 0 0 0 0 0 0 0 0 0 0 0 0 3 0 0 0 0 0 0 0 
11662 4 0 0 0 0 0 0 0 0 0 0 0 0 0 4 0 0 0 0 0 0 0 
11707 3 0 0 0 0 0 0 0 0 0 0 0 0 0 3 0 0 0 0 0 0 0 
11722 4 0 0 0 0 0 0 0 0 0 0 0 0 0 4 0 0 0 0 0 0 0 
11737 0 1 0 0 0 0 0 0 0 0 0 0 0 0 0 1 0 0 0 0 0 0 
11752 0 0 0 0 0 0 0 0 0 0 0 0 0 0 0 0 0 0 0 0 0 0 
11782 0 3 0 0 0 0 0 0 0 0 0 0 0 0 0 3 0 0 0 0 0 0 
11797 0 0 0 0 0 0 0 0 0 0 0 0 0 0 0 0 0 0 0 0 0 0 
12721 7 0 7 0 0 0 0 0 0 0 0 0 0 0 0 0 0 0 0 0 0 0 
12736 6 0 6 0 0 0 0 0 0 0 0 0 0 0 0 0 0 0 0 0 0 0 
12751 13 0 13 0 0 0 0 0 0 0 0 0 0 0 0 0 0 0 0 0 0 0 
12766 2 0 2 0 0 0 0 0 0 0 0 0 0 0 0 0 0 0 0 0 0 0 
12781 9 0 9 0 0 0 0 0 0 0 0 0 0 0 0 0 0 0 0 0 0 0 
12796 12 0 12 0 0 0 0 0 0 0 0 0 0 0 0 0 0 0 0 0 0 0 
12811 7 0 7 0 0 0 0 0 0 0 0 0 0 0 0 0 0 0 0 0 0 0 
12826 2 0 2 0 0 0 0 0 0 0 0 0 0 0 0 0 0 0 0 0 0 0 
12841 4 0 4 0 0 0 0 0 0 0 0 0 0 0 0 0 0 0 0 0 0 0 
12856 8 0 8 0 0 0 0 0 0 0 0 0 0 0 0 0 0 0 0 0 0 0 
12871 3 0 3 0 0 0 0 0 0 0 0 0 0 0 0 0 0 0 0 0 0 0 
12886 7 0 7 0 0 0 0 0 0 0 0 0 0 0 0 0 0 0 0 0 0 0 
12901 1 0 1 0 0 0 0 0 0 0 0 0 0 0 0 0 0 0 0 0 0 0 
12916 4 0 4 0 0 0 0 0 0 0 0 0 0 0 0 0 0 0 0 0 0 0 
12931 3 0 3 0 0 0 0 0 0 0 0 0 0 0 0 0 0 0 0 0 0 0 
12946 6 0 6 0 0 0 0 0 0 0 0 0 0 0 0 0 0 0 0 0 0 0 
12976 0 0 0 0 0 0 0 0 0 0 0 0 0 0 0 0 0 0 0 0 0 0 
12991 1 0 1 0 0 0 0 0 0 0 0 0 0 0 0 0 0 0 0 0 0 0 
13006 4 0 4 0 0 0 0 0 0 0 0 0 0 0 0 0 0 0 0 0 0 0 
13021 1 0 1 0 0 0 0 0 0 0 0 0 0 0 0 0 0 0 0 0 0 0 
13036 0 0 0 0 0 0 0 0 0 0 0 0 0 0 0 0 0 0 0 0 0 0 
13696 13 0 13 0 0 0 0 0 0 0 0 0 0 0 0 0 0 0 0 0 0 0 
13711 3 0 3 0 0 0 0 0 0 0 0 0 0 0 0 0 0 0 0 0 0 0 
13726 4 0 4 0 0 0 0 0 0 0 0 0 0 0 0 0 0 0 0 0 0 0 
13756 0 0 0 0 0 0 0 0 0 0 0 0 0 0 0 0 0 0 0 0 0 0 
13816 2 0 2 0 0 0 0 0 0 0 0 0 0 0 0 0 0 0 0 0 0 0 
13831 3 0 3 0 0 0 0 0 0 0 0 0 0 0 0 0 0 0 0 0 0 0 
13846 4 0 4 0 0 0 0 0 0 0 0 0 0 0 0 0 0 0 0 0 0 0 
13876 0 1 0 1 0 0 0 0 0 0 0 0 0 0 0 0 0 0 0 0 0 0 
13891 0 0 0 0 0 0 0 0 0 0 0 0 0 0 0 0 0 0 0 0 0 0 
13921 0 1 0 1 0 0 0 0 0 0 0 0 0 0 0 0 0 0 0 0 0 0 
13936 0 0 0 0 0 0 0 0 0 0 0 0 0 0 0 0 0 0 0 0 0 0 
14390 6 0 0 0 0 0 0 0 0 0 6 0 0 0 0 0 0 0 0 0 0 0 
14405 4 0 0 0 0 0 0 0 0 0 4 0 0 0 0 0 0 0 0 0 0 0 
14420 16 0 0 0 0 0 0 0 0 0 16 0 0 0 0 0 0 0 0 0 0 0 
14435 2 0 0 0 0 0 0 0 0 0 2 0 0 0 0 0 0 0 0 0 0 0 
14450 0 0 0 0 0 0 0 0 0 0 0 0 0 0 0 0 0 0 0 0 0 0 
14465 8 0 0 0 0 0 0 0 0 0 8 0 0 0 0 0 0 0 0 0 0 0 
14495 11 0 0 0 0 0 0 0 0 0 11 0 0 0 0 0 0 0 0 0 0 0 
14510 2 0 0 0 0 0 0 0 0 0 2 0 0 0 0 0 0 0 0 0 0 0 
14525 4 0 0 0 0 0 0 0 0 0 4 0 0 0 0 0 0 0 0 0 0 0 
14555 7 0 0 0 0 0 0 0 0 0 7 0 0 0 0 0 0 0 0 0 0 0 
14570 6 0 0 0 0 0 0 0 0 0 6 0 0 0 0 0 0 0 0 0 0 0 
14585 0 0 0 0 0 0 0 0 0 0 0 0 0 0 0 0 0 0 0 0 0 0 
14600 4 0 0 0 0 0 0 0 0 0 4 0 0 0 0 0 0 0 0 0 0 0 
14615 3 0 0 0 0 0 0 0 0 0 3 0 0 0 0 0 0 0 0 0 0 0 
14630 6 0 0 0 0 0 0 0 0 0 6 0 0 0 0 0 0 0 0 0 0 0 
14645 4 0 0 0 0 0 0 0 0 0 4 0 0 0 0 0 0 0 0 0 0 0 
14660 3 0 0 0 0 0 0 0 0 0 3 0 0 0 0 0 0 0 0 0 0 0 
14675 0 0 0 0 0 0 0 0 0 0 0 0 0 0 0 0 0 0 0 0 0 0 
15860 3 0 0 0 0 0 0 0 0 0 3 0 0 0 0 0 0 0 0 0 0 0 
15890 6 0 0 0 0 0 0 0 0 0 6 0 0 0 0 0 0 0 0 0 0 0 
15905 19 0 0 0 0 0 0 0 0 0 19 0 0 0 0 0 0 0 0 0 0 0 
15920 4 0 0 0 0 0 0 0 0 0 4 0 0 0 0 0 0 0 0 0 0 0 
15924 11 0 0 0 0 0 0 0 0 0 4 0 0 0 0 0 0 0 11 0 0 0 
15935 0 0 0 0 0 0 0 0 0 0 0 0 0 0 0 0 0 0 11 0 0 0 
15939 4 0 0 0 0 0 0 0 0 0 0 0 0 0 0 0 0 0 4 0 0 0 
15954 12 0 0 0 0 0 0 0 0 0 0 0 0 0 0 0 0 0 12 0 0 0 
15969 1 0 0 0 0 0 0 0 0 0 0 0 0 0 0 0 0 0 1 0 0 0 
15984 0 0 0 0 0 0 0 0 0 0 0 0 0 0 0 0 0 0 0 0 0 0 
16597 7 0 0 0 0 0 0 0 0 0 0 0 0 0 7 0 0 0 0 0 0 0 
16612 6 0 0 0 0 0 0 0 0 0 0 0 0 0 6 0 0 0 0 0 0 0 
16627 13 0 0 0 0 0 0 0 0 0 0 0 0 0 13 0 0 0 0 0 0 0 
16642 2 0 0 0 0 0 0 0 0 0 0 0 0 0 2 0 0 0 0 0 0 0 
16657 11 0 0 0 0 0 0 0 0 0 0 0 0 0 11 0 0 0 0 0 0 0 
16672 12 0 0 0 0 0 0 0 0 0 0 0 0 0 12 0 0 0 0 0 0 0 
16687 7 0 0 0 0 0 0 0 0 0 0 0 0 0 7 0 0 0 0 0 0 0 
16702 2 0 0 0 0 0 0 0 0 0 0 0 0 0 2 0 0 0 0 0 0 0 
16717 4 0 0 0 0 0 0 0 0 0 0 0 0 0 4 0 0 0 0 0 0 0 
16732 8 0 0 0 0 0 0 0 0 0 0 0 0 0 8 0 0 0 0 0 0 0 
16747 3 0 0 0 0 0 0 0 0 0 0 0 0 0 3 0 0 0 0 0 0 0 
16762 5 0 0 0 0 0 0 0 0 0 0 0 0 0 5 0 0 0 0 0 0 0 
16777 1 0 0 0 0 0 0 0 0 0 0 0 0 0 1 0 0 0 0 0 0 0 
16792 4 0 0 0 0 0 0 0 0 0 0 0 0 0 4 0 0 0 0 0 0 0 
16807 3 0 0 0 0 0 0 0 0 0 0 0 0 0 3 0 0 0 0 0 0 0 
16822 6 0 0 0 0 0 0 0 0 0 0 0 0 0 6 0 0 0 0 0 0 0 
16840 9 0 0 0 0 0 0 0 0 0 0 0 0 0 6 0 0 0 0 0 9 0 
16852 0 0 0 0 0 0 0 0 0 0 0 0 0 0 0 0 0 0 0 0 9 0 
16855 7 0 0 0 0 0 0 0 0 0 0 0 0 0 0 0 0 0 0 0 7 0 
16870 12 0 0 0 0 0 0 0 0 0 0 0 0 0 0 0 0 0 0 0 12 0 
16885 7 0 0 0 0 0 0 0 0 0 0 0 0 0 0 0 0 0 0 0 7 0 
16900 6 0 0 0 0 0 0 0 0 0 0 0 0 0 0 0 0 0 0 0 6 0 
16915 13 0 0 0 0 0 0 0 0 0 0 0 0 0 0 0 0 0 0 0 13 0 
16930 2 0 0 0 0 0 0 0 0 0 0 0 0 0 0 0 0 0 0 0 2 0 
16945 4 0 0 0 0 0 0 0 0 0 0 0 0 0 0 0 0 0 0 0 4 0 
16975 5 0 0 0 0 0 0 0 0 0 0 0 0 0 0 0 0 0 0 0 5 0 
16990 4 0 0 0 0 0 0 0 0 0 0 0 0 0 0 0 0 0 0 0 4 0 
17005 3 0 0 0 0 0 0 0 0 0 0 0 0 0 0 0 0 0 0 0 3 0 
17050 6 0 0 0 0 0 0 0 0 0 0 0 0 0 0 0 0 0 0 0 6 0 
17065 4 0 0 0 0 0 0 0 0 0 0 0 0 0 0 0 0 0 0 0 4 0 
17095 0 0 0 0 0 0 0 0 0 0 0 0 0 0 0 0 0 0 0 0 0 0 
17110 -17 0 0 0 0 0 0 0 0 0 0 0 0 0 0 0 0 0 0 0 -17 0 
17140 -20 0 0 0 0 0 0 0 0 0 0 0 0 0 0 0 0 0 0 0 -20 0 
17155 -3 0 0 0 0 0 0 0 0 0 0 0 0 0 0 0 0 0 0 0 -3 0 
17170 -7 0 0 0 0 0 0 0 0 0 0 0 0 0 0 0 0 0 0 0 -7 0 
17200 -4 0 0 0 0 0 0 0 0 0 0 0 0 0 0 0 0 0 0 0 -4 0 
17215 -2 0 0 0 0 0 0 0 0 0 0 0 0 0 0 0 0 0 0 0 -2 0 
17230 -7 0 0 0 0 0 0 0 0 0 0 0 0 0 0 0 0 0 0 0 -7 0 
17260 -4 0 0 0 0 0 0 0 0 0 0 0 0 0 0 0 0 0 0 0 -4 0 
17275 -1 0 0 0 0 0 0 0 0 0 0 0 0 0 0 0 0 0 0 0 -1 0 
17290 0 0 0 0 0 0 0 0 0 0 0 0 0 0 0 0 0 0 0 0 0 0 
17332 1 0 0 0 0 0 0 0 0 0 0 0 0 0 1 0 0 0 0 0 0 0 
17347 5 0 0 0 0 0 0 0 0 0 0 0 0 0 5 0 0 0 0 0 0 0 
17362 4 0 0 0 0 0 0 0 0 0 0 0 0 0 4 0 0 0 0 0 0 0 
17407 2 0 0 0 0 0 0 0 0 0 0 0 0 0 2 0 0 0 0 0 0 0 
17422 0 0 0 0 0 0 0 0 0 0 0 0 0 0 0 0 0 0 0 0 0 0 
17647 1 0 0 0 0 0 0 0 0 0 0 0 0 0 1 0 0 0 0 0 0 0 
17662 6 0 0 0 0 0 0 0 0 0 0 0 0 0 6 0 0 0 0 0 0 0 
17677 4 0 0 0 0 0 0 0 0 0 0 0 0 0 4 0 0 0 0 0 0 0 
17695 3 0 0 0 0 0 0 0 0 0 0 0 0 0 4 0 0 0 0 0 3 0 
17710 6.5 0 0 0 0 0 0 0 0 0 0 0 0 0 3 0 0 0 0 0 10 0 
17722 4 0 0 0 0 0 0 0 0 0 0 0 0 0 4 0 0 0 0 0 10 0 
17725 6 0 0 0 0 0 0 0 0 0 0 0 0 0 4 0 0 0 0 0 6 0 
17737 0 0 0 0 0 0 0 0 0 0 0 0 0 0 0 0 0 0 0 0 6 0 
17740 7 0 0 0 0 0 0 0 0 0 0 0 0 0 0 0 0 0 0 0 7 0 
17754 23 0 0 0 0 0 0 0 0 0 0 0 0 0 0 0 0 0 23 0 7 0 
17755 0 0 0 0 0 0 0 0 0 0 0 0 0 0 0 0 0 0 23 0 0 0 
17769 4 0 0 0 0 0 0 0 0 0 0 0 0 0 0 0 0 0 4 0 0 0 
17778 -7 0 0 0 0 0 -7 0 0 0 0 0 0 0 0 0 0 0 4 0 0 0 
17793 -20 0 0 0 0 0 -20 0 0 0 0 0 0 0 0 0 0 0 4 0 0 0 
17799 3 0 0 0 0 0 -20 0 0 0 0 0 0 0 0 0 0 0 3 0 0 0 
17808 -17 0 0 0 0 0 -17 0 0 0 0 0 0 0 0 0 0 0 3 0 0 0 
17814 6 0 0 0 0 0 -17 0 0 0 0 0 0 0 0 0 0 0 6 0 0 0 
17823 -11 0 0 0 0 0 -11 0 0 0 0 0 0 0 0 0 0 0 6 0 0 0 
17829 4 0 0 0 0 0 -11 0 0 0 0 0 0 0 0 0 0 0 4 0 0 0 
17838 -4 0 0 0 0 0 -4 0 0 0 0 0 0 0 0 0 0 0 4 0 0 0 
17859 3 0 0 0 0 0 -4 0 0 0 0 0 0 0 0 0 0 0 3 0 0 0 
17883 -3 0 0 0 0 0 -3 0 0 0 0 0 0 0 0 0 0 0 3 0 0 0 
17889 0 1 0 0 0 0 -3 0 0 0 0 0 0 0 0 0 0 0 0 1 0 0 
17898 -4 0 0 0 0 0 -4 0 0 0 0 0 0 0 0 0 0 0 0 1 0 0 
17904 0 0 0 0 0 0 -4 0 0 0 0 0 0 0 0 0 0 0 0 0 0 0 
17928 -7 0 0 0 0 0 -7 0 0 0 0 0 0 0 0 0 0 0 0 0 0 0 
17943 -6 0 0 0 0 0 -6 0 0 0 0 0 0 0 0 0 0 0 0 0 0 0 
17958 -4 0 0 0 0 0 -4 0 0 0 0 0 0 0 0 0 0 0 0 0 0 0 
18003 -3 0 0 0 0 0 -3 0 0 0 0 0 0 0 0 0 0 0 0 0 0 0 
18018 -4 0 0 0 0 0 -4 0 0 0 0 0 0 0 0 0 0 0 0 0 0 0 
18063 -3 0 0 0 0 0 -3 0 0 0 0 0 0 0 0 0 0 0 0 0 0 0 
18078 -4 0 0 0 0 0 -4 0 0 0 0 0 0 0 0 0 0 0 0 0 0 0 
18093 -7 0 0 0 0 0 -7 0 0 0 0 0 0 0 0 0 0 0 0 0 0 0 
18123 -3 0 0 0 0 0 -3 0 0 0 0 0 0 0 0 0 0 0 0 0 0 0 
18138 -4 0 0 0 0 0 -4 0 0 0 0 0 0 0 0 0 0 0 0 0 0 0 
18157 2 0 0 0 0 0 -4 0 0 0 0 0 0 0 2 0 0 0 0 0 0 0 
18172 4 0 0 0 0 0 -4 0 0 0 0 0 0 0 4 0 0 0 0 0 0 0 
18183 -3 0 0 0 0 0 -3 0 0 0 0 0 0 0 4 0 0 0 0 0 0 0 
18187 3 0 0 0 0 0 -3 0 0 0 0 0 0 0 3 0 0 0 0 0 0 0 
18198 -4 0 0 0 0 0 -4 0 0 0 0 0 0 0 3 0 0 0 0 0 0 0 
18202 4 0 0 0 0 0 -4 0 0 0 0 0 0 0 4 0 0 0 0 0 0 0 
18213 -2 0 0 0 0 0 -2 0 0 0 0 0 0 0 4 0 0 0 0 0 0 0 
18228 0 0 0 0 0 0 0 0 0 0 0 0 0 0 4 0 0 0 0 0 0 0 
18247 3 0 0 0 0 0 0 0 0 0 0 0 0 0 3 0 0 0 0 0 0 0 
18277 0 1 0 0 0 0 0 0 0 0 0 0 0 0 0 1 0 0 0 0 0 0 
18292 0 0 0 0 0 0 0 0 0 0 0 0 0 0 0 0 0 0 0 0 0 0 
18322 0 1 0 0 0 0 0 0 0 0 0 0 0 0 0 1 0 0 0 0 0 0 
18337 0 0 0 0 0 0 0 0 0 0 0 0 0 0 0 0 0 0 0 0 0 0 
18633 2 0 0 0 0 0 2 0 0 0 0 0 0 0 0 0 0 0 0 0 0 0 
18648 12 0 0 0 0 0 12 0 0 0 0 0 0 0 0 0 0 0 0 0 0 0 
18663 3 0 0 0 0 0 3 0 0 0 0 0 0 0 0 0 0 0 0 0 0 0 
18678 10 0 0 0 0 0 10 0 0 0 0 0 0 0 0 0 0 0 0 0 0 0 
18693 1 0 0 0 0 0 1 0 0 0 0 0 0 0 0 0 0 0 0 0 0 0 
18708 0 0 0 0 0 0 0 0 0 0 0 0 0 0 0 0 0 0 0 0 0 0 
18736 6 0 6 0 0 0 0 0 0 0 0 0 0 0 0 0 0 0 0 0 0 0 
18751 3 0 3 0 0 0 0 0 0 0 0 0 0 0 0 0 0 0 0 0 0 0 
18766 12 0 12 0 0 0 0 0 0 0 0 0 0 0 0 0 0 0 0 0 0 0 
18781 7 0 7 0 0 0 0 0 0 0 0 0 0 0 0 0 0 0 0 0 0 0 
18796 8 0 8 0 0 0 0 0 0 0 0 0 0 0 0 0 0 0 0 0 0 0 
18811 5 0 5 0 0 0 0 0 0 0 0 0 0 0 0 0 0 0 0 0 0 0 
18826 14 0 14 0 0 0 0 0 0 0 0 0 0 0 0 0 0 0 0 0 0 0 
18841 2 0 2 0 0 0 0 0 0 0 0 0 0 0 0 0 0 0 0 0 0 0 
18850 3 0 2 0 0 0 0 0 0 0 0 0 0 0 0 0 0 0 0 0 3 0 
18856 4 0 4 0 0 0 0 0 0 0 0 0 0 0 0 0 0 0 0 0 3 0 
18871 3.5 0 3 0 0 0 0 0 0 0 0 0 0 0 0 0 0 0 0 0 4 0 
18880 15 0 3 0 0 0 0 0 0 0 0 0 0 0 0 0 0 0 0 0 15 0 
18886 6 0 6 0 0 0 0 0 0 0 0 0 0 0 0 0 0 0 0 0 15 0 
18895 5 0 6 0 0 0 0 0 0 0 0 0 0 0 0 0 0 0 0 0 5 0 
18910 6 0 6 0 0 0 0 0 0 0 0 0 0 0 0 0 0 0 0 0 6 0 
18916 0 0 0 0 0 0 0 0 0 0 0 0 0 0 0 0 0 0 0 0 6 0 
18925 4 0 0 0 0 0 0 0 0 0 0 0 0 0 0 0 0 0 0 0 4 0 
18931 3 0 3 0 0 0 0 0 0 0 0 0 0 0 0 0 0 0 0 0 4 0 
18946 4 0 4 0 0 0 0 0 0 0 0 0 0 0 0 0 0 0 0 0 4 0 
18955 0 1 4 0 0 0 0 0 0 0 0 0 0 0 0 0 0 0 0 0 0 1 
18961 6 0 6 0 0 0 0 0 0 0 0 0 0 0 0 0 0 0 0 0 0 1 
18970 0 0 6 0 0 0 0 0 0 0 0 0 0 0 0 0 0 0 0 0 0 0 
18976 4 0 4 0 0 0 0 0 0 0 0 0 0 0 0 0 0 0 0 0 0 0 
18985 0 2 4 0 0 0 0 0 0 0 0 0 0 0 0 0 0 0 0 0 0 2 
18991 3 0 3 0 0 0 0 0 0 0 0 0 0 0 0 0 0 0 0 0 0 2 
19000 0 0 3 0 0 0 0 0 0 0 0 0 0 0 0 0 0 0 0 0 0 0 
19726 2 0 2 0 0 0 0 0 0 0 0 0 0 0 0 0 0 0 0 0 0 0 
19741 4 0 4 0 0 0 0 0 0 0 0 0 0 0 0 0 0 0 0 0 0 0 
19771 3 0 3 0 0 0 0 0 0 0 0 0 0 0 0 0 0 0 0 0 0 0 
19786 4 0 4 0 0 0 0 0 0 0 0 0 0 0 0 0 0 0 0 0 0 0 
19831 3 0 3 0 0 0 0 0 0 0 0 0 0 0 0 0 0 0 0 0 0 0 
19846 2 0 2 0 0 0 0 0 0 0 0 0 0 0 0 0 0 0 0 0 0 0 
19861 0 0 0 0 0 0 0 0 0 0 0 0 0 0 0 0 0 0 0 0 0 0 
20056 4 0 4 0 0 0 0 0 0 0 0 0 0 0 0 0 0 0 0 0 0 0 
20071 3 0 3 0 0 0 0 0 0 0 0 0 0 0 0 0 0 0 0 0 0 0 
20086 4 0 4 0 0 0 0 0 0 0 0 0 0 0 0 0 0 0 0 0 0 0 
20131 3 0 3 0 0 0 0 0 0 0 0 0 0 0 0 0 0 0 0 0 0 0 
20146 4 0 4 0 0 0 0 0 0 0 0 0 0 0 0 0 0 0 0 0 0 0 
20176 3 0 3 0 0 0 0 0 0 0 0 0 0 0 0 0 0 0 0 0 0 0 
20191 0 0 0 0 0 0 0 0 0 0 0 0 0 0 0 0 0 0 0 0 0 0 
20537 6 0 0 0 6 0 0 0 0 0 0 0 0 0 0 0 0 0 0 0 0 0 
20552 4 0 0 0 4 0 0 0 0 0 0 0 0 0 0 0 0 0 0 0 0 0 
20567 11 0 0 0 11 0 0 0 0 0 0 0 0 0 0 0 0 0 0 0 0 0 
20582 7 0 0 0 7 0 0 0 0 0 0 0 0 0 0 0 0 0 0 0 0 0 
20597 8 0 0 0 8 0 0 0 0 0 0 0 0 0 0 0 0 0 0 0 0 0 
20627 11 0 0 0 11 0 0 0 0 0 0 0 0 0 0 0 0 0 0 0 0 0 
20642 2 0 0 0 2 0 0 0 0 0 0 0 0 0 0 0 0 0 0 0 0 0 
20657 4 0 0 0 4 0 0 0 0 0 0 0 0 0 0 0 0 0 0 0 0 0 
20687 5 0 0 0 5 0 0 0 0 0 0 0 0 0 0 0 0 0 0 0 0 0 
20702 6 0 0 0 6 0 0 0 0 0 0 0 0 0 0 0 0 0 0 0 0 0 
20717 0 0 0 0 0 0 0 0 0 0 0 0 0 0 0 0 0 0 0 0 0 0 
20732 4 0 0 0 4 0 0 0 0 0 0 0 0 0 0 0 0 0 0 0 0 0 
20747 3 0 0 0 3 0 0 0 0 0 0 0 0 0 0 0 0 0 0 0 0 0 
20748 1 0 0 0 3 0 1 0 0 0 0 0 0 0 0 0 0 0 0 0 0 0 
20762 6 0 0 0 6 0 1 0 0 0 0 0 0 0 0 0 0 0 0 0 0 0 
20763 4 0 0 0 6 0 4 0 0 0 0 0 0 0 0 0 0 0 0 0 0 0 
20792 3 0 0 0 3 0 4 0 0 0 0 0 0 0 0 0 0 0 0 0 0 0 
20793 -3 0 0 0 3 0 -3 0 0 0 0 0 0 0 0 0 0 0 0 0 0 0 
20807 0 0 0 0 0 0 -3 0 0 0 0 0 0 0 0 0 0 0 0 0 0 0 
20883 1 0 0 0 0 0 1 0 0 0 0 0 0 0 0 0 0 0 0 0 0 0 
20898 4 0 0 0 0 0 4 0 0 0 0 0 0 0 0 0 0 0 0 0 0 0 
20943 3 0 0 0 0 0 3 0 0 0 0 0 0 0 0 0 0 0 0 0 0 0 
20958 4 0 0 0 0 0 4 0 0 0 0 0 0 0 0 0 0 0 0 0 0 0 
20973 1 1 0 0 0 0 1 1 0 0 0 0 0 0 0 0 0 0 0 0 0 0 
20988 0 0 0 0 0 0 0 0 0 0 0 0 0 0 0 0 0 0 0 0 0 0 
21001 1 0 1 0 0 0 0 0 0 0 0 0 0 0 0 0 0 0 0 0 0 0 
21016 4 0 4 0 0 0 0 0 0 0 0 0 0 0 0 0 0 0 0 0 0 0 
21031 3.5 0 3 0 4 0 0 0 0 0 0 0 0 0 0 0 0 0 0 0 0 0 
21046 4 0 4 0 4 0 0 0 0 0 0 0 0 0 0 0 0 0 0 0 0 0 
21047 3 0 4 0 3 0 0 0 0 0 0 0 0 0 0 0 0 0 0 0 0 0 
21061 15 0 15 0 3 0 0 0 0 0 0 0 0 0 0 0 0 0 0 0 0 0 
21062 21 0 15 0 21 0 0 0 0 0 0 0 0 0 0 0 0 0 0 0 0 0 
21076 4 0 4 0 21 0 0 0 0 0 0 0 0 0 0 0 0 0 0 0 0 0 
21077 2 0 4 0 2 0 0 0 0 0 0 0 0 0 0 0 0 0 0 0 0 0 
21091 3 0 3 0 2 0 0 0 0 0 0 0 0 0 0 0 0 0 0 0 0 0 
21092 4 0 3 0 4 0 0 0 0 0 0 0 0 0 0 0 0 0 0 0 0 0 
21106 2 0 2 0 4 0 0 0 0 0 0 0 0 0 0 0 0 0 0 0 0 0 
21107 3 0 2 0 3 0 0 0 0 0 0 0 0 0 0 0 0 0 0 0 0 0 
21121 0 1 0 1 3 0 0 0 0 0 0 0 0 0 0 0 0 0 0 0 0 0 
21122 4 0 0 1 4 0 0 0 0 0 0 0 0 0 0 0 0 0 0 0 0 0 
21136 0 0 0 0 4 0 0 0 0 0 0 0 0 0 0 0 0 0 0 0 0 0 
21152 1 0 0 0 1 0 0 0 0 0 0 0 0 0 0 0 0 0 0 0 0 0 
21166 0 1 0 1 1 0 0 0 0 0 0 0 0 0 0 0 0 0 0 0 0 0 
21167 0 0 0 1 0 0 0 0 0 0 0 0 0 0 0 0 0 0 0 0 0 0 
21302 0.5 0 0 0 1 0 0 0 0 0 0 0 0 0 0 0 0 0 0 0 0 0 
21317 4 0 0 0 4 0 0 0 0 0 0 0 0 0 0 0 0 0 0 0 0 0 
21347 3 0 0 0 3 0 0 0 0 0 0 0 0 0 0 0 0 0 0 0 0 0 
21362 4 0 0 0 4 0 0 0 0 0 0 0 0 0 0 0 0 0 0 0 0 0 
21377 3 0 0 0 3 0 0 0 0 0 0 0 0 0 0 0 0 0 0 0 0 0 
21392 0 1 0 0 0 1 0 0 0 0 0 0 0 0 0 0 0 0 0 0 0 0 
21407 0 0 0 0 0 0 0 0 0 0 0 0 0 0 0 0 0 0 0 0 0 0 
21437 0 7 0 0 0 7 0 0 0 0 0 0 0 0 0 0 0 0 0 0 0 0 
21452 0 0 0 0 0 0 0 0 0 0 0 0 0 0 0 0 0 0 0 0 0 0 
21921 9 0 0 0 0 0 0 0 0 0 0 0 9 0 0 0 0 0 0 0 0 0 
21936 12 0 0 0 0 0 0 0 0 0 0 0 12 0 0 0 0 0 0 0 0 0 
21951 7 0 0 0 0 0 0 0 0 0 0 0 7 0 0 0 0 0 0 0 0 0 
21981 6 0 0 0 0 0 0 0 0 0 0 0 6 0 0 0 0 0 0 0 0 0 
21996 14 0 0 0 0 0 0 0 0 0 0 0 14 0 0 0 0 0 0 0 0 0 
22011 1 0 0 0 0 0 0 0 0 0 0 0 1 0 0 0 0 0 0 0 0 0 
22026 4 0 0 0 0 0 0 0 0 0 0 0 4 0 0 0 0 0 0 0 0 0 
22056 6 0 0 0 0 0 0 0 0 0 0 0 6 0 0 0 0 0 0 0 0 0 
22071 3 0 0 0 0 0 0 0 0 0 0 0 3 0 0 0 0 0 0 0 0 0 
22116 4 0 0 0 0 0 0 0 0 0 0 0 4 0 0 0 0 0 0 0 0 0 
22131 5 0 0 0 0 0 0 0 0 0 0 0 5 0 0 0 0 0 0 0 0 0 
22146 4 0 0 0 0 0 0 0 0 0 0 0 4 0 0 0 0 0 0 0 0 0 
22176 0 0 0 0 0 0 0 0 0 0 0 0 0 0 0 0 0 0 0 0 0 0 
22749 8 0 0 0 0 0 0 0 0 0 0 0 0 0 0 0 0 0 8 0 0 0 
22779 11 0 0 0 0 0 0 0 0 0 0 0 0 0 0 0 0 0 11 0 0 0 
22794 7 0 0 0 0 0 0 0 0 0 0 0 0 0 0 0 0 0 7 0 0 0 
22809 4 0 0 0 0 0 0 0 0 0 0 0 0 0 0 0 0 0 4 0 0 0 
22824 16 0 0 0 0 0 0 0 0 0 0 0 0 0 0 0 0 0 16 0 0 0 
22839 2 0 0 0 0 0 0 0 0 0 0 0 0 0 0 0 0 0 2 0 0 0 
22854 3 0 0 0 0 0 0 0 0 0 0 0 0 0 0 0 0 0 3 0 0 0 
22869 4 0 0 0 0 0 0 0 0 0 0 0 0 0 0 0 0 0 4 0 0 0 
22884 6 0 0 0 0 0 0 0 0 0 0 0 0 0 0 0 0 0 6 0 0 0 
22899 3 0 0 0 0 0 0 0 0 0 0 0 0 0 0 0 0 0 3 0 0 0 
22914 4 0 0 0 0 0 0 0 0 0 0 0 0 0 0 0 0 0 4 0 0 0 
22929 2 0 0 0 0 0 0 0 0 0 0 0 0 0 0 0 0 0 2 0 0 0 
22944 4 0 0 0 0 0 0 0 0 0 0 0 0 0 0 0 0 0 4 0 0 0 
22959 3 0 0 0 0 0 0 0 0 0 0 0 0 0 0 0 0 0 3 0 0 0 
22974 6 0 0 0 0 0 0 0 0 0 0 0 0 0 0 0 0 0 6 0 0 0 
22989 5 0 0 0 0 0 0 0 0 0 0 0 0 0 0 0 0 0 5 0 0 0 
23004 0 0 0 0 0 0 0 0 0 0 0 0 0 0 0 0 0 0 0 0 0 0 
23152 7 0 0 0 0 0 0 0 0 0 0 0 0 0 7 0 0 0 0 0 0 0 
23182 12 0 0 0 0 0 0 0 0 0 0 0 0 0 12 0 0 0 0 0 0 0 
23197 2 0 0 0 0 0 0 0 0 0 0 0 0 0 2 0 0 0 0 0 0 0 
23212 0 0 0 0 0 0 0 0 0 0 0 0 0 0 0 0 0 0 0 0 0 0 
23709 3 0 0 0 0 0 0 0 0 0 0 0 0 0 0 0 0 0 3 0 0 0 
23724 4 0 0 0 0 0 0 0 0 0 0 0 0 0 0 0 0 0 4 0 0 0 
23739 3 0 0 0 0 0 0 0 0 0 0 0 0 0 0 0 0 0 3 0 0 0 
23754 4 0 0 0 0 0 0 0 0 0 0 0 0 0 0 0 0 0 4 0 0 0 
23784 15 0 0 0 0 0 0 0 0 0 0 0 0 0 0 0 0 0 15 0 0 0 
23799 4 0 0 0 0 0 0 0 0 0 0 0 0 0 0 0 0 0 4 0 0 0 
23814 2 0 0 0 0 0 0 0 0 0 0 0 0 0 0 0 0 0 2 0 0 0 
23829 0 0 0 0 0 0 0 0 0 0 0 0 0 0 0 0 0 0 0 0 0 0 
23917 1 0 0 0 0 0 0 0 0 0 0 0 0 0 1 0 0 0 0 0 0 0 
23932 4 0 0 0 0 0 0 0 0 0 0 0 0 0 4 0 0 0 0 0 0 0 
23947 3 0 0 0 0 0 0 0 0 0 0 0 0 0 3 0 0 0 0 0 0 0 
23962 6 0 0 0 0 0 0 0 0 0 0 0 0 0 6 0 0 0 0 0 0 0 
23977 4 0 0 0 0 0 0 0 0 0 0 0 0 0 4 0 0 0 0 0 0 0 
24007 3 0 0 0 0 0 0 0 0 0 0 0 0 0 3 0 0 0 0 0 0 0 
24020 1 0 0 0 0 0 0 0 0 0 1 0 0 0 3 0 0 0 0 0 0 0 
24022 4 0 0 0 0 0 0 0 0 0 1 0 0 0 4 0 0 0 0 0 0 0 
24035 0 0 0 0 0 0 0 0 0 0 0 0 0 0 4 0 0 0 0 0 0 0 
24052 17 0 0 0 0 0 0 0 0 0 0 0 0 0 17 0 0 0 0 0 0 0 
24067 3 0 0 0 0 0 0 0 0 0 0 0 0 0 3 0 0 0 0 0 0 0 
24082 4 0 0 0 0 0 0 0 0 0 0 0 0 0 4 0 0 0 0 0 0 0 
24097 1 1 0 0 0 0 0 0 0 0 0 0 0 0 1 1 0 0 0 0 0 0 
24112 0 0 0 0 0 0 0 0 0 0 0 0 0 0 0 0 0 0 0 0 0 0 
24605 1 0 0 0 0 0 0 0 0 0 1 0 0 0 0 0 0 0 0 0 0 0 
24620 19 0 0 0 0 0 0 0 0 0 19 0 0 0 0 0 0 0 0 0 0 0 
24635 26 0 0 0 0 0 0 0 0 0 26 0 0 0 0 0 0 0 0 0 0 0 
24650 4 0 0 0 0 0 0 0 0 0 4 0 0 0 0 0 0 0 0 0 0 0 
24665 -3 0 0 0 0 0 0 0 0 0 -3 0 0 0 0 0 0 0 0 0 0 0 
24680 0 0 0 0 0 0 0 0 0 0 0 0 0 0 0 0 0 0 0 0 0 0 
25074 2 0 0 0 0 0 0 0 0 0 0 0 0 0 0 0 0 0 2 0 0 0 
25089 6 0 0 0 0 0 0 0 0 0 0 0 0 0 0 0 0 0 6 0 0 0 
25104 4 0 0 0 0 0 0 0 0 0 0 0 0 0 0 0 0 0 4 0 0 0 
25119 3 0 0 0 0 0 0 0 0 0 0 0 0 0 0 0 0 0 3 0 0 0 
25134 4 0 0 0 0 0 0 0 0 0 0 0 0 0 0 0 0 0 4 0 0 0 
25161 1 0 0 0 0 0 0 0 0 0 0 0 1 0 0 0 0 0 4 0 0 0 
25176 5 0 0 0 0 0 0 0 0 0 0 0 5 0 0 0 0 0 4 0 0 0 
25179 34 0 0 0 0 0 0 0 0 0 0 0 5 0 0 0 0 0 34 0 0 0 
25191 3 0 0 0 0 0 0 0 0 0 0 0 3 0 0 0 0 0 34 0 0 0 
25194 4 0 0 0 0 0 0 0 0 0 0 0 3 0 0 0 0 0 4 0 0 0 
25209 2.5 0 0 0 0 0 0 0 0 0 0 0 4 0 0 0 0 0 1 0 0 0 
25224 0 0 0 0 0 0 0 0 0 0 0 0 4 0 0 0 0 0 0 0 0 0 
25251 3 0 0 0 0 0 0 0 0 0 0 0 3 0 0 0 0 0 0 0 0 0 
25266 6 0 0 0 0 0 0 0 0 0 0 0 6 0 0 0 0 0 0 0 0 0 
25281 0 0 0 0 0 0 0 0 0 0 0 0 0 0 0 0 0 0 0 0 0 0 
25539 2 0 0 0 0 0 0 0 0 0 0 0 0 0 0 0 0 0 2 0 0 0 
25554 4 0 0 0 0 0 0 0 0 0 0 0 0 0 0 0 0 0 4 0 0 0 
25584 31 0 0 0 0 0 0 0 0 0 0 0 0 0 0 0 0 0 31 0 0 0 
25599 3 0 0 0 0 0 0 0 0 0 0 0 0 0 0 0 0 0 3 0 0 0 
25614 2 0 0 0 0 0 0 0 0 0 0 0 0 0 0 0 0 0 2 0 0 0 
25629 0 1 0 0 0 0 0 0 0 0 0 0 0 0 0 0 0 0 0 1 0 0 
25644 0 0 0 0 0 0 0 0 0 0 0 0 0 0 0 0 0 0 0 0 0 0 
25674 0 3 0 0 0 0 0 0 0 0 0 0 0 0 0 0 0 0 0 3 0 0 
25689 0 0 0 0 0 0 0 0 0 0 0 0 0 0 0 0 0 0 0 0 0 0 
25848 8 0 0 0 0 0 8 0 0 0 0 0 0 0 0 0 0 0 0 0 0 0 
25863 5 0 0 0 0 0 5 0 0 0 0 0 0 0 0 0 0 0 0 0 0 0 
25878 14 0 0 0 0 0 14 0 0 0 0 0 0 0 0 0 0 0 0 0 0 0 
25893 1 0 0 0 0 0 1 0 0 0 0 0 0 0 0 0 0 0 0 0 0 0 
25908 6 0 0 0 0 0 6 0 0 0 0 0 0 0 0 0 0 0 0 0 0 0 
25923 3 0 0 0 0 0 3 0 0 0 0 0 0 0 0 0 0 0 0 0 0 0 
25938 12 0 0 0 0 0 12 0 0 0 0 0 0 0 0 0 0 0 0 0 0 0 
25953 7 0 0 0 0 0 7 0 0 0 0 0 0 0 0 0 0 0 0 0 0 0 
25968 3 0 0 0 0 0 3 0 0 0 0 0 0 0 0 0 0 0 0 0 0 0 
25983 5 0 0 0 0 0 5 0 0 0 0 0 0 0 0 0 0 0 0 0 0 0 
25998 6 0 0 0 0 0 6 0 0 0 0 0 0 0 0 0 0 0 0 0 0 0 
26013 4 0 0 0 0 0 4 0 0 0 0 0 0 0 0 0 0 0 0 0 0 0 
26043 1 0 0 0 0 0 1 0 0 0 0 0 0 0 0 0 0 0 0 0 0 0 
26058 4 0 0 0 0 0 4 0 0 0 0 0 0 0 0 0 0 0 0 0 0 0 
26088 6 0 0 0 0 0 6 0 0 0 0 0 0 0 0 0 0 0 0 0 0 0 
26103 5 0 0 0 0 0 5 0 0 0 0 0 0 0 0 0 0 0 0 0 0 0 
26118 0 0 0 0 0 0 0 0 0 0 0 0 0 0 0 0 0 0 0 0 0 0 
26181 4 0 0 0 0 0 0 0 0 0 0 0 4 0 0 0 0 0 0 0 0 0 
26211 14 0 0 0 0 0 0 0 0 0 0 0 14 0 0 0 0 0 0 0 0 0 
26226 4 0 0 0 0 0 0 0 0 0 0 0 4 0 0 0 0 0 0 0 0 0 
26271 1 0 0 0 0 0 0 0 0 0 0 0 1 0 0 0 0 0 0 0 0 0 
26286 0 0 0 0 0 0 0 0 0 0 0 0 0 0 0 0 0 0 0 0 0 0 
