# ValueCount deltaRailways
10 0 0 0 0 0 0 0 0 0 0 0 0 0 0 0 0 0 0 0 0 0 0 
121 1 7 1 7 1 0 1 0 1 0 1 0 1 0 1 0 1 0 1 0 1 0 
123 2 8 2 7 2 0 2 8 2 0 2 0 2 0 2 0 2 0 2 0 2 0 
124 3 9 3 7 3 0 3 8 3 9 3 0 3 0 3 0 3 0 3 0 3 0 
125 4 10 4 7 4 0 4 8 4 9 4 10 4 0 4 0 4 0 4 0 4 0 
126 5 7 5 7 5 0 5 8 5 9 5 10 5 7 5 0 5 0 5 0 5 0 
130 6 7.5 6 7 6 0 6 8 6 9 6 10 6 7 6 7 6 0 6 0 6 8 
136 7 10 7 10 7 0 7 8 7 9 7 10 7 7 7 7 7 0 7 0 7 8 
140 8 8 8 10 8 0 8 8 8 9 8 8 8 7 8 7 8 0 8 0 8 8 
141 9 10 9 10 9 0 9 8 9 9 9 8 9 10 9 7 9 0 9 0 9 8 
151 10 9.5 10 9 10 0 10 8 10 9 10 8 10 10 10 10 10 0 10 0 10 8 
153 11 12 11 9 11 0 11 12 11 9 11 8 11 10 11 10 11 0 11 0 11 8 
155 12 11.5 12 9 12 0 12 12 12 12 12 11 12 10 12 10 12 0 12 0 12 8 
160 13 12 13 9 13 0 13 12 13 12 13 11 13 10 13 10 13 0 13 0 13 12 
166 14 2 14 2 14 0 14 12 14 12 14 11 14 10 14 10 14 0 14 0 14 12 
168 15 7 15 2 15 0 15 7 15 12 15 11 15 10 15 10 15 0 15 0 15 12 
171 16 5 16 2 16 0 16 7 16 7 16 7 16 1 16 10 16 0 16 0 16 12 
172 17 1 17 2 17 0 17 7 17 7 17 7 17 1 17 1 17 0 17 0 17 12 
175 18 6 18 2 18 0 18 7 18 7 18 7 18 1 18 1 18 0 18 0 18 6 
181 19 0 19 0 19 0 19 7 19 7 19 7 19 1 19 1 19 0 19 0 19 6 
183 20 3 20 0 20 0 20 3 20 7 20 7 20 1 20 1 20 0 20 0 20 6 
184 21 6 21 0 21 0 21 3 21 6 21 7 21 1 21 1 21 0 21 0 21 6 
185 22 4 22 0 22 0 22 3 22 6 22 4 22 1 22 1 22 0 22 0 22 6 
186 23 0 23 0 23 0 23 3 23 6 23 4 23 0 23 1 23 0 23 0 23 6 
190 24 2 24 0 24 0 24 3 24 6 24 4 24 0 24 0 24 0 24 0 24 4 
198 25 16 25 0 25 0 25 16 25 6 25 4 25 0 25 0 25 0 25 0 25 4 
199 26 13 26 0 26 0 26 16 26 13 26 4 26 0 26 0 26 0 26 0 26 4 
200 27 16 27 0 27 0 27 16 27 13 27 16 27 0 27 0 27 0 27 0 27 4 
213 28 9 28 0 28 0 28 2 28 13 28 16 28 0 28 0 28 0 28 0 28 16 
214 29 2 29 0 29 0 29 2 29 2 29 16 29 0 29 0 29 0 29 0 29 16 
228 30 2.66667 30 0 30 0 30 4 30 2 30 2 30 0 30 0 30 0 30 0 30 2 
229 31 -16 31 0 31 0 31 4 31 -16 31 2 31 0 31 0 31 0 31 0 31 2 
230 32 3 32 0 32 0 32 4 32 -16 32 3 32 0 32 0 32 0 32 0 32 2 
244 33 -2 33 0 33 0 33 3 33 -12 33 3 33 0 33 0 33 0 33 0 33 3 
245 34 4 34 0 34 0 34 3 34 -12 34 4 34 0 34 0 34 0 34 0 34 3 
258 35 5 35 0 35 0 35 6 35 -12 35 4 35 0 35 0 35 0 35 0 35 4 
259 36 -16 36 0 36 0 36 6 36 -16 36 4 36 0 36 0 36 0 36 0 36 4 
260 37 6 37 0 37 0 37 6 37 -16 37 6 37 0 37 0 37 0 37 0 37 4 
273 38 5 38 0 38 0 38 4 38 -16 38 6 38 0 38 0 38 0 38 0 38 6 
274 39 -12 39 0 39 0 39 4 39 -12 39 6 39 0 39 0 39 0 39 0 39 6 
275 40 3 40 0 40 0 40 4 40 -12 40 3 40 0 40 0 40 0 40 0 40 6 
280 41 4 41 0 41 0 41 4 41 -12 41 3 41 0 41 0 41 0 41 0 41 4 
288 42 3 42 0 42 0 42 3 42 -12 42 3 42 0 42 0 42 0 42 0 42 4 
289 43 0 43 0 43 0 43 3 43 0 43 3 43 0 43 0 43 0 43 0 43 4 
290 44 4 44 0 44 0 44 3 44 0 44 4 44 0 44 0 44 0 44 0 44 4 
295 45 3 45 0 45 0 45 3 45 0 45 4 45 0 45 0 45 0 45 0 45 3 
303 46 2 46 0 46 0 46 2 46 0 46 4 46 0 46 0 46 0 46 0 46 3 
318 47 2.66667 47 0 47 0 47 4 47 0 47 2 47 0 47 0 47 0 47 0 47 2 
320 48 4 48 0 48 0 48 4 48 0 48 4 48 0 48 0 48 0 48 0 48 2 
333 49 5 49 0 49 0 49 6 49 0 49 4 49 0 49 0 49 0 49 0 49 4 
335 50 3 50 0 50 0 50 6 50 0 50 3 50 0 50 0 50 0 50 0 50 4 
340 51 6 51 0 51 0 51 6 51 0 51 3 51 0 51 0 51 0 51 0 51 6 
348 52 4 52 0 52 0 52 4 52 0 52 3 52 0 52 0 52 0 52 0 52 6 
350 53 6 53 0 53 0 53 4 53 0 53 6 53 0 53 0 53 0 53 0 53 6 
355 54 3 54 0 54 0 54 4 54 0 54 6 54 0 54 0 54 0 54 0 54 3 
365 55 5 55 0 55 0 55 4 55 0 55 5 55 0 55 0 55 0 55 0 55 3 
378 56 2.5 56 0 56 0 56 0 56 0 56 5 56 0 56 0 56 0 56 0 56 5 
380 57 0 57 0 57 0 57 0 57 0 57 0 57 0 57 0 57 0 57 0 57 5 
490 58 3 58 0 58 0 58 0 58 0 58 0 58 0 58 0 58 0 58 0 58 3 
505 59 4 59 0 59 0 59 0 59 0 59 0 59 0 59 0 59 0 59 0 59 4 
535 60 3 60 0 60 0 60 0 60 0 60 0 60 0 60 0 60 0 60 0 60 3 
550 61 4 61 0 61 0 61 0 61 0 61 0 61 0 61 0 61 0 61 0 61 4 
565 62 1 62 0 62 0 62 0 62 0 62 0 62 0 62 0 62 0 62 0 62 1 
580 63 0 63 0 63 0 63 0 63 0 63 0 63 0 63 0 63 0 63 0 63 0 
1143 64 1 64 0 64 0 64 1 64 0 64 0 64 0 64 0 64 0 64 0 64 0 
1158 65 2.5 65 1 65 0 65 4 65 0 65 0 65 0 65 0 65 0 65 0 65 0 
1171 66 3 66 3 66 0 66 4 66 0 66 0 66 0 66 0 66 0 66 0 66 0 
1186 67 4 67 4 67 0 67 4 67 0 67 0 67 0 67 0 67 0 67 0 67 0 
1188 68 15 68 4 68 0 68 15 68 0 68 0 68 0 68 0 68 0 68 0 68 0 
1203 69 3 69 4 69 0 69 3 69 0 69 0 69 0 69 0 69 0 69 0 69 0 
1218 70 6 70 4 70 0 70 6 70 0 70 0 70 0 70 0 70 0 70 0 70 0 
1220 71 1 71 4 71 0 71 6 71 0 71 1 71 0 71 0 71 0 71 0 71 0 
1231 72 3 72 3 72 0 72 6 72 0 72 1 72 0 72 0 72 0 72 0 72 0 
1235 73 8.5 73 3 73 0 73 3 73 0 73 14 73 0 73 0 73 0 73 0 73 0 
1237 74 3 74 3 74 0 74 3 74 0 74 14 74 0 74 3 74 0 74 0 74 0 
1246 75 4 75 4 75 0 75 3 75 0 75 14 75 0 75 3 75 0 75 0 75 0 
1248 76 0 76 4 76 0 76 0 76 0 76 14 76 0 76 3 76 0 76 0 76 0 
1250 77 4 77 4 77 0 77 0 77 0 77 4 77 0 77 3 77 0 77 0 77 0 
1291 78 3.5 78 3 78 0 78 0 78 0 78 4 78 0 78 4 78 0 78 0 78 0 
1293 79 4 79 3 79 0 79 4 79 0 79 4 79 0 79 4 79 0 79 0 79 0 
1295 80 2 80 3 80 0 80 4 80 0 80 2 80 0 80 4 80 0 80 0 80 0 
1306 81 4 81 4 81 0 81 4 81 0 81 2 81 0 81 4 81 0 81 0 81 0 
1310 82 0 82 4 82 0 82 4 82 0 82 0 82 0 82 4 82 0 82 0 82 0 
1323 83 3 83 4 83 0 83 3 83 0 83 0 83 0 83 4 83 0 83 0 83 0 
1338 84 3.5 84 4 84 0 84 4 84 0 84 0 84 0 84 3 84 0 84 0 84 0 
1342 85 4 85 4 85 0 85 4 85 0 85 0 85 0 85 4 85 0 85 0 85 0 
1351 86 3 86 3 86 0 86 4 86 0 86 0 86 0 86 4 86 0 86 0 86 0 
1366 87 1 87 1 87 0 87 4 87 0 87 0 87 0 87 4 87 0 87 0 87 0 
1368 88 6 88 1 88 0 88 6 88 0 88 0 88 0 88 4 88 0 88 0 88 0 
1381 89 0 89 0 89 0 89 6 89 0 89 0 89 0 89 4 89 0 89 0 89 0 
1383 90 3 90 0 90 0 90 3 90 0 90 0 90 0 90 4 90 0 90 0 90 0 
1387 91 0 91 0 91 0 91 3 91 0 91 0 91 0 91 0 91 0 91 0 91 0 
1398 92 -16 92 0 92 0 92 -16 92 0 92 0 92 0 92 0 92 0 92 0 92 0 
1413 93 -12 93 0 93 0 93 -12 93 0 93 0 93 0 93 0 93 0 93 0 93 0 
1428 94 -25 94 0 94 0 94 -25 94 0 94 0 94 0 94 0 94 0 94 0 94 0 
1430 95 4 95 0 95 0 95 -25 95 0 95 4 95 0 95 0 95 0 95 0 95 0 
1443 96 -3 96 0 96 0 96 -3 96 0 96 4 96 0 96 0 96 0 96 0 96 0 
1445 97 6 97 0 97 0 97 -3 97 0 97 6 97 0 97 0 97 0 97 0 97 0 
1458 98 -4 98 0 98 0 98 -4 98 0 98 6 98 0 98 0 98 0 98 0 98 0 
1460 99 4 99 0 99 0 99 -4 99 0 99 4 99 0 99 0 99 0 99 0 99 0 
1475 100 3 100 0 100 0 100 -4 100 0 100 3 100 0 100 0 100 0 100 0 100 0 
1488 101 -15 101 0 101 0 101 -15 101 0 101 3 101 0 101 0 101 0 101 0 101 0 
1490 102 4 102 0 102 0 102 -15 102 0 102 4 102 0 102 0 102 0 102 0 102 0 
1503 103 -3 103 0 103 0 103 -3 103 0 103 4 103 0 103 0 103 0 103 0 103 0 
1505 104 3 104 0 104 0 104 -3 104 0 104 3 104 0 104 0 104 0 104 0 104 0 
1518 105 -4 105 0 105 0 105 -4 105 0 105 3 105 0 105 0 105 0 105 0 105 0 
1520 106 0 106 0 106 0 106 -4 106 0 106 0 106 0 106 0 106 0 106 0 106 0 
1548 107 -7 107 0 107 0 107 -7 107 0 107 0 107 0 107 0 107 0 107 0 107 0 
1550 108 4 108 0 108 0 108 -7 108 0 108 4 108 0 108 0 108 0 108 0 108 0 
1563 109 -6 109 0 109 0 109 -6 109 0 109 4 109 0 109 0 109 0 109 0 109 0 
1566 110 3 110 0 110 0 110 -6 110 0 110 4 110 3 110 0 110 0 110 0 110 0 
1578 111 -4 111 0 111 0 111 -4 111 0 111 4 111 3 111 0 111 0 111 0 111 0 
1581 112 4 112 0 112 0 112 -4 112 0 112 4 112 4 112 0 112 0 112 0 112 0 
1595 113 3 113 0 113 0 113 -4 113 0 113 3 113 4 113 0 113 0 113 0 113 0 
1610 114 4 114 0 114 0 114 -4 114 0 114 4 114 4 114 0 114 0 114 0 114 0 
1611 115 3 115 0 115 0 115 -4 115 0 115 4 115 3 115 0 115 0 115 0 115 0 
1623 116 -3 116 0 116 0 116 -3 116 0 116 4 116 3 116 0 116 0 116 0 116 0 
1625 117 0 117 0 117 0 117 -3 117 0 117 0 117 3 117 0 117 0 117 0 117 0 
1626 118 6 118 0 118 0 118 -3 118 0 118 0 118 6 118 0 118 0 118 0 118 0 
1630 119 1 119 0 119 0 119 -3 119 0 119 0 119 6 119 0 119 0 119 0 119 1 
1638 120 -4 120 0 120 0 120 -4 120 0 120 0 120 6 120 0 120 0 120 0 120 1 
1641 121 4 121 0 121 0 121 -4 121 0 121 0 121 4 121 0 121 0 121 0 121 1 
1645 122 6 122 0 122 0 122 -4 122 0 122 0 122 4 122 0 122 0 122 0 122 6 
1660 123 4 123 0 123 0 123 -4 123 0 123 0 123 4 123 0 123 0 123 0 123 4 
1671 124 3 124 0 124 0 124 -4 124 0 124 0 124 3 124 0 124 0 124 0 124 4 
1683 125 0 125 0 125 0 125 -3 125 0 125 0 125 3 125 0 125 0 125 0 125 3 
1686 126 4 126 0 126 0 126 -3 126 0 126 0 126 4 126 0 126 0 126 0 126 3 
1698 127 -1.5 127 0 127 0 127 -7 127 0 127 0 127 4 127 0 127 0 127 0 127 4 
1713 128 -4 128 0 128 0 128 -4 128 0 128 0 128 4 128 0 128 0 128 0 128 4 
1716 129 3 129 0 129 0 129 -4 129 0 129 0 129 3 129 0 129 0 129 0 129 4 
1728 130 -7 130 0 130 0 130 -7 130 0 130 0 130 3 130 0 130 0 130 0 130 4 
1731 131 0 131 0 131 0 131 -7 131 0 131 0 131 0 131 0 131 0 131 0 131 4 
1735 132 1 132 0 132 0 132 -7 132 0 132 0 132 0 132 0 132 0 132 0 132 1 
1743 133 -3 133 0 133 0 133 -3 133 0 133 0 133 0 133 0 133 0 133 0 133 1 
1750 134 0 134 0 134 0 134 -3 134 0 134 0 134 0 134 0 134 0 134 0 134 0 
1758 135 -2 135 0 135 0 135 -2 135 0 135 0 135 0 135 0 135 0 135 0 135 0 
1773 136 0 136 0 136 0 136 0 136 0 136 0 136 0 136 0 136 0 136 0 136 0 
1795 137 1 137 0 137 0 137 0 137 0 137 0 137 0 137 0 137 0 137 0 137 1 
1810 138 4 138 0 138 0 138 0 138 0 138 0 138 0 138 0 138 0 138 0 138 4 
1855 139 3 139 0 139 0 139 0 139 0 139 0 139 0 139 0 139 0 139 0 139 3 
1870 140 4 140 0 140 0 140 0 140 0 140 0 140 0 140 0 140 0 140 0 140 4 
1885 141 6 141 0 141 0 141 0 141 0 141 0 141 0 141 0 141 0 141 0 141 6 
1900 142 0 142 0 142 0 142 0 142 0 142 0 142 0 142 0 142 0 142 0 142 0 
2178 143 8 143 0 143 0 143 8 143 0 143 0 143 0 143 0 143 0 143 0 143 0 
2208 144 12 144 0 144 0 144 12 144 0 144 0 144 0 144 0 144 0 144 0 144 0 
2223 145 6 145 0 145 0 145 6 145 0 145 0 145 0 145 0 145 0 145 0 145 0 
2238 146 4 146 0 146 0 146 4 146 0 146 0 146 0 146 0 146 0 146 0 146 0 
2253 147 16 147 0 147 0 147 16 147 0 147 0 147 0 147 0 147 0 147 0 147 0 
2268 148 2 148 0 148 0 148 2 148 0 148 0 148 0 148 0 148 0 148 0 148 0 
2283 149 3 149 0 149 0 149 3 149 0 149 0 149 0 149 0 149 0 149 0 149 0 
2298 150 4 150 0 150 0 150 4 150 0 150 0 150 0 150 0 150 0 150 0 150 0 
2313 151 6 151 0 151 0 151 6 151 0 151 0 151 0 151 0 151 0 151 0 151 0 
2328 152 4 152 0 152 0 152 4 152 0 152 0 152 0 152 0 152 0 152 0 152 0 
2343 153 3 153 0 153 0 153 3 153 0 153 0 153 0 153 0 153 0 153 0 153 0 
2358 154 2 154 0 154 0 154 2 154 0 154 0 154 0 154 0 154 0 154 0 154 0 
2373 155 4 155 0 155 0 155 4 155 0 155 0 155 0 155 0 155 0 155 0 155 0 
2388 156 6 156 0 156 0 156 6 156 0 156 0 156 0 156 0 156 0 156 0 156 0 
2403 157 3 157 0 157 0 157 3 157 0 157 0 157 0 157 0 157 0 157 0 157 0 
2418 158 5 158 0 158 0 158 5 158 0 158 0 158 0 158 0 158 0 158 0 158 0 
2433 159 0 159 0 159 0 159 0 159 0 159 0 159 0 159 0 159 0 159 0 159 0 
2913 160 1 160 0 160 0 160 1 160 0 160 0 160 0 160 0 160 0 160 0 160 0 
2928 161 4 161 0 161 0 161 4 161 0 161 0 161 0 161 0 161 0 161 0 161 0 
2943 162 14 162 0 162 0 162 14 162 0 162 0 162 0 162 0 162 0 162 0 162 0 
2958 163 4 163 0 163 0 163 4 163 0 163 0 163 0 163 0 163 0 163 0 163 0 
2988 164 1 164 0 164 0 164 1 164 0 164 0 164 0 164 0 164 0 164 0 164 0 
3003 165 3 165 0 165 0 165 3 165 0 165 0 165 0 165 0 165 0 165 0 165 0 
3018 166 6 166 0 166 0 166 6 166 0 166 0 166 0 166 0 166 0 166 0 166 0 
3033 167 4 167 0 167 0 167 4 167 0 167 0 167 0 167 0 167 0 167 0 167 0 
3063 168 1 168 0 168 0 168 1 168 0 168 0 168 0 168 0 168 0 168 0 168 0 
3078 169 0 169 0 169 0 169 0 169 0 169 0 169 0 169 0 169 0 169 0 169 0 
3153 170 1 170 0 170 0 170 1 170 0 170 0 170 0 170 0 170 0 170 0 170 0 
3168 171 4 171 0 171 0 171 4 171 0 171 0 171 0 171 0 171 0 171 0 171 0 
3183 172 3 172 0 172 0 172 3 172 0 172 0 172 0 172 0 172 0 172 0 172 0 
3198 173 19 173 0 173 0 173 19 173 0 173 0 173 0 173 0 173 0 173 0 173 0 
3213 174 2 174 0 174 0 174 2 174 0 174 0 174 0 174 0 174 0 174 0 174 0 
3228 175 0 175 0 175 0 175 0 175 0 175 0 175 0 175 0 175 0 175 0 175 0 
5762 176 8 176 0 176 8 176 0 176 0 176 0 176 0 176 0 176 0 176 0 176 0 
5792 177 12 177 0 177 12 177 0 177 0 177 0 177 0 177 0 177 0 177 0 177 0 
5807 178 6 178 0 178 6 178 0 178 0 178 0 178 0 178 0 178 0 178 0 178 0 
5822 179 4 179 0 179 4 179 0 179 0 179 0 179 0 179 0 179 0 179 0 179 0 
5837 180 16 180 0 180 16 180 0 180 0 180 0 180 0 180 0 180 0 180 0 180 0 
5852 181 2 181 0 181 2 181 0 181 0 181 0 181 0 181 0 181 0 181 0 181 0 
5867 182 5 182 0 182 5 182 0 182 0 182 0 182 0 182 0 182 0 182 0 182 0 
5882 183 4 183 0 183 4 183 0 183 0 183 0 183 0 183 0 183 0 183 0 183 0 
5897 184 6 184 0 184 6 184 0 184 0 184 0 184 0 184 0 184 0 184 0 184 0 
5912 185 4 185 0 185 4 185 0 185 0 185 0 185 0 185 0 185 0 185 0 185 0 
5927 186 3 186 0 186 3 186 0 186 0 186 0 186 0 186 0 186 0 186 0 186 0 
5942 187 2 187 0 187 2 187 0 187 0 187 0 187 0 187 0 187 0 187 0 187 0 
5957 188 4 188 0 188 4 188 0 188 0 188 0 188 0 188 0 188 0 188 0 188 0 
5972 189 6 189 0 189 6 189 0 189 0 189 0 189 0 189 0 189 0 189 0 189 0 
5987 190 3 190 0 190 3 190 0 190 0 190 0 190 0 190 0 190 0 190 0 190 0 
6002 191 5 191 0 191 5 191 0 191 0 191 0 191 0 191 0 191 0 191 0 191 0 
6017 192 0 192 0 192 0 192 0 192 0 192 0 192 0 192 0 192 0 192 0 192 0 
6047 193 1 193 0 193 1 193 0 193 0 193 0 193 0 193 0 193 0 193 0 193 0 
6062 194 4 194 0 194 4 194 0 194 0 194 0 194 0 194 0 194 0 194 0 194 0 
6107 195 3 195 0 195 3 195 0 195 0 195 0 195 0 195 0 195 0 195 0 195 0 
6122 196 4 196 0 196 4 196 0 196 0 196 0 196 0 196 0 196 0 196 0 196 0 
6137 197 3 197 0 197 3 197 0 197 0 197 0 197 0 197 0 197 0 197 0 197 0 
6152 198 0 198 0 198 0 198 0 198 0 198 0 198 0 198 0 198 0 198 0 198 0 
6167 199 2 199 0 199 2 199 0 199 0 199 0 199 0 199 0 199 0 199 0 199 0 
6182 200 4 200 0 200 4 200 0 200 0 200 0 200 0 200 0 200 0 200 0 200 0 
6197 201 6 201 0 201 6 201 0 201 0 201 0 201 0 201 0 201 0 201 0 201 0 
6212 202 4 202 0 202 4 202 0 202 0 202 0 202 0 202 0 202 0 202 0 202 0 
6227 203 3 203 0 203 3 203 0 203 0 203 0 203 0 203 0 203 0 203 0 203 0 
6242 204 4 204 0 204 4 204 0 204 0 204 0 204 0 204 0 204 0 204 0 204 0 
6257 205 3 205 0 205 3 205 0 205 0 205 0 205 0 205 0 205 0 205 0 205 0 
6272 206 0 206 0 206 0 206 0 206 0 206 0 206 0 206 0 206 0 206 0 206 0 
6790 207 9 207 0 207 0 207 0 207 0 207 0 207 0 207 0 207 0 207 0 207 9 
6805 208 12 208 0 208 0 208 0 208 0 208 0 208 0 208 0 208 0 208 0 208 12 
6820 209 7 209 0 209 0 209 0 209 0 209 0 209 0 209 0 209 0 209 0 209 7 
6835 210 0 210 0 210 0 210 0 210 0 210 0 210 0 210 0 210 0 210 0 210 0 
6850 211 7 211 0 211 0 211 0 211 0 211 0 211 0 211 0 211 0 211 0 211 7 
6865 212 6 212 0 212 0 212 0 212 0 212 0 212 0 212 0 212 0 212 0 212 6 
6880 213 14 213 0 213 0 213 0 213 0 213 0 213 0 213 0 213 0 213 0 213 14 
6895 214 1 214 0 214 0 214 0 214 0 214 0 214 0 214 0 214 0 214 0 214 1 
6910 215 3 215 0 215 0 215 0 215 0 215 0 215 0 215 0 215 0 215 0 215 3 
6925 216 4 216 0 216 0 216 0 216 0 216 0 216 0 216 0 216 0 216 0 216 4 
6940 217 8 217 0 217 0 217 0 217 0 217 0 217 0 217 0 217 0 217 0 217 8 
6955 218 3 218 0 218 0 218 0 218 0 218 0 218 0 218 0 218 0 218 0 218 3 
6970 219 4 219 0 219 0 219 0 219 0 219 0 219 0 219 0 219 0 219 0 219 4 
6985 220 2 220 0 220 0 220 0 220 0 220 0 220 0 220 0 220 0 220 0 220 2 
7000 221 4 221 0 221 0 221 0 221 0 221 0 221 0 221 0 221 0 221 0 221 4 
7015 222 3 222 0 222 0 222 0 222 0 222 0 222 0 222 0 222 0 222 0 222 3 
7030 223 6 223 0 223 0 223 0 223 0 223 0 223 0 223 0 223 0 223 0 223 6 
7045 224 5 224 0 224 0 224 0 224 0 224 0 224 0 224 0 224 0 224 0 224 5 
7060 225 0 225 0 225 0 225 0 225 0 225 0 225 0 225 0 225 0 225 0 225 0 
7067 226 3 226 0 226 3 226 0 226 0 226 0 226 0 226 0 226 0 226 0 226 0 
7082 227 4 227 0 227 4 227 0 227 0 227 0 227 0 227 0 227 0 227 0 227 0 
7097 228 6 228 0 228 6 228 0 228 0 228 0 228 0 228 0 228 0 228 0 228 0 
7112 229 4 229 0 229 4 229 0 229 0 229 0 229 0 229 0 229 0 229 0 229 0 
7127 230 3 230 0 230 3 230 0 230 0 230 0 230 0 230 0 230 0 230 0 230 0 
7142 231 4 231 0 231 4 231 0 231 0 231 0 231 0 231 0 231 0 231 0 231 0 
7172 232 3 232 0 232 3 232 0 232 0 232 0 232 0 232 0 232 0 232 0 232 0 
7180 233 4 233 0 233 3 233 0 233 0 233 0 233 0 233 0 233 0 233 0 233 4 
7187 234 0 234 0 234 0 234 0 234 0 234 0 234 0 234 0 234 0 234 0 234 4 
7195 235 3 235 0 235 0 235 0 235 0 235 0 235 0 235 0 235 0 235 0 235 3 
7210 236 4 236 0 236 0 236 0 236 0 236 0 236 0 236 0 236 0 236 0 236 4 
7225 237 2 237 0 237 0 237 0 237 0 237 0 237 0 237 0 237 0 237 0 237 2 
7240 238 0 238 0 238 0 238 0 238 0 238 0 238 0 238 0 238 0 238 0 238 0 
8425 239 1 239 0 239 0 239 0 239 0 239 0 239 0 239 0 239 0 239 0 239 1 
8440 240 0 240 0 240 0 240 0 240 0 240 0 240 0 240 0 240 0 240 0 240 0 
11332 241 3 241 0 241 0 241 0 241 0 241 0 241 0 241 3 241 0 241 0 241 0 
11347 242 9 242 0 242 0 242 0 242 0 242 0 242 0 242 9 242 0 242 0 242 0 
11362 243 6 243 0 243 0 243 0 243 0 243 0 243 0 243 6 243 0 243 0 243 0 
11377 244 10 244 0 244 0 244 0 244 0 244 0 244 0 244 10 244 0 244 0 244 0 
11392 245 0 245 0 245 0 245 0 245 0 245 0 245 0 245 0 245 0 245 0 245 0 
13659 246 7 246 0 246 0 246 0 246 0 246 0 246 0 246 0 246 0 246 7 246 0 
13674 247 6.5 247 0 247 0 247 0 247 7 247 0 247 0 247 0 247 0 247 6 247 0 
13684 248 6 248 0 248 0 248 0 248 6 248 0 248 0 248 0 248 0 248 6 248 0 
13689 249 14 249 0 249 0 249 0 249 6 249 0 249 0 249 0 249 0 249 14 249 0 
13699 250 13 250 0 250 0 250 0 250 13 250 0 250 0 250 0 250 0 250 14 250 0 
13704 251 1 251 0 251 0 251 0 251 13 251 0 251 0 251 0 251 0 251 1 251 0 
13714 252 2 252 0 252 0 252 0 252 2 252 0 252 0 252 0 252 0 252 1 252 0 
13719 253 0 253 0 253 0 253 0 253 2 253 0 253 0 253 0 253 0 253 0 253 0 
13729 254 9 254 0 254 0 254 0 254 9 254 0 254 0 254 0 254 0 254 0 254 0 
13744 255 10.5 255 0 255 0 255 0 255 12 255 0 255 0 255 0 255 0 255 9 255 0 
13749 256 12 256 0 256 0 256 0 256 12 256 0 256 0 256 0 256 0 256 12 256 0 
13759 257 7 257 0 257 0 257 0 257 7 257 0 257 0 257 0 257 0 257 12 257 0 
13774 258 4.5 258 0 258 0 258 0 258 2 258 0 258 0 258 0 258 0 258 7 258 0 
13779 259 2 259 0 259 0 259 0 259 2 259 0 259 0 259 0 259 0 259 2 259 0 
13789 260 4 260 0 260 0 260 0 260 4 260 0 260 0 260 0 260 0 260 2 260 0 
13804 261 5 261 0 261 0 261 0 261 6 261 0 261 0 261 0 261 0 261 4 261 0 
13809 262 6 262 0 262 0 262 0 262 6 262 0 262 0 262 0 262 0 262 6 262 0 
13819 263 3 263 0 263 0 263 0 263 3 263 0 263 0 263 0 263 0 263 6 263 0 
13834 264 5 264 0 264 0 264 0 264 5 264 0 264 0 264 0 264 0 264 6 264 0 
13839 265 4 265 0 265 0 265 0 265 5 265 0 265 0 265 0 265 0 265 4 265 0 
13849 266 1 266 0 266 0 266 0 266 1 266 0 266 0 266 0 266 0 266 4 266 0 
13854 267 3 267 0 267 0 267 0 267 1 267 0 267 0 267 0 267 0 267 3 267 0 
13864 268 4 268 0 268 0 268 0 268 4 268 0 268 0 268 0 268 0 268 3 268 0 
13879 269 3.5 269 0 269 0 269 0 269 3 269 0 269 0 269 0 269 0 269 4 269 0 
13894 270 6 270 0 270 0 270 0 270 6 270 0 270 0 270 0 270 0 270 4 270 0 
13899 271 5 271 0 271 0 271 0 271 6 271 0 271 0 271 0 271 0 271 5 271 0 
13914 272 6 272 0 272 0 272 0 272 6 272 0 272 0 272 0 272 0 272 6 272 0 
13924 273 0 273 0 273 0 273 0 273 0 273 0 273 0 273 0 273 0 273 6 273 0 
13974 274 4 274 0 274 0 274 0 274 0 274 0 274 0 274 0 274 0 274 4 274 0 
14019 275 3 275 0 275 0 275 0 275 0 275 0 275 0 275 0 275 0 275 3 275 0 
14034 276 4 276 0 276 0 276 0 276 0 276 0 276 0 276 0 276 0 276 4 276 0 
14049 277 0 277 0 277 0 277 0 277 0 277 0 277 0 277 0 277 0 277 0 277 0 
14064 278 2 278 0 278 0 278 0 278 0 278 0 278 0 278 0 278 0 278 2 278 0 
14079 279 3 279 0 279 0 279 0 279 0 279 0 279 0 279 0 279 0 279 3 279 0 
14094 280 4 280 0 280 0 280 0 280 0 280 0 280 0 280 0 280 0 280 4 280 0 
14109 281 6 281 0 281 0 281 0 281 0 281 0 281 0 281 0 281 0 281 6 281 0 
14124 282 4 282 0 282 0 282 0 282 0 282 0 282 0 282 0 282 0 282 4 282 0 
14139 283 3 283 0 283 0 283 0 283 0 283 0 283 0 283 0 283 0 283 3 283 0 
14154 284 0 284 0 284 0 284 0 284 0 284 0 284 0 284 0 284 0 284 0 284 0 
14269 285 1 285 0 285 0 285 0 285 1 285 0 285 0 285 0 285 0 285 0 285 0 
14284 286 6 286 0 286 0 286 0 286 6 286 0 286 0 286 0 286 0 286 0 286 0 
14299 287 3 287 0 287 0 287 0 287 3 287 0 287 0 287 0 287 0 287 0 287 0 
14314 288 6 288 0 288 0 288 0 288 6 288 0 288 0 288 0 288 0 288 0 288 0 
14329 289 4 289 0 289 0 289 0 289 4 289 0 289 0 289 0 289 0 289 0 289 0 
14344 290 15 290 0 290 0 290 0 290 15 290 0 290 0 290 0 290 0 290 0 290 0 
14349 291 4 291 0 291 0 291 0 291 15 291 0 291 0 291 0 291 0 291 4 291 0 
14374 292 0 292 0 292 0 292 0 292 0 292 0 292 0 292 0 292 0 292 4 292 0 
14379 293 3 293 0 293 0 293 0 293 0 293 0 293 0 293 0 293 0 293 3 293 0 
14394 294 19 294 0 294 0 294 0 294 0 294 0 294 0 294 0 294 0 294 19 294 0 
14409 295 3 295 0 295 0 295 0 295 0 295 0 295 0 295 0 295 0 295 3 295 0 
14424 296 0 296 0 296 0 296 0 296 0 296 0 296 0 296 0 296 0 296 0 296 0 
14899 297 1 297 0 297 0 297 0 297 1 297 0 297 0 297 0 297 0 297 0 297 0 
14914 298 4 298 0 298 0 298 0 298 4 298 0 298 0 298 0 298 0 298 0 298 0 
14929 299 6 299 0 299 0 299 0 299 6 299 0 299 0 299 0 299 0 299 0 299 0 
14944 300 4 300 0 300 0 300 0 300 4 300 0 300 0 300 0 300 0 300 0 300 0 
14959 301 3 301 0 301 0 301 0 301 3 301 0 301 0 301 0 301 0 301 0 301 0 
14974 302 4 302 0 302 0 302 0 302 4 302 0 302 0 302 0 302 0 302 0 302 0 
15019 303 1 303 0 303 0 303 0 303 1 303 0 303 0 303 0 303 0 303 0 303 0 
15034 304 0 304 0 304 0 304 0 304 0 304 0 304 0 304 0 304 0 304 0 304 0 
15230 305 7 305 0 305 0 305 0 305 0 305 7 305 0 305 0 305 0 305 0 305 0 
15245 306 6 306 0 306 0 306 0 306 0 306 6 306 0 306 0 306 0 306 0 306 0 
15260 307 14 307 0 307 0 307 0 307 0 307 14 307 0 307 0 307 0 307 0 307 0 
15275 308 1 308 0 308 0 308 0 308 0 308 1 308 0 308 0 308 0 308 0 308 0 
15290 309 0 309 0 309 0 309 0 309 0 309 0 309 0 309 0 309 0 309 0 309 0 
15305 310 9 310 0 310 0 310 0 310 0 310 9 310 0 310 0 310 0 310 0 310 0 
15320 311 12 311 0 311 0 311 0 311 0 311 12 311 0 311 0 311 0 311 0 311 0 
15335 312 7 312 0 312 0 312 0 312 0 312 7 312 0 312 0 312 0 312 0 312 0 
15350 313 2 313 0 313 0 313 0 313 0 313 2 313 0 313 0 313 0 313 0 313 0 
15365 314 4 314 0 314 0 314 0 314 0 314 4 314 0 314 0 314 0 314 0 314 0 
15380 315 6 315 0 315 0 315 0 315 0 315 6 315 0 315 0 315 0 315 0 315 0 
15395 316 3 316 0 316 0 316 0 316 0 316 3 316 0 316 0 316 0 316 0 316 0 
15410 317 5 317 0 317 0 317 0 317 0 317 5 317 0 317 0 317 0 317 0 317 0 
15425 318 1 318 0 318 0 318 0 318 0 318 1 318 0 318 0 318 0 318 0 318 0 
15440 319 4 319 0 319 0 319 0 319 0 319 4 319 0 319 0 319 0 319 0 319 0 
15455 320 3 320 0 320 0 320 0 320 0 320 3 320 0 320 0 320 0 320 0 320 0 
15470 321 6 321 0 321 0 321 0 321 0 321 6 321 0 321 0 321 0 321 0 321 0 
15500 322 0 322 0 322 0 322 0 322 0 322 0 322 0 322 0 322 0 322 0 322 0 
15633 323 2 323 0 323 0 323 2 323 0 323 0 323 0 323 0 323 0 323 0 323 0 
15648 324 10 324 0 324 0 324 10 324 0 324 0 324 0 324 0 324 0 324 0 324 0 
15663 325 4 325 0 325 0 325 4 325 0 325 0 325 0 325 0 325 0 325 0 325 0 
15678 326 10 326 0 326 0 326 10 326 0 326 0 326 0 326 0 326 0 326 0 326 0 
15693 327 0 327 0 327 0 327 0 327 0 327 0 327 0 327 0 327 0 327 0 327 0 
16250 328 4 328 0 328 0 328 0 328 0 328 4 328 0 328 0 328 0 328 0 328 0 
16265 329 6 329 0 329 0 329 0 329 0 329 6 329 0 329 0 329 0 329 0 329 0 
16280 330 4 330 0 330 0 330 0 330 0 330 4 330 0 330 0 330 0 330 0 330 0 
16295 331 3 331 0 331 0 331 0 331 0 331 3 331 0 331 0 331 0 331 0 331 0 
16310 332 4 332 0 332 0 332 0 332 0 332 4 332 0 332 0 332 0 332 0 332 0 
16325 333 26 333 0 333 0 333 0 333 0 333 26 333 0 333 0 333 0 333 0 333 0 
16340 334 1 334 0 334 0 334 0 334 0 334 1 334 0 334 0 334 0 334 0 334 0 
16355 335 0 335 0 335 0 335 0 335 0 335 0 335 0 335 0 335 0 335 0 335 0 
17002 336 4 336 0 336 0 336 0 336 0 336 0 336 0 336 4 336 0 336 0 336 0 
17047 337 18 337 0 337 0 337 0 337 0 337 0 337 0 337 18 337 0 337 0 337 0 
17062 338 4 338 0 338 0 338 0 338 0 338 0 338 0 338 4 338 0 338 0 338 0 
17090 339 15 339 0 339 0 339 0 339 0 339 15 339 0 339 4 339 0 339 0 339 0 
17105 340 4 340 0 340 0 340 0 340 0 340 4 340 0 340 4 340 0 340 0 340 0 
17107 341 3 341 0 341 0 341 0 341 0 341 4 341 0 341 3 341 0 341 0 341 0 
17122 342 4 342 0 342 0 342 0 342 0 342 4 342 0 342 4 342 0 342 0 342 0 
17135 343 3 343 0 343 0 343 0 343 0 343 3 343 0 343 4 343 0 343 0 343 0 
17150 344 0 344 0 344 0 344 0 344 0 344 0 344 0 344 4 344 0 344 0 344 0 
17165 345 1 345 0 345 0 345 0 345 0 345 1 345 0 345 4 345 0 345 0 345 0 
17167 346 3 346 0 346 0 346 0 346 0 346 1 346 0 346 3 346 0 346 0 346 0 
17180 347 4 347 0 347 0 347 0 347 0 347 4 347 0 347 3 347 0 347 0 347 0 
17195 348 3.5 348 0 348 0 348 0 348 0 348 3 348 0 348 4 348 0 348 0 348 0 
17210 349 4 349 0 349 0 349 0 349 0 349 4 349 0 349 4 349 0 349 0 349 0 
17227 350 1 350 0 350 0 350 0 350 0 350 4 350 0 350 1 350 0 350 0 350 0 
17242 351 0 351 0 351 0 351 0 351 0 351 4 351 0 351 0 351 0 351 0 351 0 
18214 352 0.5 352 0 352 0 352 0 352 1 352 0 352 0 352 0 352 0 352 0 352 0 
18229 353 6 353 0 353 0 353 0 353 6 353 0 353 0 353 0 353 0 353 0 353 0 
18244 354 4 354 0 354 0 354 0 354 4 354 0 354 0 354 0 354 0 354 0 354 0 
18259 355 3 355 0 355 0 355 0 355 3 355 0 355 0 355 0 355 0 355 0 355 0 
18274 356 4 356 0 356 0 356 0 356 4 356 0 356 0 356 0 356 0 356 0 356 0 
18319 357 3 357 0 357 0 357 0 357 3 357 0 357 0 357 0 357 0 357 0 357 0 
18334 358 4 358 0 358 0 358 0 358 4 358 0 358 0 358 0 358 0 358 0 358 0 
18349 359 2 359 0 359 0 359 0 359 2 359 0 359 0 359 0 359 0 359 0 359 0 
18364 360 0 360 0 360 0 360 0 360 0 360 0 360 0 360 0 360 0 360 0 360 0 
20091 361 8 361 0 361 0 361 0 361 0 361 0 361 8 361 0 361 0 361 0 361 0 
20121 362 12 362 0 362 0 362 0 362 0 362 0 362 12 362 0 362 0 362 0 362 0 
20136 363 7 363 0 363 0 363 0 363 0 363 0 363 7 363 0 363 0 363 0 363 0 
20151 364 3 364 0 364 0 364 0 364 0 364 0 364 3 364 0 364 0 364 0 364 0 
20166 365 16 365 0 365 0 365 0 365 0 365 0 365 16 365 0 365 0 365 0 365 0 
20181 366 2 366 0 366 0 366 0 366 0 366 0 366 2 366 0 366 0 366 0 366 0 
20196 367 4 367 0 367 0 367 0 367 0 367 0 367 4 367 0 367 0 367 0 367 0 
20211 368 3 368 0 368 0 368 0 368 0 368 0 368 3 368 0 368 0 368 0 368 0 
20226 369 6 369 0 369 0 369 0 369 0 369 0 369 6 369 0 369 0 369 0 369 0 
20241 370 4 370 0 370 0 370 0 370 0 370 0 370 4 370 0 370 0 370 0 370 0 
20256 371 3 371 0 371 0 371 0 371 0 371 0 371 3 371 0 371 0 371 0 371 0 
20271 372 2 372 0 372 0 372 0 372 0 372 0 372 2 372 0 372 0 372 0 372 0 
20286 373 4 373 0 373 0 373 0 373 0 373 0 373 4 373 0 373 0 373 0 373 0 
20301 374 6 374 0 374 0 374 0 374 0 374 0 374 6 374 0 374 0 374 0 374 0 
20316 375 4 375 0 375 0 375 0 375 0 375 0 375 4 375 0 375 0 375 0 375 0 
20346 376 0 376 0 376 0 376 0 376 0 376 0 376 0 376 0 376 0 376 0 376 0 
21278 377 6 377 0 377 0 377 0 377 0 377 0 377 0 377 0 377 6 377 0 377 0 
21293 378 4 378 0 378 0 378 0 378 0 378 0 378 0 378 0 378 4 378 0 378 0 
21308 379 16 379 0 379 0 379 0 379 0 379 0 379 0 379 0 379 16 379 0 379 0 
21323 380 2 380 0 380 0 380 0 380 0 380 0 380 0 380 0 380 2 380 0 380 0 
21338 381 8 381 0 381 0 381 0 381 0 381 0 381 0 381 0 381 8 381 0 381 0 
21368 382 12 382 0 382 0 382 0 382 0 382 0 382 0 382 0 382 12 382 0 382 0 
21383 383 1 383 0 383 0 383 0 383 0 383 0 383 0 383 0 383 1 383 0 383 0 
21398 384 4 384 0 384 0 384 0 384 0 384 0 384 0 384 0 384 4 384 0 384 0 
21428 385 6 385 0 385 0 385 0 385 0 385 0 385 0 385 0 385 6 385 0 385 0 
21443 386 5 386 0 386 0 386 0 386 0 386 0 386 0 386 0 386 5 386 0 386 0 
21458 387 0 387 0 387 0 387 0 387 0 387 0 387 0 387 0 387 0 387 0 387 0 
21473 388 4 388 0 388 0 388 0 388 0 388 0 388 0 388 0 388 4 388 0 388 0 
21498 389 1 389 0 389 0 389 1 389 0 389 0 389 0 389 0 389 4 389 0 389 0 
21503 390 5 390 0 390 0 390 1 390 0 390 0 390 0 390 0 390 5 390 0 390 0 
21513 391 4 391 0 391 0 391 4 391 0 391 0 391 0 391 0 391 5 391 0 391 0 
21533 392 3 392 0 392 0 392 4 392 0 392 0 392 0 392 0 392 3 392 0 392 0 
21543 393 18 393 0 393 0 393 18 393 0 393 0 393 0 393 0 393 3 393 0 393 0 
21548 394 0 394 0 394 0 394 18 394 0 394 0 394 0 394 0 394 0 394 0 394 0 
21558 395 27 395 0 395 0 395 27 395 0 395 0 395 0 395 0 395 0 395 0 395 0 
21563 396 -16 396 0 396 0 396 27 396 0 396 0 396 0 396 0 396 -16 396 0 396 0 
21573 397 4 397 0 397 0 397 4 397 0 397 0 397 0 397 0 397 -16 397 0 397 0 
21578 398 -12 398 0 398 0 398 4 398 0 398 0 398 0 398 0 398 -12 398 0 398 0 
21588 399 -2 399 0 399 0 399 -2 399 0 399 0 399 0 399 0 399 -12 399 0 399 0 
21593 400 -17 400 0 400 0 400 -2 400 0 400 0 400 0 400 0 400 -17 400 0 400 0 
21603 401 0 401 0 401 0 401 0 401 0 401 0 401 0 401 0 401 -17 401 0 401 0 
21608 402 -12 402 0 402 0 402 0 402 0 402 0 402 0 402 0 402 -12 402 0 402 0 
21623 403 -6 403 0 403 0 403 0 403 0 403 0 403 0 403 0 403 -6 403 0 403 0 
21638 404 -7 404 0 404 0 404 0 404 0 404 0 404 0 404 0 404 -7 404 0 404 0 
21653 405 -4 405 0 405 0 405 0 405 0 405 0 405 0 405 0 405 -4 405 0 405 0 
21663 406 17 406 0 406 0 406 17 406 0 406 0 406 0 406 0 406 -4 406 0 406 0 
21668 407 -3 407 0 407 0 407 17 407 0 407 0 407 0 407 0 407 -3 407 0 407 0 
21678 408 4 408 0 408 0 408 4 408 0 408 0 408 0 408 0 408 -3 408 0 408 0 
21683 409 -6 409 0 409 0 409 4 409 0 409 0 409 0 409 0 409 -6 409 0 409 0 
21693 410 2 410 0 410 0 410 2 410 0 410 0 410 0 410 0 410 -6 410 0 410 0 
21698 411 -7 411 0 411 0 411 2 411 0 411 0 411 0 411 0 411 -7 411 0 411 0 
21708 412 0 412 0 412 0 412 0 412 0 412 0 412 0 412 0 412 -7 412 0 412 0 
21713 413 -4 413 0 413 0 413 0 413 0 413 0 413 0 413 0 413 -4 413 0 413 0 
21728 414 -2 414 0 414 0 414 0 414 0 414 0 414 0 414 0 414 -2 414 0 414 0 
21743 415 0 415 0 415 0 415 0 415 0 415 0 415 0 415 0 415 0 415 0 415 0 
22087 416 6 416 0 416 0 416 0 416 0 416 0 416 0 416 6 416 0 416 0 416 0 
22102 417 4 417 0 417 0 417 0 417 0 417 0 417 0 417 4 417 0 417 0 417 0 
22117 418 16 418 0 418 0 418 0 418 0 418 0 418 0 418 16 418 0 418 0 418 0 
22132 419 2 419 0 419 0 419 0 419 0 419 0 419 0 419 2 419 0 419 0 419 0 
22147 420 0 420 0 420 0 420 0 420 0 420 0 420 0 420 0 420 0 420 0 420 0 
22148 421 9 421 0 421 0 421 0 421 0 421 0 421 0 421 0 421 9 421 0 421 0 
22162 422 8 422 0 422 0 422 0 422 0 422 0 422 0 422 8 422 9 422 0 422 0 
22163 423 7 423 0 423 0 423 0 423 0 423 0 423 0 423 8 423 7 423 0 423 0 
22178 424 12 424 0 424 0 424 0 424 0 424 0 424 0 424 8 424 12 424 0 424 0 
22193 425 9.5 425 0 425 0 425 0 425 0 425 0 425 0 425 12 425 7 425 0 425 0 
22207 426 1 426 0 426 0 426 0 426 0 426 0 426 0 426 1 426 7 426 0 426 0 
22208 427 6 427 0 427 0 427 0 427 0 427 0 427 0 427 1 427 6 427 0 427 0 
22222 428 4 428 0 428 0 428 0 428 0 428 0 428 0 428 4 428 6 428 0 428 0 
22223 429 13 429 0 429 0 429 0 429 0 429 0 429 0 429 4 429 13 429 0 429 0 
22238 430 2 430 0 430 0 430 0 430 0 430 0 430 0 430 4 430 2 430 0 430 0 
22252 431 6 431 0 431 0 431 0 431 0 431 0 431 0 431 6 431 2 431 0 431 0 
22253 432 4 432 0 432 0 432 0 432 0 432 0 432 0 432 6 432 4 432 0 432 0 
22267 433 5 433 0 433 0 433 0 433 0 433 0 433 0 433 5 433 4 433 0 433 0 
22282 434 0 434 0 434 0 434 0 434 0 434 0 434 0 434 0 434 4 434 0 434 0 
22283 435 5 435 0 435 0 435 0 435 0 435 0 435 0 435 0 435 5 435 0 435 0 
22297 436 4 436 0 436 0 436 0 436 0 436 0 436 0 436 4 436 5 436 0 436 0 
22298 437 6 437 0 437 0 437 0 437 0 437 0 437 0 437 4 437 6 437 0 437 0 
22313 438 3 438 0 438 0 438 0 438 0 438 0 438 0 438 4 438 3 438 0 438 0 
22327 439 5 439 0 439 0 439 0 439 0 439 0 439 0 439 5 439 3 439 0 439 0 
22342 440 4 440 0 440 0 440 0 440 0 440 0 440 0 440 4 440 3 440 0 440 0 
22357 441 3 441 0 441 0 441 0 441 0 441 0 441 0 441 3 441 3 441 0 441 0 
22358 442 6 442 0 442 0 442 0 442 0 442 0 442 0 442 3 442 6 442 0 442 0 
22372 443 0 443 0 443 0 443 0 443 0 443 0 443 0 443 0 443 6 443 0 443 0 
22373 444 4 444 0 444 0 444 0 444 0 444 0 444 0 444 0 444 4 444 0 444 0 
22403 445 0 445 0 445 0 445 0 445 0 445 0 445 0 445 0 445 0 445 0 445 0 
22960 446 3 446 0 446 0 446 0 446 0 446 0 446 0 446 0 446 0 446 0 446 3 
22988 447 1 447 0 447 0 447 0 447 0 447 0 447 0 447 0 447 1 447 0 447 3 
22990 448 4 448 0 448 0 448 0 448 0 448 0 448 0 448 0 448 1 448 0 448 4 
23003 449 3 449 0 449 0 449 0 449 0 449 0 449 0 449 0 449 3 449 0 449 4 
23018 450 4 450 0 450 0 450 0 450 0 450 0 450 0 450 0 450 4 450 0 450 4 
23035 451 3 451 0 451 0 451 0 451 0 451 0 451 0 451 0 451 4 451 0 451 3 
23050 452 4 452 0 452 0 452 0 452 0 452 0 452 0 452 0 452 4 452 0 452 4 
23063 453 3 453 0 453 0 453 0 453 0 453 0 453 0 453 0 453 3 453 0 453 4 
23078 454 4 454 0 454 0 454 0 454 0 454 0 454 0 454 0 454 4 454 0 454 4 
23093 455 2 455 0 455 0 455 0 455 0 455 0 455 0 455 0 455 2 455 0 455 4 
23095 456 3 456 0 456 0 456 0 456 0 456 0 456 0 456 0 456 2 456 0 456 3 
23108 457 0 457 0 457 0 457 0 457 0 457 0 457 0 457 0 457 0 457 0 457 3 
23110 458 4 458 0 458 0 458 0 458 0 458 0 458 0 458 0 458 0 458 0 458 4 
23155 459 3 459 0 459 0 459 0 459 0 459 0 459 0 459 0 459 0 459 0 459 3 
23170 460 4 460 0 460 0 460 0 460 0 460 0 460 0 460 0 460 0 460 0 460 4 
23200 461 2 461 0 461 0 461 0 461 0 461 0 461 0 461 0 461 0 461 0 461 2 
23215 462 -2 462 0 462 0 462 0 462 0 462 0 462 0 462 0 462 0 462 0 462 -2 
23230 463 0 463 0 463 0 463 0 463 0 463 0 463 0 463 0 463 0 463 0 463 0 
23275 464 1 464 0 464 0 464 0 464 0 464 0 464 0 464 0 464 0 464 0 464 1 
23290 465 4 465 0 465 0 465 0 465 0 465 0 465 0 465 0 465 0 465 0 465 4 
23335 466 3 466 0 466 0 466 0 466 0 466 0 466 0 466 0 466 0 466 0 466 3 
23350 467 4 467 0 467 0 467 0 467 0 467 0 467 0 467 0 467 0 467 0 467 4 
23380 468 0 468 0 468 0 468 0 468 0 468 0 468 0 468 0 468 0 468 0 468 0 
23393 469 4 469 0 469 0 469 0 469 0 469 0 469 0 469 0 469 4 469 0 469 0 
23423 470 5 470 0 470 0 470 0 470 0 470 0 470 0 470 0 470 5 470 0 470 0 
23438 471 4 471 0 471 0 471 0 471 0 471 0 471 0 471 0 471 4 471 0 471 0 
23483 472 3 472 0 472 0 472 0 472 0 472 0 472 0 472 0 472 3 472 0 472 0 
23498 473 0 473 0 473 0 473 0 473 0 473 0 473 0 473 0 473 0 473 0 473 0 
24460 474 1 474 0 474 0 474 0 474 0 474 0 474 0 474 0 474 0 474 0 474 1 
24475 475 3 475 0 475 0 475 0 475 0 475 0 475 0 475 0 475 0 475 0 475 3 
24490 476 4 476 0 476 0 476 0 476 0 476 0 476 0 476 0 476 0 476 0 476 4 
24535 477 3 477 0 477 0 477 0 477 0 477 0 477 0 477 0 477 0 477 0 477 3 
24550 478 4 478 0 478 0 478 0 478 0 478 0 478 0 478 0 478 0 478 0 478 4 
24580 479 3 479 0 479 0 479 0 479 0 479 0 479 0 479 0 479 0 479 0 479 3 
24595 480 0 480 0 480 0 480 0 480 0 480 0 480 0 480 0 480 0 480 0 480 0 
25567 481 1 481 0 481 0 481 0 481 0 481 0 481 0 481 1 481 0 481 0 481 0 
25582 482 23 482 0 482 0 482 0 482 0 482 0 482 0 482 23 482 0 482 0 482 0 
25597 483 4 483 0 483 0 483 0 483 0 483 0 483 0 483 4 483 0 483 0 483 0 
25627 484 3 484 0 484 0 484 0 484 0 484 0 484 0 484 3 484 0 484 0 484 0 
25642 485 4 485 0 485 0 485 0 485 0 485 0 485 0 485 4 485 0 485 0 485 0 
25657 486 -2 486 0 486 0 486 0 486 0 486 0 486 0 486 -2 486 0 486 0 486 0 
25672 487 0 487 0 487 0 487 0 487 0 487 0 487 0 487 0 487 0 487 0 487 0 
25760 488 9 488 0 488 0 488 0 488 0 488 9 488 0 488 0 488 0 488 0 488 0 
25775 489 7 489 0 489 0 489 0 489 0 489 7 489 0 489 0 489 0 489 0 489 0 
25778 490 1 490 0 490 0 490 0 490 0 490 7 490 0 490 0 490 1 490 0 490 0 
25790 491 12 491 0 491 0 491 0 491 0 491 12 491 0 491 0 491 1 491 0 491 0 
25793 492 4 492 0 492 0 492 0 492 0 492 12 492 0 492 0 492 4 492 0 492 0 
25805 493 0 493 0 493 0 493 0 493 0 493 0 493 0 493 0 493 4 493 0 493 0 
25820 494 7 494 0 494 0 494 0 494 0 494 7 494 0 494 0 494 4 494 0 494 0 
25823 495 18 495 0 495 0 495 0 495 0 495 7 495 0 495 0 495 18 495 0 495 0 
25835 496 3 496 0 496 0 496 0 496 0 496 3 496 0 496 0 496 18 496 0 496 0 
25838 497 23 497 0 497 0 497 0 497 0 497 3 497 0 497 0 497 23 497 0 497 0 
25850 498 16 498 0 498 0 498 0 498 0 498 16 498 0 498 0 498 23 498 0 498 0 
25853 499 4 499 0 499 0 499 0 499 0 499 16 499 0 499 0 499 4 499 0 499 0 
25865 500 2 500 0 500 0 500 0 500 0 500 2 500 0 500 0 500 4 500 0 500 0 
25880 501 3 501 0 501 0 501 0 501 0 501 4 501 0 501 0 501 2 501 0 501 0 
25883 502 0 502 0 502 0 502 0 502 0 502 4 502 0 502 0 502 0 502 0 502 0 
25895 503 3 503 0 503 0 503 0 503 0 503 3 503 0 503 0 503 0 503 0 503 0 
25910 504 6 504 0 504 0 504 0 504 0 504 6 504 0 504 0 504 0 504 0 504 0 
25925 505 4 505 0 505 0 505 0 505 0 505 4 505 0 505 0 505 0 505 0 505 0 
25940 506 3 506 0 506 0 506 0 506 0 506 3 506 0 506 0 506 0 506 0 506 0 
25955 507 1 507 0 507 0 507 0 507 0 507 1 507 0 507 0 507 0 507 0 507 0 
25970 508 4 508 0 508 0 508 0 508 0 508 4 508 0 508 0 508 0 508 0 508 0 
26000 509 6 509 0 509 0 509 0 509 0 509 6 509 0 509 0 509 0 509 0 509 0 
26015 510 5 510 0 510 0 510 0 510 0 510 5 510 0 510 0 510 0 510 0 510 0 
26030 511 0 511 0 511 0 511 0 511 0 511 0 511 0 511 0 511 0 511 0 511 0 
26553 512 6 512 0 512 0 512 6 512 0 512 0 512 0 512 0 512 0 512 0 512 0 
26568 513 4 513 0 513 0 513 4 513 0 513 0 513 0 513 0 513 0 513 0 513 0 
26583 514 11 514 0 514 0 514 11 514 0 514 0 514 0 514 0 514 0 514 0 514 0 
26598 515 7 515 0 515 0 515 7 515 0 515 0 515 0 515 0 515 0 515 0 515 0 
26613 516 -7 516 0 516 0 516 -7 516 0 516 0 516 0 516 0 516 0 516 0 516 0 
26628 517 -20 517 0 517 0 517 -20 517 0 517 0 517 0 517 0 517 0 517 0 517 0 
26643 518 -1 518 0 518 0 518 -1 518 0 518 0 518 0 518 0 518 0 518 0 518 0 
26658 519 0 519 0 519 0 519 0 519 0 519 0 519 0 519 0 519 0 519 0 519 0 
26930 520 3 520 0 520 0 520 0 520 0 520 3 520 0 520 0 520 0 520 0 520 0 
26945 521 6 521 0 521 0 521 0 521 0 521 6 521 0 521 0 521 0 521 0 521 0 
26960 522 4 522 0 522 0 522 0 522 0 522 4 522 0 522 0 522 0 522 0 522 0 
26975 523 3 523 0 523 0 523 0 523 0 523 3 523 0 523 0 523 0 523 0 523 0 
26990 524 4 524 0 524 0 524 0 524 0 524 4 524 0 524 0 524 0 524 0 524 0 
