# ValueCount deltaRailways
10 0 0 0 0 0 0 0 0 0 0 0 0 0 0 0 0 0 0 0 0 0 0 
121 1 8 1 8 1 0 1 0 1 0 1 0 1 0 1 0 1 0 1 0 1 0 
122 2 7 2 8 2 7 2 0 2 0 2 0 2 0 2 0 2 0 2 0 2 0 
123 3 8 3 8 3 7 3 8 3 0 3 0 3 0 3 0 3 0 3 0 3 0 
124 4 11 4 8 4 7 4 8 4 11 4 0 4 0 4 0 4 0 4 0 4 0 
125 5 7 5 8 5 7 5 8 5 11 5 7 5 0 5 0 5 0 5 0 5 0 
129 6 7.5 6 8 6 7 6 8 6 11 6 7 6 0 6 7 6 0 6 8 6 0 
130 7 7 7 8 7 7 7 8 7 11 7 7 7 0 7 7 7 0 7 8 7 7 
137 8 10 8 8 8 10 8 8 8 11 8 7 8 0 8 7 8 0 8 8 8 7 
139 9 4 9 8 9 10 9 8 9 4 9 7 9 0 9 7 9 0 9 8 9 7 
140 10 11 10 8 10 10 10 8 10 4 10 11 10 0 10 7 10 0 10 8 10 7 
142 11 -7 11 8 11 10 11 8 11 4 11 11 11 0 11 -7 11 0 11 8 11 7 
145 12 10 12 8 12 10 12 8 12 4 12 11 12 0 12 -7 12 0 12 8 12 10 
151 13 11 13 11 13 10 13 8 13 4 13 11 13 0 13 -7 13 0 13 8 13 10 
153 14 12 14 11 14 10 14 12 14 4 14 11 14 0 14 -7 14 0 14 8 14 10 
154 15 10 15 11 15 10 15 12 15 10 15 11 15 0 15 -7 15 0 15 8 15 10 
155 16 9 16 11 16 10 16 12 16 10 16 9 16 0 16 -7 16 0 16 8 16 10 
157 17 0 17 11 17 10 17 12 17 10 17 9 17 0 17 0 17 0 17 8 17 10 
159 18 11 18 11 18 10 18 12 18 10 18 9 18 0 18 0 18 0 18 11 18 10 
166 19 7 19 7 19 10 19 12 19 10 19 9 19 0 19 0 19 0 19 11 19 10 
167 20 1 20 7 20 1 20 12 20 10 20 9 20 0 20 0 20 0 20 11 20 10 
168 21 7 21 7 21 1 21 7 21 10 21 9 21 0 21 0 21 0 21 11 21 10 
169 22 1 22 7 22 1 22 7 22 1 22 9 22 0 22 0 22 0 22 11 22 10 
170 23 2 23 7 23 1 23 7 23 1 23 2 23 0 23 0 23 0 23 11 23 10 
174 24 7 24 7 24 1 24 7 24 1 24 2 24 0 24 0 24 0 24 7 24 10 
175 25 1 25 7 25 1 25 7 25 1 25 2 25 0 25 0 25 0 25 7 25 1 
181 26 4 26 4 26 1 26 7 26 1 26 2 26 0 26 0 26 0 26 7 26 1 
182 27 0 27 4 27 0 27 7 27 1 27 2 27 0 27 0 27 0 27 7 27 1 
183 28 3 28 4 28 0 28 3 28 1 28 2 28 0 28 0 28 0 28 7 28 1 
184 29 0 29 4 29 0 29 3 29 0 29 2 29 0 29 0 29 0 29 7 29 1 
189 30 2 30 4 30 0 30 3 30 0 30 0 30 0 30 0 30 0 30 4 30 1 
190 31 0 31 4 31 0 31 3 31 0 31 0 31 0 31 0 31 0 31 4 31 0 
196 32 16 32 16 32 0 32 3 32 0 32 0 32 0 32 0 32 0 32 4 32 0 
211 33 11.3333 33 2 33 0 33 16 33 0 33 0 33 0 33 0 33 0 33 16 33 0 
213 34 2 34 2 34 0 34 2 34 0 34 0 34 0 34 0 34 0 34 16 34 0 
226 35 2.5 35 3 35 0 35 2 35 0 35 0 35 0 35 0 35 0 35 2 35 0 
228 36 4 36 3 36 0 36 4 36 0 36 0 36 0 36 0 36 0 36 2 36 0 
234 37 3 37 3 37 0 37 4 37 0 37 0 37 0 37 0 37 0 37 3 37 0 
241 38 4 38 4 38 0 38 4 38 0 38 0 38 0 38 0 38 0 38 3 38 0 
256 39 5 39 6 39 0 39 4 39 0 39 0 39 0 39 0 39 0 39 4 39 0 
258 40 6 40 6 40 0 40 6 40 0 40 0 40 0 40 0 40 0 40 4 40 0 
271 41 4.5 41 3 41 0 41 6 41 0 41 0 41 0 41 0 41 0 41 6 41 0 
273 42 4 42 3 42 0 42 4 42 0 42 0 42 0 42 0 42 0 42 6 42 0 
279 43 3 43 3 43 0 43 4 43 0 43 0 43 0 43 0 43 0 43 3 43 0 
286 44 4 44 4 44 0 44 4 44 0 44 0 44 0 44 0 44 0 44 3 44 0 
288 45 3 45 4 45 0 45 3 45 0 45 0 45 0 45 0 45 0 45 3 45 0 
294 46 4 46 4 46 0 46 3 46 0 46 0 46 0 46 0 46 0 46 4 46 0 
301 47 2 47 2 47 0 47 3 47 0 47 0 47 0 47 0 47 0 47 4 47 0 
309 48 -6 48 2 48 0 48 3 48 0 48 0 48 0 48 0 48 0 48 -6 48 0 
316 49 4 49 4 49 0 49 3 49 0 49 0 49 0 49 0 49 0 49 -6 49 0 
324 50 -8 50 4 50 0 50 4 50 0 50 0 50 0 50 0 50 0 50 -20 50 0 
331 51 3 51 3 51 0 51 4 51 0 51 0 51 0 51 0 51 0 51 -20 51 0 
333 52 6 52 3 52 0 52 6 52 0 52 0 52 0 52 0 52 0 52 -20 52 0 
339 53 -8 53 3 53 0 53 6 53 0 53 0 53 0 53 0 53 0 53 -8 53 0 
346 54 6 54 6 54 0 54 6 54 0 54 0 54 0 54 0 54 0 54 -8 54 0 
348 55 4 55 6 55 0 55 4 55 0 55 0 55 0 55 0 55 0 55 -8 55 0 
354 56 -20 56 6 56 0 56 4 56 0 56 0 56 0 56 0 56 0 56 -20 56 0 
361 57 5 57 5 57 0 57 4 57 0 57 0 57 0 57 0 57 0 57 -20 57 0 
369 58 -7 58 5 58 0 58 4 58 0 58 0 58 0 58 0 58 0 58 -7 58 0 
376 59 0 59 0 59 0 59 4 59 0 59 0 59 0 59 0 59 0 59 -7 59 0 
384 60 -2 60 0 60 0 60 0 60 0 60 0 60 0 60 0 60 0 60 -4 60 0 
399 61 -6 61 0 61 0 61 0 61 0 61 0 61 0 61 0 61 0 61 -6 61 0 
414 62 -4 62 0 62 0 62 0 62 0 62 0 62 0 62 0 62 0 62 -4 62 0 
429 63 -1 63 0 63 0 63 0 63 0 63 0 63 0 63 0 63 0 63 -1 63 0 
444 64 0 64 0 64 0 64 0 64 0 64 0 64 0 64 0 64 0 64 0 64 0 
529 65 2 65 0 65 0 65 0 65 2 65 0 65 0 65 0 65 0 65 0 65 0 
544 66 4 66 0 66 0 66 0 66 4 66 0 66 0 66 0 66 0 66 0 66 0 
546 67 8 67 0 67 0 67 0 67 4 67 0 67 8 67 0 67 0 67 0 67 0 
559 68 54 68 0 68 0 68 0 68 54 68 0 68 8 68 0 68 0 68 0 68 0 
574 69 0 69 0 69 0 69 0 69 0 69 0 69 8 69 0 69 0 69 0 69 0 
576 70 12 70 0 70 0 70 0 70 0 70 0 70 12 70 0 70 0 70 0 70 0 
577 71 7 71 0 71 0 71 0 71 0 71 0 71 12 71 7 71 0 71 0 71 0 
591 72 6 72 0 72 0 72 0 72 0 72 0 72 6 72 7 72 0 72 0 72 0 
606 73 5 73 0 73 0 73 0 73 0 73 0 73 4 73 6 73 0 73 0 73 0 
607 74 13 74 0 74 0 74 0 74 0 74 0 74 4 74 13 74 0 74 0 74 0 
621 75 16 75 0 75 0 75 0 75 0 75 0 75 16 75 13 75 0 75 0 75 0 
622 76 2 76 0 76 0 76 0 76 0 76 0 76 16 76 2 76 0 76 0 76 0 
637 77 1 77 0 77 0 77 0 77 0 77 0 77 2 77 0 77 0 77 0 77 0 
651 78 3 78 0 78 0 78 0 78 0 78 0 78 3 78 0 78 0 78 0 78 0 
652 79 10 79 0 79 0 79 0 79 0 79 0 79 3 79 10 79 0 79 0 79 0 
666 80 4 80 0 80 0 80 0 80 0 80 0 80 4 80 10 80 0 80 0 80 0 
667 81 7 81 0 81 0 81 0 81 0 81 0 81 4 81 7 81 0 81 0 81 0 
681 82 6 82 0 82 0 82 0 82 0 82 0 82 6 82 7 82 0 82 0 82 0 
682 83 12 83 0 83 0 83 0 83 0 83 0 83 6 83 12 83 0 83 0 83 0 
696 84 4 84 0 84 0 84 0 84 0 84 0 84 4 84 12 84 0 84 0 84 0 
697 85 2 85 0 85 0 85 0 85 0 85 0 85 4 85 2 85 0 85 0 85 0 
711 86 3 86 0 86 0 86 0 86 0 86 0 86 3 86 2 86 0 86 0 86 0 
712 87 4 87 0 87 0 87 0 87 0 87 0 87 3 87 4 87 0 87 0 87 0 
726 88 3 88 4 88 0 88 0 88 0 88 0 88 2 88 4 88 0 88 0 88 0 
741 89 3.5 89 4 89 0 89 0 89 0 89 0 89 4 89 3 89 0 89 0 89 0 
742 90 6 90 4 90 0 90 0 90 0 90 0 90 4 90 6 90 0 90 0 90 0 
751 91 3 91 3 91 0 91 0 91 0 91 0 91 4 91 6 91 0 91 0 91 0 
753 92 2 92 3 92 0 92 2 92 0 92 0 92 4 92 6 92 0 92 0 92 0 
756 93 6 93 3 93 0 93 2 93 0 93 0 93 6 93 6 93 0 93 0 93 0 
757 94 5 94 3 94 0 94 2 94 0 94 0 94 6 94 5 94 0 94 0 94 0 
766 95 4 95 4 95 0 95 2 95 0 95 0 95 6 95 5 95 0 95 0 95 0 
768 96 5 96 4 96 0 96 5 96 0 96 0 96 6 96 5 96 0 96 0 96 0 
771 97 3 97 4 97 0 97 5 97 0 97 0 97 3 97 5 97 0 97 0 97 0 
772 98 1 98 4 98 0 98 5 98 0 98 0 98 3 98 1 98 0 98 0 98 0 
783 99 3 99 4 99 0 99 3 99 0 99 0 99 3 99 1 99 0 99 0 99 0 
786 100 5 100 4 100 0 100 3 100 0 100 0 100 5 100 1 100 0 100 0 100 0 
787 101 3 101 4 101 0 101 3 101 0 101 0 101 5 101 3 101 0 101 0 101 0 
798 102 4 102 4 102 0 102 4 102 0 102 0 102 5 102 3 102 0 102 0 102 0 
801 103 0 103 4 103 0 103 4 103 0 103 0 103 0 103 3 103 0 103 0 103 0 
802 104 4 104 4 104 0 104 4 104 0 104 0 104 0 104 4 104 0 104 0 104 0 
811 105 3 105 3 105 0 105 4 105 0 105 0 105 0 105 4 105 0 105 0 105 0 
817 106 4.5 106 3 106 0 106 4 106 0 106 0 106 3 106 6 106 0 106 0 106 0 
826 107 2 107 2 107 0 107 4 107 0 107 0 107 3 107 6 107 0 107 0 107 0 
834 108 6 108 2 108 0 108 4 108 0 108 0 108 3 108 6 108 0 108 6 108 0 
841 109 0 109 0 109 0 109 4 109 0 109 0 109 3 109 6 109 0 109 6 109 0 
843 110 2 110 0 110 0 110 2 110 0 110 0 110 3 110 6 110 0 110 6 110 0 
846 111 4 111 0 111 0 111 2 111 0 111 0 111 4 111 6 111 0 111 6 111 0 
847 112 0 112 0 112 0 112 2 112 0 112 0 112 4 112 0 112 0 112 6 112 0 
849 113 4 113 0 113 0 113 2 113 0 113 0 113 4 113 0 113 0 113 4 113 0 
856 114 2 114 2 114 0 114 2 114 0 114 0 114 4 114 0 114 0 114 4 114 0 
858 115 0 115 2 115 0 115 0 115 0 115 0 115 4 115 0 115 0 115 4 115 0 
864 116 8 116 2 116 0 116 0 116 0 116 0 116 0 116 0 116 0 116 16 116 0 
871 117 3 117 3 117 0 117 0 117 0 117 0 117 0 117 0 117 0 117 16 117 0 
876 118 2 118 3 118 0 118 0 118 0 118 0 118 2 118 0 118 0 118 16 118 0 
886 119 3 119 4 119 0 119 0 119 0 119 0 119 2 119 0 119 0 119 2 119 0 
894 120 5.5 120 4 120 0 120 0 120 0 120 0 120 3 120 0 120 0 120 8 120 0 
906 121 4 121 4 121 0 121 0 121 0 121 0 121 4 121 0 121 0 121 8 121 0 
921 122 5 122 4 122 0 122 0 122 0 122 0 122 5 122 0 122 0 122 8 122 0 
924 123 12 123 4 123 0 123 0 123 0 123 0 123 5 123 0 123 0 123 12 123 0 
931 124 3 124 3 124 0 124 0 124 0 124 0 124 5 124 0 124 0 124 12 124 0 
936 125 1 125 3 125 0 125 0 125 0 125 0 125 1 125 0 125 0 125 12 125 0 
951 126 0.5 126 3 126 0 126 0 126 0 126 0 126 0 126 0 126 0 126 1 126 0 
954 127 4 127 3 127 0 127 0 127 0 127 0 127 0 127 0 127 0 127 4 127 0 
961 128 0 128 0 128 0 128 0 128 0 128 0 128 0 128 0 128 0 128 4 128 0 
984 129 6 129 0 129 0 129 0 129 0 129 0 129 0 129 0 129 0 129 6 129 0 
999 130 5 130 0 130 0 130 0 130 0 130 0 130 0 130 0 130 0 130 5 130 0 
1012 131 1 131 0 131 0 131 0 131 0 131 0 131 0 131 1 131 0 131 5 131 0 
1014 132 0 132 0 132 0 132 0 132 0 132 0 132 0 132 1 132 0 132 0 132 0 
1027 133 3 133 0 133 0 133 0 133 0 133 0 133 0 133 3 133 0 133 0 133 0 
1029 134 4 134 0 134 0 134 0 134 0 134 0 134 0 134 3 134 0 134 4 134 0 
1059 135 4.5 135 0 135 0 135 0 135 0 135 0 135 0 135 4 135 0 135 5 135 0 
1074 136 4 136 0 136 0 136 0 136 0 136 0 136 0 136 4 136 0 136 4 136 0 
1089 137 3 137 0 137 0 137 0 137 0 137 0 137 0 137 4 137 0 137 3 137 0 
1104 138 0 138 0 138 0 138 0 138 0 138 0 138 0 138 4 138 0 138 0 138 0 
1117 139 3 139 0 139 0 139 0 139 0 139 0 139 0 139 3 139 0 139 0 139 0 
1132 140 0 140 0 140 0 140 0 140 0 140 0 140 0 140 0 140 0 140 0 140 0 
1176 141 4 141 0 141 0 141 0 141 0 141 0 141 4 141 0 141 0 141 0 141 0 
1191 142 3 142 0 142 0 142 0 142 0 142 0 142 3 142 0 142 0 142 0 142 0 
1206 143 4 143 0 143 0 143 0 143 0 143 0 143 4 143 0 143 0 143 0 143 0 
1225 144 1 144 0 144 0 144 0 144 0 144 0 144 4 144 0 144 0 144 0 144 1 
1236 145 0 145 0 145 0 145 0 145 0 145 0 145 0 145 0 145 0 145 0 145 1 
1240 146 4 146 0 146 0 146 0 146 0 146 0 146 0 146 0 146 0 146 0 146 4 
1255 147 3 147 0 147 0 147 0 147 0 147 0 147 0 147 0 147 0 147 0 147 3 
1270 148 4 148 0 148 0 148 0 148 0 148 0 148 0 148 0 148 0 148 0 148 4 
1315 149 3 149 0 149 0 149 0 149 0 149 0 149 0 149 0 149 0 149 0 149 3 
1330 150 3.5 150 0 150 0 150 3 150 0 150 0 150 0 150 0 150 0 150 0 150 4 
1338 151 4 151 0 151 0 151 4 151 0 151 0 151 0 151 0 151 0 151 0 151 4 
1360 152 2 152 0 152 0 152 4 152 0 152 0 152 0 152 0 152 0 152 0 152 2 
1375 153 -2 153 0 153 0 153 4 153 0 153 0 153 0 153 0 153 0 153 0 153 -2 
1383 154 3 154 0 154 0 154 3 154 0 154 0 154 0 154 0 154 0 154 0 154 -2 
1390 155 0 155 0 155 0 155 3 155 0 155 0 155 0 155 0 155 0 155 0 155 0 
1398 156 4 156 0 156 0 156 4 156 0 156 0 156 0 156 0 156 0 156 0 156 0 
1413 157 3 157 0 157 0 157 3 157 0 157 0 157 0 157 0 157 0 157 0 157 0 
1428 158 0 158 0 158 0 158 0 158 0 158 0 158 0 158 0 158 0 158 0 158 0 
1728 159 3 159 0 159 0 159 3 159 0 159 0 159 0 159 0 159 0 159 0 159 0 
1758 160 4 160 0 160 0 160 4 160 0 160 0 160 0 160 0 160 0 160 0 160 0 
1803 161 3 161 0 161 0 161 3 161 0 161 0 161 0 161 0 161 0 161 0 161 0 
1818 162 1 162 0 162 0 162 1 162 0 162 0 162 0 162 0 162 0 162 0 162 0 
1833 163 0.5 163 0 163 0 163 0 163 0 163 0 163 0 163 0 163 0 163 0 163 1 
1840 164 4 164 0 164 0 164 0 164 0 164 0 164 0 164 0 164 0 164 0 164 4 
1855 165 3 165 0 165 0 165 0 165 0 165 0 165 0 165 0 165 0 165 0 165 3 
1870 166 4 166 0 166 0 166 0 166 0 166 0 166 0 166 0 166 0 166 0 166 4 
1900 167 15 167 0 167 0 167 0 167 0 167 0 167 0 167 0 167 0 167 0 167 15 
1915 168 0 168 0 168 0 168 0 168 0 168 0 168 0 168 0 168 0 168 0 168 0 
2377 169 3 169 0 169 0 169 0 169 0 169 0 169 0 169 3 169 0 169 0 169 0 
2392 170 15 170 0 170 0 170 0 170 0 170 0 170 0 170 15 170 0 170 0 170 0 
2407 171 3 171 0 171 0 171 0 171 0 171 0 171 0 171 3 171 0 171 0 171 0 
2422 172 4 172 0 172 0 172 0 172 0 172 0 172 0 172 4 172 0 172 0 172 0 
2467 173 2 173 0 173 0 173 0 173 0 173 0 173 0 173 2 173 0 173 0 173 0 
2482 174 0 174 0 174 0 174 0 174 0 174 0 174 0 174 0 174 0 174 0 174 0 
2887 175 3 175 0 175 0 175 0 175 0 175 0 175 0 175 3 175 0 175 0 175 0 
2902 176 4 176 0 176 0 176 0 176 0 176 0 176 0 176 4 176 0 176 0 176 0 
2947 177 3 177 0 177 0 177 0 177 0 177 0 177 0 177 3 177 0 177 0 177 0 
2962 178 4 178 0 178 0 178 0 178 0 178 0 178 0 178 4 178 0 178 0 178 0 
2977 179 15 179 0 179 0 179 0 179 0 179 0 179 0 179 15 179 0 179 0 179 0 
2992 180 1 180 0 180 0 180 0 180 0 180 0 180 0 180 1 180 0 180 0 180 0 
3007 181 0 181 0 181 0 181 0 181 0 181 0 181 0 181 0 181 0 181 0 181 0 
3204 182 1 182 0 182 0 182 0 182 0 182 0 182 0 182 0 182 0 182 1 182 0 
3219 183 3 183 0 183 0 183 0 183 0 183 0 183 0 183 0 183 0 183 3 183 0 
3234 184 4 184 0 184 0 184 0 184 0 184 0 184 0 184 0 184 0 184 4 184 0 
3264 185 5 185 0 185 0 185 0 185 0 185 0 185 0 185 0 185 0 185 5 185 0 
3279 186 3 186 0 186 0 186 0 186 0 186 0 186 0 186 0 186 0 186 3 186 0 
3294 187 4 187 0 187 0 187 0 187 0 187 0 187 0 187 0 187 0 187 4 187 0 
3324 188 3 188 0 188 0 188 0 188 0 188 0 188 0 188 0 188 0 188 3 188 0 
3339 189 0 189 0 189 0 189 0 189 0 189 0 189 0 189 0 189 0 189 0 189 0 
3560 190 4 190 0 190 0 190 0 190 0 190 4 190 0 190 0 190 0 190 0 190 0 
3575 191 3 191 0 191 0 191 0 191 0 191 3 191 0 191 0 191 0 191 0 191 0 
3590 192 4 192 0 192 0 192 0 192 0 192 4 192 0 192 0 192 0 192 0 192 0 
3635 193 3 193 0 193 0 193 0 193 0 193 3 193 0 193 0 193 0 193 0 193 0 
3650 194 4 194 0 194 0 194 0 194 0 194 4 194 0 194 0 194 0 194 0 194 0 
3695 195 3 195 0 195 0 195 0 195 0 195 3 195 0 195 0 195 0 195 0 195 0 
3710 196 4 196 0 196 0 196 0 196 0 196 4 196 0 196 0 196 0 196 0 196 0 
3725 197 5 197 0 197 0 197 0 197 0 197 5 197 0 197 0 197 0 197 0 197 0 
3740 198 4 198 0 198 0 198 0 198 0 198 4 198 0 198 0 198 0 198 0 198 0 
3755 199 3 199 0 199 0 199 0 199 0 199 3 199 0 199 0 199 0 199 0 199 0 
3770 200 5 200 0 200 0 200 0 200 0 200 5 200 0 200 0 200 0 200 0 200 0 
3785 201 0 201 0 201 0 201 0 201 0 201 0 201 0 201 0 201 0 201 0 201 0 
4914 202 4 202 0 202 0 202 0 202 0 202 0 202 0 202 0 202 0 202 4 202 0 
4944 203 19 203 0 203 0 203 0 203 0 203 0 203 0 203 0 203 0 203 19 203 0 
4959 204 3 204 0 204 0 204 0 204 0 204 0 204 0 204 0 204 0 204 3 204 0 
4974 205 4 205 0 205 0 205 0 205 0 205 0 205 0 205 0 205 0 205 4 205 0 
5019 206 3 206 0 206 0 206 0 206 0 206 0 206 0 206 0 206 0 206 3 206 0 
5034 207 2 207 0 207 0 207 0 207 0 207 0 207 0 207 0 207 0 207 2 207 0 
5049 208 0 208 0 208 0 208 0 208 0 208 0 208 0 208 0 208 0 208 0 208 0 
5259 209 1 209 0 209 0 209 0 209 0 209 0 209 0 209 0 209 0 209 1 209 0 
5274 210 4 210 0 210 0 210 0 210 0 210 0 210 0 210 0 210 0 210 4 210 0 
5289 211 5 211 0 211 0 211 0 211 0 211 0 211 0 211 0 211 0 211 5 211 0 
5319 212 3 212 0 212 0 212 0 212 0 212 0 212 0 212 0 212 0 212 3 212 0 
5334 213 4 213 0 213 0 213 0 213 0 213 0 213 0 213 0 213 0 213 4 213 0 
5349 214 5 214 0 214 0 214 0 214 0 214 0 214 0 214 0 214 0 214 5 214 0 
5364 215 4 215 0 215 0 215 0 215 0 215 0 215 0 215 0 215 0 215 4 215 0 
5394 216 1 216 0 216 0 216 0 216 0 216 0 216 0 216 0 216 0 216 1 216 0 
5409 217 0 217 0 217 0 217 0 217 0 217 0 217 0 217 0 217 0 217 0 217 0 
5419 218 3 218 0 218 0 218 0 218 3 218 0 218 0 218 0 218 0 218 0 218 0 
5434 219 10 219 0 219 0 219 0 219 10 219 0 219 0 219 0 219 0 219 0 219 0 
5449 220 8 220 0 220 0 220 0 220 8 220 0 220 0 220 0 220 0 220 0 220 0 
5464 221 7 221 0 221 0 221 0 221 7 221 0 221 0 221 0 221 0 221 0 221 0 
5479 222 0 222 0 222 0 222 0 222 0 222 0 222 0 222 0 222 0 222 0 222 0 
6775 223 4 223 0 223 0 223 0 223 0 223 0 223 0 223 0 223 0 223 0 223 4 
6790 224 10 224 0 224 0 224 0 224 0 224 0 224 0 224 0 224 0 224 0 224 10 
6805 225 12 225 0 225 0 225 0 225 0 225 0 225 0 225 0 225 0 225 0 225 12 
6820 226 2 226 0 226 0 226 0 226 0 226 0 226 0 226 0 226 0 226 0 226 2 
6835 227 0 227 0 227 0 227 0 227 0 227 0 227 0 227 0 227 0 227 0 227 0 
6856 228 1 228 1 228 0 228 0 228 0 228 0 228 0 228 0 228 0 228 0 228 0 
6871 229 14 229 14 229 0 229 0 229 0 229 0 229 0 229 0 229 0 229 0 229 0 
6886 230 4 230 4 230 0 230 0 230 0 230 0 230 0 230 0 230 0 230 0 230 0 
6931 231 3 231 3 231 0 231 0 231 0 231 0 231 0 231 0 231 0 231 0 231 0 
6946 232 4 232 4 232 0 232 0 232 0 232 0 232 0 232 0 232 0 232 0 232 0 
6991 233 3 233 3 233 0 233 0 233 0 233 0 233 0 233 0 233 0 233 0 233 0 
7006 234 4 234 4 234 0 234 0 234 0 234 0 234 0 234 0 234 0 234 0 234 0 
7021 235 5 235 5 235 0 235 0 235 0 235 0 235 0 235 0 235 0 235 0 235 0 
7036 236 0 236 0 236 0 236 0 236 0 236 0 236 0 236 0 236 0 236 0 236 0 
7867 237 8 237 0 237 0 237 0 237 0 237 0 237 0 237 8 237 0 237 0 237 0 
7897 238 12 238 0 238 0 238 0 238 0 238 0 238 0 238 12 238 0 238 0 238 0 
7912 239 7 239 0 239 0 239 0 239 0 239 0 239 0 239 7 239 0 239 0 239 0 
7927 240 3 240 0 240 0 240 0 240 0 240 0 240 0 240 3 240 0 240 0 240 0 
7942 241 16 241 0 241 0 241 0 241 0 241 0 241 0 241 16 241 0 241 0 241 0 
7957 242 2 242 0 242 0 242 0 242 0 242 0 242 0 242 2 242 0 242 0 242 0 
7972 243 4 243 0 243 0 243 0 243 0 243 0 243 0 243 4 243 0 243 0 243 0 
7987 244 3 244 0 244 0 244 0 244 0 244 0 244 0 244 3 244 0 244 0 244 0 
8002 245 6 245 0 245 0 245 0 245 0 245 0 245 0 245 6 245 0 245 0 245 0 
8017 246 4 246 0 246 0 246 0 246 0 246 0 246 0 246 4 246 0 246 0 246 0 
8032 247 3 247 0 247 0 247 0 247 0 247 0 247 0 247 3 247 0 247 0 247 0 
8047 248 2 248 0 248 0 248 0 248 0 248 0 248 0 248 2 248 0 248 0 248 0 
8062 249 4 249 0 249 0 249 0 249 0 249 0 249 0 249 4 249 0 249 0 249 0 
8077 250 7 250 0 250 0 250 0 250 0 250 0 250 0 250 7 250 0 250 0 250 0 
8092 251 4 251 0 251 0 251 0 251 0 251 0 251 0 251 4 251 0 251 0 251 0 
8122 252 0 252 0 252 0 252 0 252 0 252 0 252 0 252 0 252 0 252 0 252 0 
8207 253 3 253 0 253 3 253 0 253 0 253 0 253 0 253 0 253 0 253 0 253 0 
8222 254 4 254 0 254 4 254 0 254 0 254 0 254 0 254 0 254 0 254 0 254 0 
8267 255 3.5 255 0 255 3 255 0 255 0 255 0 255 0 255 4 255 0 255 0 255 0 
8282 256 4 256 0 256 4 256 0 256 0 256 0 256 0 256 4 256 0 256 0 256 0 
8287 257 3 257 0 257 4 257 0 257 0 257 0 257 0 257 3 257 0 257 0 257 0 
8297 258 5 258 0 258 5 258 0 258 0 258 0 258 0 258 3 258 0 258 0 258 0 
8302 259 2 259 0 259 5 259 0 259 0 259 0 259 0 259 2 259 0 259 0 259 0 
8312 260 4 260 0 260 4 260 0 260 0 260 0 260 0 260 2 260 0 260 0 260 0 
8317 261 0 261 0 261 4 261 0 261 0 261 0 261 0 261 0 261 0 261 0 261 0 
8327 262 3 262 0 262 3 262 0 262 0 262 0 262 0 262 0 262 0 262 0 262 0 
8342 263 4 263 0 263 4 263 0 263 0 263 0 263 0 263 0 263 0 263 0 263 0 
8387 264 3 264 0 264 3 264 0 264 0 264 0 264 0 264 0 264 0 264 0 264 0 
8417 265 0 265 0 265 0 265 0 265 0 265 0 265 0 265 0 265 0 265 0 265 0 
8452 266 2 266 0 266 0 266 0 266 0 266 0 266 0 266 2 266 0 266 0 266 0 
8467 267 3 267 0 267 0 267 0 267 0 267 0 267 0 267 3 267 0 267 0 267 0 
8482 268 4 268 0 268 0 268 0 268 0 268 0 268 0 268 4 268 0 268 0 268 0 
8512 269 1 269 0 269 0 269 0 269 0 269 0 269 0 269 1 269 0 269 0 269 0 
8527 270 0 270 0 270 0 270 0 270 0 270 0 270 0 270 0 270 0 270 0 270 0 
8545 271 4 271 0 271 0 271 0 271 0 271 0 271 0 271 0 271 0 271 0 271 4 
8620 272 5 272 0 272 0 272 0 272 0 272 0 272 0 272 0 272 0 272 0 272 5 
8635 273 18 273 0 273 0 273 0 273 0 273 0 273 0 273 0 273 0 273 0 273 18 
8645 274 8 274 0 274 0 274 0 274 0 274 8 274 0 274 0 274 0 274 0 274 18 
8650 275 4 275 0 275 0 275 0 275 0 275 8 275 0 275 0 275 0 275 0 275 4 
8675 276 11 276 0 276 0 276 0 276 0 276 11 276 0 276 0 276 0 276 0 276 4 
8690 277 7 277 0 277 0 277 0 277 0 277 7 277 0 277 0 277 0 277 0 277 4 
8705 278 4 278 0 278 0 278 0 278 0 278 4 278 0 278 0 278 0 278 0 278 4 
8710 279 0 279 0 279 0 279 0 279 0 279 4 279 0 279 0 279 0 279 0 279 0 
8720 280 16 280 0 280 0 280 0 280 0 280 16 280 0 280 0 280 0 280 0 280 0 
8735 281 2 281 0 281 0 281 0 281 0 281 2 281 0 281 0 281 0 281 0 281 0 
8737 282 3 282 0 282 0 282 0 282 0 282 2 282 0 282 3 282 0 282 0 282 0 
8752 283 4 283 0 283 0 283 0 283 0 283 2 283 0 283 4 283 0 283 0 283 0 
8767 284 3.5 284 0 284 0 284 0 284 0 284 4 284 0 284 3 284 0 284 0 284 0 
8780 285 6 285 0 285 0 285 0 285 0 285 6 285 0 285 3 285 0 285 0 285 0 
8782 286 4 286 0 286 0 286 0 286 0 286 6 286 0 286 4 286 0 286 0 286 0 
8795 287 3 287 0 287 0 287 0 287 0 287 3 287 0 287 4 287 0 287 0 287 0 
8797 288 2 288 0 288 0 288 0 288 0 288 3 288 0 288 2 288 0 288 0 288 0 
8810 289 5 289 0 289 0 289 0 289 0 289 5 289 0 289 2 289 0 289 0 289 0 
8812 290 0 290 0 290 0 290 0 290 0 290 5 290 0 290 0 290 0 290 0 290 0 
8825 291 1 291 0 291 0 291 0 291 0 291 1 291 0 291 0 291 0 291 0 291 0 
8840 292 4 292 0 292 0 292 0 292 0 292 4 292 0 292 0 292 0 292 0 292 0 
8855 293 3 293 0 293 0 293 0 293 0 293 3 293 0 293 0 293 0 293 0 293 0 
8870 294 6 294 0 294 0 294 0 294 0 294 6 294 0 294 0 294 0 294 0 294 0 
8900 295 0 295 0 295 0 295 0 295 0 295 0 295 0 295 0 295 0 295 0 295 0 
9110 296 3 296 0 296 0 296 0 296 0 296 3 296 0 296 0 296 0 296 0 296 0 
9125 297 4 297 0 297 0 297 0 297 0 297 4 297 0 297 0 297 0 297 0 297 0 
9155 298 3 298 0 298 0 298 0 298 0 298 3 298 0 298 0 298 0 298 0 298 0 
9170 299 5 299 0 299 0 299 0 299 0 299 5 299 0 299 0 299 0 299 0 299 0 
9185 300 4 300 0 300 0 300 0 300 0 300 4 300 0 300 0 300 0 300 0 300 0 
9215 301 3 301 0 301 0 301 0 301 0 301 3 301 0 301 0 301 0 301 0 301 0 
9230 302 4 302 0 302 0 302 0 302 0 302 4 302 0 302 0 302 0 302 0 302 0 
9245 303 2 303 0 303 0 303 0 303 0 303 2 303 0 303 0 303 0 303 0 303 0 
9260 304 0 304 0 304 0 304 0 304 0 304 0 304 0 304 0 304 0 304 0 304 0 
11169 305 6 305 0 305 0 305 0 305 0 305 0 305 0 305 0 305 0 305 6 305 0 
11184 306 4 306 0 306 0 306 0 306 0 306 0 306 0 306 0 306 0 306 4 306 0 
11199 307 11 307 0 307 0 307 0 307 0 307 0 307 0 307 0 307 0 307 11 307 0 
11214 308 7 308 0 308 0 308 0 308 0 308 0 308 0 308 0 308 0 308 7 308 0 
11229 309 8 309 0 309 0 309 0 309 0 309 0 309 0 309 0 309 0 309 8 309 0 
11259 310 11 310 0 310 0 310 0 310 0 310 0 310 0 310 0 310 0 310 11 310 0 
11274 311 2 311 0 311 0 311 0 311 0 311 0 311 0 311 0 311 0 311 2 311 0 
11289 312 4 312 0 312 0 312 0 312 0 312 0 312 0 312 0 312 0 312 4 312 0 
11319 313 5 313 0 313 0 313 0 313 0 313 0 313 0 313 0 313 0 313 5 313 0 
11334 314 6 314 0 314 0 314 0 314 0 314 0 314 0 314 0 314 0 314 6 314 0 
11349 315 0 315 0 315 0 315 0 315 0 315 0 315 0 315 0 315 0 315 0 315 0 
11364 316 4 316 0 316 0 316 0 316 0 316 0 316 0 316 0 316 0 316 4 316 0 
11379 317 3 317 0 317 0 317 0 317 0 317 0 317 0 317 0 317 0 317 3 317 0 
11394 318 6 318 0 318 0 318 0 318 0 318 0 318 0 318 0 318 0 318 6 318 0 
11409 319 5 319 0 319 0 319 0 319 0 319 0 319 0 319 0 319 0 319 5 319 0 
11424 320 3 320 0 320 0 320 0 320 0 320 0 320 0 320 0 320 0 320 3 320 0 
11439 321 0 321 0 321 0 321 0 321 0 321 0 321 0 321 0 321 0 321 0 321 0 
11589 322 1 322 0 322 0 322 0 322 0 322 0 322 0 322 0 322 0 322 1 322 0 
11604 323 5 323 0 323 0 323 0 323 0 323 0 323 0 323 0 323 0 323 5 323 0 
11619 324 3 324 0 324 0 324 0 324 0 324 0 324 0 324 0 324 0 324 3 324 0 
11634 325 4 325 0 325 0 325 0 325 0 325 0 325 0 325 0 325 0 325 4 325 0 
11679 326 3 326 0 326 0 326 0 326 0 326 0 326 0 326 0 326 0 326 3 326 0 
11694 327 2 327 0 327 0 327 0 327 0 327 0 327 0 327 0 327 0 327 2 327 0 
11709 328 0 328 0 328 0 328 0 328 0 328 0 328 0 328 0 328 0 328 0 328 0 
12361 329 6 329 6 329 0 329 0 329 0 329 0 329 0 329 0 329 0 329 0 329 0 
12376 330 9 330 9 330 0 330 0 330 0 330 0 330 0 330 0 330 0 330 0 330 0 
12406 331 2 331 2 331 0 331 0 331 0 331 0 331 0 331 0 331 0 331 0 331 0 
12421 332 0 332 0 332 0 332 0 332 0 332 0 332 0 332 0 332 0 332 0 332 0 
12466 333 3 333 3 333 0 333 0 333 0 333 0 333 0 333 0 333 0 333 0 333 0 
12481 334 3.5 334 4 334 0 334 0 334 0 334 0 334 0 334 0 334 0 334 3 334 0 
12489 335 4 335 4 335 0 335 0 335 0 335 0 335 0 335 0 335 0 335 4 335 0 
12511 336 3 336 3 336 0 336 0 336 0 336 0 336 0 336 0 336 0 336 4 336 0 
12526 337 3.5 337 4 337 0 337 0 337 0 337 0 337 0 337 0 337 0 337 3 337 0 
12534 338 15 338 4 338 0 338 0 338 0 338 0 338 0 338 0 338 0 338 15 338 0 
12541 339 2 339 2 339 0 339 0 339 0 339 0 339 0 339 0 339 0 339 15 339 0 
12549 340 4 340 2 340 0 340 0 340 0 340 0 340 0 340 0 340 0 340 4 340 0 
12556 341 0 341 0 341 0 341 0 341 0 341 0 341 0 341 0 341 0 341 4 341 0 
12564 342 1 342 0 342 0 342 0 342 0 342 0 342 0 342 0 342 0 342 1 342 0 
12579 343 0 343 0 343 0 343 0 343 0 343 0 343 0 343 0 343 0 343 0 343 0 
12729 344 4 344 0 344 0 344 0 344 0 344 0 344 0 344 0 344 0 344 4 344 0 
12759 345 3 345 0 345 0 345 0 345 0 345 0 345 0 345 0 345 0 345 3 345 0 
12774 346 4 346 0 346 0 346 0 346 0 346 0 346 0 346 0 346 0 346 4 346 0 
12819 347 3 347 0 347 0 347 0 347 0 347 0 347 0 347 0 347 0 347 3 347 0 
12828 348 6 348 0 348 0 348 6 348 0 348 0 348 0 348 0 348 0 348 3 348 0 
12834 349 4 349 0 349 0 349 6 349 0 349 0 349 0 349 0 349 0 349 4 349 0 
12843 350 3 350 0 350 0 350 3 350 0 350 0 350 0 350 0 350 0 350 4 350 0 
12858 351 7.5 351 0 351 0 351 12 351 0 351 0 351 0 351 0 351 0 351 3 351 0 
12864 352 0 352 0 352 0 352 12 352 0 352 0 352 0 352 0 352 0 352 0 352 0 
12873 353 7 353 0 353 0 353 7 353 0 353 0 353 0 353 0 353 0 353 0 353 0 
12888 354 8 354 0 354 0 354 8 354 0 354 0 354 0 354 0 354 0 354 0 354 0 
12903 355 5 355 0 355 0 355 5 355 0 355 0 355 0 355 0 355 0 355 0 355 0 
12918 356 14 356 0 356 0 356 14 356 0 356 0 356 0 356 0 356 0 356 0 356 0 
12933 357 2 357 0 357 0 357 2 357 0 357 0 357 0 357 0 357 0 357 0 357 0 
12948 358 4 358 0 358 0 358 4 358 0 358 0 358 0 358 0 358 0 358 0 358 0 
12963 359 3 359 0 359 0 359 3 359 0 359 0 359 0 359 0 359 0 359 0 359 0 
12978 360 6 360 0 360 0 360 6 360 0 360 0 360 0 360 0 360 0 360 0 360 0 
13008 361 0 361 0 361 0 361 0 361 0 361 0 361 0 361 0 361 0 361 0 361 0 
13023 362 3 362 0 362 0 362 3 362 0 362 0 362 0 362 0 362 0 362 0 362 0 
13038 363 4 363 0 363 0 363 4 363 0 363 0 363 0 363 0 363 0 363 0 363 0 
13053 364 7 364 0 364 0 364 7 364 0 364 0 364 0 364 0 364 0 364 0 364 0 
13068 365 4 365 0 365 0 365 4 365 0 365 0 365 0 365 0 365 0 365 0 365 0 
13083 366 3 366 0 366 0 366 3 366 0 366 0 366 0 366 0 366 0 366 0 366 0 
13098 367 0 367 0 367 0 367 0 367 0 367 0 367 0 367 0 367 0 367 0 367 0 
13173 368 1 368 0 368 0 368 1 368 0 368 0 368 0 368 0 368 0 368 0 368 0 
13188 369 4 369 0 369 0 369 4 369 0 369 0 369 0 369 0 369 0 369 0 369 0 
13203 370 3 370 0 370 0 370 3 370 0 370 0 370 0 370 0 370 0 370 0 370 0 
13218 371 4 371 0 371 0 371 4 371 0 371 0 371 0 371 0 371 0 371 0 371 0 
13248 372 3 372 0 372 0 372 3 372 0 372 0 372 0 372 0 372 0 372 0 372 0 
13263 373 0 373 0 373 0 373 0 373 0 373 0 373 0 373 0 373 0 373 0 373 0 
13277 374 12 374 0 374 12 374 0 374 0 374 0 374 0 374 0 374 0 374 0 374 0 
13292 375 6 375 0 375 6 375 0 375 0 375 0 375 0 375 0 375 0 375 0 375 0 
13307 376 9 376 0 376 9 376 0 376 0 376 0 376 0 376 0 376 0 376 0 376 0 
13322 377 1 377 0 377 1 377 0 377 0 377 0 377 0 377 0 377 0 377 0 377 0 
13337 378 0 378 0 378 0 378 0 378 0 378 0 378 0 378 0 378 0 378 0 378 0 
13446 379 12 379 0 379 0 379 0 379 0 379 0 379 12 379 0 379 0 379 0 379 0 
13461 380 5 380 0 380 0 380 0 380 0 380 0 380 5 380 0 380 0 380 0 380 0 
13476 381 10 381 0 381 0 381 0 381 0 381 0 381 10 381 0 381 0 381 0 381 0 
13491 382 1 382 0 382 0 382 0 382 0 382 0 382 1 382 0 382 0 382 0 382 0 
13506 383 0 383 0 383 0 383 0 383 0 383 0 383 0 383 0 383 0 383 0 383 0 
13687 384 7 384 0 384 0 384 0 384 0 384 0 384 0 384 7 384 0 384 0 384 0 
13702 385 10 385 0 385 0 385 0 385 0 385 0 385 0 385 10 385 0 385 0 385 0 
13732 386 1 386 0 386 0 386 0 386 0 386 0 386 0 386 1 386 0 386 0 386 0 
13747 387 0 387 0 387 0 387 0 387 0 387 0 387 0 387 0 387 0 387 0 387 0 
13880 388 1 388 0 388 0 388 0 388 0 388 1 388 0 388 0 388 0 388 0 388 0 
13895 389 58 389 0 389 0 389 0 389 0 389 58 389 0 389 0 389 0 389 0 389 0 
13910 390 4 390 0 390 0 390 0 390 0 390 4 390 0 390 0 390 0 390 0 390 0 
13925 391 2 391 0 391 0 391 0 391 0 391 2 391 0 391 0 391 0 391 0 391 0 
13940 392 -2 392 0 392 0 392 0 392 0 392 -2 392 0 392 0 392 0 392 0 392 0 
13955 393 0 393 0 393 0 393 0 393 0 393 0 393 0 393 0 393 0 393 0 393 0 
14150 394 2 394 0 394 0 394 0 394 0 394 2 394 0 394 0 394 0 394 0 394 0 
14165 395 4 395 0 395 0 395 0 395 0 395 4 395 0 395 0 395 0 395 0 395 0 
14195 396 3 396 0 396 0 396 0 396 0 396 3 396 0 396 0 396 0 396 0 396 0 
14210 397 4 397 0 397 0 397 0 397 0 397 4 397 0 397 0 397 0 397 0 397 0 
14225 398 13 398 0 398 0 398 0 398 0 398 13 398 0 398 0 398 0 398 0 398 0 
14240 399 0 399 0 399 0 399 0 399 0 399 0 399 0 399 0 399 0 399 0 399 0 
14268 400 2 400 0 400 0 400 2 400 0 400 0 400 0 400 0 400 0 400 0 400 0 
14283 401 3 401 0 401 0 401 3 401 0 401 0 401 0 401 0 401 0 401 0 401 0 
14298 402 4 402 0 402 0 402 4 402 0 402 0 402 0 402 0 402 0 402 0 402 0 
14313 403 37.5 403 0 403 4 403 71 403 0 403 0 403 0 403 0 403 0 403 0 403 0 
14327 404 3 404 0 404 3 404 71 404 0 404 0 404 0 404 0 404 0 404 0 404 0 
14328 405 1 405 0 405 3 405 1 405 0 405 0 405 0 405 0 405 0 405 0 405 0 
14342 406 4 406 0 406 4 406 1 406 0 406 0 406 0 406 0 406 0 406 0 406 0 
14343 407 0 407 0 407 4 407 0 407 0 407 0 407 0 407 0 407 0 407 0 407 0 
14387 408 3 408 0 408 3 408 0 408 0 408 0 408 0 408 0 408 0 408 0 408 0 
14402 409 4 409 0 409 4 409 0 409 0 409 0 409 0 409 0 409 0 409 0 409 0 
14447 410 2 410 0 410 2 410 0 410 0 410 0 410 0 410 0 410 0 410 0 410 0 
14462 411 0 411 0 411 0 411 0 411 0 411 0 411 0 411 0 411 0 411 0 411 0 
14599 412 2 412 0 412 0 412 0 412 2 412 0 412 0 412 0 412 0 412 0 412 0 
14614 413 4 413 0 413 0 413 0 413 4 413 0 413 0 413 0 413 0 413 0 413 0 
14659 414 3 414 0 414 0 414 0 414 3 414 0 414 0 414 0 414 0 414 0 414 0 
14674 415 4 415 0 415 0 415 0 415 4 415 0 415 0 415 0 415 0 415 0 415 0 
14719 416 3 416 0 416 0 416 0 416 3 416 0 416 0 416 0 416 0 416 0 416 0 
14734 417 15 417 0 417 0 417 0 417 15 417 0 417 0 417 0 417 0 417 0 417 0 
14749 418 4 418 0 418 0 418 0 418 4 418 0 418 0 418 0 418 0 418 0 418 0 
14779 419 3 419 0 419 0 419 0 419 3 419 0 419 0 419 0 419 0 419 0 419 0 
14794 420 4 420 0 420 0 420 0 420 4 420 0 420 0 420 0 420 0 420 0 420 0 
14824 421 1 421 0 421 0 421 0 421 1 421 0 421 0 421 0 421 0 421 0 421 0 
14839 422 0 422 0 422 0 422 0 422 0 422 0 422 0 422 0 422 0 422 0 422 0 
14857 423 4 423 0 423 0 423 0 423 0 423 0 423 0 423 4 423 0 423 0 423 0 
14872 424 5 424 0 424 0 424 0 424 0 424 0 424 0 424 5 424 0 424 0 424 0 
14887 425 3 425 0 425 0 425 0 425 0 425 0 425 0 425 3 425 0 425 0 425 0 
14902 426 5 426 0 426 0 426 0 426 0 426 0 426 0 426 5 426 0 426 0 426 0 
14917 427 4 427 0 427 0 427 0 427 0 427 0 427 0 427 4 427 0 427 0 427 0 
14947 428 3 428 0 428 0 428 0 428 0 428 0 428 0 428 3 428 0 428 0 428 0 
14962 429 4 429 0 429 0 429 0 429 0 429 0 429 0 429 4 429 0 429 0 429 0 
15003 430 3 430 0 430 0 430 3 430 0 430 0 430 0 430 4 430 0 430 0 430 0 
15018 431 9 431 0 431 0 431 15 431 0 431 0 431 0 431 3 431 0 431 0 431 0 
15022 432 4 432 0 432 0 432 15 432 0 432 0 432 0 432 4 432 0 432 0 432 0 
15063 433 0 433 0 433 0 433 0 433 0 433 0 433 0 433 4 433 0 433 0 433 0 
15067 434 3 434 0 434 0 434 0 434 0 434 0 434 0 434 3 434 0 434 0 434 0 
15082 435 0 435 0 435 0 435 0 435 0 435 0 435 0 435 0 435 0 435 0 435 0 
16235 436 1 436 0 436 0 436 0 436 0 436 1 436 0 436 0 436 0 436 0 436 0 
16250 437 4 437 0 437 0 437 0 437 0 437 4 437 0 437 0 437 0 437 0 437 0 
16295 438 3 438 0 438 0 438 0 438 0 438 3 438 0 438 0 438 0 438 0 438 0 
16310 439 20 439 0 439 0 439 0 439 0 439 20 439 0 439 0 439 0 439 0 439 0 
16325 440 4 440 0 440 0 440 0 440 0 440 4 440 0 440 0 440 0 440 0 440 0 
16355 441 3 441 0 441 0 441 0 441 0 441 3 441 0 441 0 441 0 441 0 441 0 
16370 442 4 442 0 442 0 442 0 442 0 442 4 442 0 442 0 442 0 442 0 442 0 
16415 443 1 443 0 443 0 443 0 443 0 443 1 443 0 443 0 443 0 443 0 443 0 
16430 444 0 444 0 444 0 444 0 444 0 444 0 444 0 444 0 444 0 444 0 444 0 
16493 445 6 445 0 445 0 445 0 445 0 445 0 445 0 445 0 445 6 445 0 445 0 
16508 446 4 446 0 446 0 446 0 446 0 446 0 446 0 446 0 446 4 446 0 446 0 
16523 447 11 447 0 447 0 447 0 447 0 447 0 447 0 447 0 447 11 447 0 447 0 
16538 448 7 448 0 448 0 448 0 448 0 448 0 448 0 448 0 448 7 448 0 448 0 
16553 449 8 449 0 449 0 449 0 449 0 449 0 449 0 449 0 449 8 449 0 449 0 
16583 450 11 450 0 450 0 450 0 450 0 450 0 450 0 450 0 450 11 450 0 450 0 
16598 451 2 451 0 451 0 451 0 451 0 451 0 451 0 451 0 451 2 451 0 451 0 
16613 452 4 452 0 452 0 452 0 452 0 452 0 452 0 452 0 452 4 452 0 452 0 
16643 453 5 453 0 453 0 453 0 453 0 453 0 453 0 453 0 453 5 453 0 453 0 
16658 454 6 454 0 454 0 454 0 454 0 454 0 454 0 454 0 454 6 454 0 454 0 
16673 455 0 455 0 455 0 455 0 455 0 455 0 455 0 455 0 455 0 455 0 455 0 
16688 456 4 456 0 456 0 456 0 456 0 456 0 456 0 456 0 456 4 456 0 456 0 
16703 457 3 457 0 457 0 457 0 457 0 457 0 457 0 457 0 457 3 457 0 457 0 
16718 458 6 458 0 458 0 458 0 458 0 458 0 458 0 458 0 458 6 458 0 458 0 
16733 459 4 459 0 459 0 459 0 459 0 459 0 459 0 459 0 459 4 459 0 459 0 
16748 460 3 460 0 460 0 460 0 460 0 460 0 460 0 460 0 460 3 460 0 460 0 
16763 461 0 461 0 461 0 461 0 461 0 461 0 461 0 461 0 461 0 461 0 461 0 
17408 462 2 462 0 462 0 462 0 462 0 462 0 462 0 462 0 462 2 462 0 462 0 
17423 463 3 463 0 463 0 463 0 463 0 463 0 463 0 463 0 463 3 463 0 463 0 
17438 464 4 464 0 464 0 464 0 464 0 464 0 464 0 464 0 464 4 464 0 464 0 
17483 465 3 465 0 465 0 465 0 465 0 465 0 465 0 465 0 465 3 465 0 465 0 
17498 466 15 466 0 466 0 466 0 466 0 466 0 466 0 466 0 466 15 466 0 466 0 
17513 467 4 467 0 467 0 467 0 467 0 467 0 467 0 467 0 467 4 467 0 467 0 
17528 468 2 468 0 468 0 468 0 468 0 468 0 468 0 468 0 468 2 468 0 468 0 
17543 469 0 469 0 469 0 469 0 469 0 469 0 469 0 469 0 469 0 469 0 469 0 
17693 470 2 470 0 470 0 470 0 470 0 470 0 470 0 470 0 470 2 470 0 470 0 
17708 471 4 471 0 471 0 471 0 471 0 471 0 471 0 471 0 471 4 471 0 471 0 
17723 472 3 472 0 472 0 472 0 472 0 472 0 472 0 472 0 472 3 472 0 472 0 
17738 473 4 473 0 473 0 473 0 473 0 473 0 473 0 473 0 473 4 473 0 473 0 
17739 474 7 474 0 474 0 474 0 474 0 474 0 474 0 474 0 474 4 474 7 474 0 
17754 475 6 475 0 475 0 475 0 475 0 475 0 475 0 475 0 475 4 475 6 475 0 
17769 476 14 476 0 476 0 476 0 476 0 476 0 476 0 476 0 476 4 476 14 476 0 
17783 477 1 477 0 477 0 477 0 477 0 477 0 477 0 477 0 477 1 477 14 477 0 
17784 478 7 478 0 478 0 478 0 478 0 478 0 478 0 478 0 478 1 478 7 478 0 
17798 479 0 479 0 479 0 479 0 479 0 479 0 479 0 479 0 479 0 479 7 479 0 
17799 480 3 480 0 480 0 480 0 480 0 480 0 480 0 480 0 480 0 480 3 480 0 
17814 481 12 481 0 481 0 481 0 481 0 481 0 481 0 481 0 481 0 481 12 481 0 
17829 482 8 482 0 482 0 482 0 482 0 482 0 482 0 482 0 482 0 482 8 482 0 
17844 483 3 483 0 483 0 483 0 483 0 483 0 483 0 483 0 483 0 483 3 483 0 
17874 484 6 484 0 484 0 484 0 484 0 484 0 484 0 484 0 484 0 484 6 484 0 
17889 485 4 485 0 485 0 485 0 485 0 485 0 485 0 485 0 485 0 485 4 485 0 
17919 486 1 486 0 486 0 486 0 486 0 486 0 486 0 486 0 486 0 486 1 486 0 
17934 487 4 487 0 487 0 487 0 487 0 487 0 487 0 487 0 487 0 487 4 487 0 
17964 488 6 488 0 488 0 488 0 488 0 488 0 488 0 488 0 488 0 488 6 488 0 
17979 489 5 489 0 489 0 489 0 489 0 489 0 489 0 489 0 489 0 489 5 489 0 
17994 490 0 490 0 490 0 490 0 490 0 490 0 490 0 490 0 490 0 490 0 490 0 
18009 491 1 491 0 491 0 491 0 491 0 491 0 491 0 491 0 491 0 491 1 491 0 
18024 492 4 492 0 492 0 492 0 492 0 492 0 492 0 492 0 492 0 492 4 492 0 
18039 493 3 493 0 493 0 493 0 493 0 493 0 493 0 493 0 493 0 493 3 493 0 
18054 494 4 494 0 494 0 494 0 494 0 494 0 494 0 494 0 494 0 494 4 494 0 
18069 495 1 495 0 495 0 495 0 495 0 495 0 495 0 495 0 495 0 495 1 495 0 
18084 496 0 496 0 496 0 496 0 496 0 496 0 496 0 496 0 496 0 496 0 496 0 
18189 497 4 497 0 497 0 497 0 497 0 497 0 497 0 497 0 497 0 497 4 497 0 
18219 498 3 498 0 498 0 498 0 498 0 498 0 498 0 498 0 498 0 498 3 498 0 
18234 499 19 499 0 499 0 499 0 499 0 499 0 499 0 499 0 499 0 499 19 499 0 
18249 500 2 500 0 500 0 500 0 500 0 500 0 500 0 500 0 500 0 500 2 500 0 
18264 501 0 501 0 501 0 501 0 501 0 501 0 501 0 501 0 501 0 501 0 501 0 
18414 502 1 502 0 502 0 502 0 502 0 502 0 502 0 502 0 502 0 502 1 502 0 
18429 503 4 503 0 503 0 503 0 503 0 503 0 503 0 503 0 503 0 503 4 503 0 
18459 504 3 504 0 504 0 504 0 504 0 504 0 504 0 504 0 504 0 504 3 504 0 
18474 505 4 505 0 505 0 505 0 505 0 505 0 505 0 505 0 505 0 505 4 505 0 
18489 506 0 506 0 506 0 506 0 506 0 506 0 506 0 506 0 506 0 506 0 506 0 
20541 507 2 507 0 507 0 507 0 507 0 507 0 507 2 507 0 507 0 507 0 507 0 
20556 508 4 508 0 508 0 508 0 508 0 508 0 508 4 508 0 508 0 508 0 508 0 
20571 509 3 509 0 509 0 509 0 509 0 509 0 509 3 509 0 509 0 509 0 509 0 
20586 510 4 510 0 510 0 510 0 510 0 510 0 510 4 510 0 510 0 510 0 510 0 
20616 511 27 511 0 511 0 511 0 511 0 511 0 511 27 511 0 511 0 511 0 511 0 
20631 512 3 512 0 512 0 512 0 512 0 512 0 512 3 512 0 512 0 512 0 512 0 
20646 513 4 513 0 513 0 513 0 513 0 513 0 513 4 513 0 513 0 513 0 513 0 
20691 514 3 514 0 514 0 514 0 514 0 514 0 514 3 514 0 514 0 514 0 514 0 
20706 515 4 515 0 515 0 515 0 515 0 515 0 515 4 515 0 515 0 515 0 515 0 
20751 516 3 516 0 516 0 516 0 516 0 516 0 516 3 516 0 516 0 516 0 516 0 
20766 517 4 517 0 517 0 517 0 517 0 517 0 517 4 517 0 517 0 517 0 517 0 
20781 518 3 518 0 518 0 518 0 518 0 518 0 518 3 518 0 518 0 518 0 518 0 
20796 519 0 519 0 519 0 519 0 519 0 519 0 519 0 519 0 519 0 519 0 519 0 
20935 520 4 520 0 520 0 520 0 520 0 520 0 520 0 520 0 520 0 520 0 520 4 
20950 521 10 521 0 521 0 521 0 521 0 521 0 521 0 521 0 521 0 521 0 521 10 
20965 522 7 522 0 522 0 522 0 522 0 522 0 522 0 522 0 522 0 522 0 522 7 
20995 523 0 523 0 523 0 523 0 523 0 523 0 523 0 523 0 523 0 523 0 523 0 
21963 524 6 524 0 524 0 524 6 524 0 524 0 524 0 524 0 524 0 524 0 524 0 
21978 525 4 525 0 525 0 525 4 525 0 525 0 525 0 525 0 525 0 525 0 525 0 
21993 526 16 526 0 526 0 526 16 526 0 526 0 526 0 526 0 526 0 526 0 526 0 
22008 527 2 527 0 527 0 527 2 527 0 527 0 527 0 527 0 527 0 527 0 527 0 
22023 528 0 528 0 528 0 528 0 528 0 528 0 528 0 528 0 528 0 528 0 528 0 
22038 529 8 529 0 529 0 529 8 529 0 529 0 529 0 529 0 529 0 529 0 529 0 
22068 530 12 530 0 530 0 530 12 530 0 530 0 530 0 530 0 530 0 530 0 530 0 
22083 531 1 531 0 531 0 531 1 531 0 531 0 531 0 531 0 531 0 531 0 531 0 
22098 532 4 532 0 532 0 532 4 532 0 532 0 532 0 532 0 532 0 532 0 532 0 
22128 533 6 533 0 533 0 533 6 533 0 533 0 533 0 533 0 533 0 533 0 533 0 
22143 534 5 534 0 534 0 534 5 534 0 534 0 534 0 534 0 534 0 534 0 534 0 
22158 535 0 535 0 535 0 535 0 535 0 535 0 535 0 535 0 535 0 535 0 535 0 
22173 536 4 536 0 536 0 536 4 536 0 536 0 536 0 536 0 536 0 536 0 536 0 
22203 537 5 537 0 537 0 537 5 537 0 537 0 537 0 537 0 537 0 537 0 537 0 
22218 538 4 538 0 538 0 538 4 538 0 538 0 538 0 538 0 538 0 538 0 538 0 
22233 539 3 539 0 539 0 539 3 539 0 539 0 539 0 539 0 539 0 539 0 539 0 
22248 540 0 540 0 540 0 540 0 540 0 540 0 540 0 540 0 540 0 540 0 540 0 
22383 541 4 541 0 541 0 541 4 541 0 541 0 541 0 541 0 541 0 541 0 541 0 
22443 542 3 542 0 542 0 542 3 542 0 542 0 542 0 542 0 542 0 542 0 542 0 
22458 543 4 543 0 543 0 543 4 543 0 543 0 543 0 543 0 543 0 543 0 543 0 
22473 544 1 544 0 544 0 544 1 544 0 544 0 544 0 544 0 544 0 544 0 544 0 
22488 545 0 545 0 545 0 545 0 545 0 545 0 545 0 545 0 545 0 545 0 545 0 
24466 546 7 546 7 546 0 546 0 546 0 546 0 546 0 546 0 546 0 546 0 546 0 
24481 547 6 547 6 547 0 547 0 547 0 547 0 547 0 547 0 547 0 547 0 547 0 
24496 548 14 548 14 548 0 548 0 548 0 548 0 548 0 548 0 548 0 548 0 548 0 
24511 549 1 549 1 549 0 549 0 549 0 549 0 549 0 549 0 549 0 549 0 549 0 
24526 550 8 550 8 550 0 550 0 550 0 550 0 550 0 550 0 550 0 550 0 550 0 
24556 551 12 551 12 551 0 551 0 551 0 551 0 551 0 551 0 551 0 551 0 551 0 
24571 552 1 552 1 552 0 552 0 552 0 552 0 552 0 552 0 552 0 552 0 552 0 
24586 553 4 553 4 553 0 553 0 553 0 553 0 553 0 553 0 553 0 553 0 553 0 
24588 554 13 554 4 554 0 554 13 554 0 554 0 554 0 554 0 554 0 554 0 554 0 
24603 555 3 555 4 555 0 555 3 555 0 555 0 555 0 555 0 555 0 555 0 555 0 
24616 556 6 556 6 556 0 556 3 556 0 556 0 556 0 556 0 556 0 556 0 556 0 
24618 557 4 557 6 557 0 557 4 557 0 557 0 557 0 557 0 557 0 557 0 557 0 
24631 558 5 558 5 558 0 558 4 558 0 558 0 558 0 558 0 558 0 558 0 558 0 
24646 559 0 559 0 559 0 559 4 559 0 559 0 559 0 559 0 559 0 559 0 559 0 
24661 560 4 560 4 560 0 560 4 560 0 560 0 560 0 560 0 560 0 560 0 560 0 
24663 561 3 561 4 561 0 561 3 561 0 561 0 561 0 561 0 561 0 561 0 561 0 
24678 562 4 562 4 562 0 562 4 562 0 562 0 562 0 562 0 562 0 562 0 562 0 
24691 563 5 563 5 563 0 563 4 563 0 563 0 563 0 563 0 563 0 563 0 563 0 
24706 564 4 564 4 564 0 564 4 564 0 564 0 564 0 564 0 564 0 564 0 564 0 
24708 565 3 565 4 565 0 565 3 565 0 565 0 565 0 565 0 565 0 565 0 565 0 
24723 566 1.5 566 3 566 0 566 0 566 0 566 0 566 0 566 0 566 0 566 0 566 0 
24736 567 0 567 0 567 0 567 0 567 0 567 0 567 0 567 0 567 0 567 0 567 0 
25021 568 4 568 4 568 0 568 0 568 0 568 0 568 0 568 0 568 0 568 0 568 0 
25051 569 3 569 3 569 0 569 0 569 0 569 0 569 0 569 0 569 0 569 0 569 0 
25066 570 4 570 4 570 0 570 0 570 0 570 0 570 0 570 0 570 0 570 0 570 0 
25081 571 15 571 15 571 0 571 0 571 0 571 0 571 0 571 0 571 0 571 0 571 0 
25096 572 5 572 5 572 0 572 0 572 0 572 0 572 0 572 0 572 0 572 0 572 0 
25111 573 3 573 3 573 0 573 0 573 0 573 0 573 0 573 0 573 0 573 0 573 0 
25126 574 5 574 5 574 0 574 0 574 0 574 0 574 0 574 0 574 0 574 0 574 0 
25141 575 2 575 2 575 0 575 0 575 0 575 0 575 0 575 0 575 0 575 0 575 0 
25156 576 0 576 0 576 0 576 0 576 0 576 0 576 0 576 0 576 0 576 0 576 0 
26763 577 14 577 0 577 0 577 14 577 0 577 0 577 0 577 0 577 0 577 0 577 0 
26778 578 4 578 0 578 0 578 4 578 0 578 0 578 0 578 0 578 0 578 0 578 0 
26823 579 14 579 0 579 0 579 14 579 0 579 0 579 0 579 0 579 0 579 0 579 0 
26838 580 4 580 0 580 0 580 4 580 0 580 0 580 0 580 0 580 0 580 0 580 0 
26853 581 1 581 0 581 0 581 1 581 0 581 0 581 0 581 0 581 0 581 0 581 0 
26868 582 0 582 0 582 0 582 0 582 0 582 0 582 0 582 0 582 0 582 0 582 0 
26995 583 2 583 0 583 0 583 0 583 0 583 0 583 0 583 0 583 0 583 0 583 2 
