# ValueCount deltaRailways
10 0 0 0 0 0 0 0 0 0 0 0 0 0 0 0 0 0 0 0 0 0 0 
123 1 8 1 0 1 0 1 8 1 0 1 0 1 0 1 0 1 0 1 0 1 0 
124 2 9 2 0 2 0 2 8 2 9 2 0 2 0 2 0 2 0 2 0 2 0 
126 3 8 3 0 3 0 3 8 3 9 3 0 3 8 3 0 3 0 3 0 3 0 
128 4 8.5 4 0 4 0 4 8 4 9 4 0 4 8 4 8 4 9 4 0 4 0 
139 5 7 5 0 5 0 5 8 5 7 5 0 5 8 5 8 5 9 5 0 5 0 
145 6 6.5 6 0 6 0 6 8 6 7 6 0 6 8 6 8 6 7 6 0 6 6 
153 7 12 7 0 7 0 7 12 7 7 7 0 7 8 7 8 7 7 7 0 7 6 
160 8 10.4 8 0 8 0 8 12 8 12 8 0 8 12 8 12 8 12 8 0 8 4 
168 9 7 9 0 9 0 9 7 9 12 9 0 9 12 9 12 9 12 9 0 9 4 
171 10 6.5 10 0 10 0 10 7 10 7 10 0 10 6 10 12 10 12 10 0 10 4 
172 11 7 11 0 11 0 11 7 11 7 11 0 11 6 11 7 11 12 11 0 11 4 
175 12 9 12 0 12 0 12 7 12 7 12 0 12 6 12 7 12 7 12 0 12 11 
183 13 3 13 0 13 0 13 3 13 7 13 0 13 6 13 7 13 7 13 0 13 11 
184 14 6 14 0 14 0 14 3 14 6 14 0 14 6 14 7 14 7 14 0 14 11 
186 15 4 15 0 15 0 15 3 15 6 15 0 15 4 15 7 15 7 15 0 15 11 
187 16 3 16 0 16 0 16 3 16 6 16 0 16 4 16 3 16 7 16 0 16 11 
188 17 8 17 0 17 0 17 3 17 6 17 0 17 4 17 3 17 8 17 0 17 11 
190 18 7 18 0 18 0 18 3 18 6 18 0 18 4 18 3 18 8 18 0 18 7 
198 19 16 19 0 19 0 19 16 19 6 19 0 19 4 19 3 19 8 19 0 19 7 
199 20 13 20 0 20 0 20 16 20 13 20 0 20 4 20 3 20 8 20 0 20 7 
201 21 16 21 0 21 0 21 16 21 13 21 0 21 16 21 3 21 8 21 0 21 7 
203 22 14.5 22 0 22 0 22 16 22 13 22 0 22 16 22 16 22 13 22 0 22 7 
205 23 0 23 0 23 0 23 16 23 13 23 0 23 16 23 16 23 13 23 0 23 0 
213 24 2 24 0 24 0 24 2 24 13 24 0 24 16 24 16 24 13 24 0 24 0 
220 25 3.2 25 0 25 0 25 2 25 2 25 0 25 2 25 2 25 2 25 0 25 8 
228 26 4 26 0 26 0 26 4 26 2 26 0 26 2 26 2 26 2 26 0 26 8 
231 27 3.5 27 0 27 0 27 4 27 4 27 0 27 3 27 2 27 2 27 0 27 8 
232 28 4 28 0 28 0 28 4 28 4 28 0 28 3 28 4 28 2 28 0 28 8 
235 29 4.5 29 0 29 0 29 4 29 4 29 0 29 3 29 4 29 4 29 0 29 5 
243 30 3 30 0 30 0 30 3 30 4 30 0 30 3 30 4 30 4 30 0 30 5 
246 31 4 31 0 31 0 31 3 31 4 31 0 31 4 31 4 31 4 31 0 31 5 
247 32 3 32 0 32 0 32 3 32 4 32 0 32 4 32 3 32 4 32 0 32 5 
250 33 14 33 0 33 0 33 3 33 4 33 0 33 4 33 3 33 4 33 0 33 14 
258 34 6 34 0 34 0 34 6 34 4 34 0 34 4 34 3 34 4 34 0 34 14 
259 35 5 35 0 35 0 35 6 35 5 35 0 35 4 35 3 35 4 35 0 35 14 
261 36 6 36 0 36 0 36 6 36 5 36 0 36 6 36 3 36 4 36 0 36 14 
263 37 5.5 37 0 37 0 37 6 37 5 37 0 37 6 37 6 37 5 37 0 37 14 
265 38 2 38 0 38 0 38 6 38 5 38 0 38 6 38 6 38 5 38 0 38 2 
273 39 4 39 0 39 0 39 4 39 5 39 0 39 6 39 6 39 5 39 0 39 2 
280 40 4.4 40 0 40 0 40 4 40 4 40 0 40 4 40 4 40 4 40 0 40 6 
288 41 3 41 0 41 0 41 3 41 4 41 0 41 4 41 4 41 4 41 0 41 6 
303 42 2.83333 42 0 42 0 42 2 42 3 42 0 42 3 42 3 42 3 42 0 42 3 
306 43 2 43 0 43 0 43 2 43 3 43 0 43 2 43 3 43 3 43 0 43 3 
310 44 4 44 0 44 0 44 2 44 3 44 0 44 2 44 2 44 3 44 0 44 6 
333 45 4.66667 45 0 45 0 45 6 45 3 45 0 45 4 45 4 45 3 45 0 45 6 
334 46 6 46 0 46 0 46 6 46 6 46 0 46 4 46 4 46 3 46 0 46 6 
340 47 4.5 47 0 47 0 47 6 47 6 47 0 47 6 47 6 47 6 47 0 47 0 
348 48 4 48 0 48 0 48 4 48 6 48 0 48 6 48 6 48 6 48 0 48 0 
351 49 3.5 49 0 49 0 49 4 49 4 49 0 49 3 49 6 49 6 49 0 49 0 
352 50 4 50 0 50 0 50 4 50 4 50 0 50 3 50 4 50 6 50 0 50 0 
355 51 3.5 51 0 51 0 51 4 51 4 51 0 51 3 51 4 51 4 51 0 51 3 
366 52 5 52 0 52 0 52 4 52 4 52 0 52 5 52 4 52 4 52 0 52 3 
370 53 4 53 0 53 0 53 4 53 4 53 0 53 5 53 4 53 4 53 0 53 4 
378 54 0 54 0 54 0 54 0 54 4 54 0 54 5 54 4 54 4 54 0 54 4 
385 55 1.2 55 0 55 0 55 0 55 0 55 0 55 0 55 0 55 0 55 0 55 6 
393 56 2 56 0 56 0 56 2 56 0 56 0 56 0 56 0 56 0 56 0 56 6 
400 57 4 57 0 57 0 57 2 57 0 57 0 57 0 57 0 57 0 57 0 57 4 
415 58 3.5 58 0 58 0 58 4 58 0 58 0 58 0 58 0 58 0 58 0 58 3 
423 59 3 59 0 59 0 59 3 59 0 59 0 59 0 59 0 59 0 59 0 59 3 
430 60 0 60 0 60 0 60 3 60 0 60 0 60 0 60 0 60 0 60 0 60 0 
473 61 2.5 61 0 61 0 61 0 61 0 61 0 61 0 61 0 61 5 61 0 61 0 
488 62 4 62 0 62 0 62 0 62 0 62 0 62 0 62 0 62 4 62 0 62 0 
503 63 3 63 0 63 0 63 0 63 0 63 0 63 0 63 0 63 3 63 0 63 0 
518 64 4 64 0 64 0 64 0 64 0 64 0 64 0 64 0 64 4 64 0 64 0 
533 65 2 65 0 65 0 65 0 65 0 65 0 65 0 65 0 65 2 65 0 65 0 
548 66 0 66 0 66 0 66 0 66 0 66 0 66 0 66 0 66 0 66 0 66 0 
603 67 2 67 0 67 0 67 2 67 0 67 0 67 0 67 0 67 0 67 0 67 0 
618 68 4 68 0 68 0 68 4 68 0 68 0 68 0 68 0 68 0 68 0 68 0 
633 69 6 69 0 69 0 69 6 69 0 69 0 69 0 69 0 69 0 69 0 69 0 
638 70 2 70 0 70 0 70 6 70 0 70 0 70 0 70 0 70 2 70 0 70 0 
648 71 3 71 0 71 0 71 3 71 0 71 0 71 0 71 0 71 2 71 0 71 0 
653 72 4 72 0 72 0 72 3 72 0 72 0 72 0 72 0 72 4 72 0 72 0 
663 73 0 73 0 73 0 73 0 73 0 73 0 73 0 73 0 73 4 73 0 73 0 
668 74 6 74 0 74 0 74 0 74 0 74 0 74 0 74 0 74 6 74 0 74 0 
678 75 1 75 0 75 0 75 1 75 0 75 0 75 0 75 0 75 6 75 0 75 0 
683 76 3 76 0 76 0 76 1 76 0 76 0 76 0 76 0 76 3 76 0 76 0 
693 77 4 77 0 77 0 77 4 77 0 77 0 77 0 77 0 77 3 77 0 77 0 
698 78 2 78 0 78 0 78 4 78 0 78 0 78 0 78 0 78 2 78 0 78 0 
712 79 3 79 0 79 0 79 4 79 0 79 0 79 0 79 3 79 2 79 0 79 0 
713 80 4 80 0 80 0 80 4 80 0 80 0 80 0 80 3 80 4 80 0 80 0 
723 81 3 81 0 81 0 81 3 81 0 81 0 81 0 81 3 81 4 81 0 81 0 
738 82 1 82 0 82 0 82 1 82 0 82 0 82 0 82 3 82 4 82 0 82 0 
742 83 4 83 0 83 0 83 1 83 0 83 0 83 0 83 4 83 4 83 0 83 0 
743 84 1 84 0 84 0 84 1 84 0 84 0 84 0 84 4 84 1 84 0 84 0 
753 85 0 85 0 85 0 85 0 85 0 85 0 85 0 85 4 85 1 85 0 85 0 
787 86 1.5 86 0 86 0 86 0 86 0 86 0 86 0 86 3 86 0 86 0 86 0 
802 87 4 87 0 87 0 87 0 87 0 87 0 87 0 87 4 87 0 87 0 87 0 
817 88 2 88 0 88 0 88 0 88 0 88 0 88 0 88 2 88 0 88 0 88 0 
832 89 4 89 0 89 0 89 0 89 0 89 0 89 0 89 4 89 0 89 0 89 0 
847 90 3 90 0 90 0 90 0 90 0 90 0 90 0 90 3 90 0 90 0 90 0 
862 91 4 91 0 91 0 91 0 91 0 91 0 91 0 91 4 91 0 91 0 91 0 
906 92 2 92 0 92 0 92 0 92 0 92 0 92 2 92 4 92 0 92 0 92 0 
907 93 1 93 0 93 0 93 0 93 0 93 0 93 2 93 1 93 0 93 0 93 0 
921 94 6 94 0 94 0 94 0 94 0 94 0 94 6 94 1 94 0 94 0 94 0 
922 95 0 95 0 95 0 95 0 95 0 95 0 95 6 95 0 95 0 95 0 95 0 
936 96 4 96 0 96 0 96 0 96 0 96 0 96 4 96 0 96 0 96 0 96 0 
951 97 3 97 0 97 0 97 0 97 0 97 0 97 3 97 0 97 0 97 0 97 0 
966 98 4 98 0 98 0 98 0 98 0 98 0 98 4 98 0 98 0 98 0 98 0 
996 99 -2 99 0 99 0 99 0 99 0 99 0 99 -2 99 0 99 0 99 0 99 0 
1011 100 0 100 0 100 0 100 0 100 0 100 0 100 0 100 0 100 0 100 0 100 0 
1056 101 2 101 0 101 0 101 0 101 0 101 0 101 2 101 0 101 0 101 0 101 0 
1071 102 3 102 0 102 0 102 0 102 0 102 0 102 3 102 0 102 0 102 0 102 0 
1086 103 1 103 0 103 0 103 0 103 0 103 0 103 1 103 0 103 0 103 0 103 0 
1101 104 0 104 0 104 0 104 0 104 0 104 0 104 0 104 0 104 0 104 0 104 0 
1132 105 3 105 0 105 0 105 0 105 0 105 0 105 0 105 3 105 0 105 0 105 0 
1162 106 4 106 0 106 0 106 0 106 0 106 0 106 0 106 4 106 0 106 0 106 0 
1192 107 6 107 0 107 0 107 0 107 0 107 0 107 0 107 6 107 0 107 0 107 0 
1207 108 3 108 0 108 0 108 0 108 0 108 0 108 0 108 3 108 0 108 0 108 0 
1222 109 0 109 0 109 0 109 0 109 0 109 0 109 0 109 0 109 0 109 0 109 0 
1345 110 4 110 0 110 0 110 0 110 0 110 0 110 0 110 0 110 0 110 0 110 4 
1360 111 6 111 0 111 0 111 0 111 0 111 0 111 0 111 0 111 0 111 0 111 6 
1375 112 3 112 0 112 0 112 0 112 0 112 0 112 0 112 0 112 0 112 0 112 3 
1390 113 4 113 0 113 0 113 0 113 0 113 0 113 0 113 0 113 0 113 0 113 4 
1435 114 3 114 0 114 0 114 0 114 0 114 0 114 0 114 0 114 0 114 0 114 3 
1450 115 4 115 0 115 0 115 0 115 0 115 0 115 0 115 0 115 0 115 0 115 4 
1465 116 1 116 0 116 0 116 0 116 0 116 0 116 0 116 0 116 0 116 0 116 1 
1474 117 3 117 0 117 0 117 0 117 3 117 0 117 0 117 0 117 0 117 0 117 1 
1480 118 0 118 0 118 0 118 0 118 3 118 0 118 0 118 0 118 0 118 0 118 0 
1489 119 67 119 0 119 0 119 0 119 67 119 0 119 0 119 0 119 0 119 0 119 0 
1504 120 4 120 0 120 0 120 0 120 4 120 0 120 0 120 0 120 0 120 0 120 0 
1519 121 1 121 0 121 0 121 0 121 1 121 0 121 0 121 0 121 0 121 0 121 0 
1534 122 0 122 0 122 0 122 0 122 0 122 0 122 0 122 0 122 0 122 0 122 0 
1549 123 3 123 0 123 0 123 0 123 3 123 0 123 0 123 0 123 0 123 0 123 0 
1564 124 4 124 0 124 0 124 0 124 4 124 0 124 0 124 0 124 0 124 0 124 0 
1579 125 3 125 0 125 0 125 0 125 3 125 0 125 0 125 0 125 0 125 0 125 0 
1594 126 4 126 0 126 0 126 0 126 4 126 0 126 0 126 0 126 0 126 0 126 0 
1624 127 0 127 0 127 0 127 0 127 0 127 0 127 0 127 0 127 0 127 0 127 0 
1656 128 3 128 0 128 0 128 0 128 0 128 0 128 3 128 0 128 0 128 0 128 0 
1686 129 4 129 0 129 0 129 0 129 0 129 0 129 4 129 0 129 0 129 0 129 0 
1731 130 3 130 0 130 0 130 0 130 0 130 0 130 3 130 0 130 0 130 0 130 0 
1746 131 4 131 0 131 0 131 0 131 0 131 0 131 4 131 0 131 0 131 0 131 0 
1761 132 0 132 0 132 0 132 0 132 0 132 0 132 0 132 0 132 0 132 0 132 0 
2631 133 3 133 0 133 0 133 0 133 0 133 0 133 3 133 0 133 0 133 0 133 0 
2646 134 4 134 0 134 0 134 0 134 0 134 0 134 4 134 0 134 0 134 0 134 0 
2676 135 23 135 0 135 0 135 0 135 0 135 0 135 23 135 0 135 0 135 0 135 0 
2691 136 3 136 0 136 0 136 0 136 0 136 0 136 3 136 0 136 0 136 0 136 0 
2706 137 4 137 0 137 0 137 0 137 0 137 0 137 4 137 0 137 0 137 0 137 0 
2736 138 0 138 0 138 0 138 0 138 0 138 0 138 0 138 0 138 0 138 0 138 0 
3424 139 1 139 0 139 0 139 0 139 1 139 0 139 0 139 0 139 0 139 0 139 0 
3439 140 3 140 0 140 0 140 0 140 3 140 0 140 0 140 0 140 0 140 0 140 0 
3454 141 4 141 0 141 0 141 0 141 4 141 0 141 0 141 0 141 0 141 0 141 0 
3499 142 3 142 0 142 0 142 0 142 3 142 0 142 0 142 0 142 0 142 0 142 0 
3514 143 4 143 0 143 0 143 0 143 4 143 0 143 0 143 0 143 0 143 0 143 0 
3559 144 5 144 0 144 0 144 0 144 5 144 0 144 0 144 0 144 0 144 0 144 0 
3574 145 0 145 0 145 0 145 0 145 0 145 0 145 0 145 0 145 0 145 0 145 0 
3589 146 -1 146 0 146 0 146 0 146 -1 146 0 146 0 146 0 146 0 146 0 146 0 
3604 147 0 147 0 147 0 147 0 147 0 147 0 147 0 147 0 147 0 147 0 147 0 
3709 148 3 148 0 148 0 148 0 148 3 148 0 148 0 148 0 148 0 148 0 148 0 
3724 149 4 149 0 149 0 149 0 149 4 149 0 149 0 149 0 149 0 149 0 149 0 
3739 150 13 150 0 150 0 150 0 150 13 150 0 150 0 150 0 150 0 150 0 150 0 
3754 151 0 151 0 151 0 151 0 151 0 151 0 151 0 151 0 151 0 151 0 151 0 
4900 152 13 152 0 152 0 152 0 152 0 152 0 152 0 152 0 152 0 152 0 152 13 
4915 153 3 153 0 153 0 153 0 153 0 153 0 153 0 153 0 153 0 153 0 153 3 
4930 154 4 154 0 154 0 154 0 154 0 154 0 154 0 154 0 154 0 154 0 154 4 
4945 155 6 155 0 155 0 155 0 155 0 155 0 155 0 155 0 155 0 155 0 155 6 
4960 156 4 156 0 156 0 156 0 156 0 156 0 156 0 156 0 156 0 156 0 156 4 
4975 157 3 157 0 157 0 157 0 157 0 157 0 157 0 157 0 157 0 157 0 157 3 
4990 158 4 158 0 158 0 158 0 158 0 158 0 158 0 158 0 158 0 158 0 158 4 
5020 159 5 159 0 159 0 159 0 159 0 159 0 159 0 159 0 159 0 159 0 159 5 
5035 160 3 160 0 160 0 160 0 160 0 160 0 160 0 160 0 160 0 160 0 160 3 
5050 161 0 161 0 161 0 161 0 161 0 161 0 161 0 161 0 161 0 161 0 161 0 
5140 162 4 162 0 162 0 162 0 162 0 162 0 162 0 162 0 162 0 162 0 162 4 
5155 163 3 163 0 163 0 163 0 163 0 163 0 163 0 163 0 163 0 163 0 163 3 
5170 164 4 164 0 164 0 164 0 164 0 164 0 164 0 164 0 164 0 164 0 164 4 
5215 165 3 165 0 165 0 165 0 165 0 165 0 165 0 165 0 165 0 165 0 165 3 
5230 166 4 166 0 166 0 166 0 166 0 166 0 166 0 166 0 166 0 166 0 166 4 
5260 167 3 167 0 167 0 167 0 167 0 167 0 167 0 167 0 167 0 167 0 167 3 
5275 168 0 168 0 168 0 168 0 168 0 168 0 168 0 168 0 168 0 168 0 168 0 
5387 169 4 169 0 169 4 169 0 169 0 169 0 169 0 169 0 169 0 169 0 169 0 
5402 170 10 170 0 170 10 170 0 170 0 170 0 170 0 170 0 170 0 170 0 170 0 
5417 171 12 171 0 171 12 171 0 171 0 171 0 171 0 171 0 171 0 171 0 171 0 
5432 172 2 172 0 172 2 172 0 172 0 172 0 172 0 172 0 172 0 172 0 172 0 
5447 173 0 173 0 173 0 173 0 173 0 173 0 173 0 173 0 173 0 173 0 173 0 
5613 174 7 174 0 174 0 174 7 174 0 174 0 174 0 174 0 174 0 174 0 174 0 
5618 175 3 175 0 175 0 175 7 175 0 175 0 175 0 175 0 175 3 175 0 175 0 
5628 176 10 176 0 176 0 176 10 176 0 176 0 176 0 176 0 176 3 176 0 176 0 
5643 177 9.5 177 0 177 0 177 9 177 0 177 0 177 0 177 0 177 10 177 0 177 0 
5648 178 4 178 0 178 0 178 9 178 0 178 0 178 0 178 0 178 4 178 0 178 0 
5658 179 2 179 0 179 0 179 2 179 0 179 0 179 0 179 0 179 4 179 0 179 0 
5663 180 9 180 0 180 0 180 2 180 0 180 0 180 0 180 0 180 9 180 0 180 0 
5673 181 0 181 0 181 0 181 0 181 0 181 0 181 0 181 0 181 9 181 0 181 0 
5678 182 2 182 0 182 0 182 0 182 0 182 0 182 0 182 0 182 2 182 0 182 0 
5693 183 0 183 0 183 0 183 0 183 0 183 0 183 0 183 0 183 0 183 0 183 0 
6602 184 2 184 0 184 2 184 0 184 0 184 0 184 0 184 0 184 0 184 0 184 0 
6617 185 4 185 0 185 4 185 0 185 0 185 0 185 0 185 0 185 0 185 0 185 0 
6647 186 3 186 0 186 3 186 0 186 0 186 0 186 0 186 0 186 0 186 0 186 0 
6662 187 4 187 0 187 4 187 0 187 0 187 0 187 0 187 0 187 0 187 0 187 0 
6683 188 3 188 0 188 4 188 0 188 0 188 0 188 0 188 0 188 3 188 0 188 0 
6698 189 4 189 0 189 4 189 0 189 0 189 0 189 0 189 0 189 4 189 0 189 0 
6707 190 3 190 0 190 3 190 0 190 0 190 0 190 0 190 0 190 4 190 0 190 0 
6722 191 4 191 0 191 4 191 0 191 0 191 0 191 0 191 0 191 4 191 0 191 0 
6743 192 3 192 0 192 4 192 0 192 0 192 0 192 0 192 0 192 3 192 0 192 0 
6758 193 4 193 0 193 4 193 0 193 0 193 0 193 0 193 0 193 4 193 0 193 0 
6767 194 3 194 0 194 3 194 0 194 0 194 0 194 0 194 0 194 4 194 0 194 0 
6782 195 4 195 0 195 4 195 0 195 0 195 0 195 0 195 0 195 4 195 0 195 0 
6803 196 42 196 0 196 4 196 0 196 0 196 0 196 0 196 0 196 42 196 0 196 0 
6812 197 2 197 0 197 2 197 0 197 0 197 0 197 0 197 0 197 42 197 0 197 0 
6818 198 4 198 0 198 2 198 0 198 0 198 0 198 0 198 0 198 4 198 0 198 0 
6827 199 0 199 0 199 0 199 0 199 0 199 0 199 0 199 0 199 4 199 0 199 0 
6863 200 2 200 0 200 0 200 0 200 0 200 0 200 0 200 0 200 2 200 0 200 0 
6878 201 0 201 0 201 0 201 0 201 0 201 0 201 0 201 0 201 0 201 0 201 0 
7098 202 5 202 0 202 0 202 5 202 0 202 0 202 0 202 0 202 0 202 0 202 0 
7113 203 4 203 0 203 0 203 4 203 0 203 0 203 0 203 0 203 0 203 0 203 0 
7128 204 15 204 0 204 0 204 15 204 0 204 0 204 0 204 0 204 0 204 0 204 0 
7143 205 3 205 0 205 0 205 3 205 0 205 0 205 0 205 0 205 0 205 0 205 0 
7158 206 4 206 0 206 0 206 4 206 0 206 0 206 0 206 0 206 0 206 0 206 0 
7188 207 6 207 0 207 0 207 6 207 0 207 0 207 0 207 0 207 0 207 0 207 0 
7203 208 1 208 0 208 0 208 1 208 0 208 0 208 0 208 0 208 0 208 0 208 0 
7218 209 0 209 0 209 0 209 0 209 0 209 0 209 0 209 0 209 0 209 0 209 0 
9109 210 3 210 0 210 0 210 0 210 3 210 0 210 0 210 0 210 0 210 0 210 0 
9124 211 10 211 0 211 0 211 0 211 10 211 0 211 0 211 0 211 0 211 0 211 0 
9139 212 5 212 0 212 0 212 0 212 5 212 0 212 0 212 0 212 0 212 0 212 0 
9154 213 10 213 0 213 0 213 0 213 10 213 0 213 0 213 0 213 0 213 0 213 0 
9169 214 0 214 0 214 0 214 0 214 0 214 0 214 0 214 0 214 0 214 0 214 0 
11165 215 7 215 0 215 0 215 0 215 0 215 7 215 0 215 0 215 0 215 0 215 0 
11180 216 6 216 0 216 0 216 0 216 0 216 6 216 0 216 0 216 0 216 0 216 0 
11195 217 13 217 0 217 0 217 0 217 0 217 13 217 0 217 0 217 0 217 0 217 0 
11210 218 2 218 0 218 0 218 0 218 0 218 2 218 0 218 0 218 0 218 0 218 0 
11225 219 9 219 0 219 0 219 0 219 0 219 9 219 0 219 0 219 0 219 0 219 0 
11240 220 12 220 0 220 0 220 0 220 0 220 12 220 0 220 0 220 0 220 0 220 0 
11255 221 7 221 0 221 0 221 0 221 0 221 7 221 0 221 0 221 0 221 0 221 0 
11270 222 2 222 0 222 0 222 0 222 0 222 2 222 0 222 0 222 0 222 0 222 0 
11285 223 4 223 0 223 0 223 0 223 0 223 4 223 0 223 0 223 0 223 0 223 0 
11300 224 6 224 0 224 0 224 0 224 0 224 6 224 0 224 0 224 0 224 0 224 0 
11315 225 5 225 0 225 0 225 0 225 0 225 5 225 0 225 0 225 0 225 0 225 0 
11345 226 1 226 0 226 0 226 0 226 0 226 1 226 0 226 0 226 0 226 0 226 0 
11360 227 4 227 0 227 0 227 0 227 0 227 4 227 0 227 0 227 0 227 0 227 0 
11375 228 3 228 0 228 0 228 0 228 0 228 3 228 0 228 0 228 0 228 0 228 0 
11390 229 6 229 0 229 0 229 0 229 0 229 6 229 0 229 0 229 0 229 0 229 0 
11420 230 0 230 0 230 0 230 0 230 0 230 0 230 0 230 0 230 0 230 0 230 0 
11465 231 2 231 0 231 0 231 0 231 0 231 2 231 0 231 0 231 0 231 0 231 0 
11480 232 4 232 0 232 0 232 0 232 0 232 4 232 0 232 0 232 0 232 0 232 0 
11495 233 3 233 0 233 0 233 0 233 0 233 3 233 0 233 0 233 0 233 0 233 0 
11510 234 8 234 0 234 0 234 0 234 0 234 8 234 0 234 0 234 0 234 0 234 0 
11525 235 4 235 0 235 0 235 0 235 0 235 4 235 0 235 0 235 0 235 0 235 0 
11540 236 6 236 0 236 0 236 0 236 0 236 6 236 0 236 0 236 0 236 0 236 0 
11555 237 0 237 0 237 0 237 0 237 0 237 0 237 0 237 0 237 0 237 0 237 0 
11753 238 9 238 0 238 0 238 0 238 0 238 0 238 0 238 0 238 9 238 0 238 0 
11768 239 12 239 0 239 0 239 0 239 0 239 0 239 0 239 0 239 12 239 0 239 0 
11778 240 1 240 0 240 0 240 1 240 0 240 0 240 0 240 0 240 12 240 0 240 0 
11783 241 7 241 0 241 0 241 1 241 0 241 0 241 0 241 0 241 7 241 0 241 0 
11793 242 0 242 0 242 0 242 0 242 0 242 0 242 0 242 0 242 7 242 0 242 0 
11828 243 6 243 0 243 0 243 0 243 0 243 0 243 0 243 0 243 6 243 0 243 0 
11843 244 13 244 0 244 0 244 0 244 0 244 0 244 0 244 0 244 13 244 0 244 0 
11858 245 2 245 0 245 0 245 0 245 0 245 0 245 0 245 0 245 2 245 0 245 0 
11873 246 4 246 0 246 0 246 0 246 0 246 0 246 0 246 0 246 4 246 0 246 0 
11903 247 5 247 0 247 0 247 0 247 0 247 0 247 0 247 0 247 5 247 0 247 0 
11918 248 4 248 0 248 0 248 0 248 0 248 0 248 0 248 0 248 4 248 0 248 0 
11933 249 3 249 0 249 0 249 0 249 0 249 0 249 0 249 0 249 3 249 0 249 0 
11978 250 6 250 0 250 0 250 0 250 0 250 0 250 0 250 0 250 6 250 0 250 0 
12008 251 4 251 0 251 0 251 0 251 0 251 0 251 0 251 0 251 4 251 0 251 0 
12023 252 0 252 0 252 0 252 0 252 0 252 0 252 0 252 0 252 0 252 0 252 0 
12143 253 3 253 0 253 0 253 0 253 0 253 0 253 0 253 0 253 3 253 0 253 0 
12158 254 4 254 0 254 0 254 0 254 0 254 0 254 0 254 0 254 4 254 0 254 0 
12169 255 2 255 0 255 0 255 0 255 2 255 0 255 0 255 0 255 4 255 0 255 0 
12173 256 15 256 0 256 0 256 0 256 2 256 0 256 0 256 0 256 15 256 0 256 0 
12184 257 4 257 0 257 0 257 0 257 4 257 0 257 0 257 0 257 15 257 0 257 0 
12188 258 3 258 0 258 0 258 0 258 4 258 0 258 0 258 0 258 3 258 0 258 0 
12203 259 2 259 0 259 0 259 0 259 3 259 0 259 0 259 0 259 1 259 0 259 0 
12214 260 4 260 0 260 0 260 0 260 4 260 0 260 0 260 0 260 1 260 0 260 0 
12244 261 5 261 0 261 0 261 0 261 6 261 0 261 0 261 0 261 4 261 0 261 0 
12248 262 2 262 0 262 0 262 0 262 6 262 0 262 0 262 0 262 2 262 0 262 0 
12259 263 3 263 0 263 0 263 0 263 3 263 0 263 0 263 0 263 2 263 0 263 0 
12263 264 0 264 0 264 0 264 0 264 3 264 0 264 0 264 0 264 0 264 0 264 0 
12274 265 4 265 0 265 0 265 0 265 4 265 0 265 0 265 0 265 0 265 0 265 0 
12278 266 2 266 0 266 0 266 0 266 4 266 0 266 0 266 0 266 2 266 0 266 0 
12293 267 4 267 0 267 0 267 0 267 4 267 0 267 0 267 0 267 4 267 0 267 0 
12308 268 14 268 0 268 0 268 0 268 4 268 0 268 0 268 0 268 14 268 0 268 0 
12319 269 3 269 0 269 0 269 0 269 3 269 0 269 0 269 0 269 14 269 0 269 0 
12323 270 0 270 0 270 0 270 0 270 3 270 0 270 0 270 0 270 0 270 0 270 0 
12334 271 4 271 0 271 0 271 0 271 4 271 0 271 0 271 0 271 0 271 0 271 0 
12364 272 19 272 0 272 0 272 0 272 19 272 0 272 0 272 0 272 0 272 0 272 0 
12379 273 0 273 0 273 0 273 0 273 0 273 0 273 0 273 0 273 0 273 0 273 0 
15590 274 6 274 0 274 0 274 0 274 0 274 6 274 0 274 0 274 0 274 0 274 0 
15605 275 4 275 0 275 0 275 0 275 0 275 4 275 0 275 0 275 0 275 0 275 0 
15635 276 3 276 0 276 0 276 0 276 0 276 3 276 0 276 0 276 0 276 0 276 0 
15650 277 19 277 0 277 0 277 0 277 0 277 19 277 0 277 0 277 0 277 0 277 0 
15665 278 4 278 0 278 0 278 0 278 0 278 4 278 0 278 0 278 0 278 0 278 0 
15695 279 3 279 0 279 0 279 0 279 0 279 3 279 0 279 0 279 0 279 0 279 0 
15710 280 1 280 0 280 0 280 0 280 0 280 1 280 0 280 0 280 0 280 0 280 0 
15725 281 0 281 0 281 0 281 0 281 0 281 0 281 0 281 0 281 0 281 0 281 0 
15905 282 4 282 0 282 0 282 0 282 0 282 4 282 0 282 0 282 0 282 0 282 0 
15935 283 3 283 0 283 0 283 0 283 0 283 3 283 0 283 0 283 0 283 0 283 0 
15950 284 4 284 0 284 0 284 0 284 0 284 4 284 0 284 0 284 0 284 0 284 0 
15995 285 3 285 0 285 0 285 0 285 0 285 3 285 0 285 0 285 0 285 0 285 0 
16025 286 0 286 0 286 0 286 0 286 0 286 0 286 0 286 0 286 0 286 0 286 0 
17198 287 12 287 0 287 0 287 0 287 0 287 0 287 0 287 0 287 12 287 0 287 0 
17213 288 6 288 0 288 0 288 0 288 0 288 0 288 0 288 0 288 6 288 0 288 0 
17228 289 10 289 0 289 0 289 0 289 0 289 0 289 0 289 0 289 10 289 0 289 0 
17239 290 7 290 0 290 0 290 0 290 7 290 0 290 0 290 0 290 10 290 0 290 0 
17243 291 0 291 0 291 0 291 0 291 7 291 0 291 0 291 0 291 0 291 0 291 0 
17254 292 6 292 0 292 0 292 0 292 6 292 0 292 0 292 0 292 0 292 0 292 0 
17269 293 14 293 0 293 0 293 0 293 14 293 0 293 0 293 0 293 0 293 0 293 0 
17284 294 7 294 0 294 0 294 0 294 7 294 0 294 0 294 0 294 0 294 0 294 0 
17299 295 3 295 0 295 0 295 0 295 3 295 0 295 0 295 0 295 0 295 0 295 0 
17314 296 12 296 0 296 0 296 0 296 12 296 0 296 0 296 0 296 0 296 0 296 0 
17329 297 7 297 0 297 0 297 0 297 7 297 0 297 0 297 0 297 0 297 0 297 0 
17344 298 3 298 0 298 0 298 0 298 3 298 0 298 0 298 0 298 0 298 0 298 0 
17374 299 6 299 0 299 0 299 0 299 6 299 0 299 0 299 0 299 0 299 0 299 0 
17389 300 4 300 0 300 0 300 0 300 4 300 0 300 0 300 0 300 0 300 0 300 0 
17419 301 1 301 0 301 0 301 0 301 1 301 0 301 0 301 0 301 0 301 0 301 0 
17434 302 6 302 0 302 0 302 0 302 6 302 0 302 0 302 0 302 0 302 0 302 0 
17449 303 4 303 0 303 0 303 0 303 4 303 0 303 0 303 0 303 0 303 0 303 0 
17464 304 6 304 0 304 0 304 0 304 6 304 0 304 0 304 0 304 0 304 0 304 0 
17479 305 7 305 0 305 0 305 0 305 7 305 0 305 0 305 0 305 0 305 0 305 0 
17494 306 0 306 0 306 0 306 0 306 0 306 0 306 0 306 0 306 0 306 0 306 0 
17884 307 3 307 0 307 0 307 0 307 3 307 0 307 0 307 0 307 0 307 0 307 0 
17914 308 4 308 0 308 0 308 0 308 4 308 0 308 0 308 0 308 0 308 0 308 0 
17959 309 3 309 0 309 0 309 0 309 3 309 0 309 0 309 0 309 0 309 0 309 0 
17974 310 4 310 0 310 0 310 0 310 4 310 0 310 0 310 0 310 0 310 0 310 0 
18004 311 0 311 0 311 0 311 0 311 0 311 0 311 0 311 0 311 0 311 0 311 0 
19277 312 4 312 0 312 4 312 0 312 0 312 0 312 0 312 0 312 0 312 0 312 0 
19292 313 10 313 0 313 10 313 0 313 0 313 0 313 0 313 0 313 0 313 0 313 0 
19307 314 7 314 0 314 7 314 0 314 0 314 0 314 0 314 0 314 0 314 0 314 0 
19337 315 0 315 0 315 0 315 0 315 0 315 0 315 0 315 0 315 0 315 0 315 0 
19834 316 1 316 0 316 0 316 0 316 1 316 0 316 0 316 0 316 0 316 0 316 0 
19849 317 4 317 0 317 0 317 0 317 4 317 0 317 0 317 0 317 0 317 0 317 0 
19879 318 3 318 0 318 0 318 0 318 3 318 0 318 0 318 0 318 0 318 0 318 0 
19894 319 4 319 0 319 0 319 0 319 4 319 0 319 0 319 0 319 0 319 0 319 0 
19939 320 2 320 0 320 0 320 0 320 2 320 0 320 0 320 0 320 0 320 0 320 0 
19954 321 0 321 0 321 0 321 0 321 0 321 0 321 0 321 0 321 0 321 0 321 0 
20344 322 1 322 0 322 0 322 0 322 1 322 0 322 0 322 0 322 0 322 0 322 0 
20359 323 3 323 0 323 0 323 0 323 3 323 0 323 0 323 0 323 0 323 0 323 0 
20374 324 4 324 0 324 0 324 0 324 4 324 0 324 0 324 0 324 0 324 0 324 0 
20419 325 3 325 0 325 0 325 0 325 3 325 0 325 0 325 0 325 0 325 0 325 0 
20434 326 6 326 0 326 0 326 0 326 6 326 0 326 0 326 0 326 0 326 0 326 0 
20449 327 0 327 0 327 0 327 0 327 0 327 0 327 0 327 0 327 0 327 0 327 0 
21670 328 12 328 0 328 0 328 0 328 0 328 0 328 0 328 0 328 0 328 0 328 12 
21685 329 5 329 0 329 0 329 0 329 0 329 0 329 0 329 0 329 0 329 0 329 5 
21700 330 10 330 0 330 0 330 0 330 0 330 0 330 0 330 0 330 0 330 0 330 10 
21715 331 1 331 0 331 0 331 0 331 0 331 0 331 0 331 0 331 0 331 0 331 1 
21730 332 0 332 0 332 0 332 0 332 0 332 0 332 0 332 0 332 0 332 0 332 0 
22698 333 6 333 0 333 0 333 6 333 0 333 0 333 0 333 0 333 0 333 0 333 0 
22713 334 4 334 0 334 0 334 4 334 0 334 0 334 0 334 0 334 0 334 0 334 0 
22728 335 16 335 0 335 0 335 16 335 0 335 0 335 0 335 0 335 0 335 0 335 0 
22743 336 2 336 0 336 0 336 2 336 0 336 0 336 0 336 0 336 0 336 0 336 0 
22758 337 0 337 0 337 0 337 0 337 0 337 0 337 0 337 0 337 0 337 0 337 0 
22773 338 8 338 0 338 0 338 8 338 0 338 0 338 0 338 0 338 0 338 0 338 0 
22803 339 11 339 0 339 0 339 11 339 0 339 0 339 0 339 0 339 0 339 0 339 0 
22818 340 2 340 0 340 0 340 2 340 0 340 0 340 0 340 0 340 0 340 0 340 0 
22833 341 6 341 0 341 0 341 6 341 0 341 0 341 0 341 0 341 0 341 0 341 0 
22848 342 4 342 0 342 0 342 4 342 0 342 0 342 0 342 0 342 0 342 0 342 0 
22863 343 5 343 0 343 0 343 5 343 0 343 0 343 0 343 0 343 0 343 0 343 0 
22878 344 6 344 0 344 0 344 6 344 0 344 0 344 0 344 0 344 0 344 0 344 0 
22893 345 0 345 0 345 0 345 0 345 0 345 0 345 0 345 0 345 0 345 0 345 0 
22908 346 4 346 0 346 0 346 4 346 0 346 0 346 0 346 0 346 0 346 0 346 0 
22923 347 3 347 0 347 0 347 3 347 0 347 0 347 0 347 0 347 0 347 0 347 0 
22938 348 8 348 0 348 0 348 8 348 0 348 0 348 0 348 0 348 0 348 0 348 0 
22953 349 4 349 0 349 0 349 4 349 0 349 0 349 0 349 0 349 0 349 0 349 0 
22968 350 3 350 0 350 0 350 3 350 0 350 0 350 0 350 0 350 0 350 0 350 0 
22983 351 0 351 0 351 0 351 0 351 0 351 0 351 0 351 0 351 0 351 0 351 0 
23288 352 2 352 0 352 0 352 0 352 0 352 0 352 0 352 0 352 2 352 0 352 0 
23303 353 3 353 0 353 0 353 0 353 0 353 0 353 0 353 0 353 3 353 0 353 0 
23318 354 4 354 0 354 0 354 0 354 0 354 0 354 0 354 0 354 4 354 0 354 0 
23363 355 3 355 0 355 0 355 0 355 0 355 0 355 0 355 0 355 3 355 0 355 0 
23378 356 4 356 0 356 0 356 0 356 0 356 0 356 0 356 0 356 4 356 0 356 0 
23403 357 3 357 0 357 0 357 3 357 0 357 0 357 0 357 0 357 4 357 0 357 0 
23418 358 4 358 0 358 0 358 4 358 0 358 0 358 0 358 0 358 4 358 0 358 0 
23423 359 3 359 0 359 0 359 4 359 0 359 0 359 0 359 0 359 3 359 0 359 0 
23438 360 6 360 0 360 0 360 4 360 0 360 0 360 0 360 0 360 6 360 0 360 0 
23453 361 4 361 0 361 0 361 4 361 0 361 0 361 0 361 0 361 4 361 0 361 0 
23463 362 3 362 0 362 0 362 3 362 0 362 0 362 0 362 0 362 4 362 0 362 0 
23478 363 4 363 0 363 0 363 4 363 0 363 0 363 0 363 0 363 4 363 0 363 0 
23483 364 3 364 0 364 0 364 4 364 0 364 0 364 0 364 0 364 3 364 0 364 0 
23498 365 4 365 0 365 0 365 4 365 0 365 0 365 0 365 0 365 4 365 0 365 0 
23508 366 0 366 0 366 0 366 0 366 0 366 0 366 0 366 0 366 4 366 0 366 0 
23528 367 15 367 0 367 0 367 0 367 0 367 0 367 0 367 0 367 15 367 0 367 0 
23543 368 3 368 0 368 0 368 0 368 0 368 0 368 0 368 0 368 3 368 0 368 0 
23558 369 2 369 0 369 0 369 0 369 0 369 0 369 0 369 0 369 2 369 0 369 0 
23573 370 0 370 0 370 0 370 0 370 0 370 0 370 0 370 0 370 0 370 0 370 0 
23860 371 1 371 0 371 0 371 0 371 0 371 0 371 0 371 0 371 0 371 0 371 1 
23875 372 3 372 0 372 0 372 0 372 0 372 0 372 0 372 0 372 0 372 0 372 3 
23890 373 -2 373 0 373 0 373 0 373 0 373 0 373 0 373 0 373 0 373 0 373 -2 
23905 374 0 374 0 374 0 374 0 374 0 374 0 374 0 374 0 374 0 374 0 374 0 
24850 375 3 375 0 375 0 375 0 375 0 375 0 375 0 375 0 375 0 375 0 375 3 
24865 376 4 376 0 376 0 376 0 376 0 376 0 376 0 376 0 376 0 376 0 376 4 
24895 377 3 377 0 377 0 377 0 377 0 377 0 377 0 377 0 377 0 377 0 377 3 
24910 378 4 378 0 378 0 378 0 378 0 378 0 378 0 378 0 378 0 378 0 378 4 
24955 379 3 379 0 379 0 379 0 379 0 379 0 379 0 379 0 379 0 379 0 379 3 
24970 380 23 380 0 380 0 380 0 380 0 380 0 380 0 380 0 380 0 380 0 380 23 
24985 381 4 381 0 381 0 381 0 381 0 381 0 381 0 381 0 381 0 381 0 381 4 
25015 382 3 382 0 382 0 382 0 382 0 382 0 382 0 382 0 382 0 382 0 382 3 
25030 383 0 383 0 383 0 383 0 383 0 383 0 383 0 383 0 383 0 383 0 383 0 
25083 384 3 384 0 384 0 384 3 384 0 384 0 384 0 384 0 384 0 384 0 384 0 
25098 385 4 385 0 385 0 385 4 385 0 385 0 385 0 385 0 385 0 385 0 385 0 
25113 386 51 386 0 386 0 386 51 386 0 386 0 386 0 386 0 386 0 386 0 386 0 
25128 387 4 387 0 387 0 387 4 387 0 387 0 387 0 387 0 387 0 387 0 387 0 
25143 388 2 388 0 388 0 388 2 388 0 388 0 388 0 388 0 388 0 388 0 388 0 
25158 389 0 389 0 389 0 389 0 389 0 389 0 389 0 389 0 389 0 389 0 389 0 
25547 390 4 390 0 390 4 390 0 390 0 390 0 390 0 390 0 390 0 390 0 390 0 
25592 391 6 391 0 391 6 391 0 391 0 391 0 391 0 391 0 391 0 391 0 391 0 
25607 392 3 392 0 392 3 392 0 392 0 392 0 392 0 392 0 392 0 392 0 392 0 
25622 393 4 393 0 393 4 393 0 393 0 393 0 393 0 393 0 393 0 393 0 393 0 
25667 394 3 394 0 394 3 394 0 394 0 394 0 394 0 394 0 394 0 394 0 394 0 
25682 395 4 395 0 395 4 395 0 395 0 395 0 395 0 395 0 395 0 395 0 395 0 
25727 396 14 396 0 396 14 396 0 396 0 396 0 396 0 396 0 396 0 396 0 396 0 
25742 397 3 397 0 397 3 397 0 397 0 397 0 397 0 397 0 397 0 397 0 397 0 
25757 398 0 398 0 398 0 398 0 398 0 398 0 398 0 398 0 398 0 398 0 398 0 
26917 399 3 399 0 399 0 399 0 399 0 399 0 399 0 399 3 399 0 399 0 399 0 
26932 400 10 400 0 400 0 400 0 400 0 400 0 400 0 400 10 400 0 400 0 400 0 
26947 401 5 401 0 401 0 401 0 401 0 401 0 401 0 401 5 401 0 401 0 401 0 
26962 402 10 402 0 402 0 402 0 402 0 402 0 402 0 402 10 402 0 402 0 402 0 
26977 403 -13 403 0 403 0 403 0 403 0 403 0 403 0 403 -13 403 0 403 0 403 0 
26992 404 -14 404 0 404 0 404 0 404 0 404 0 404 0 404 -14 404 0 404 0 404 0 
