# ValueCount deltaRailways
10 0 0 0 0 0 0 0 0 0 0 0 0 0 0 0 0 0 0 0 0 0 0 
121 1 8 1 8 1 0 1 0 1 0 1 0 1 0 1 0 1 0 1 0 1 0 
123 2 7.5 2 8 2 8 2 7 2 0 2 0 2 0 2 0 2 0 2 0 2 0 
124 3 9 3 8 3 8 3 7 3 9 3 0 3 0 3 0 3 0 3 0 3 0 
127 4 8 4 8 4 8 4 7 4 9 4 0 4 0 4 8 4 0 4 0 4 0 
128 5 9 5 8 5 8 5 7 5 9 5 0 5 0 5 8 5 9 5 0 5 0 
130 6 17 6 8 6 8 6 7 6 9 6 0 6 0 6 8 6 9 6 0 6 17 
138 7 10 7 8 7 8 7 10 7 9 7 0 7 0 7 8 7 9 7 0 7 17 
139 8 7 8 8 8 8 8 10 8 7 8 0 8 0 8 8 8 9 8 0 8 17 
145 9 6.5 9 8 9 8 9 10 9 7 9 0 9 0 9 8 9 7 9 0 9 6 
151 10 11 10 11 10 8 10 10 10 7 10 0 10 0 10 8 10 7 10 0 10 6 
152 11 12 11 11 11 12 11 10 11 7 11 0 11 0 11 8 11 7 11 0 11 6 
160 12 12.5 12 11 12 12 12 10 12 12 12 0 12 0 12 12 12 12 12 0 12 14 
166 13 7 13 7 13 12 13 10 13 12 13 0 13 0 13 12 13 12 13 0 13 14 
167 14 6 14 7 14 6 14 10 14 12 14 0 14 0 14 12 14 12 14 0 14 14 
168 15 1 15 7 15 6 15 1 15 12 15 0 15 0 15 12 15 12 15 0 15 14 
169 16 7 16 7 16 6 16 1 16 7 16 0 16 0 16 12 16 12 16 0 16 14 
175 17 5 17 7 17 6 17 1 17 7 17 0 17 0 17 7 17 7 17 0 17 1 
181 18 4 18 4 18 6 18 1 18 7 18 0 18 0 18 7 18 7 18 0 18 1 
182 19 14 19 4 19 14 19 1 19 7 19 0 19 0 19 7 19 7 19 0 19 1 
183 20 0 20 4 20 14 20 0 20 7 20 0 20 0 20 7 20 7 20 0 20 1 
184 21 6 21 4 21 14 21 0 21 6 21 0 21 0 21 7 21 7 21 0 21 1 
187 22 3 22 4 22 14 22 0 22 6 22 0 22 0 22 3 22 7 22 0 22 1 
188 23 6 23 4 23 14 23 0 23 6 23 0 23 0 23 3 23 6 23 0 23 1 
190 24 9 24 4 24 14 24 0 24 6 24 0 24 0 24 3 24 6 24 0 24 9 
196 25 16 25 16 25 14 25 0 25 6 25 0 25 0 25 3 25 6 25 0 25 9 
199 26 14.5 26 16 26 16 26 0 26 13 26 0 26 0 26 3 26 6 26 0 26 9 
202 27 16 27 16 27 16 27 0 27 13 27 0 27 0 27 16 27 6 27 0 27 9 
203 28 13 28 16 28 16 28 0 28 13 28 0 28 0 28 16 28 13 28 0 28 9 
205 29 12 29 16 29 16 29 0 29 13 29 0 29 0 29 16 29 13 29 0 29 12 
211 30 2 30 2 30 16 30 0 30 13 30 0 30 0 30 16 30 13 30 0 30 12 
220 31 3 31 2 31 2 31 0 31 2 31 0 31 0 31 2 31 2 31 0 31 7 
229 32 3.33333 32 3 32 3 32 0 32 4 32 0 32 0 32 2 32 2 32 0 32 7 
232 33 4 33 3 33 3 33 0 33 4 33 0 33 0 33 4 33 2 33 0 33 7 
235 34 3 34 3 34 3 34 0 34 4 34 0 34 0 34 4 34 4 34 0 34 2 
241 35 4 35 4 35 3 35 0 35 4 35 0 35 0 35 4 35 4 35 0 35 2 
247 36 3.5 36 4 36 4 36 0 36 4 36 0 36 0 36 3 36 4 36 0 36 2 
250 37 4 37 4 37 4 37 0 37 4 37 0 37 0 37 3 37 4 37 0 37 4 
256 38 6 38 6 38 4 38 0 38 4 38 0 38 0 38 3 38 4 38 0 38 4 
259 39 10.5 39 6 39 6 39 0 39 15 39 0 39 0 39 3 39 4 39 0 39 4 
262 40 6 40 6 40 6 40 0 40 15 40 0 40 0 40 6 40 4 40 0 40 4 
263 41 5 41 6 41 6 41 0 41 15 41 0 41 0 41 6 41 5 41 0 41 4 
265 42 6 42 6 42 6 42 0 42 15 42 0 42 0 42 6 42 5 42 0 42 6 
271 43 3 43 3 43 6 43 0 43 15 43 0 43 0 43 6 43 5 43 0 43 6 
272 44 4 44 3 44 4 44 0 44 15 44 0 44 0 44 6 44 5 44 0 44 6 
274 45 14 45 3 45 4 45 0 45 14 45 0 45 0 45 6 45 5 45 0 45 6 
277 46 4 46 3 46 4 46 0 46 14 46 0 46 0 46 4 46 5 46 0 46 6 
287 47 3.75 47 4 47 3 47 0 47 14 47 0 47 0 47 4 47 4 47 0 47 4 
289 48 3 48 4 48 3 48 0 48 3 48 0 48 0 48 4 48 4 48 0 48 4 
301 49 2.66667 49 2 49 3 49 0 49 3 49 0 49 0 49 3 49 3 49 0 49 4 
302 50 2 50 2 50 2 50 0 50 3 50 0 50 0 50 3 50 3 50 0 50 4 
310 51 1.5 51 2 51 2 51 0 51 3 51 0 51 0 51 2 51 3 51 0 51 1 
316 52 14 52 14 52 2 52 0 52 3 52 0 52 0 52 2 52 3 52 0 52 1 
317 53 4 53 14 53 4 53 0 53 3 53 0 53 0 53 2 53 3 53 0 53 1 
319 54 -3 54 14 54 4 54 0 54 -3 54 0 54 0 54 2 54 3 54 0 54 1 
322 55 4 55 14 55 4 55 0 55 -3 55 0 55 0 55 4 55 3 55 0 55 1 
331 56 3.5 56 3 56 4 56 0 56 -3 56 0 56 0 56 4 56 3 56 0 56 4 
332 57 6 57 3 57 6 57 0 57 -3 57 0 57 0 57 4 57 3 57 0 57 4 
334 58 -17 58 3 58 6 58 0 58 -17 58 0 58 0 58 4 58 3 58 0 58 4 
337 59 16 59 3 59 6 59 0 59 -17 59 0 59 0 59 16 59 3 59 0 59 4 
338 60 6 60 3 60 6 60 0 60 -17 60 0 60 0 60 16 60 6 60 0 60 4 
347 61 4.5 61 6 61 3 61 0 61 -17 61 0 61 0 61 16 61 6 61 0 61 4 
352 62 4 62 6 62 3 62 0 62 -17 62 0 62 0 62 4 62 6 62 0 62 4 
355 63 4.5 63 6 63 3 63 0 63 -17 63 0 63 0 63 4 63 4 63 0 63 5 
361 64 5 64 5 64 3 64 0 64 -17 64 0 64 0 64 4 64 4 64 0 64 5 
364 65 -7.5 65 5 65 5 65 0 65 -20 65 0 65 0 65 4 65 4 65 0 65 5 
370 66 6 66 5 66 5 66 0 66 -20 66 0 66 0 66 4 66 4 66 0 66 6 
376 67 0 67 0 67 5 67 0 67 -20 67 0 67 0 67 4 67 4 67 0 67 6 
379 68 -1.5 68 0 68 0 68 0 68 -3 68 0 68 0 68 4 68 4 68 0 68 6 
382 69 0 69 0 69 0 69 0 69 -3 69 0 69 0 69 0 69 4 69 0 69 6 
393 70 1 70 0 70 0 70 3 70 -3 70 0 70 0 70 0 70 0 70 0 70 0 
394 71 -7 71 0 71 0 71 3 71 -7 71 0 71 0 71 0 71 0 71 0 71 0 
398 72 1 72 0 72 0 72 3 72 -7 72 0 72 0 72 0 72 1 72 0 72 0 
408 73 4 73 0 73 0 73 4 73 -7 73 0 73 0 73 0 73 1 73 0 73 0 
423 74 3.5 74 0 74 0 74 3 74 -7 74 0 74 0 74 0 74 4 74 0 74 0 
424 75 -4 75 0 75 0 75 3 75 -4 75 0 75 0 75 0 75 4 75 0 75 0 
438 76 4 76 0 76 0 76 4 76 -4 76 0 76 0 76 0 76 4 76 0 76 0 
439 77 -1 77 0 77 0 77 4 77 -1 77 0 77 0 77 0 77 4 77 0 77 0 
443 78 3 78 0 78 0 78 4 78 -1 78 0 78 0 78 0 78 3 78 0 78 0 
454 79 0 79 0 79 0 79 4 79 0 79 0 79 0 79 0 79 3 79 0 79 0 
458 80 4 80 0 80 0 80 4 80 0 80 0 80 0 80 0 80 4 80 0 80 0 
468 81 15 81 0 81 0 81 15 81 0 81 0 81 0 81 0 81 4 81 0 81 0 
472 82 1 82 0 82 0 82 15 82 0 82 0 82 0 82 1 82 4 82 0 82 0 
483 83 3 83 0 83 0 83 3 83 0 83 0 83 0 83 1 83 4 83 0 83 0 
488 84 2.5 84 0 84 0 84 3 84 0 84 0 84 0 84 3 84 2 84 0 84 0 
498 85 1 85 0 85 0 85 1 85 0 85 0 85 0 85 3 85 2 85 0 85 0 
502 86 4 86 0 86 0 86 1 86 0 86 0 86 0 86 4 86 2 86 0 86 0 
503 87 0 87 0 87 0 87 1 87 0 87 0 87 0 87 4 87 0 87 0 87 0 
547 88 1.5 88 0 88 0 88 0 88 0 88 0 88 0 88 3 88 0 88 0 88 0 
562 89 4 89 0 89 0 89 0 89 0 89 0 89 0 89 4 89 0 89 0 89 0 
577 90 3 90 0 90 0 90 0 90 0 90 0 90 0 90 3 90 0 90 0 90 0 
592 91 0 91 0 91 0 91 0 91 0 91 0 91 0 91 0 91 0 91 0 91 0 
607 92 1 92 0 92 0 92 0 92 0 92 0 92 0 92 1 92 0 92 0 92 0 
622 93 4 93 0 93 0 93 0 93 0 93 0 93 0 93 4 93 0 93 0 93 0 
667 94 3 94 0 94 0 94 0 94 0 94 0 94 0 94 3 94 0 94 0 94 0 
682 95 4 95 0 95 0 95 0 95 0 95 0 95 0 95 4 95 0 95 0 95 0 
683 96 3 96 0 96 0 96 0 96 0 96 0 96 0 96 4 96 3 96 0 96 0 
692 97 4 97 0 97 4 97 0 97 0 97 0 97 0 97 4 97 3 97 0 97 0 
697 98 1 98 0 98 4 98 0 98 0 98 0 98 0 98 1 98 3 98 0 98 0 
698 99 14 99 0 99 4 99 0 99 0 99 0 99 0 99 1 99 14 99 0 99 0 
707 100 3 100 0 100 3 100 0 100 0 100 0 100 0 100 1 100 14 100 0 100 0 
712 101 0 101 0 101 3 101 0 101 0 101 0 101 0 101 0 101 14 101 0 101 0 
713 102 4 102 0 102 3 102 0 102 0 102 0 102 0 102 0 102 4 102 0 102 0 
727 103 3 103 0 103 4 103 0 103 0 103 0 103 0 103 2 103 4 103 0 103 0 
742 104 14 104 0 104 4 104 0 104 0 104 0 104 0 104 14 104 4 104 0 104 0 
743 105 3 105 0 105 4 105 0 105 0 105 0 105 0 105 14 105 3 105 0 105 0 
757 106 4 106 0 106 4 106 0 106 0 106 0 106 0 106 4 106 3 106 0 106 0 
767 107 3 107 0 107 3 107 0 107 0 107 0 107 0 107 4 107 3 107 0 107 0 
773 108 0 108 0 108 3 108 0 108 0 108 0 108 0 108 4 108 0 108 0 108 0 
782 109 4 109 0 109 4 109 0 109 0 109 0 109 0 109 4 109 0 109 0 109 0 
787 110 3 110 0 110 4 110 0 110 0 110 0 110 0 110 3 110 0 110 0 110 0 
797 111 0 111 0 111 0 111 0 111 0 111 0 111 0 111 3 111 0 111 0 111 0 
802 112 14 112 0 112 0 112 0 112 0 112 0 112 0 112 14 112 0 112 0 112 0 
817 113 2 113 0 113 0 113 0 113 0 113 0 113 0 113 2 113 0 113 0 113 0 
832 114 0 114 0 114 0 114 0 114 0 114 0 114 0 114 0 114 0 114 0 114 0 
998 115 3 115 0 115 0 115 0 115 0 115 0 115 0 115 0 115 3 115 0 115 0 
1013 116 4 116 0 116 0 116 0 116 0 116 0 116 0 116 0 116 4 116 0 116 0 
1043 117 3 117 0 117 0 117 0 117 0 117 0 117 0 117 0 117 3 117 0 117 0 
1058 118 4 118 0 118 0 118 0 118 0 118 0 118 0 118 0 118 4 118 0 118 0 
1097 119 3 119 0 119 3 119 0 119 0 119 0 119 0 119 0 119 4 119 0 119 0 
1103 120 2 120 0 120 3 120 0 120 0 120 0 120 0 120 0 120 2 120 0 120 0 
1112 121 4 121 0 121 4 121 0 121 0 121 0 121 0 121 0 121 2 121 0 121 0 
1118 122 0 122 0 122 4 122 0 122 0 122 0 122 0 122 0 122 0 122 0 122 0 
1127 123 3 123 0 123 3 123 0 123 0 123 0 123 0 123 0 123 0 123 0 123 0 
1142 124 4 124 0 124 4 124 0 124 0 124 0 124 0 124 0 124 0 124 0 124 0 
1172 125 2 125 0 125 2 125 0 125 0 125 0 125 0 125 0 125 0 125 0 125 0 
1180 126 1 126 0 126 2 126 0 126 0 126 0 126 0 126 0 126 0 126 0 126 1 
1187 127 0 127 0 127 0 127 0 127 0 127 0 127 0 127 0 127 0 127 0 127 1 
1195 128 22 128 0 128 0 128 0 128 0 128 0 128 0 128 0 128 0 128 0 128 22 
1210 129 14 129 0 129 0 129 0 129 0 129 0 129 0 129 0 129 0 129 0 129 14 
1225 130 4 130 0 130 0 130 0 130 0 130 0 130 0 130 0 130 0 130 0 130 4 
1240 131 2 131 0 131 0 131 0 131 0 131 0 131 0 131 0 131 0 131 0 131 2 
1255 132 0 132 0 132 0 132 0 132 0 132 0 132 0 132 0 132 0 132 0 132 0 
1292 133 1 133 0 133 1 133 0 133 0 133 0 133 0 133 0 133 0 133 0 133 0 
1307 134 3 134 0 134 3 134 0 134 0 134 0 134 0 134 0 134 0 134 0 134 0 
1322 135 4 135 0 135 4 135 0 135 0 135 0 135 0 135 0 135 0 135 0 135 0 
1367 136 3 136 0 136 3 136 0 136 0 136 0 136 0 136 0 136 0 136 0 136 0 
1397 137 0 137 0 137 0 137 0 137 0 137 0 137 0 137 0 137 0 137 0 137 0 
1420 138 3 138 0 138 0 138 0 138 0 138 0 138 0 138 0 138 0 138 0 138 3 
1450 139 4 139 0 139 0 139 0 139 0 139 0 139 0 139 0 139 0 139 0 139 4 
1465 140 14 140 0 140 0 140 0 140 0 140 0 140 0 140 0 140 0 140 0 140 14 
1480 141 3 141 0 141 0 141 0 141 0 141 0 141 0 141 0 141 0 141 0 141 3 
1495 142 0 142 0 142 0 142 0 142 0 142 0 142 0 142 0 142 0 142 0 142 0 
2746 143 63 143 63 143 0 143 0 143 0 143 0 143 0 143 0 143 0 143 0 143 0 
2761 144 4 144 4 144 0 144 0 144 0 144 0 144 0 144 0 144 0 144 0 144 0 
2791 145 1 145 1 145 0 145 0 145 0 145 0 145 0 145 0 145 0 145 0 145 0 
2806 146 0 146 0 146 0 146 0 146 0 146 0 146 0 146 0 146 0 146 0 146 0 
3145 147 1 147 0 147 0 147 0 147 0 147 0 147 0 147 0 147 0 147 0 147 1 
3160 148 4 148 0 148 0 148 0 148 0 148 0 148 0 148 0 148 0 148 0 148 4 
3175 149 3 149 0 149 0 149 0 149 0 149 0 149 0 149 0 149 0 149 0 149 3 
3190 150 4 150 0 150 0 150 0 150 0 150 0 150 0 150 0 150 0 150 0 150 4 
3205 151 15 151 0 151 0 151 0 151 0 151 0 151 0 151 0 151 0 151 0 151 15 
3220 152 4 152 0 152 0 152 0 152 0 152 0 152 0 152 0 152 0 152 0 152 4 
3235 153 3 153 0 153 0 153 0 153 0 153 0 153 0 153 0 153 0 153 0 153 3 
3250 154 0 154 0 154 0 154 0 154 0 154 0 154 0 154 0 154 0 154 0 154 0 
3271 155 1 155 1 155 0 155 0 155 0 155 0 155 0 155 0 155 0 155 0 155 0 
3286 156 4 156 4 156 0 156 0 156 0 156 0 156 0 156 0 156 0 156 0 156 0 
3331 157 3 157 3 157 0 157 0 157 0 157 0 157 0 157 0 157 0 157 0 157 0 
3346 158 15 158 15 158 0 158 0 158 0 158 0 158 0 158 0 158 0 158 0 158 0 
3361 159 4 159 4 159 0 159 0 159 0 159 0 159 0 159 0 159 0 159 0 159 0 
3376 160 1 160 1 160 0 160 0 160 0 160 0 160 0 160 0 160 0 160 0 160 0 
3391 161 0 161 0 161 0 161 0 161 0 161 0 161 0 161 0 161 0 161 0 161 0 
3916 162 3 162 3 162 0 162 0 162 0 162 0 162 0 162 0 162 0 162 0 162 0 
3946 163 4 163 4 163 0 163 0 163 0 163 0 163 0 163 0 163 0 163 0 163 0 
3991 164 3 164 3 164 0 164 0 164 0 164 0 164 0 164 0 164 0 164 0 164 0 
4006 165 4 165 4 165 0 165 0 165 0 165 0 165 0 165 0 165 0 165 0 165 0 
4021 166 14 166 14 166 0 166 0 166 0 166 0 166 0 166 0 166 0 166 0 166 0 
4036 167 0 167 0 167 0 167 0 167 0 167 0 167 0 167 0 167 0 167 0 167 0 
5373 168 11 168 0 168 0 168 11 168 0 168 0 168 0 168 0 168 0 168 0 168 0 
5388 169 4 169 0 169 0 169 4 169 0 169 0 169 0 169 0 169 0 169 0 169 0 
5403 170 9 170 0 170 0 170 9 170 0 170 0 170 0 170 0 170 0 170 0 170 0 
5418 171 2 171 0 171 0 171 2 171 0 171 0 171 0 171 0 171 0 171 0 171 0 
5433 172 0 172 0 172 0 172 0 172 0 172 0 172 0 172 0 172 0 172 0 172 0 
5553 173 4 173 0 173 0 173 4 173 0 173 0 173 0 173 0 173 0 173 0 173 0 
5583 174 3 174 0 174 0 174 3 174 0 174 0 174 0 174 0 174 0 174 0 174 0 
5598 175 4 175 0 175 0 175 4 175 0 175 0 175 0 175 0 175 0 175 0 175 0 
5613 176 3 176 0 176 0 176 3 176 0 176 0 176 0 176 0 176 0 176 0 176 0 
5628 177 0 177 0 177 0 177 0 177 0 177 0 177 0 177 0 177 0 177 0 177 0 
5978 178 4 178 0 178 0 178 0 178 0 178 0 178 0 178 0 178 4 178 0 178 0 
5993 179 10 179 0 179 0 179 0 179 0 179 0 179 0 179 0 179 10 179 0 179 0 
6008 180 7 180 0 180 0 180 0 180 0 180 0 180 0 180 0 180 7 180 0 180 0 
6038 181 0 181 0 181 0 181 0 181 0 181 0 181 0 181 0 181 0 181 0 181 0 
7508 182 4 182 0 182 0 182 0 182 0 182 0 182 0 182 0 182 4 182 0 182 0 
7523 183 3 183 0 183 0 183 0 183 0 183 0 183 0 183 0 183 3 183 0 183 0 
7538 184 15 184 0 184 0 184 0 184 0 184 0 184 0 184 0 184 15 184 0 184 0 
7553 185 4 185 0 185 0 185 0 185 0 185 0 185 0 185 0 185 4 185 0 185 0 
7583 186 3 186 0 186 0 186 0 186 0 186 0 186 0 186 0 186 3 186 0 186 0 
7598 187 4 187 0 187 0 187 0 187 0 187 0 187 0 187 0 187 4 187 0 187 0 
7643 188 3 188 0 188 0 188 0 188 0 188 0 188 0 188 0 188 3 188 0 188 0 
7658 189 0 189 0 189 0 189 0 189 0 189 0 189 0 189 0 189 0 189 0 189 0 
8110 190 7 190 0 190 0 190 0 190 0 190 0 190 0 190 0 190 0 190 0 190 7 
8125 191 6 191 0 191 0 191 0 191 0 191 0 191 0 191 0 191 0 191 0 191 6 
8140 192 14 192 0 192 0 192 0 192 0 192 0 192 0 192 0 192 0 192 0 192 14 
8155 193 1 193 0 193 0 193 0 193 0 193 0 193 0 193 0 193 0 193 0 193 1 
8170 194 9 194 0 194 0 194 0 194 0 194 0 194 0 194 0 194 0 194 0 194 9 
8185 195 12 195 0 195 0 195 0 195 0 195 0 195 0 195 0 195 0 195 0 195 12 
8200 196 7 196 0 196 0 196 0 196 0 196 0 196 0 196 0 196 0 196 0 196 7 
8215 197 2 197 0 197 0 197 0 197 0 197 0 197 0 197 0 197 0 197 0 197 2 
8230 198 4 198 0 198 0 198 0 198 0 198 0 198 0 198 0 198 0 198 0 198 4 
8245 199 6 199 0 199 0 199 0 199 0 199 0 199 0 199 0 199 0 199 0 199 6 
8260 200 4 200 0 200 0 200 0 200 0 200 0 200 0 200 0 200 0 200 0 200 4 
8290 201 1 201 0 201 0 201 0 201 0 201 0 201 0 201 0 201 0 201 0 201 1 
8305 202 4 202 0 202 0 202 0 202 0 202 0 202 0 202 0 202 0 202 0 202 4 
8335 203 5 203 0 203 0 203 0 203 0 203 0 203 0 203 0 203 0 203 0 203 5 
8350 204 6 204 0 204 0 204 0 204 0 204 0 204 0 204 0 204 0 204 0 204 6 
8365 205 0 205 0 205 0 205 0 205 0 205 0 205 0 205 0 205 0 205 0 205 0 
9550 206 1 206 0 206 0 206 0 206 0 206 0 206 0 206 0 206 0 206 0 206 1 
9565 207 4 207 0 207 0 207 0 207 0 207 0 207 0 207 0 207 0 207 0 207 4 
9595 208 42 208 0 208 0 208 0 208 0 208 0 208 0 208 0 208 0 208 0 208 42 
9610 209 4 209 0 209 0 209 0 209 0 209 0 209 0 209 0 209 0 209 0 209 4 
9625 210 0 210 0 210 0 210 0 210 0 210 0 210 0 210 0 210 0 210 0 210 0 
9655 211 1 211 0 211 0 211 0 211 0 211 0 211 0 211 0 211 0 211 0 211 1 
9670 212 4 212 0 212 0 212 0 212 0 212 0 212 0 212 0 212 0 212 0 212 4 
9715 213 3 213 0 213 0 213 0 213 0 213 0 213 0 213 0 213 0 213 0 213 3 
9730 214 4 214 0 214 0 214 0 214 0 214 0 214 0 214 0 214 0 214 0 214 4 
9775 215 0 215 0 215 0 215 0 215 0 215 0 215 0 215 0 215 0 215 0 215 0 
9805 216 3 216 0 216 0 216 0 216 0 216 0 216 0 216 0 216 0 216 0 216 3 
9820 217 4 217 0 217 0 217 0 217 0 217 0 217 0 217 0 217 0 217 0 217 4 
9835 218 13 218 0 218 0 218 0 218 0 218 0 218 0 218 0 218 0 218 0 218 13 
9850 219 4 219 0 219 0 219 0 219 0 219 0 219 0 219 0 219 0 219 0 219 4 
9880 220 1 220 0 220 0 220 0 220 0 220 0 220 0 220 0 220 0 220 0 220 1 
9895 221 0 221 0 221 0 221 0 221 0 221 0 221 0 221 0 221 0 221 0 221 0 
10473 222 7 222 0 222 0 222 7 222 0 222 0 222 0 222 0 222 0 222 0 222 0 
10488 223 16 223 0 223 0 223 16 223 0 223 0 223 0 223 0 223 0 223 0 223 0 
10503 224 13 224 0 224 0 224 13 224 0 224 0 224 0 224 0 224 0 224 0 224 0 
10518 225 2 225 0 225 0 225 2 225 0 225 0 225 0 225 0 225 0 225 0 225 0 
10533 226 9 226 0 226 0 226 9 226 0 226 0 226 0 226 0 226 0 226 0 226 0 
10548 227 12 227 0 227 0 227 12 227 0 227 0 227 0 227 0 227 0 227 0 227 0 
10563 228 7 228 0 228 0 228 7 228 0 228 0 228 0 228 0 228 0 228 0 228 0 
10578 229 12 229 0 229 0 229 12 229 0 229 0 229 0 229 0 229 0 229 0 229 0 
10593 230 14 230 0 230 0 230 14 230 0 230 0 230 0 230 0 230 0 230 0 230 0 
10608 231 6 231 0 231 0 231 6 231 0 231 0 231 0 231 0 231 0 231 0 231 0 
10623 232 3 232 0 232 0 232 3 232 0 232 0 232 0 232 0 232 0 232 0 232 0 
10638 233 5 233 0 233 0 233 5 233 0 233 0 233 0 233 0 233 0 233 0 233 0 
10653 234 1 234 0 234 0 234 1 234 0 234 0 234 0 234 0 234 0 234 0 234 0 
10668 235 4 235 0 235 0 235 4 235 0 235 0 235 0 235 0 235 0 235 0 235 0 
10683 236 3 236 0 236 0 236 3 236 0 236 0 236 0 236 0 236 0 236 0 236 0 
10698 237 6 237 0 237 0 237 6 237 0 237 0 237 0 237 0 237 0 237 0 237 0 
10728 238 0 238 0 238 0 238 0 238 0 238 0 238 0 238 0 238 0 238 0 238 0 
11223 239 1 239 0 239 0 239 1 239 0 239 0 239 0 239 0 239 0 239 0 239 0 
11238 240 4 240 0 240 0 240 4 240 0 240 0 240 0 240 0 240 0 240 0 240 0 
11253 241 24 241 0 241 0 241 24 241 0 241 0 241 0 241 0 241 0 241 0 241 0 
11268 242 19 242 0 242 0 242 19 242 0 242 0 242 0 242 0 242 0 242 0 242 0 
11283 243 3 243 0 243 0 243 3 243 0 243 0 243 0 243 0 243 0 243 0 243 0 
11298 244 2 244 0 244 0 244 2 244 0 244 0 244 0 244 0 244 0 244 0 244 0 
11313 245 0 245 0 245 0 245 0 245 0 245 0 245 0 245 0 245 0 245 0 245 0 
12937 246 4 246 0 246 0 246 0 246 0 246 0 246 0 246 4 246 0 246 0 246 0 
12952 247 10 247 0 247 0 247 0 247 0 247 0 247 0 247 10 247 0 247 0 247 0 
12967 248 3 248 0 248 0 248 0 248 0 248 0 248 0 248 3 248 0 248 0 248 0 
12982 249 10 249 0 249 0 249 0 249 0 249 0 249 0 249 10 249 0 249 0 249 0 
12997 250 1 250 0 250 0 250 0 250 0 250 0 250 0 250 1 250 0 250 0 250 0 
13012 251 0 251 0 251 0 251 0 251 0 251 0 251 0 251 0 251 0 251 0 251 0 
13503 252 18 252 0 252 0 252 18 252 0 252 0 252 0 252 0 252 0 252 0 252 0 
13518 253 4 253 0 253 0 253 4 253 0 253 0 253 0 253 0 253 0 253 0 253 0 
13563 254 3 254 0 254 0 254 3 254 0 254 0 254 0 254 0 254 0 254 0 254 0 
13578 255 1 255 0 255 0 255 1 255 0 255 0 255 0 255 0 255 0 255 0 255 0 
13593 256 0 256 0 256 0 256 0 256 0 256 0 256 0 256 0 256 0 256 0 256 0 
14433 257 3 257 0 257 0 257 3 257 0 257 0 257 0 257 0 257 0 257 0 257 0 
14448 258 4 258 0 258 0 258 4 258 0 258 0 258 0 258 0 258 0 258 0 258 0 
14463 259 3 259 0 259 0 259 3 259 0 259 0 259 0 259 0 259 0 259 0 259 0 
14478 260 19 260 0 260 0 260 19 260 0 260 0 260 0 260 0 260 0 260 0 260 0 
14493 261 27 261 0 261 0 261 27 261 0 261 0 261 0 261 0 261 0 261 0 261 0 
14508 262 1 262 0 262 0 262 1 262 0 262 0 262 0 262 0 262 0 262 0 262 0 
14523 263 0 263 0 263 0 263 0 263 0 263 0 263 0 263 0 263 0 263 0 263 0 
16037 264 6 264 0 264 6 264 0 264 0 264 0 264 0 264 0 264 0 264 0 264 0 
16052 265 4 265 0 265 4 265 0 265 0 265 0 265 0 265 0 265 0 265 0 265 0 
16067 266 11 266 0 266 11 266 0 266 0 266 0 266 0 266 0 266 0 266 0 266 0 
16082 267 7 267 0 267 7 267 0 267 0 267 0 267 0 267 0 267 0 267 0 267 0 
16097 268 18 268 0 268 18 268 0 268 0 268 0 268 0 268 0 268 0 268 0 268 0 
16112 269 8 269 0 269 8 269 0 269 0 269 0 269 0 269 0 269 0 269 0 269 0 
16127 270 11 270 0 270 11 270 0 270 0 270 0 270 0 270 0 270 0 270 0 270 0 
16142 271 2 271 0 271 2 271 0 271 0 271 0 271 0 271 0 271 0 271 0 271 0 
16157 272 4 272 0 272 4 272 0 272 0 272 0 272 0 272 0 272 0 272 0 272 0 
16187 273 5 273 0 273 5 273 0 273 0 273 0 273 0 273 0 273 0 273 0 273 0 
16202 274 6 274 0 274 6 274 0 274 0 274 0 274 0 274 0 274 0 274 0 274 0 
16217 275 0 275 0 275 0 275 0 275 0 275 0 275 0 275 0 275 0 275 0 275 0 
16232 276 -16 276 0 276 -16 276 0 276 0 276 0 276 0 276 0 276 0 276 0 276 0 
16247 277 -11 277 0 277 -11 277 0 277 0 277 0 277 0 277 0 277 0 277 0 277 0 
16262 278 -17 278 0 278 -17 278 0 278 0 278 0 278 0 278 0 278 0 278 0 278 0 
16277 279 -12 279 0 279 -12 279 0 279 0 279 0 279 0 279 0 279 0 279 0 279 0 
16292 280 -7 280 0 280 -7 280 0 280 0 280 0 280 0 280 0 280 0 280 0 280 0 
16307 281 -3 281 0 281 -3 281 0 281 0 281 0 281 0 281 0 281 0 281 0 281 0 
16322 282 -7 282 0 282 -7 282 0 282 0 282 0 282 0 282 0 282 0 282 0 282 0 
16337 283 -3 283 0 283 -3 283 0 283 0 283 0 283 0 283 0 283 0 283 0 283 0 
16352 284 0 284 0 284 0 284 0 284 0 284 0 284 0 284 0 284 0 284 0 284 0 
16732 285 14 285 0 285 0 285 0 285 0 285 0 285 0 285 14 285 0 285 0 285 0 
16747 286 3 286 0 286 0 286 0 286 0 286 0 286 0 286 3 286 0 286 0 286 0 
16757 287 8 287 0 287 8 287 0 287 0 287 0 287 0 287 3 287 0 287 0 287 0 
16762 288 4 288 0 288 8 288 0 288 0 288 0 288 0 288 4 288 0 288 0 288 0 
16787 289 11 289 0 289 11 289 0 289 0 289 0 289 0 289 4 289 0 289 0 289 0 
16792 290 14 290 0 290 11 290 0 290 0 290 0 290 0 290 14 290 0 290 0 290 0 
16802 291 1 291 0 291 1 291 0 291 0 291 0 291 0 291 14 291 0 291 0 291 0 
16807 292 3 292 0 292 1 292 0 292 0 292 0 292 0 292 3 292 0 292 0 292 0 
16817 293 6 293 0 293 6 293 0 293 0 293 0 293 0 293 3 293 0 293 0 293 0 
16822 294 4 294 0 294 6 294 0 294 0 294 0 294 0 294 4 294 0 294 0 294 0 
16847 295 11 295 0 295 11 295 0 295 0 295 0 295 0 295 4 295 0 295 0 295 0 
16862 296 7 296 0 296 7 296 0 296 0 296 0 296 0 296 4 296 0 296 0 296 0 
16867 297 3 297 0 297 7 297 0 297 0 297 0 297 0 297 3 297 0 297 0 297 0 
16882 298 2.5 298 0 298 3 298 0 298 0 298 0 298 0 298 2 298 0 298 0 298 0 
16892 299 4 299 0 299 4 299 0 299 0 299 0 299 0 299 2 299 0 299 0 299 0 
16897 300 0 300 0 300 4 300 0 300 0 300 0 300 0 300 0 300 0 300 0 300 0 
16907 301 5 301 0 301 5 301 0 301 0 301 0 301 0 301 0 301 0 301 0 301 0 
16922 302 4 302 0 302 4 302 0 302 0 302 0 302 0 302 0 302 0 302 0 302 0 
16952 303 2 303 0 303 2 303 0 303 0 303 0 303 0 303 0 303 0 303 0 303 0 
16967 304 13 304 0 304 13 304 0 304 0 304 0 304 0 304 0 304 0 304 0 304 0 
16982 305 4 305 0 305 4 305 0 305 0 305 0 305 0 305 0 305 0 305 0 305 0 
16997 306 6 306 0 306 6 306 0 306 0 306 0 306 0 306 0 306 0 306 0 306 0 
17012 307 5 307 0 307 5 307 0 307 0 307 0 307 0 307 0 307 0 307 0 307 0 
17027 308 0 308 0 308 0 308 0 308 0 308 0 308 0 308 0 308 0 308 0 308 0 
19277 309 3 309 0 309 3 309 0 309 0 309 0 309 0 309 0 309 0 309 0 309 0 
19292 310 4 310 0 310 4 310 0 310 0 310 0 310 0 310 0 310 0 310 0 310 0 
19307 311 3 311 0 311 3 311 0 311 0 311 0 311 0 311 0 311 0 311 0 311 0 
19322 312 14 312 0 312 14 312 0 312 0 312 0 312 0 312 0 312 0 312 0 312 0 
19337 313 4 313 0 313 4 313 0 313 0 313 0 313 0 313 0 313 0 313 0 313 0 
19352 314 19 314 0 314 19 314 0 314 0 314 0 314 0 314 0 314 0 314 0 314 0 
19367 315 1 315 0 315 1 315 0 315 0 315 0 315 0 315 0 315 0 315 0 315 0 
19382 316 0 316 0 316 0 316 0 316 0 316 0 316 0 316 0 316 0 316 0 316 0 
19517 317 4 317 0 317 4 317 0 317 0 317 0 317 0 317 0 317 0 317 0 317 0 
19547 318 3 318 0 318 3 318 0 318 0 318 0 318 0 318 0 318 0 318 0 318 0 
19562 319 14 319 0 319 14 319 0 319 0 319 0 319 0 319 0 319 0 319 0 319 0 
19577 320 0 320 0 320 0 320 0 320 0 320 0 320 0 320 0 320 0 320 0 320 0 
19937 321 1 321 0 321 1 321 0 321 0 321 0 321 0 321 0 321 0 321 0 321 0 
19952 322 4 322 0 322 4 322 0 322 0 322 0 322 0 322 0 322 0 322 0 322 0 
19967 323 3 323 0 323 3 323 0 323 0 323 0 323 0 323 0 323 0 323 0 323 0 
19975 324 8 324 0 324 3 324 0 324 0 324 0 324 0 324 0 324 0 324 0 324 8 
19982 325 23 325 0 325 23 325 0 325 0 325 0 325 0 325 0 325 0 325 0 325 8 
19997 326 3 326 0 326 3 326 0 326 0 326 0 326 0 326 0 326 0 326 0 326 8 
20005 327 12 327 0 327 3 327 0 327 0 327 0 327 0 327 0 327 0 327 0 327 12 
20012 328 0 328 0 328 0 328 0 328 0 328 0 328 0 328 0 328 0 328 0 328 12 
20020 329 17 329 0 329 0 329 0 329 0 329 0 329 0 329 0 329 0 329 0 329 17 
20035 330 3 330 0 330 0 330 0 330 0 330 0 330 0 330 0 330 0 330 0 330 3 
20050 331 16 331 0 331 0 331 0 331 0 331 0 331 0 331 0 331 0 331 0 331 16 
20065 332 2 332 0 332 0 332 0 332 0 332 0 332 0 332 0 332 0 332 0 332 2 
20080 333 4 333 0 333 0 333 0 333 0 333 0 333 0 333 0 333 0 333 0 333 4 
20095 334 3 334 0 334 0 334 0 334 0 334 0 334 0 334 0 334 0 334 0 334 3 
20110 335 6 335 0 335 0 335 0 335 0 335 0 335 0 335 0 335 0 335 0 335 6 
20125 336 4 336 0 336 0 336 0 336 0 336 0 336 0 336 0 336 0 336 0 336 4 
20140 337 3 337 0 337 0 337 0 337 0 337 0 337 0 337 0 337 0 337 0 337 3 
20155 338 2 338 0 338 0 338 0 338 0 338 0 338 0 338 0 338 0 338 0 338 2 
20170 339 4 339 0 339 0 339 0 339 0 339 0 339 0 339 0 339 0 339 0 339 4 
20185 340 6 340 0 340 0 340 0 340 0 340 0 340 0 340 0 340 0 340 0 340 6 
20200 341 4 341 0 341 0 341 0 341 0 341 0 341 0 341 0 341 0 341 0 341 4 
20230 342 0 342 0 342 0 342 0 342 0 342 0 342 0 342 0 342 0 342 0 342 0 
21004 343 9 343 0 343 0 343 0 343 9 343 0 343 0 343 0 343 0 343 0 343 0 
21019 344 7 344 0 344 0 344 0 344 7 344 0 344 0 344 0 344 0 344 0 344 0 
21034 345 12 345 0 345 0 345 0 345 12 345 0 345 0 345 0 345 0 345 0 345 0 
21049 346 7 346 0 346 0 346 0 346 7 346 0 346 0 346 0 346 0 346 0 346 0 
21055 347 3 347 0 347 0 347 0 347 7 347 0 347 0 347 0 347 0 347 0 347 3 
21064 348 6 348 0 348 0 348 0 348 6 348 0 348 0 348 0 348 0 348 0 348 3 
21070 349 4 349 0 349 0 349 0 349 6 349 0 349 0 349 0 349 0 349 0 349 4 
21079 350 13 350 0 350 0 350 0 350 13 350 0 350 0 350 0 350 0 350 0 350 4 
21094 351 2 351 0 351 0 351 0 351 2 351 0 351 0 351 0 351 0 351 0 351 4 
21109 352 4 352 0 352 0 352 0 352 4 352 0 352 0 352 0 352 0 352 0 352 4 
21115 353 3 353 0 353 0 353 0 353 4 353 0 353 0 353 0 353 0 353 0 353 3 
21130 354 4 354 0 354 0 354 0 354 4 354 0 354 0 354 0 354 0 354 0 354 4 
21139 355 5 355 0 355 0 355 0 355 5 355 0 355 0 355 0 355 0 355 0 355 4 
21145 356 0 356 0 356 0 356 0 356 5 356 0 356 0 356 0 356 0 356 0 356 0 
21154 357 4 357 0 357 0 357 0 357 4 357 0 357 0 357 0 357 0 357 0 357 0 
21169 358 3 358 0 358 0 358 0 358 3 358 0 358 0 358 0 358 0 358 0 358 0 
21214 359 6 359 0 359 0 359 0 359 6 359 0 359 0 359 0 359 0 359 0 359 0 
21229 360 4 360 0 360 0 360 0 360 4 360 0 360 0 360 0 360 0 360 0 360 0 
21259 361 0 361 0 361 0 361 0 361 0 361 0 361 0 361 0 361 0 361 0 361 0 
21610 362 3 362 0 362 0 362 0 362 0 362 0 362 0 362 0 362 0 362 0 362 3 
21625 363 4 363 0 363 0 363 0 363 0 363 0 363 0 363 0 363 0 363 0 363 4 
21655 364 3 364 0 364 0 364 0 364 0 364 0 364 0 364 0 364 0 364 0 364 3 
21670 365 4 365 0 365 0 365 0 365 0 365 0 365 0 365 0 365 0 365 0 365 4 
21715 366 3 366 0 366 0 366 0 366 0 366 0 366 0 366 0 366 0 366 0 366 3 
21730 367 1 367 0 367 0 367 0 367 0 367 0 367 0 367 0 367 0 367 0 367 1 
21745 368 0 368 0 368 0 368 0 368 0 368 0 368 0 368 0 368 0 368 0 368 0 
21760 369 4 369 0 369 0 369 0 369 0 369 0 369 0 369 0 369 0 369 0 369 4 
21775 370 3 370 0 370 0 370 0 370 0 370 0 370 0 370 0 370 0 370 0 370 3 
21790 371 4 371 0 371 0 371 0 371 0 371 0 371 0 371 0 371 0 371 0 371 4 
21835 372 3 372 0 372 0 372 0 372 0 372 0 372 0 372 0 372 0 372 0 372 3 
21850 373 1 373 0 373 0 373 0 373 0 373 0 373 0 373 0 373 0 373 0 373 1 
21865 374 0 374 0 374 0 374 0 374 0 374 0 374 0 374 0 374 0 374 0 374 0 
22009 375 14 375 0 375 0 375 0 375 14 375 0 375 0 375 0 375 0 375 0 375 0 
22024 376 4 376 0 376 0 376 0 376 4 376 0 376 0 376 0 376 0 376 0 376 0 
22039 377 3 377 0 377 0 377 0 377 3 377 0 377 0 377 0 377 0 377 0 377 0 
22054 378 4 378 0 378 0 378 0 378 4 378 0 378 0 378 0 378 0 378 0 378 0 
22084 379 2 379 0 379 0 379 0 379 2 379 0 379 0 379 0 379 0 379 0 379 0 
22099 380 1 380 0 380 0 380 0 380 1 380 0 380 0 380 0 380 0 380 0 380 0 
22114 381 4 381 0 381 0 381 0 381 4 381 0 381 0 381 0 381 0 381 0 381 0 
22159 382 3 382 0 382 0 382 0 382 3 382 0 382 0 382 0 382 0 382 0 382 0 
22174 383 4 383 0 383 0 383 0 383 4 383 0 383 0 383 0 383 0 383 0 383 0 
22189 384 2 384 0 384 0 384 0 384 2 384 0 384 0 384 0 384 0 384 0 384 0 
22204 385 0 385 0 385 0 385 0 385 0 385 0 385 0 385 0 385 0 385 0 385 0 
22429 386 13 386 0 386 0 386 0 386 13 386 0 386 0 386 0 386 0 386 0 386 0 
22444 387 4 387 0 387 0 387 0 387 4 387 0 387 0 387 0 387 0 387 0 387 0 
22459 388 3 388 0 388 0 388 0 388 3 388 0 388 0 388 0 388 0 388 0 388 0 
22474 389 15 389 0 389 0 389 0 389 15 389 0 389 0 389 0 389 0 389 0 389 0 
22489 390 4 390 0 390 0 390 0 390 4 390 0 390 0 390 0 390 0 390 0 390 0 
22504 391 2 391 0 391 0 391 0 391 2 391 0 391 0 391 0 391 0 391 0 391 0 
22519 392 0 392 0 392 0 392 0 392 0 392 0 392 0 392 0 392 0 392 0 392 0 
25277 393 8 393 0 393 8 393 0 393 0 393 0 393 0 393 0 393 0 393 0 393 0 
25307 394 11 394 0 394 11 394 0 394 0 394 0 394 0 394 0 394 0 394 0 394 0 
25322 395 7 395 0 395 7 395 0 395 0 395 0 395 0 395 0 395 0 395 0 395 0 
25337 396 4 396 0 396 4 396 0 396 0 396 0 396 0 396 0 396 0 396 0 396 0 
25352 397 16 397 0 397 16 397 0 397 0 397 0 397 0 397 0 397 0 397 0 397 0 
25367 398 2 398 0 398 2 398 0 398 0 398 0 398 0 398 0 398 0 398 0 398 0 
25382 399 3 399 0 399 3 399 0 399 0 399 0 399 0 399 0 399 0 399 0 399 0 
25397 400 4 400 0 400 4 400 0 400 0 400 0 400 0 400 0 400 0 400 0 400 0 
25412 401 6 401 0 401 6 401 0 401 0 401 0 401 0 401 0 401 0 401 0 401 0 
25427 402 13 402 0 402 13 402 0 402 0 402 0 402 0 402 0 402 0 402 0 402 0 
25442 403 4 403 0 403 4 403 0 403 0 403 0 403 0 403 0 403 0 403 0 403 0 
25457 404 2 404 0 404 2 404 0 404 0 404 0 404 0 404 0 404 0 404 0 404 0 
25472 405 4 405 0 405 4 405 0 405 0 405 0 405 0 405 0 405 0 405 0 405 0 
25487 406 3 406 0 406 3 406 0 406 0 406 0 406 0 406 0 406 0 406 0 406 0 
25502 407 6 407 0 407 6 407 0 407 0 407 0 407 0 407 0 407 0 407 0 407 0 
25517 408 5 408 0 408 5 408 0 408 0 408 0 408 0 408 0 408 0 408 0 408 0 
25532 409 0 409 0 409 0 409 0 409 0 409 0 409 0 409 0 409 0 409 0 409 0 
26926 410 3 410 3 410 0 410 0 410 0 410 0 410 0 410 0 410 0 410 0 410 0 
26934 411 7 411 3 411 0 411 0 411 0 411 0 411 0 411 0 411 0 411 7 411 0 
26941 412 10 412 10 412 0 412 0 412 0 412 0 412 0 412 0 412 0 412 7 412 0 
26956 413 10.5 413 11 413 0 413 0 413 0 413 0 413 0 413 0 413 0 413 10 413 0 
26971 414 2 414 2 414 0 414 0 414 0 414 0 414 0 414 0 414 0 414 10 414 0 
26979 415 1 415 2 415 0 415 0 415 0 415 0 415 0 415 0 415 0 415 1 415 0 
26986 416 0 416 0 416 0 416 0 416 0 416 0 416 0 416 0 416 0 416 1 416 0 
