# ValueCount deltaRailways
10 0 0 0 0 0 0 0 0 0 0 0 0 0 0 0 0 0 0 0 0 0 0 
123 1 8 1 0 1 0 1 8 1 0 1 0 1 0 1 0 1 0 1 0 1 0 
128 2 9 2 0 2 0 2 8 2 0 2 0 2 0 2 0 2 9 2 0 2 0 
129 3 8 3 0 3 0 3 8 3 0 3 0 3 0 3 0 3 9 3 8 3 0 
137 4 6 4 0 4 6 4 8 4 0 4 0 4 0 4 0 4 9 4 8 4 0 
143 5 7 5 0 5 6 5 8 5 0 5 0 5 0 5 0 5 7 5 8 5 0 
144 6 9 6 0 6 6 6 8 6 0 6 0 6 0 6 0 6 7 6 9 6 0 
152 7 4 7 0 7 4 7 8 7 0 7 0 7 0 7 0 7 7 7 9 7 0 
153 8 12 8 0 8 4 8 12 8 0 8 0 8 0 8 0 8 7 8 9 8 0 
159 9 11.5 9 0 9 4 9 12 9 0 9 0 9 0 9 0 9 12 9 11 9 0 
167 10 11 10 0 10 11 10 12 10 0 10 0 10 0 10 0 10 12 10 11 10 0 
168 11 7 11 0 11 11 11 7 11 0 11 0 11 0 11 0 11 12 11 11 11 0 
183 12 6 12 0 12 7 12 3 12 0 12 0 12 0 12 0 12 7 12 7 12 0 
189 13 5 13 0 13 7 13 3 13 0 13 0 13 0 13 0 13 6 13 4 13 0 
197 14 0 14 0 14 0 14 3 14 0 14 0 14 0 14 0 14 6 14 4 14 0 
198 15 16 15 0 15 0 15 16 15 0 15 0 15 0 15 0 15 6 15 4 15 0 
203 16 13 16 0 16 0 16 16 16 0 16 0 16 0 16 0 16 13 16 4 16 0 
204 17 16 17 0 17 0 17 16 17 0 17 0 17 0 17 0 17 13 17 16 17 0 
212 18 8 18 0 18 8 18 16 18 0 18 0 18 0 18 0 18 13 18 16 18 0 
213 19 2 19 0 19 8 19 2 19 0 19 0 19 0 19 0 19 13 19 16 19 0 
227 20 3 20 0 20 5 20 2 20 0 20 0 20 0 20 0 20 2 20 2 20 0 
228 21 4 21 0 21 5 21 4 21 0 21 0 21 0 21 0 21 2 21 2 21 0 
234 22 3.5 22 0 22 5 22 4 22 0 22 0 22 0 22 0 22 4 22 3 22 0 
242 23 14 23 0 23 14 23 4 23 0 23 0 23 0 23 0 23 4 23 3 23 0 
243 24 3 24 0 24 14 24 3 24 0 24 0 24 0 24 0 24 4 24 3 24 0 
249 25 4 25 0 25 14 25 3 25 0 25 0 25 0 25 0 25 4 25 4 25 0 
257 26 2 26 0 26 2 26 3 26 0 26 0 26 0 26 0 26 4 26 4 26 0 
258 27 6 27 0 27 2 27 6 27 0 27 0 27 0 27 0 27 4 27 4 27 0 
263 28 5 28 0 28 2 28 6 28 0 28 0 28 0 28 0 28 5 28 4 28 0 
264 29 6 29 0 29 2 29 6 29 0 29 0 29 0 29 0 29 5 29 6 29 0 
272 30 4 30 0 30 4 30 6 30 0 30 0 30 0 30 0 30 5 30 6 30 0 
279 31 3.66667 31 0 31 4 31 4 31 0 31 0 31 0 31 0 31 4 31 3 31 0 
287 32 3 32 0 32 3 32 4 32 0 32 0 32 0 32 0 32 4 32 3 32 0 
294 33 3.33333 33 0 33 3 33 3 33 0 33 0 33 0 33 0 33 3 33 4 33 0 
302 34 6 34 0 34 6 34 3 34 0 34 0 34 0 34 0 34 3 34 4 34 0 
303 35 2 35 0 35 6 35 2 35 0 35 0 35 0 35 0 35 3 35 4 35 0 
318 36 3 36 0 36 6 36 4 36 0 36 0 36 0 36 0 36 3 36 2 36 0 
324 37 4 37 0 37 6 37 4 37 0 37 0 37 0 37 0 37 3 37 4 37 0 
332 38 0 38 0 38 0 38 4 38 0 38 0 38 0 38 0 38 3 38 4 38 0 
333 39 6 39 0 39 0 39 6 39 0 39 0 39 0 39 0 39 3 39 4 39 0 
339 40 4.5 40 0 40 0 40 6 40 0 40 0 40 0 40 0 40 6 40 3 40 0 
347 41 3 41 0 41 3 41 6 41 0 41 0 41 0 41 0 41 6 41 3 41 0 
348 42 4 42 0 42 3 42 4 42 0 42 0 42 0 42 0 42 6 42 3 42 0 
354 43 5 43 0 43 3 43 4 43 0 43 0 43 0 43 0 43 4 43 6 43 0 
362 44 4 44 0 44 4 44 4 44 0 44 0 44 0 44 0 44 4 44 6 44 0 
369 45 5 45 0 45 4 45 4 45 0 45 0 45 0 45 0 45 4 45 5 45 0 
377 46 6 46 0 46 6 46 4 46 0 46 0 46 0 46 0 46 4 46 5 46 0 
378 47 0 47 0 47 6 47 0 47 0 47 0 47 0 47 0 47 4 47 5 47 0 
392 48 1.33333 48 0 48 4 48 0 48 0 48 0 48 0 48 0 48 0 48 0 48 0 
407 49 3 49 0 49 3 49 0 49 0 49 0 49 0 49 0 49 0 49 0 49 0 
422 50 0 50 0 50 0 50 0 50 0 50 0 50 0 50 0 50 0 50 0 50 0 
467 51 3 51 0 51 3 51 0 51 0 51 0 51 0 51 0 51 0 51 0 51 0 
482 52 4 52 0 52 4 52 0 52 0 52 0 52 0 52 0 52 0 52 0 52 0 
518 53 1 53 0 53 4 53 0 53 0 53 0 53 0 53 0 53 1 53 0 53 0 
527 54 3 54 0 54 3 54 0 54 0 54 0 54 0 54 0 54 1 54 0 54 0 
533 55 4 55 0 55 3 55 0 55 0 55 0 55 0 55 0 55 4 55 0 55 0 
557 56 1 56 0 56 1 56 0 56 0 56 0 56 0 56 0 56 4 56 0 56 0 
563 57 3 57 0 57 1 57 0 57 0 57 0 57 0 57 0 57 3 57 0 57 0 
565 58 7 58 0 58 1 58 0 58 0 58 0 58 0 58 0 58 3 58 0 58 7 
572 59 0 59 0 59 0 59 0 59 0 59 0 59 0 59 0 59 3 59 0 59 7 
573 60 3 60 0 60 0 60 3 60 0 60 0 60 0 60 0 60 3 60 0 60 7 
578 61 1 61 0 61 0 61 3 61 0 61 0 61 0 61 0 61 1 61 0 61 7 
580 62 6 62 0 62 0 62 3 62 0 62 0 62 0 62 0 62 1 62 0 62 6 
588 63 4 63 0 63 0 63 4 63 0 63 0 63 0 63 0 63 1 63 0 63 6 
593 64 0 64 0 64 0 64 4 64 0 64 0 64 0 64 0 64 0 64 0 64 6 
595 65 13 65 0 65 0 65 4 65 0 65 0 65 0 65 0 65 0 65 0 65 13 
603 66 3 66 0 66 0 66 3 66 0 66 0 66 0 66 0 66 0 66 0 66 13 
610 67 2.5 67 0 67 0 67 3 67 0 67 0 67 0 67 0 67 3 67 0 67 2 
618 68 4 68 0 68 0 68 4 68 0 68 0 68 0 68 0 68 3 68 0 68 2 
625 69 9 69 0 69 0 69 4 69 0 69 0 69 0 69 0 69 3 69 0 69 9 
638 70 4 70 0 70 0 70 4 70 0 70 0 70 0 70 0 70 4 70 0 70 9 
640 71 12 71 0 71 0 71 4 71 0 71 0 71 0 71 0 71 4 71 0 71 12 
655 72 7 72 0 72 0 72 4 72 0 72 0 72 0 72 0 72 4 72 0 72 7 
663 73 0 73 0 73 0 73 0 73 0 73 0 73 0 73 0 73 4 73 0 73 7 
668 74 2 74 0 74 0 74 0 74 0 74 0 74 0 74 0 74 2 74 0 74 7 
683 75 1 75 0 75 0 75 0 75 0 75 0 75 0 75 0 75 0 75 0 75 2 
685 76 4 76 0 76 0 76 0 76 0 76 0 76 0 76 0 76 0 76 0 76 4 
700 77 6 77 0 77 0 77 0 77 0 77 0 77 0 77 0 77 0 77 0 77 6 
715 78 3 78 0 78 0 78 0 78 0 78 0 78 0 78 0 78 0 78 0 78 3 
730 79 5 79 0 79 0 79 0 79 0 79 0 79 0 79 0 79 0 79 0 79 5 
745 80 1 80 0 80 0 80 0 80 0 80 0 80 0 80 0 80 0 80 0 80 1 
752 81 4 81 0 81 4 81 0 81 0 81 0 81 0 81 0 81 0 81 0 81 1 
767 82 3.5 82 0 82 3 82 0 82 0 82 0 82 0 82 0 82 0 82 0 82 4 
775 83 3 83 0 83 3 83 0 83 0 83 0 83 0 83 0 83 0 83 0 83 3 
782 84 4 84 0 84 4 84 0 84 0 84 0 84 0 84 0 84 0 84 0 84 3 
790 85 6 85 0 85 4 85 0 85 0 85 0 85 0 85 0 85 0 85 0 85 6 
804 86 3 86 0 86 4 86 0 86 0 86 0 86 0 86 0 86 0 86 3 86 6 
820 87 0 87 0 87 4 87 0 87 0 87 0 87 0 87 0 87 0 87 3 87 0 
827 88 3 88 0 88 3 88 0 88 0 88 0 88 0 88 0 88 0 88 3 88 0 
834 89 3.5 89 0 89 3 89 0 89 0 89 0 89 0 89 0 89 3 89 4 89 0 
842 90 5 90 0 90 5 90 0 90 0 90 0 90 0 90 0 90 3 90 4 90 0 
857 91 3.66667 91 0 91 1 91 0 91 0 91 0 91 0 91 0 91 5 91 4 91 5 
863 92 3 92 0 92 1 92 0 92 0 92 0 92 0 92 0 92 3 92 4 92 5 
865 93 4 93 0 93 1 93 0 93 0 93 0 93 0 93 0 93 3 93 4 93 4 
872 94 0 94 0 94 0 94 0 94 0 94 0 94 0 94 0 94 3 94 4 94 4 
878 95 4 95 0 95 0 95 0 95 0 95 0 95 0 95 0 95 4 95 4 95 4 
879 96 3 96 0 96 0 96 0 96 0 96 0 96 0 96 0 96 4 96 3 96 4 
894 97 1.5 97 0 97 0 97 0 97 0 97 0 97 0 97 0 97 3 97 0 97 4 
895 98 3 98 0 98 0 98 0 98 0 98 0 98 0 98 0 98 3 98 0 98 3 
908 99 0 99 0 99 0 99 0 99 0 99 0 99 0 99 0 99 0 99 0 99 3 
1030 100 2 100 0 100 0 100 0 100 0 100 0 100 0 100 0 100 0 100 0 100 2 
1045 101 4 101 0 101 0 101 0 101 0 101 0 101 0 101 0 101 0 101 0 101 4 
1059 102 1 102 0 102 0 102 0 102 0 102 0 102 0 102 0 102 0 102 1 102 4 
1074 103 4 103 0 103 0 103 0 103 0 103 0 103 0 103 0 103 0 103 4 103 4 
1075 104 3 104 0 104 0 104 0 104 0 104 0 104 0 104 0 104 0 104 4 104 3 
1105 105 0 105 0 105 0 105 0 105 0 105 0 105 0 105 0 105 0 105 4 105 0 
1119 106 3 106 0 106 0 106 0 106 0 106 0 106 0 106 0 106 0 106 3 106 0 
1134 107 4 107 0 107 0 107 0 107 0 107 0 107 0 107 0 107 0 107 4 107 0 
1149 108 3 108 0 108 0 108 0 108 0 108 0 108 0 108 0 108 0 108 3 108 0 
1158 109 4 109 0 109 0 109 4 109 0 109 0 109 0 109 0 109 0 109 3 109 0 
1164 110 0 110 0 110 0 110 4 110 0 110 0 110 0 110 0 110 0 110 0 110 0 
1172 111 3 111 0 111 3 111 4 111 0 111 0 111 0 111 0 111 0 111 0 111 0 
1202 112 4 112 0 112 4 112 4 112 0 112 0 112 0 112 0 112 0 112 0 112 0 
1203 113 3 113 0 113 4 113 3 113 0 113 0 113 0 113 0 113 0 113 0 113 0 
1218 114 4 114 0 114 4 114 4 114 0 114 0 114 0 114 0 114 0 114 0 114 0 
1232 115 5 115 0 115 5 115 4 115 0 115 0 115 0 115 0 115 0 115 0 115 0 
1247 116 3 116 0 116 3 116 4 116 0 116 0 116 0 116 0 116 0 116 0 116 0 
1262 117 4 117 0 117 4 117 4 117 0 117 0 117 0 117 0 117 0 117 0 117 0 
1263 118 1 118 0 118 4 118 1 118 0 118 0 118 0 118 0 118 0 118 0 118 0 
1278 119 0.5 119 0 119 1 119 0 119 0 119 0 119 0 119 0 119 0 119 0 119 0 
1292 120 0 120 0 120 0 120 0 120 0 120 0 120 0 120 0 120 0 120 0 120 0 
1330 121 5 121 0 121 0 121 0 121 0 121 0 121 0 121 0 121 0 121 0 121 5 
1345 122 4 122 0 122 0 122 0 122 0 122 0 122 0 122 0 122 0 122 0 122 4 
1375 123 18 123 0 123 0 123 0 123 0 123 0 123 0 123 0 123 0 123 0 123 18 
1390 124 1 124 0 124 0 124 0 124 0 124 0 124 0 124 0 124 0 124 0 124 1 
1405 125 0 125 0 125 0 125 0 125 0 125 0 125 0 125 0 125 0 125 0 125 0 
1509 126 2 126 0 126 0 126 0 126 0 126 0 126 0 126 0 126 0 126 2 126 0 
1524 127 4 127 0 127 0 127 0 127 0 127 0 127 0 127 0 127 0 127 4 127 0 
1539 128 3 128 0 128 0 128 0 128 0 128 0 128 0 128 0 128 0 128 3 128 0 
1554 129 4 129 0 129 0 129 0 129 0 129 0 129 0 129 0 129 0 129 4 129 0 
1599 130 3 130 0 130 0 130 0 130 0 130 0 130 0 130 0 130 0 130 3 130 0 
1614 131 0 131 0 131 0 131 0 131 0 131 0 131 0 131 0 131 0 131 0 131 0 
1629 132 1 132 0 132 0 132 0 132 0 132 0 132 0 132 0 132 0 132 1 132 0 
1644 133 3 133 0 133 0 133 0 133 0 133 0 133 0 133 0 133 0 133 3 133 0 
1659 134 0 134 0 134 0 134 0 134 0 134 0 134 0 134 0 134 0 134 0 134 0 
1713 135 1 135 0 135 0 135 1 135 0 135 0 135 0 135 0 135 0 135 0 135 0 
1728 136 4 136 0 136 0 136 4 136 0 136 0 136 0 136 0 136 0 136 0 136 0 
1743 137 3 137 0 137 0 137 3 137 0 137 0 137 0 137 0 137 0 137 0 137 0 
1758 138 4 138 0 138 0 138 4 138 0 138 0 138 0 138 0 138 0 138 0 138 0 
1803 139 -3 139 0 139 0 139 -3 139 0 139 0 139 0 139 0 139 0 139 0 139 0 
1818 140 0 140 0 140 0 140 0 140 0 140 0 140 0 140 0 140 0 140 0 140 0 
6519 141 7 141 0 141 0 141 0 141 0 141 0 141 0 141 0 141 0 141 7 141 0 
6534 142 6 142 0 142 0 142 0 142 0 142 0 142 0 142 0 142 0 142 6 142 0 
6549 143 14 143 0 143 0 143 0 143 0 143 0 143 0 143 0 143 0 143 14 143 0 
6564 144 7 144 0 144 0 144 0 144 0 144 0 144 0 144 0 144 0 144 7 144 0 
6579 145 3 145 0 145 0 145 0 145 0 145 0 145 0 145 0 145 0 145 3 145 0 
6594 146 12 146 0 146 0 146 0 146 0 146 0 146 0 146 0 146 0 146 12 146 0 
6609 147 7 147 0 147 0 147 0 147 0 147 0 147 0 147 0 147 0 147 7 147 0 
6624 148 3 148 0 148 0 148 0 148 0 148 0 148 0 148 0 148 0 148 3 148 0 
6654 149 6 149 0 149 0 149 0 149 0 149 0 149 0 149 0 149 0 149 6 149 0 
6669 150 4 150 0 150 0 150 0 150 0 150 0 150 0 150 0 150 0 150 4 150 0 
6699 151 1 151 0 151 0 151 0 151 0 151 0 151 0 151 0 151 0 151 1 151 0 
6714 152 4 152 0 152 0 152 0 152 0 152 0 152 0 152 0 152 0 152 4 152 0 
6744 153 7 153 0 153 0 153 0 153 0 153 0 153 0 153 0 153 0 153 7 153 0 
6759 154 5 154 0 154 0 154 0 154 0 154 0 154 0 154 0 154 0 154 5 154 0 
6774 155 0 155 0 155 0 155 0 155 0 155 0 155 0 155 0 155 0 155 0 155 0 
6819 156 1 156 0 156 0 156 0 156 0 156 0 156 0 156 0 156 0 156 1 156 0 
6834 157 4 157 0 157 0 157 0 157 0 157 0 157 0 157 0 157 0 157 4 157 0 
6879 158 3 158 0 158 0 158 0 158 0 158 0 158 0 158 0 158 0 158 3 158 0 
6894 159 4 159 0 159 0 159 0 159 0 159 0 159 0 159 0 159 0 159 4 159 0 
6939 160 2 160 0 160 0 160 0 160 0 160 0 160 0 160 0 160 0 160 2 160 0 
6954 161 0 161 0 161 0 161 0 161 0 161 0 161 0 161 0 161 0 161 0 161 0 
7400 162 7 162 0 162 0 162 0 162 0 162 7 162 0 162 0 162 0 162 0 162 0 
7430 163 12 163 0 163 0 163 0 163 0 163 12 163 0 163 0 163 0 163 0 163 0 
7445 164 2 164 0 164 0 164 0 164 0 164 2 164 0 164 0 164 0 164 0 164 0 
7460 165 0 165 0 165 0 165 0 165 0 165 0 165 0 165 0 165 0 165 0 165 0 
8197 166 8 166 0 166 0 166 0 166 0 166 0 166 0 166 8 166 0 166 0 166 0 
8227 167 11 167 0 167 0 167 0 167 0 167 0 167 0 167 11 167 0 167 0 167 0 
8242 168 7 168 0 168 0 168 0 168 0 168 0 168 0 168 7 168 0 168 0 168 0 
8257 169 4 169 0 169 0 169 0 169 0 169 0 169 0 169 4 169 0 169 0 169 0 
8272 170 16 170 0 170 0 170 0 170 0 170 0 170 0 170 16 170 0 170 0 170 0 
8287 171 2 171 0 171 0 171 0 171 0 171 0 171 0 171 2 171 0 171 0 171 0 
8302 172 3 172 0 172 0 172 0 172 0 172 0 172 0 172 3 172 0 172 0 172 0 
8317 173 4 173 0 173 0 173 0 173 0 173 0 173 0 173 4 173 0 173 0 173 0 
8332 174 6 174 0 174 0 174 0 174 0 174 0 174 0 174 6 174 0 174 0 174 0 
8347 175 3 175 0 175 0 175 0 175 0 175 0 175 0 175 3 175 0 175 0 175 0 
8362 176 4 176 0 176 0 176 0 176 0 176 0 176 0 176 4 176 0 176 0 176 0 
8377 177 2 177 0 177 0 177 0 177 0 177 0 177 0 177 2 177 0 177 0 177 0 
8392 178 4 178 0 178 0 178 0 178 0 178 0 178 0 178 4 178 0 178 0 178 0 
8407 179 3 179 0 179 0 179 0 179 0 179 0 179 0 179 3 179 0 179 0 179 0 
8422 180 6 180 0 180 0 180 0 180 0 180 0 180 0 180 6 180 0 180 0 180 0 
8437 181 5 181 0 181 0 181 0 181 0 181 0 181 0 181 5 181 0 181 0 181 0 
8452 182 0 182 0 182 0 182 0 182 0 182 0 182 0 182 0 182 0 182 0 182 0 
8527 183 3 183 0 183 0 183 0 183 0 183 0 183 0 183 3 183 0 183 0 183 0 
8542 184 4 184 0 184 0 184 0 184 0 184 0 184 0 184 4 184 0 184 0 184 0 
8587 185 3 185 0 185 0 185 0 185 0 185 0 185 0 185 3 185 0 185 0 185 0 
8602 186 4 186 0 186 0 186 0 186 0 186 0 186 0 186 4 186 0 186 0 186 0 
8647 187 3 187 0 187 0 187 0 187 0 187 0 187 0 187 3 187 0 187 0 187 0 
8662 188 1 188 0 188 0 188 0 188 0 188 0 188 0 188 1 188 0 188 0 188 0 
8677 189 0 189 0 189 0 189 0 189 0 189 0 189 0 189 0 189 0 189 0 189 0 
8979 190 12 190 0 190 0 190 0 190 0 190 0 190 0 190 0 190 0 190 12 190 0 
8994 191 5 191 0 191 0 191 0 191 0 191 0 191 0 191 0 191 0 191 5 191 0 
9009 192 4 192 0 192 0 192 0 192 0 192 0 192 0 192 0 192 0 192 4 192 0 
9039 193 3 193 0 193 0 193 0 193 0 193 0 193 0 193 0 193 0 193 3 193 0 
9054 194 4 194 0 194 0 194 0 194 0 194 0 194 0 194 0 194 0 194 4 194 0 
9114 195 1 195 0 195 0 195 0 195 0 195 0 195 0 195 0 195 0 195 1 195 0 
9129 196 0 196 0 196 0 196 0 196 0 196 0 196 0 196 0 196 0 196 0 196 0 
9410 197 1 197 0 197 0 197 0 197 0 197 1 197 0 197 0 197 0 197 0 197 0 
9425 198 4 198 0 198 0 198 0 198 0 198 4 198 0 198 0 198 0 198 0 198 0 
9455 199 3 199 0 199 0 199 0 199 0 199 3 199 0 199 0 199 0 199 0 199 0 
9470 200 4 200 0 200 0 200 0 200 0 200 4 200 0 200 0 200 0 200 0 200 0 
9485 201 39 201 0 201 0 201 0 201 0 201 39 201 0 201 0 201 0 201 0 201 0 
9500 202 4 202 0 202 0 202 0 202 0 202 4 202 0 202 0 202 0 202 0 202 0 
9515 203 2 203 0 203 0 203 0 203 0 203 2 203 0 203 0 203 0 203 0 203 0 
9530 204 0 204 0 204 0 204 0 204 0 204 0 204 0 204 0 204 0 204 0 204 0 
9652 205 1 205 0 205 0 205 0 205 0 205 0 205 0 205 1 205 0 205 0 205 0 
9667 206 4 206 0 206 0 206 0 206 0 206 0 206 0 206 4 206 0 206 0 206 0 
9727 207 2 207 0 207 0 207 0 207 0 207 0 207 0 207 2 207 0 207 0 207 0 
9742 208 0 208 0 208 0 208 0 208 0 208 0 208 0 208 0 208 0 208 0 208 0 
10959 209 2 209 0 209 0 209 0 209 0 209 0 209 0 209 0 209 0 209 2 209 0 
10974 210 4 210 0 210 0 210 0 210 0 210 0 210 0 210 0 210 0 210 4 210 0 
10989 211 39 211 0 211 0 211 0 211 0 211 0 211 0 211 0 211 0 211 39 211 0 
11004 212 4 212 0 212 0 212 0 212 0 212 0 212 0 212 0 212 0 212 4 212 0 
11019 213 3 213 0 213 0 213 0 213 0 213 0 213 0 213 0 213 0 213 3 213 0 
11034 214 4 214 0 214 0 214 0 214 0 214 0 214 0 214 0 214 0 214 4 214 0 
11049 215 0 215 0 215 0 215 0 215 0 215 0 215 0 215 0 215 0 215 0 215 0 
11617 216 2 216 0 216 0 216 0 216 0 216 0 216 0 216 2 216 0 216 0 216 0 
11632 217 4 217 0 217 0 217 0 217 0 217 0 217 0 217 4 217 0 217 0 217 0 
11647 218 3 218 0 218 0 218 0 218 0 218 0 218 0 218 3 218 0 218 0 218 0 
11662 219 4 219 0 219 0 219 0 219 0 219 0 219 0 219 4 219 0 219 0 219 0 
11707 220 3 220 0 220 0 220 0 220 0 220 0 220 0 220 3 220 0 220 0 220 0 
11722 221 4 221 0 221 0 221 0 221 0 221 0 221 0 221 4 221 0 221 0 221 0 
11737 222 0 222 0 222 0 222 0 222 0 222 0 222 0 222 0 222 0 222 0 222 0 
12721 223 7 223 7 223 0 223 0 223 0 223 0 223 0 223 0 223 0 223 0 223 0 
12736 224 6 224 6 224 0 224 0 224 0 224 0 224 0 224 0 224 0 224 0 224 0 
12751 225 13 225 13 225 0 225 0 225 0 225 0 225 0 225 0 225 0 225 0 225 0 
12766 226 2 226 2 226 0 226 0 226 0 226 0 226 0 226 0 226 0 226 0 226 0 
12781 227 9 227 9 227 0 227 0 227 0 227 0 227 0 227 0 227 0 227 0 227 0 
12796 228 12 228 12 228 0 228 0 228 0 228 0 228 0 228 0 228 0 228 0 228 0 
12811 229 7 229 7 229 0 229 0 229 0 229 0 229 0 229 0 229 0 229 0 229 0 
12826 230 2 230 2 230 0 230 0 230 0 230 0 230 0 230 0 230 0 230 0 230 0 
12841 231 4 231 4 231 0 231 0 231 0 231 0 231 0 231 0 231 0 231 0 231 0 
12856 232 7 232 7 232 0 232 0 232 0 232 0 232 0 232 0 232 0 232 0 232 0 
12871 233 3 233 3 233 0 233 0 233 0 233 0 233 0 233 0 233 0 233 0 233 0 
12886 234 6 234 6 234 0 234 0 234 0 234 0 234 0 234 0 234 0 234 0 234 0 
12901 235 1 235 1 235 0 235 0 235 0 235 0 235 0 235 0 235 0 235 0 235 0 
12916 236 4 236 4 236 0 236 0 236 0 236 0 236 0 236 0 236 0 236 0 236 0 
12931 237 3 237 3 237 0 237 0 237 0 237 0 237 0 237 0 237 0 237 0 237 0 
12946 238 6 238 6 238 0 238 0 238 0 238 0 238 0 238 0 238 0 238 0 238 0 
12976 239 0 239 0 239 0 239 0 239 0 239 0 239 0 239 0 239 0 239 0 239 0 
12991 240 1 240 1 240 0 240 0 240 0 240 0 240 0 240 0 240 0 240 0 240 0 
13006 241 4 241 4 241 0 241 0 241 0 241 0 241 0 241 0 241 0 241 0 241 0 
13021 242 1 242 1 242 0 242 0 242 0 242 0 242 0 242 0 242 0 242 0 242 0 
13036 243 0 243 0 243 0 243 0 243 0 243 0 243 0 243 0 243 0 243 0 243 0 
13696 244 13 244 13 244 0 244 0 244 0 244 0 244 0 244 0 244 0 244 0 244 0 
13711 245 3 245 3 245 0 245 0 245 0 245 0 245 0 245 0 245 0 245 0 245 0 
13726 246 4 246 4 246 0 246 0 246 0 246 0 246 0 246 0 246 0 246 0 246 0 
13756 247 0 247 0 247 0 247 0 247 0 247 0 247 0 247 0 247 0 247 0 247 0 
13816 248 2 248 2 248 0 248 0 248 0 248 0 248 0 248 0 248 0 248 0 248 0 
13831 249 3 249 3 249 0 249 0 249 0 249 0 249 0 249 0 249 0 249 0 249 0 
13846 250 4 250 4 250 0 250 0 250 0 250 0 250 0 250 0 250 0 250 0 250 0 
13876 251 0 251 0 251 0 251 0 251 0 251 0 251 0 251 0 251 0 251 0 251 0 
14390 252 6 252 0 252 0 252 0 252 0 252 6 252 0 252 0 252 0 252 0 252 0 
14405 253 4 253 0 253 0 253 0 253 0 253 4 253 0 253 0 253 0 253 0 253 0 
14420 254 16 254 0 254 0 254 0 254 0 254 16 254 0 254 0 254 0 254 0 254 0 
14435 255 2 255 0 255 0 255 0 255 0 255 2 255 0 255 0 255 0 255 0 255 0 
14450 256 0 256 0 256 0 256 0 256 0 256 0 256 0 256 0 256 0 256 0 256 0 
14465 257 8 257 0 257 0 257 0 257 0 257 8 257 0 257 0 257 0 257 0 257 0 
14495 258 11 258 0 258 0 258 0 258 0 258 11 258 0 258 0 258 0 258 0 258 0 
14510 259 2 259 0 259 0 259 0 259 0 259 2 259 0 259 0 259 0 259 0 259 0 
14525 260 4 260 0 260 0 260 0 260 0 260 4 260 0 260 0 260 0 260 0 260 0 
14555 261 6 261 0 261 0 261 0 261 0 261 6 261 0 261 0 261 0 261 0 261 0 
14585 262 0 262 0 262 0 262 0 262 0 262 0 262 0 262 0 262 0 262 0 262 0 
14600 263 4 263 0 263 0 263 0 263 0 263 4 263 0 263 0 263 0 263 0 263 0 
14615 264 3 264 0 264 0 264 0 264 0 264 3 264 0 264 0 264 0 264 0 264 0 
14630 265 6 265 0 265 0 265 0 265 0 265 6 265 0 265 0 265 0 265 0 265 0 
14645 266 4 266 0 266 0 266 0 266 0 266 4 266 0 266 0 266 0 266 0 266 0 
14660 267 3 267 0 267 0 267 0 267 0 267 3 267 0 267 0 267 0 267 0 267 0 
14675 268 0 268 0 268 0 268 0 268 0 268 0 268 0 268 0 268 0 268 0 268 0 
15860 269 3 269 0 269 0 269 0 269 0 269 3 269 0 269 0 269 0 269 0 269 0 
15890 270 5 270 0 270 0 270 0 270 0 270 5 270 0 270 0 270 0 270 0 270 0 
15905 271 19 271 0 271 0 271 0 271 0 271 19 271 0 271 0 271 0 271 0 271 0 
15920 272 4 272 0 272 0 272 0 272 0 272 4 272 0 272 0 272 0 272 0 272 0 
15924 273 11 273 0 273 0 273 0 273 0 273 4 273 0 273 0 273 0 273 11 273 0 
15935 274 0 274 0 274 0 274 0 274 0 274 0 274 0 274 0 274 0 274 11 274 0 
15939 275 4 275 0 275 0 275 0 275 0 275 0 275 0 275 0 275 0 275 4 275 0 
15954 276 11 276 0 276 0 276 0 276 0 276 0 276 0 276 0 276 0 276 11 276 0 
15969 277 1 277 0 277 0 277 0 277 0 277 0 277 0 277 0 277 0 277 1 277 0 
15984 278 0 278 0 278 0 278 0 278 0 278 0 278 0 278 0 278 0 278 0 278 0 
16597 279 7 279 0 279 0 279 0 279 0 279 0 279 0 279 7 279 0 279 0 279 0 
16612 280 6 280 0 280 0 280 0 280 0 280 0 280 0 280 6 280 0 280 0 280 0 
16627 281 13 281 0 281 0 281 0 281 0 281 0 281 0 281 13 281 0 281 0 281 0 
16642 282 2 282 0 282 0 282 0 282 0 282 0 282 0 282 2 282 0 282 0 282 0 
16657 283 10 283 0 283 0 283 0 283 0 283 0 283 0 283 10 283 0 283 0 283 0 
16672 284 12 284 0 284 0 284 0 284 0 284 0 284 0 284 12 284 0 284 0 284 0 
16687 285 7 285 0 285 0 285 0 285 0 285 0 285 0 285 7 285 0 285 0 285 0 
16702 286 2 286 0 286 0 286 0 286 0 286 0 286 0 286 2 286 0 286 0 286 0 
16717 287 4 287 0 287 0 287 0 287 0 287 0 287 0 287 4 287 0 287 0 287 0 
16732 288 7 288 0 288 0 288 0 288 0 288 0 288 0 288 7 288 0 288 0 288 0 
16747 289 3 289 0 289 0 289 0 289 0 289 0 289 0 289 3 289 0 289 0 289 0 
16762 290 5 290 0 290 0 290 0 290 0 290 0 290 0 290 5 290 0 290 0 290 0 
16777 291 1 291 0 291 0 291 0 291 0 291 0 291 0 291 1 291 0 291 0 291 0 
16792 292 4 292 0 292 0 292 0 292 0 292 0 292 0 292 4 292 0 292 0 292 0 
16807 293 3 293 0 293 0 293 0 293 0 293 0 293 0 293 3 293 0 293 0 293 0 
16822 294 6 294 0 294 0 294 0 294 0 294 0 294 0 294 6 294 0 294 0 294 0 
16840 295 9 295 0 295 0 295 0 295 0 295 0 295 0 295 6 295 0 295 0 295 9 
16852 296 0 296 0 296 0 296 0 296 0 296 0 296 0 296 0 296 0 296 0 296 9 
16855 297 7 297 0 297 0 297 0 297 0 297 0 297 0 297 0 297 0 297 0 297 7 
16870 298 12 298 0 298 0 298 0 298 0 298 0 298 0 298 0 298 0 298 0 298 12 
16885 299 7 299 0 299 0 299 0 299 0 299 0 299 0 299 0 299 0 299 0 299 7 
16900 300 6 300 0 300 0 300 0 300 0 300 0 300 0 300 0 300 0 300 0 300 6 
16915 301 13 301 0 301 0 301 0 301 0 301 0 301 0 301 0 301 0 301 0 301 13 
16930 302 2 302 0 302 0 302 0 302 0 302 0 302 0 302 0 302 0 302 0 302 2 
16945 303 4 303 0 303 0 303 0 303 0 303 0 303 0 303 0 303 0 303 0 303 4 
16975 304 5 304 0 304 0 304 0 304 0 304 0 304 0 304 0 304 0 304 0 304 5 
16990 305 4 305 0 305 0 305 0 305 0 305 0 305 0 305 0 305 0 305 0 305 4 
17005 306 3 306 0 306 0 306 0 306 0 306 0 306 0 306 0 306 0 306 0 306 3 
17050 307 6 307 0 307 0 307 0 307 0 307 0 307 0 307 0 307 0 307 0 307 6 
17065 308 4 308 0 308 0 308 0 308 0 308 0 308 0 308 0 308 0 308 0 308 4 
17095 309 0 309 0 309 0 309 0 309 0 309 0 309 0 309 0 309 0 309 0 309 0 
17110 310 -17 310 0 310 0 310 0 310 0 310 0 310 0 310 0 310 0 310 0 310 -17 
17140 311 -20 311 0 311 0 311 0 311 0 311 0 311 0 311 0 311 0 311 0 311 -20 
17155 312 -3 312 0 312 0 312 0 312 0 312 0 312 0 312 0 312 0 312 0 312 -3 
17170 313 -7 313 0 313 0 313 0 313 0 313 0 313 0 313 0 313 0 313 0 313 -7 
17200 314 -4 314 0 314 0 314 0 314 0 314 0 314 0 314 0 314 0 314 0 314 -4 
17215 315 -2 315 0 315 0 315 0 315 0 315 0 315 0 315 0 315 0 315 0 315 -2 
17230 316 -7 316 0 316 0 316 0 316 0 316 0 316 0 316 0 316 0 316 0 316 -7 
17260 317 -4 317 0 317 0 317 0 317 0 317 0 317 0 317 0 317 0 317 0 317 -4 
17275 318 -1 318 0 318 0 318 0 318 0 318 0 318 0 318 0 318 0 318 0 318 -1 
17290 319 0 319 0 319 0 319 0 319 0 319 0 319 0 319 0 319 0 319 0 319 0 
17332 320 1 320 0 320 0 320 0 320 0 320 0 320 0 320 1 320 0 320 0 320 0 
17347 321 4 321 0 321 0 321 0 321 0 321 0 321 0 321 4 321 0 321 0 321 0 
17407 322 2 322 0 322 0 322 0 322 0 322 0 322 0 322 2 322 0 322 0 322 0 
17422 323 0 323 0 323 0 323 0 323 0 323 0 323 0 323 0 323 0 323 0 323 0 
17647 324 1 324 0 324 0 324 0 324 0 324 0 324 0 324 1 324 0 324 0 324 0 
17662 325 5 325 0 325 0 325 0 325 0 325 0 325 0 325 5 325 0 325 0 325 0 
17677 326 4 326 0 326 0 326 0 326 0 326 0 326 0 326 4 326 0 326 0 326 0 
17695 327 3 327 0 327 0 327 0 327 0 327 0 327 0 327 4 327 0 327 0 327 3 
17710 328 6.5 328 0 328 0 328 0 328 0 328 0 328 0 328 3 328 0 328 0 328 10 
17725 329 6 329 0 329 0 329 0 329 0 329 0 329 0 329 3 329 0 329 0 329 6 
17737 330 0 330 0 330 0 330 0 330 0 330 0 330 0 330 0 330 0 330 0 330 6 
17740 331 7 331 0 331 0 331 0 331 0 331 0 331 0 331 0 331 0 331 0 331 7 
17754 332 23 332 0 332 0 332 0 332 0 332 0 332 0 332 0 332 0 332 23 332 7 
17755 333 0 333 0 333 0 333 0 333 0 333 0 333 0 333 0 333 0 333 23 333 0 
17769 334 4 334 0 334 0 334 0 334 0 334 0 334 0 334 0 334 0 334 4 334 0 
17778 335 -7 335 0 335 0 335 -7 335 0 335 0 335 0 335 0 335 0 335 4 335 0 
17793 336 -20 336 0 336 0 336 -20 336 0 336 0 336 0 336 0 336 0 336 4 336 0 
17799 337 3 337 0 337 0 337 -20 337 0 337 0 337 0 337 0 337 0 337 3 337 0 
17808 338 -17 338 0 338 0 338 -17 338 0 338 0 338 0 338 0 338 0 338 3 338 0 
17814 339 5 339 0 339 0 339 -17 339 0 339 0 339 0 339 0 339 0 339 5 339 0 
17823 340 -11 340 0 340 0 340 -11 340 0 340 0 340 0 340 0 340 0 340 5 340 0 
17829 341 4 341 0 341 0 341 -11 341 0 341 0 341 0 341 0 341 0 341 4 341 0 
17838 342 -4 342 0 342 0 342 -4 342 0 342 0 342 0 342 0 342 0 342 4 342 0 
17859 343 3 343 0 343 0 343 -4 343 0 343 0 343 0 343 0 343 0 343 3 343 0 
17883 344 -3 344 0 344 0 344 -3 344 0 344 0 344 0 344 0 344 0 344 3 344 0 
17889 345 0 345 0 345 0 345 -3 345 0 345 0 345 0 345 0 345 0 345 0 345 0 
17898 346 -4 346 0 346 0 346 -4 346 0 346 0 346 0 346 0 346 0 346 0 346 0 
17928 347 -7 347 0 347 0 347 -7 347 0 347 0 347 0 347 0 347 0 347 0 347 0 
17943 348 -6 348 0 348 0 348 -6 348 0 348 0 348 0 348 0 348 0 348 0 348 0 
17958 349 -4 349 0 349 0 349 -4 349 0 349 0 349 0 349 0 349 0 349 0 349 0 
18003 350 -3 350 0 350 0 350 -3 350 0 350 0 350 0 350 0 350 0 350 0 350 0 
18018 351 -4 351 0 351 0 351 -4 351 0 351 0 351 0 351 0 351 0 351 0 351 0 
18063 352 -3 352 0 352 0 352 -3 352 0 352 0 352 0 352 0 352 0 352 0 352 0 
18078 353 -4 353 0 353 0 353 -4 353 0 353 0 353 0 353 0 353 0 353 0 353 0 
18093 354 -7 354 0 354 0 354 -7 354 0 354 0 354 0 354 0 354 0 354 0 354 0 
18123 355 -3 355 0 355 0 355 -3 355 0 355 0 355 0 355 0 355 0 355 0 355 0 
18138 356 -4 356 0 356 0 356 -4 356 0 356 0 356 0 356 0 356 0 356 0 356 0 
18157 357 2 357 0 357 0 357 -4 357 0 357 0 357 0 357 2 357 0 357 0 357 0 
18172 358 4 358 0 358 0 358 -4 358 0 358 0 358 0 358 4 358 0 358 0 358 0 
18183 359 -3 359 0 359 0 359 -3 359 0 359 0 359 0 359 4 359 0 359 0 359 0 
18187 360 3 360 0 360 0 360 -3 360 0 360 0 360 0 360 3 360 0 360 0 360 0 
18198 361 -4 361 0 361 0 361 -4 361 0 361 0 361 0 361 3 361 0 361 0 361 0 
18202 362 4 362 0 362 0 362 -4 362 0 362 0 362 0 362 4 362 0 362 0 362 0 
18213 363 -2 363 0 363 0 363 -2 363 0 363 0 363 0 363 4 363 0 363 0 363 0 
18228 364 0 364 0 364 0 364 0 364 0 364 0 364 0 364 4 364 0 364 0 364 0 
18247 365 3 365 0 365 0 365 0 365 0 365 0 365 0 365 3 365 0 365 0 365 0 
18277 366 0 366 0 366 0 366 0 366 0 366 0 366 0 366 0 366 0 366 0 366 0 
18633 367 2 367 0 367 0 367 2 367 0 367 0 367 0 367 0 367 0 367 0 367 0 
18648 368 11 368 0 368 0 368 11 368 0 368 0 368 0 368 0 368 0 368 0 368 0 
18663 369 3 369 0 369 0 369 3 369 0 369 0 369 0 369 0 369 0 369 0 369 0 
18678 370 10 370 0 370 0 370 10 370 0 370 0 370 0 370 0 370 0 370 0 370 0 
18693 371 1 371 0 371 0 371 1 371 0 371 0 371 0 371 0 371 0 371 0 371 0 
18708 372 0 372 0 372 0 372 0 372 0 372 0 372 0 372 0 372 0 372 0 372 0 
18736 373 6 373 6 373 0 373 0 373 0 373 0 373 0 373 0 373 0 373 0 373 0 
18751 374 3 374 3 374 0 374 0 374 0 374 0 374 0 374 0 374 0 374 0 374 0 
18766 375 12 375 12 375 0 375 0 375 0 375 0 375 0 375 0 375 0 375 0 375 0 
18781 376 7 376 7 376 0 376 0 376 0 376 0 376 0 376 0 376 0 376 0 376 0 
18796 377 8 377 8 377 0 377 0 377 0 377 0 377 0 377 0 377 0 377 0 377 0 
18811 378 5 378 5 378 0 378 0 378 0 378 0 378 0 378 0 378 0 378 0 378 0 
18826 379 14 379 14 379 0 379 0 379 0 379 0 379 0 379 0 379 0 379 0 379 0 
18841 380 2 380 2 380 0 380 0 380 0 380 0 380 0 380 0 380 0 380 0 380 0 
18850 381 3 381 2 381 0 381 0 381 0 381 0 381 0 381 0 381 0 381 0 381 3 
18856 382 4 382 4 382 0 382 0 382 0 382 0 382 0 382 0 382 0 382 0 382 3 
18871 383 3.5 383 3 383 0 383 0 383 0 383 0 383 0 383 0 383 0 383 0 383 4 
18880 384 15 384 3 384 0 384 0 384 0 384 0 384 0 384 0 384 0 384 0 384 15 
18886 385 6 385 6 385 0 385 0 385 0 385 0 385 0 385 0 385 0 385 0 385 15 
18895 386 4 386 6 386 0 386 0 386 0 386 0 386 0 386 0 386 0 386 0 386 4 
18910 387 5 387 6 387 0 387 0 387 0 387 0 387 0 387 0 387 0 387 0 387 5 
18916 388 0 388 0 388 0 388 0 388 0 388 0 388 0 388 0 388 0 388 0 388 5 
18925 389 4 389 0 389 0 389 0 389 0 389 0 389 0 389 0 389 0 389 0 389 4 
18931 390 3 390 3 390 0 390 0 390 0 390 0 390 0 390 0 390 0 390 0 390 4 
18946 391 4 391 4 391 0 391 0 391 0 391 0 391 0 391 0 391 0 391 0 391 4 
18955 392 0 392 4 392 0 392 0 392 0 392 0 392 0 392 0 392 0 392 0 392 0 
18961 393 6 393 6 393 0 393 0 393 0 393 0 393 0 393 0 393 0 393 0 393 0 
18976 394 4 394 4 394 0 394 0 394 0 394 0 394 0 394 0 394 0 394 0 394 0 
18991 395 3 395 3 395 0 395 0 395 0 395 0 395 0 395 0 395 0 395 0 395 0 
19006 396 0 396 0 396 0 396 0 396 0 396 0 396 0 396 0 396 0 396 0 396 0 
19726 397 2 397 2 397 0 397 0 397 0 397 0 397 0 397 0 397 0 397 0 397 0 
19741 398 4 398 4 398 0 398 0 398 0 398 0 398 0 398 0 398 0 398 0 398 0 
19771 399 3 399 3 399 0 399 0 399 0 399 0 399 0 399 0 399 0 399 0 399 0 
19786 400 4 400 4 400 0 400 0 400 0 400 0 400 0 400 0 400 0 400 0 400 0 
19831 401 3 401 3 401 0 401 0 401 0 401 0 401 0 401 0 401 0 401 0 401 0 
19846 402 2 402 2 402 0 402 0 402 0 402 0 402 0 402 0 402 0 402 0 402 0 
19861 403 0 403 0 403 0 403 0 403 0 403 0 403 0 403 0 403 0 403 0 403 0 
20056 404 4 404 4 404 0 404 0 404 0 404 0 404 0 404 0 404 0 404 0 404 0 
20071 405 3 405 3 405 0 405 0 405 0 405 0 405 0 405 0 405 0 405 0 405 0 
20086 406 4 406 4 406 0 406 0 406 0 406 0 406 0 406 0 406 0 406 0 406 0 
20131 407 3 407 3 407 0 407 0 407 0 407 0 407 0 407 0 407 0 407 0 407 0 
20146 408 4 408 4 408 0 408 0 408 0 408 0 408 0 408 0 408 0 408 0 408 0 
20176 409 3 409 3 409 0 409 0 409 0 409 0 409 0 409 0 409 0 409 0 409 0 
20191 410 0 410 0 410 0 410 0 410 0 410 0 410 0 410 0 410 0 410 0 410 0 
20537 411 6 411 0 411 6 411 0 411 0 411 0 411 0 411 0 411 0 411 0 411 0 
20552 412 4 412 0 412 4 412 0 412 0 412 0 412 0 412 0 412 0 412 0 412 0 
20567 413 11 413 0 413 11 413 0 413 0 413 0 413 0 413 0 413 0 413 0 413 0 
20582 414 7 414 0 414 7 414 0 414 0 414 0 414 0 414 0 414 0 414 0 414 0 
20597 415 8 415 0 415 8 415 0 415 0 415 0 415 0 415 0 415 0 415 0 415 0 
20627 416 11 416 0 416 11 416 0 416 0 416 0 416 0 416 0 416 0 416 0 416 0 
20642 417 2 417 0 417 2 417 0 417 0 417 0 417 0 417 0 417 0 417 0 417 0 
20657 418 4 418 0 418 4 418 0 418 0 418 0 418 0 418 0 418 0 418 0 418 0 
20687 419 5 419 0 419 5 419 0 419 0 419 0 419 0 419 0 419 0 419 0 419 0 
20702 420 6 420 0 420 6 420 0 420 0 420 0 420 0 420 0 420 0 420 0 420 0 
20717 421 0 421 0 421 0 421 0 421 0 421 0 421 0 421 0 421 0 421 0 421 0 
20732 422 4 422 0 422 4 422 0 422 0 422 0 422 0 422 0 422 0 422 0 422 0 
20747 423 3 423 0 423 3 423 0 423 0 423 0 423 0 423 0 423 0 423 0 423 0 
20748 424 1 424 0 424 3 424 1 424 0 424 0 424 0 424 0 424 0 424 0 424 0 
20762 425 6 425 0 425 6 425 1 425 0 425 0 425 0 425 0 425 0 425 0 425 0 
20763 426 4 426 0 426 6 426 4 426 0 426 0 426 0 426 0 426 0 426 0 426 0 
20792 427 3 427 0 427 3 427 4 427 0 427 0 427 0 427 0 427 0 427 0 427 0 
20793 428 -3 428 0 428 3 428 -3 428 0 428 0 428 0 428 0 428 0 428 0 428 0 
20807 429 0 429 0 429 0 429 -3 429 0 429 0 429 0 429 0 429 0 429 0 429 0 
20883 430 1 430 0 430 0 430 1 430 0 430 0 430 0 430 0 430 0 430 0 430 0 
20898 431 4 431 0 431 0 431 4 431 0 431 0 431 0 431 0 431 0 431 0 431 0 
20943 432 3 432 0 432 0 432 3 432 0 432 0 432 0 432 0 432 0 432 0 432 0 
20958 433 4 433 0 433 0 433 4 433 0 433 0 433 0 433 0 433 0 433 0 433 0 
20973 434 1 434 0 434 0 434 1 434 0 434 0 434 0 434 0 434 0 434 0 434 0 
20988 435 0 435 0 435 0 435 0 435 0 435 0 435 0 435 0 435 0 435 0 435 0 
21001 436 1 436 1 436 0 436 0 436 0 436 0 436 0 436 0 436 0 436 0 436 0 
21016 437 4 437 4 437 0 437 0 437 0 437 0 437 0 437 0 437 0 437 0 437 0 
21031 438 3.5 438 3 438 4 438 0 438 0 438 0 438 0 438 0 438 0 438 0 438 0 
21046 439 4 439 4 439 4 439 0 439 0 439 0 439 0 439 0 439 0 439 0 439 0 
21047 440 3 440 4 440 3 440 0 440 0 440 0 440 0 440 0 440 0 440 0 440 0 
21061 441 15 441 15 441 3 441 0 441 0 441 0 441 0 441 0 441 0 441 0 441 0 
21062 442 21 442 15 442 21 442 0 442 0 442 0 442 0 442 0 442 0 442 0 442 0 
21076 443 4 443 4 443 21 443 0 443 0 443 0 443 0 443 0 443 0 443 0 443 0 
21077 444 2 444 4 444 2 444 0 444 0 444 0 444 0 444 0 444 0 444 0 444 0 
21091 445 3 445 3 445 2 445 0 445 0 445 0 445 0 445 0 445 0 445 0 445 0 
21092 446 4 446 3 446 4 446 0 446 0 446 0 446 0 446 0 446 0 446 0 446 0 
21106 447 2 447 2 447 4 447 0 447 0 447 0 447 0 447 0 447 0 447 0 447 0 
21107 448 3 448 2 448 3 448 0 448 0 448 0 448 0 448 0 448 0 448 0 448 0 
21121 449 0 449 0 449 3 449 0 449 0 449 0 449 0 449 0 449 0 449 0 449 0 
21122 450 4 450 0 450 4 450 0 450 0 450 0 450 0 450 0 450 0 450 0 450 0 
21152 451 1 451 0 451 1 451 0 451 0 451 0 451 0 451 0 451 0 451 0 451 0 
21167 452 0 452 0 452 0 452 0 452 0 452 0 452 0 452 0 452 0 452 0 452 0 
21302 453 1 453 0 453 1 453 0 453 0 453 0 453 0 453 0 453 0 453 0 453 0 
21317 454 4 454 0 454 4 454 0 454 0 454 0 454 0 454 0 454 0 454 0 454 0 
21347 455 3 455 0 455 3 455 0 455 0 455 0 455 0 455 0 455 0 455 0 455 0 
21362 456 4 456 0 456 4 456 0 456 0 456 0 456 0 456 0 456 0 456 0 456 0 
21377 457 3 457 0 457 3 457 0 457 0 457 0 457 0 457 0 457 0 457 0 457 0 
21392 458 0 458 0 458 0 458 0 458 0 458 0 458 0 458 0 458 0 458 0 458 0 
21921 459 9 459 0 459 0 459 0 459 0 459 0 459 9 459 0 459 0 459 0 459 0 
21936 460 12 460 0 460 0 460 0 460 0 460 0 460 12 460 0 460 0 460 0 460 0 
21951 461 7 461 0 461 0 461 0 461 0 461 0 461 7 461 0 461 0 461 0 461 0 
21981 462 6 462 0 462 0 462 0 462 0 462 0 462 6 462 0 462 0 462 0 462 0 
21996 463 14 463 0 463 0 463 0 463 0 463 0 463 14 463 0 463 0 463 0 463 0 
22011 464 1 464 0 464 0 464 0 464 0 464 0 464 1 464 0 464 0 464 0 464 0 
22026 465 4 465 0 465 0 465 0 465 0 465 0 465 4 465 0 465 0 465 0 465 0 
22056 466 6 466 0 466 0 466 0 466 0 466 0 466 6 466 0 466 0 466 0 466 0 
22071 467 3 467 0 467 0 467 0 467 0 467 0 467 3 467 0 467 0 467 0 467 0 
22116 468 4 468 0 468 0 468 0 468 0 468 0 468 4 468 0 468 0 468 0 468 0 
22131 469 5 469 0 469 0 469 0 469 0 469 0 469 5 469 0 469 0 469 0 469 0 
22146 470 4 470 0 470 0 470 0 470 0 470 0 470 4 470 0 470 0 470 0 470 0 
22176 471 0 471 0 471 0 471 0 471 0 471 0 471 0 471 0 471 0 471 0 471 0 
22749 472 8 472 0 472 0 472 0 472 0 472 0 472 0 472 0 472 0 472 8 472 0 
22779 473 11 473 0 473 0 473 0 473 0 473 0 473 0 473 0 473 0 473 11 473 0 
22794 474 7 474 0 474 0 474 0 474 0 474 0 474 0 474 0 474 0 474 7 474 0 
22809 475 4 475 0 475 0 475 0 475 0 475 0 475 0 475 0 475 0 475 4 475 0 
22824 476 16 476 0 476 0 476 0 476 0 476 0 476 0 476 0 476 0 476 16 476 0 
22839 477 2 477 0 477 0 477 0 477 0 477 0 477 0 477 0 477 0 477 2 477 0 
22854 478 3 478 0 478 0 478 0 478 0 478 0 478 0 478 0 478 0 478 3 478 0 
22869 479 4 479 0 479 0 479 0 479 0 479 0 479 0 479 0 479 0 479 4 479 0 
22884 480 6 480 0 480 0 480 0 480 0 480 0 480 0 480 0 480 0 480 6 480 0 
22899 481 3 481 0 481 0 481 0 481 0 481 0 481 0 481 0 481 0 481 3 481 0 
22914 482 4 482 0 482 0 482 0 482 0 482 0 482 0 482 0 482 0 482 4 482 0 
22929 483 2 483 0 483 0 483 0 483 0 483 0 483 0 483 0 483 0 483 2 483 0 
22944 484 4 484 0 484 0 484 0 484 0 484 0 484 0 484 0 484 0 484 4 484 0 
22959 485 3 485 0 485 0 485 0 485 0 485 0 485 0 485 0 485 0 485 3 485 0 
22974 486 6 486 0 486 0 486 0 486 0 486 0 486 0 486 0 486 0 486 6 486 0 
22989 487 5 487 0 487 0 487 0 487 0 487 0 487 0 487 0 487 0 487 5 487 0 
23004 488 0 488 0 488 0 488 0 488 0 488 0 488 0 488 0 488 0 488 0 488 0 
23152 489 7 489 0 489 0 489 0 489 0 489 0 489 0 489 7 489 0 489 0 489 0 
23182 490 12 490 0 490 0 490 0 490 0 490 0 490 0 490 12 490 0 490 0 490 0 
23197 491 2 491 0 491 0 491 0 491 0 491 0 491 0 491 2 491 0 491 0 491 0 
23212 492 0 492 0 492 0 492 0 492 0 492 0 492 0 492 0 492 0 492 0 492 0 
23709 493 3 493 0 493 0 493 0 493 0 493 0 493 0 493 0 493 0 493 3 493 0 
23724 494 4 494 0 494 0 494 0 494 0 494 0 494 0 494 0 494 0 494 4 494 0 
23739 495 3 495 0 495 0 495 0 495 0 495 0 495 0 495 0 495 0 495 3 495 0 
23754 496 4 496 0 496 0 496 0 496 0 496 0 496 0 496 0 496 0 496 4 496 0 
23784 497 15 497 0 497 0 497 0 497 0 497 0 497 0 497 0 497 0 497 15 497 0 
23799 498 4 498 0 498 0 498 0 498 0 498 0 498 0 498 0 498 0 498 4 498 0 
23814 499 2 499 0 499 0 499 0 499 0 499 0 499 0 499 0 499 0 499 2 499 0 
23829 500 0 500 0 500 0 500 0 500 0 500 0 500 0 500 0 500 0 500 0 500 0 
23917 501 1 501 0 501 0 501 0 501 0 501 0 501 0 501 1 501 0 501 0 501 0 
23932 502 4 502 0 502 0 502 0 502 0 502 0 502 0 502 4 502 0 502 0 502 0 
23947 503 3 503 0 503 0 503 0 503 0 503 0 503 0 503 3 503 0 503 0 503 0 
23962 504 5 504 0 504 0 504 0 504 0 504 0 504 0 504 5 504 0 504 0 504 0 
23977 505 4 505 0 505 0 505 0 505 0 505 0 505 0 505 4 505 0 505 0 505 0 
24007 506 3 506 0 506 0 506 0 506 0 506 0 506 0 506 3 506 0 506 0 506 0 
24020 507 1 507 0 507 0 507 0 507 0 507 1 507 0 507 3 507 0 507 0 507 0 
24022 508 4 508 0 508 0 508 0 508 0 508 1 508 0 508 4 508 0 508 0 508 0 
24035 509 0 509 0 509 0 509 0 509 0 509 0 509 0 509 4 509 0 509 0 509 0 
24052 510 16 510 0 510 0 510 0 510 0 510 0 510 0 510 16 510 0 510 0 510 0 
24067 511 3 511 0 511 0 511 0 511 0 511 0 511 0 511 3 511 0 511 0 511 0 
24082 512 4 512 0 512 0 512 0 512 0 512 0 512 0 512 4 512 0 512 0 512 0 
24097 513 1 513 0 513 0 513 0 513 0 513 0 513 0 513 1 513 0 513 0 513 0 
24112 514 0 514 0 514 0 514 0 514 0 514 0 514 0 514 0 514 0 514 0 514 0 
24605 515 1 515 0 515 0 515 0 515 0 515 1 515 0 515 0 515 0 515 0 515 0 
24620 516 19 516 0 516 0 516 0 516 0 516 19 516 0 516 0 516 0 516 0 516 0 
24635 517 26 517 0 517 0 517 0 517 0 517 26 517 0 517 0 517 0 517 0 517 0 
24650 518 4 518 0 518 0 518 0 518 0 518 4 518 0 518 0 518 0 518 0 518 0 
24665 519 -3 519 0 519 0 519 0 519 0 519 -3 519 0 519 0 519 0 519 0 519 0 
24680 520 0 520 0 520 0 520 0 520 0 520 0 520 0 520 0 520 0 520 0 520 0 
25074 521 2 521 0 521 0 521 0 521 0 521 0 521 0 521 0 521 0 521 2 521 0 
25089 522 5 522 0 522 0 522 0 522 0 522 0 522 0 522 0 522 0 522 5 522 0 
25104 523 4 523 0 523 0 523 0 523 0 523 0 523 0 523 0 523 0 523 4 523 0 
25119 524 3 524 0 524 0 524 0 524 0 524 0 524 0 524 0 524 0 524 3 524 0 
25134 525 4 525 0 525 0 525 0 525 0 525 0 525 0 525 0 525 0 525 4 525 0 
25161 526 1 526 0 526 0 526 0 526 0 526 0 526 1 526 0 526 0 526 4 526 0 
25176 527 5 527 0 527 0 527 0 527 0 527 0 527 5 527 0 527 0 527 4 527 0 
25179 528 34 528 0 528 0 528 0 528 0 528 0 528 5 528 0 528 0 528 34 528 0 
25191 529 3 529 0 529 0 529 0 529 0 529 0 529 3 529 0 529 0 529 34 529 0 
25194 530 4 530 0 530 0 530 0 530 0 530 0 530 3 530 0 530 0 530 4 530 0 
25209 531 2.5 531 0 531 0 531 0 531 0 531 0 531 4 531 0 531 0 531 1 531 0 
25224 532 0 532 0 532 0 532 0 532 0 532 0 532 4 532 0 532 0 532 0 532 0 
25251 533 3 533 0 533 0 533 0 533 0 533 0 533 3 533 0 533 0 533 0 533 0 
25266 534 5 534 0 534 0 534 0 534 0 534 0 534 5 534 0 534 0 534 0 534 0 
25281 535 0 535 0 535 0 535 0 535 0 535 0 535 0 535 0 535 0 535 0 535 0 
25539 536 2 536 0 536 0 536 0 536 0 536 0 536 0 536 0 536 0 536 2 536 0 
25554 537 4 537 0 537 0 537 0 537 0 537 0 537 0 537 0 537 0 537 4 537 0 
25584 538 31 538 0 538 0 538 0 538 0 538 0 538 0 538 0 538 0 538 31 538 0 
25599 539 3 539 0 539 0 539 0 539 0 539 0 539 0 539 0 539 0 539 3 539 0 
25614 540 2 540 0 540 0 540 0 540 0 540 0 540 0 540 0 540 0 540 2 540 0 
25629 541 0 541 0 541 0 541 0 541 0 541 0 541 0 541 0 541 0 541 0 541 0 
25848 542 8 542 0 542 0 542 8 542 0 542 0 542 0 542 0 542 0 542 0 542 0 
25863 543 5 543 0 543 0 543 5 543 0 543 0 543 0 543 0 543 0 543 0 543 0 
25878 544 14 544 0 544 0 544 14 544 0 544 0 544 0 544 0 544 0 544 0 544 0 
25893 545 1 545 0 545 0 545 1 545 0 545 0 545 0 545 0 545 0 545 0 545 0 
25908 546 6 546 0 546 0 546 6 546 0 546 0 546 0 546 0 546 0 546 0 546 0 
25923 547 3 547 0 547 0 547 3 547 0 547 0 547 0 547 0 547 0 547 0 547 0 
25938 548 12 548 0 548 0 548 12 548 0 548 0 548 0 548 0 548 0 548 0 548 0 
25953 549 7 549 0 549 0 549 7 549 0 549 0 549 0 549 0 549 0 549 0 549 0 
25968 550 3 550 0 550 0 550 3 550 0 550 0 550 0 550 0 550 0 550 0 550 0 
25983 551 4 551 0 551 0 551 4 551 0 551 0 551 0 551 0 551 0 551 0 551 0 
25998 552 6 552 0 552 0 552 6 552 0 552 0 552 0 552 0 552 0 552 0 552 0 
26013 553 4 553 0 553 0 553 4 553 0 553 0 553 0 553 0 553 0 553 0 553 0 
26043 554 1 554 0 554 0 554 1 554 0 554 0 554 0 554 0 554 0 554 0 554 0 
26058 555 4 555 0 555 0 555 4 555 0 555 0 555 0 555 0 555 0 555 0 555 0 
26088 556 6 556 0 556 0 556 6 556 0 556 0 556 0 556 0 556 0 556 0 556 0 
26103 557 5 557 0 557 0 557 5 557 0 557 0 557 0 557 0 557 0 557 0 557 0 
26118 558 0 558 0 558 0 558 0 558 0 558 0 558 0 558 0 558 0 558 0 558 0 
26181 559 4 559 0 559 0 559 0 559 0 559 0 559 4 559 0 559 0 559 0 559 0 
26211 560 14 560 0 560 0 560 0 560 0 560 0 560 14 560 0 560 0 560 0 560 0 
26226 561 4 561 0 561 0 561 0 561 0 561 0 561 4 561 0 561 0 561 0 561 0 
26271 562 1 562 0 562 0 562 0 562 0 562 0 562 1 562 0 562 0 562 0 562 0 
26286 563 0 563 0 563 0 563 0 563 0 563 0 563 0 563 0 563 0 563 0 563 0 
