# deltaRailways deltaRailVehicles
10 0 0 0 0 0 0 0 0 0 0 0 0 0 0 0 0 0 0 0 0 0 0 
123 8 0 0 0 0 0 8 0 0 0 0 0 0 0 0 0 0 0 0 0 0 0 
124 11 0 0 0 0 0 8 0 11 0 0 0 0 0 0 0 0 0 0 0 0 0 
127 8 0 0 0 0 0 8 0 11 0 0 0 0 0 8 0 0 0 0 0 0 0 
130 7 0 0 0 0 0 8 0 11 0 0 0 0 0 8 0 0 0 0 0 7 0 
139 4 0 0 0 0 0 8 0 4 0 0 0 0 0 8 0 0 0 0 0 7 0 
141 6 0 0 0 0 0 8 0 4 0 0 0 6 0 8 0 0 0 0 0 7 0 
145 10 0 0 0 0 0 8 0 4 0 0 0 6 0 8 0 0 0 0 0 10 0 
152 9 0 0 0 9 0 8 0 4 0 0 0 6 0 8 0 0 0 0 0 10 0 
153 12 0 0 0 9 0 12 0 4 0 0 0 6 0 8 0 0 0 0 0 10 0 
154 10 0 0 0 9 0 12 0 10 0 0 0 6 0 8 0 0 0 0 0 10 0 
156 4 0 0 0 9 0 12 0 10 0 0 0 4 0 8 0 0 0 0 0 10 0 
157 12 0 0 0 9 0 12 0 10 0 0 0 4 0 12 0 0 0 0 0 10 0 
167 7 0 0 0 7 0 12 0 10 0 0 0 4 0 12 0 0 0 0 0 10 0 
169 4 0 0 0 7 0 7 0 1 0 0 0 4 0 12 0 0 0 0 0 10 0 
171 11 0 0 0 7 0 7 0 1 0 0 0 11 0 12 0 0 0 0 0 10 0 
172 7 0 0 0 7 0 7 0 1 0 0 0 11 0 7 0 0 0 0 0 10 0 
175 1 0 0 0 7 0 7 0 1 0 0 0 11 0 7 0 0 0 0 0 1 0 
182 12 0 0 0 12 0 7 0 1 0 0 0 11 0 7 0 0 0 0 0 1 0 
183 3 0 0 0 12 0 3 0 1 0 0 0 11 0 7 0 0 0 0 0 1 0 
184 0 0 0 0 12 0 3 0 0 0 0 0 11 0 7 0 0 0 0 0 1 0 
186 7 0 0 0 12 0 3 0 0 0 0 0 7 0 7 0 0 0 0 0 1 0 
187 3 0 0 0 12 0 3 0 0 0 0 0 7 0 3 0 0 0 0 0 1 0 
190 -14 0 0 0 12 0 3 0 0 0 0 0 7 0 3 0 0 0 0 0 -14 0 
197 0 0 0 0 0 0 3 0 0 0 0 0 7 0 3 0 0 0 0 0 -14 0 
198 16 0 0 0 0 0 16 0 0 0 0 0 7 0 3 0 0 0 0 0 -14 0 
201 0 0 0 0 0 0 16 0 0 0 0 0 0 0 3 0 0 0 0 0 -14 0 
202 16 0 0 0 0 0 16 0 0 0 0 0 0 0 16 0 0 0 0 0 -14 0 
212 6 0 0 0 6 0 16 0 0 0 0 0 0 0 16 0 0 0 0 0 -14 0 
213 2 0 0 0 6 0 2 0 0 0 0 0 0 0 16 0 0 0 0 0 -14 0 
216 8 0 0 0 6 0 2 0 0 0 0 0 8 0 16 0 0 0 0 0 -14 0 
217 2 0 0 0 6 0 2 0 0 0 0 0 8 0 2 0 0 0 0 0 -14 0 
220 0 0 0 0 6 0 2 0 0 0 0 0 8 0 2 0 0 0 0 0 0 0 
227 3 0 0 0 3 0 2 0 0 0 0 0 8 0 2 0 0 0 0 0 0 0 
228 4 0 0 0 3 0 4 0 0 0 0 0 8 0 2 0 0 0 0 0 0 0 
231 15 0 0 0 3 0 4 0 0 0 0 0 15 0 2 0 0 0 0 0 0 0 
232 4 0 0 0 3 0 4 0 0 0 0 0 15 0 4 0 0 0 0 0 0 0 
242 12 0 0 0 12 0 4 0 0 0 0 0 15 0 4 0 0 0 0 0 0 0 
243 3 0 0 0 12 0 3 0 0 0 0 0 15 0 4 0 0 0 0 0 0 0 
246 14 0 0 0 12 0 3 0 0 0 0 0 14 0 4 0 0 0 0 0 0 0 
247 3 0 0 0 12 0 3 0 0 0 0 0 14 0 3 0 0 0 0 0 0 0 
257 7 0 0 0 7 0 3 0 0 0 0 0 14 0 3 0 0 0 0 0 0 0 
258 6 0 0 0 7 0 6 0 0 0 0 0 14 0 3 0 0 0 0 0 0 0 
261 2 0 0 0 7 0 6 0 0 0 0 0 2 0 3 0 0 0 0 0 0 0 
262 6 0 0 0 7 0 6 0 0 0 0 0 2 0 6 0 0 0 0 0 0 0 
272 3 0 0 0 3 0 6 0 0 0 0 0 2 0 6 0 0 0 0 0 0 0 
273 4 0 0 0 3 0 4 0 0 0 0 0 2 0 6 0 0 0 0 0 0 0 
288 3.66667 0 0 0 3 0 3 0 0 0 0 0 4 0 4 0 0 0 0 0 0 0 
291 3 0 0 0 3 0 3 0 0 0 0 0 3 0 4 0 0 0 0 0 0 0 
302 4.5 0 0 0 6 0 3 0 0 0 0 0 3 0 3 0 0 0 0 0 0 0 
303 2 0 0 0 6 0 2 0 0 0 0 0 3 0 3 0 0 0 0 0 0 0 
306 6 0 0 0 6 0 2 0 0 0 0 0 6 0 3 0 0 0 0 0 0 0 
307 2 0 0 0 6 0 2 0 0 0 0 0 6 0 2 0 0 0 0 0 0 0 
317 4 0 0 0 4 0 2 0 0 0 0 0 6 0 2 0 0 0 0 0 0 0 
333 5 0 0 0 4 0 6 0 0 0 0 0 6 0 4 0 0 0 0 0 0 0 
336 0 0 0 0 4 0 6 0 0 0 0 0 0 0 4 0 0 0 0 0 0 0 
337 6 0 0 0 4 0 6 0 0 0 0 0 0 0 6 0 0 0 0 0 0 0 
347 1 0 0 0 1 0 6 0 0 0 0 0 0 0 6 0 0 0 0 0 0 0 
348 4 0 0 0 1 0 4 0 0 0 0 0 0 0 6 0 0 0 0 0 0 0 
351 3 0 0 0 1 0 4 0 0 0 0 0 3 0 6 0 0 0 0 0 0 0 
352 4 0 0 0 1 0 4 0 0 0 0 0 3 0 4 0 0 0 0 0 0 0 
378 2.66667 0 0 0 4 0 0 0 0 0 0 0 4 0 4 0 0 0 0 0 0 0 
381 6 0 0 0 4 0 0 0 0 0 0 0 6 0 4 0 0 0 0 0 0 0 
382 0 0 0 0 4 0 0 0 0 0 0 0 6 0 0 0 0 0 0 0 0 0 
392 6 0 0 0 6 0 0 0 0 0 0 0 6 0 0 0 0 0 0 0 0 0 
396 14 0 0 0 6 0 0 0 0 0 0 0 14 0 0 0 0 0 0 0 0 0 
407 5 0 0 0 5 0 0 0 0 0 0 0 14 0 0 0 0 0 0 0 0 0 
408 2 0 0 0 5 0 2 0 0 0 0 0 14 0 0 0 0 0 0 0 0 0 
411 3 0 0 0 5 0 2 0 0 0 0 0 3 0 0 0 0 0 0 0 0 0 
422 0 0 0 0 0 0 2 0 0 0 0 0 3 0 0 0 0 0 0 0 0 0 
423 3 0 0 0 0 0 3 0 0 0 0 0 3 0 0 0 0 0 0 0 0 0 
426 0 0 0 0 0 0 3 0 0 0 0 0 0 0 0 0 0 0 0 0 0 0 
438 4 0 0 0 0 0 4 0 0 0 0 0 0 0 0 0 0 0 0 0 0 0 
483 1 0 0 0 0 0 1 0 0 0 0 0 0 0 0 0 0 0 0 0 0 0 
498 0 0 0 0 0 0 0 0 0 0 0 0 0 0 0 0 0 0 0 0 0 0 
513 3 0 0 0 0 0 3 0 0 0 0 0 0 0 0 0 0 0 0 0 0 0 
528 4 0 0 0 0 0 4 0 0 0 0 0 0 0 0 0 0 0 0 0 0 0 
543 3 0 0 0 0 0 3 0 0 0 0 0 0 0 0 0 0 0 0 0 0 0 
558 4 0 0 0 0 0 4 0 0 0 0 0 0 0 0 0 0 0 0 0 0 0 
573 3 0 0 0 0 0 3 0 0 0 0 0 0 0 0 0 0 0 0 0 0 0 
588 0 0 0 0 0 0 0 0 0 0 0 0 0 0 0 0 0 0 0 0 0 0 
664 2 0 0 0 0 0 0 0 2 0 0 0 0 0 0 0 0 0 0 0 0 0 
679 3 0 0 0 0 0 0 0 3 0 0 0 0 0 0 0 0 0 0 0 0 0 
694 4 0 0 0 0 0 0 0 4 0 0 0 0 0 0 0 0 0 0 0 0 0 
697 3 0 0 0 0 0 0 0 4 0 0 0 0 0 3 0 0 0 0 0 0 0 
712 4 0 0 0 0 0 0 0 4 0 0 0 0 0 4 0 0 0 0 0 0 0 
727 3 0 0 0 0 0 0 0 4 0 0 0 0 0 3 0 0 0 0 0 0 0 
742 3.5 0 0 0 0 0 0 0 3 0 0 0 0 0 4 0 0 0 0 0 0 0 
754 4 0 0 0 0 0 0 0 4 0 0 0 0 0 4 0 0 0 0 0 0 0 
769 2 0 0 0 0 0 0 0 2 0 0 0 0 0 4 0 0 0 0 0 0 0 
771 1 0 0 0 0 0 0 0 2 0 0 0 1 0 4 0 0 0 0 0 0 0 
772 3 0 0 0 0 0 0 0 2 0 0 0 1 0 3 0 0 0 0 0 0 0 
784 0 1 0 0 0 0 0 0 0 1 0 0 1 0 3 0 0 0 0 0 0 0 
786 4 0 0 0 0 0 0 0 0 1 0 0 4 0 3 0 0 0 0 0 0 0 
787 0 0 0 0 0 0 0 0 0 1 0 0 4 0 0 0 0 0 0 0 0 0 
801 7 0 0 0 0 0 0 0 0 0 0 0 14 0 0 0 0 0 0 0 0 0 
814 0 10 0 0 0 0 0 0 0 10 0 0 14 0 0 0 0 0 0 0 0 0 
816 4 0 0 0 0 0 0 0 0 10 0 0 4 0 0 0 0 0 0 0 0 0 
817 14 0 0 0 0 0 0 0 0 10 0 0 4 0 14 0 0 0 0 0 0 0 
829 0 0 0 0 0 0 0 0 0 0 0 0 4 0 14 0 0 0 0 0 0 0 
831 3 0 0 0 0 0 0 0 0 0 0 0 3 0 14 0 0 0 0 0 0 0 
832 4 0 0 0 0 0 0 0 0 0 0 0 3 0 4 0 0 0 0 0 0 0 
847 3.5 0 0 0 0 0 0 0 0 0 0 0 4 0 3 0 0 0 0 0 0 0 
862 4 0 0 0 0 0 0 0 0 0 0 0 4 0 4 0 0 0 0 0 0 0 
877 2 0 0 0 0 0 0 0 0 0 0 0 4 0 2 0 0 0 0 0 0 0 
891 11 0 0 0 0 0 0 0 0 0 0 0 11 0 2 0 0 0 0 0 0 0 
892 0 0 0 0 0 0 0 0 0 0 0 0 11 0 0 0 0 0 0 0 0 0 
918 0.5 0 0 0 0 0 1 0 0 0 0 0 0 0 0 0 0 0 0 0 0 0 
933 4 0 0 0 0 0 4 0 0 0 0 0 0 0 0 0 0 0 0 0 0 0 
963 3 0 0 0 0 0 3 0 0 0 0 0 0 0 0 0 0 0 0 0 0 0 
978 4 0 0 0 0 0 4 0 0 0 0 0 0 0 0 0 0 0 0 0 0 0 
1023 0 1 0 0 0 0 0 1 0 0 0 0 0 0 0 0 0 0 0 0 0 0 
1038 0 0 0 0 0 0 0 0 0 0 0 0 0 0 0 0 0 0 0 0 0 0 
1068 0 11 0 0 0 0 0 11 0 0 0 0 0 0 0 0 0 0 0 0 0 0 
1083 0 0 0 0 0 0 0 0 0 0 0 0 0 0 0 0 0 0 0 0 0 0 
1777 1 0 0 0 0 0 0 0 0 0 0 0 0 0 1 0 0 0 0 0 0 0 
1792 4 0 0 0 0 0 0 0 0 0 0 0 0 0 4 0 0 0 0 0 0 0 
1807 3 0 0 0 0 0 0 0 0 0 0 0 0 0 3 0 0 0 0 0 0 0 
1822 4 0 0 0 0 0 0 0 0 0 0 0 0 0 4 0 0 0 0 0 0 0 
1867 3 0 0 0 0 0 0 0 0 0 0 0 0 0 3 0 0 0 0 0 0 0 
1882 4 0 0 0 0 0 0 0 0 0 0 0 0 0 4 0 0 0 0 0 0 0 
1897 3 0 0 0 0 0 0 0 0 0 0 0 0 0 3 0 0 0 0 0 0 0 
1912 0 1 0 0 0 0 0 0 0 0 0 0 0 0 0 1 0 0 0 0 0 0 
1927 0 0 0 0 0 0 0 0 0 0 0 0 0 0 0 0 0 0 0 0 0 0 
1957 0 1 0 0 0 0 0 0 0 0 0 0 0 0 0 1 0 0 0 0 0 0 
1972 0 0 0 0 0 0 0 0 0 0 0 0 0 0 0 0 0 0 0 0 0 0 
2301 2 0 0 0 0 0 0 0 0 0 0 0 2 0 0 0 0 0 0 0 0 0 
2316 4 0 0 0 0 0 0 0 0 0 0 0 4 0 0 0 0 0 0 0 0 0 
2331 3 0 0 0 0 0 0 0 0 0 0 0 3 0 0 0 0 0 0 0 0 0 
2346 4 0 0 0 0 0 0 0 0 0 0 0 4 0 0 0 0 0 0 0 0 0 
2391 3 0 0 0 0 0 0 0 0 0 0 0 3 0 0 0 0 0 0 0 0 0 
2402 2 0 0 0 2 0 0 0 0 0 0 0 3 0 0 0 0 0 0 0 0 0 
2406 4 0 0 0 2 0 0 0 0 0 0 0 4 0 0 0 0 0 0 0 0 0 
2436 2 0 0 0 4 0 0 0 0 0 0 0 0 0 0 0 0 0 0 0 0 0 
2447 3 0 0 0 3 0 0 0 0 0 0 0 0 0 0 0 0 0 0 0 0 0 
2462 4 0 0 0 4 0 0 0 0 0 0 0 0 0 0 0 0 0 0 0 0 0 
2507 3 0 0 0 3 0 0 0 0 0 0 0 0 0 0 0 0 0 0 0 0 0 
2522 2 0 0 0 2 0 0 0 0 0 0 0 0 0 0 0 0 0 0 0 0 0 
2537 0 0 0 0 0 0 0 0 0 0 0 0 0 0 0 0 0 0 0 0 0 0 
3197 1 0 0 0 1 0 0 0 0 0 0 0 0 0 0 0 0 0 0 0 0 0 
3212 4 0 0 0 4 0 0 0 0 0 0 0 0 0 0 0 0 0 0 0 0 0 
3227 3 0 0 0 3 0 0 0 0 0 0 0 0 0 0 0 0 0 0 0 0 0 
3242 4 0 0 0 4 0 0 0 0 0 0 0 0 0 0 0 0 0 0 0 0 0 
3287 3 0 0 0 3 0 0 0 0 0 0 0 0 0 0 0 0 0 0 0 0 0 
3302 14 0 0 0 14 0 0 0 0 0 0 0 0 0 0 0 0 0 0 0 0 0 
3317 2 0 0 0 2 0 0 0 0 0 0 0 0 0 0 0 0 0 0 0 0 0 
3332 0 0 0 0 0 0 0 0 0 0 0 0 0 0 0 0 0 0 0 0 0 0 
3651 3 0 0 0 0 0 0 0 0 0 0 0 3 0 0 0 0 0 0 0 0 0 
3666 4 0 0 0 0 0 0 0 0 0 0 0 4 0 0 0 0 0 0 0 0 0 
3711 14 0 0 0 0 0 0 0 0 0 0 0 14 0 0 0 0 0 0 0 0 0 
3726 4 0 0 0 0 0 0 0 0 0 0 0 4 0 0 0 0 0 0 0 0 0 
3771 14 0 0 0 0 0 0 0 0 0 0 0 14 0 0 0 0 0 0 0 0 0 
3786 1 1 0 0 0 0 0 0 0 0 0 0 1 1 0 0 0 0 0 0 0 0 
3801 0 0 0 0 0 0 0 0 0 0 0 0 0 0 0 0 0 0 0 0 0 0 
3846 0 1 0 0 0 0 0 0 0 0 0 0 0 1 0 0 0 0 0 0 0 0 
3861 0 0 0 0 0 0 0 0 0 0 0 0 0 0 0 0 0 0 0 0 0 0 
5644 8 0 0 0 0 0 0 0 8 0 0 0 0 0 0 0 0 0 0 0 0 0 
5659 5 0 0 0 0 0 0 0 5 0 0 0 0 0 0 0 0 0 0 0 0 0 
5674 14 0 0 0 0 0 0 0 14 0 0 0 0 0 0 0 0 0 0 0 0 0 
5689 1 0 0 0 0 0 0 0 1 0 0 0 0 0 0 0 0 0 0 0 0 0 
5704 6 0 0 0 0 0 0 0 6 0 0 0 0 0 0 0 0 0 0 0 0 0 
5719 3 0 0 0 0 0 0 0 3 0 0 0 0 0 0 0 0 0 0 0 0 0 
5734 12 0 0 0 0 0 0 0 12 0 0 0 0 0 0 0 0 0 0 0 0 0 
5749 7 0 0 0 0 0 0 0 7 0 0 0 0 0 0 0 0 0 0 0 0 0 
5762 1 0 0 0 1 0 0 0 7 0 0 0 0 0 0 0 0 0 0 0 0 0 
5764 3 0 0 0 1 0 0 0 3 0 0 0 0 0 0 0 0 0 0 0 0 0 
5777 15 0 0 0 15 0 0 0 3 0 0 0 0 0 0 0 0 0 0 0 0 0 
5794 6 0 0 0 15 0 0 0 6 0 0 0 0 0 0 0 0 0 0 0 0 0 
5807 3 0 0 0 3 0 0 0 6 0 0 0 0 0 0 0 0 0 0 0 0 0 
5809 4 0 0 0 3 0 0 0 4 0 0 0 0 0 0 0 0 0 0 0 0 0 
5839 2.5 0 0 0 4 0 0 0 1 0 0 0 0 0 0 0 0 0 0 0 0 0 
5854 4 0 0 0 4 0 0 0 4 0 0 0 0 0 0 0 0 0 0 0 0 0 
5867 1 0 0 0 1 0 0 0 4 0 0 0 0 0 0 0 0 0 0 0 0 0 
5882 0 11 0 0 0 11 0 0 4 0 0 0 0 0 0 0 0 0 0 0 0 0 
5884 6 0 0 0 0 11 0 0 6 0 0 0 0 0 0 0 0 0 0 0 0 0 
5897 0 0 0 0 0 0 0 0 6 0 0 0 0 0 0 0 0 0 0 0 0 0 
5899 5 0 0 0 0 0 0 0 5 0 0 0 0 0 0 0 0 0 0 0 0 0 
5914 0 0 0 0 0 0 0 0 0 0 0 0 0 0 0 0 0 0 0 0 0 0 
5927 0 11 0 0 0 11 0 0 0 0 0 0 0 0 0 0 0 0 0 0 0 0 
5942 0 0 0 0 0 0 0 0 0 0 0 0 0 0 0 0 0 0 0 0 0 0 
5994 9 0 0 0 0 0 0 0 0 0 0 0 0 0 0 0 0 0 9 0 0 0 
6009 12 0 0 0 0 0 0 0 0 0 0 0 0 0 0 0 0 0 12 0 0 0 
6024 7 0 0 0 0 0 0 0 0 0 0 0 0 0 0 0 0 0 7 0 0 0 
6054 6 0 0 0 0 0 0 0 0 0 0 0 0 0 0 0 0 0 6 0 0 0 
6069 14 0 0 0 0 0 0 0 0 0 0 0 0 0 0 0 0 0 14 0 0 0 
6084 2 0 0 0 0 0 0 0 0 0 0 0 0 0 0 0 0 0 2 0 0 0 
6099 3 0 0 0 0 0 0 0 0 0 0 0 0 0 0 0 0 0 3 0 0 0 
6114 4 0 0 0 0 0 0 0 0 0 0 0 0 0 0 0 0 0 4 0 0 0 
6129 16 0 0 0 0 0 0 0 0 0 0 0 0 0 0 0 0 0 16 0 0 0 
6144 6 0 0 0 0 0 0 0 0 0 0 0 0 0 0 0 0 0 6 0 0 0 
6159 0 0 0 0 0 0 0 0 0 0 0 0 0 0 0 0 0 0 0 0 0 0 
6174 13 0 0 0 0 0 0 0 0 0 0 0 0 0 0 0 0 0 13 0 0 0 
6189 4 0 0 0 0 0 0 0 0 0 0 0 0 0 0 0 0 0 4 0 0 0 
6204 6 0 0 0 0 0 0 0 0 0 0 0 0 0 0 0 0 0 6 0 0 0 
6219 3 0 0 0 0 0 0 0 0 0 0 0 0 0 0 0 0 0 3 0 0 0 
6234 4 0 0 0 0 0 0 0 0 0 0 0 0 0 0 0 0 0 4 0 0 0 
6249 -6 0 0 0 0 0 0 0 0 0 0 0 0 0 0 0 0 0 -6 0 0 0 
6264 -20 0 0 0 0 0 0 0 0 0 0 0 0 0 0 0 0 0 -20 0 0 0 
6279 -8 0 0 0 0 0 0 0 0 0 0 0 0 0 0 0 0 0 -8 0 0 0 
6294 -20 0 0 0 0 0 0 0 0 0 0 0 0 0 0 0 0 0 -20 0 0 0 
6309 -7 0 0 0 0 0 0 0 0 0 0 0 0 0 0 0 0 0 -7 0 0 0 
6324 -4 0 0 0 0 0 0 0 0 0 0 0 0 0 0 0 0 0 -4 0 0 0 
6339 -6 0 0 0 0 0 0 0 0 0 0 0 0 0 0 0 0 0 -6 0 0 0 
6354 -4 0 0 0 0 0 0 0 0 0 0 0 0 0 0 0 0 0 -4 0 0 0 
6369 -6 0 0 0 0 0 0 0 0 0 0 0 0 0 0 0 0 0 -6 0 0 0 
6384 -4 0 0 0 0 0 0 0 0 0 0 0 0 0 0 0 0 0 -4 0 0 0 
6399 -6 0 0 0 0 0 0 0 0 0 0 0 0 0 0 0 0 0 -6 0 0 0 
6414 -4 0 0 0 0 0 0 0 0 0 0 0 0 0 0 0 0 0 -4 0 0 0 
6429 -1 0 0 0 0 0 0 0 0 0 0 0 0 0 0 0 0 0 -1 0 0 0 
6444 0 0 0 0 0 0 0 0 0 0 0 0 0 0 0 0 0 0 0 0 0 0 
6694 3 0 0 0 0 0 0 0 3 0 0 0 0 0 0 0 0 0 0 0 0 0 
6709 4 0 0 0 0 0 0 0 4 0 0 0 0 0 0 0 0 0 0 0 0 0 
6739 18 0 0 0 0 0 0 0 18 0 0 0 0 0 0 0 0 0 0 0 0 0 
6754 4 0 0 0 0 0 0 0 4 0 0 0 0 0 0 0 0 0 0 0 0 0 
6769 0 0 0 0 0 0 0 0 0 0 0 0 0 0 0 0 0 0 0 0 0 0 
6834 2 0 0 0 0 0 0 0 0 0 0 0 0 0 0 0 0 0 2 0 0 0 
6849 10 0 0 0 0 0 0 0 0 0 0 0 0 0 0 0 0 0 10 0 0 0 
6864 7 0 0 0 0 0 0 0 0 0 0 0 0 0 0 0 0 0 7 0 0 0 
6894 0 0 0 0 0 0 0 0 0 0 0 0 0 0 0 0 0 0 0 0 0 0 
6949 4 0 0 0 0 0 0 0 4 0 0 0 0 0 0 0 0 0 0 0 0 0 
6979 13 0 0 0 0 0 0 0 13 0 0 0 0 0 0 0 0 0 0 0 0 0 
6994 4 0 0 0 0 0 0 0 4 0 0 0 0 0 0 0 0 0 0 0 0 0 
7039 2 0 0 0 0 0 0 0 2 0 0 0 0 0 0 0 0 0 0 0 0 0 
7054 0 0 0 0 0 0 0 0 0 0 0 0 0 0 0 0 0 0 0 0 0 0 
7324 4 0 0 0 0 0 0 0 4 0 0 0 0 0 0 0 0 0 0 0 0 0 
7339 3 0 0 0 0 0 0 0 3 0 0 0 0 0 0 0 0 0 0 0 0 0 
7354 4 0 0 0 0 0 0 0 4 0 0 0 0 0 0 0 0 0 0 0 0 0 
7399 3 0 0 0 0 0 0 0 3 0 0 0 0 0 0 0 0 0 0 0 0 0 
7404 1 0 0 0 0 0 0 0 3 0 0 0 0 0 0 0 0 0 1 0 0 0 
7414 0 1 0 0 0 0 0 0 0 1 0 0 0 0 0 0 0 0 1 0 0 0 
7419 3 0 0 0 0 0 0 0 0 1 0 0 0 0 0 0 0 0 3 0 0 0 
7429 0 0 0 0 0 0 0 0 0 0 0 0 0 0 0 0 0 0 3 0 0 0 
7434 4 0 0 0 0 0 0 0 0 0 0 0 0 0 0 0 0 0 4 0 0 0 
7474 0 1 0 0 0 0 0 0 0 1 0 0 0 0 0 0 0 0 4 0 0 0 
7479 26 0 0 0 0 0 0 0 0 1 0 0 0 0 0 0 0 0 26 0 0 0 
7489 0 0 0 0 0 0 0 0 0 0 0 0 0 0 0 0 0 0 26 0 0 0 
7494 4 0 0 0 0 0 0 0 0 0 0 0 0 0 0 0 0 0 4 0 0 0 
7509 0 11 0 0 0 0 0 0 0 0 0 0 0 0 0 0 0 0 0 11 0 0 
7524 0 0 0 0 0 0 0 0 0 0 0 0 0 0 0 0 0 0 0 0 0 0 
9511 8 0 8 0 0 0 0 0 0 0 0 0 0 0 0 0 0 0 0 0 0 0 
9541 12 0 12 0 0 0 0 0 0 0 0 0 0 0 0 0 0 0 0 0 0 0 
9556 0 0 0 0 0 0 0 0 0 0 0 0 0 0 0 0 0 0 0 0 0 0 
9571 6 0 6 0 0 0 0 0 0 0 0 0 0 0 0 0 0 0 0 0 0 0 
9586 4 0 4 0 0 0 0 0 0 0 0 0 0 0 0 0 0 0 0 0 0 0 
9601 16 0 16 0 0 0 0 0 0 0 0 0 0 0 0 0 0 0 0 0 0 0 
9616 2 0 2 0 0 0 0 0 0 0 0 0 0 0 0 0 0 0 0 0 0 0 
9631 3 0 3 0 0 0 0 0 0 0 0 0 0 0 0 0 0 0 0 0 0 0 
9646 4 0 4 0 0 0 0 0 0 0 0 0 0 0 0 0 0 0 0 0 0 0 
9661 6 0 6 0 0 0 0 0 0 0 0 0 0 0 0 0 0 0 0 0 0 0 
9676 14 0 14 0 0 0 0 0 0 0 0 0 0 0 0 0 0 0 0 0 0 0 
9691 3 0 3 0 0 0 0 0 0 0 0 0 0 0 0 0 0 0 0 0 0 0 
9706 2 0 2 0 0 0 0 0 0 0 0 0 0 0 0 0 0 0 0 0 0 0 
9721 4 0 4 0 0 0 0 0 0 0 0 0 0 0 0 0 0 0 0 0 0 0 
9736 6 0 6 0 0 0 0 0 0 0 0 0 0 0 0 0 0 0 0 0 0 0 
9751 3 0 3 0 0 0 0 0 0 0 0 0 0 0 0 0 0 0 0 0 0 0 
9766 5 0 5 0 0 0 0 0 0 0 0 0 0 0 0 0 0 0 0 0 0 0 
9781 0 0 0 0 0 0 0 0 0 0 0 0 0 0 0 0 0 0 0 0 0 0 
10105 6 0 0 0 0 0 0 0 0 0 0 0 0 0 0 0 0 0 0 0 6 0 
10120 4 0 0 0 0 0 0 0 0 0 0 0 0 0 0 0 0 0 0 0 4 0 
10135 11 0 0 0 0 0 0 0 0 0 0 0 0 0 0 0 0 0 0 0 11 0 
10150 7 0 0 0 0 0 0 0 0 0 0 0 0 0 0 0 0 0 0 0 7 0 
10165 8 0 0 0 0 0 0 0 0 0 0 0 0 0 0 0 0 0 0 0 8 0 
10195 11 0 0 0 0 0 0 0 0 0 0 0 0 0 0 0 0 0 0 0 11 0 
10210 2 0 0 0 0 0 0 0 0 0 0 0 0 0 0 0 0 0 0 0 2 0 
10225 4 0 0 0 0 0 0 0 0 0 0 0 0 0 0 0 0 0 0 0 4 0 
10255 5 0 0 0 0 0 0 0 0 0 0 0 0 0 0 0 0 0 0 0 5 0 
10270 16 0 0 0 0 0 0 0 0 0 0 0 0 0 0 0 0 0 0 0 16 0 
10285 0 0 0 0 0 0 0 0 0 0 0 0 0 0 0 0 0 0 0 0 0 0 
10300 4 0 0 0 0 0 0 0 0 0 0 0 0 0 0 0 0 0 0 0 4 0 
10315 3 0 0 0 0 0 0 0 0 0 0 0 0 0 0 0 0 0 0 0 3 0 
10330 6 0 0 0 0 0 0 0 0 0 0 0 0 0 0 0 0 0 0 0 6 0 
10345 4 0 0 0 0 0 0 0 0 0 0 0 0 0 0 0 0 0 0 0 4 0 
10360 3 0 0 0 0 0 0 0 0 0 0 0 0 0 0 0 0 0 0 0 3 0 
10375 0 0 0 0 0 0 0 0 0 0 0 0 0 0 0 0 0 0 0 0 0 0 
12289 12 0 0 0 0 0 0 0 12 0 0 0 0 0 0 0 0 0 0 0 0 0 
12304 6 0 0 0 0 0 0 0 6 0 0 0 0 0 0 0 0 0 0 0 0 0 
12319 9 0 0 0 0 0 0 0 9 0 0 0 0 0 0 0 0 0 0 0 0 0 
12334 1 0 0 0 0 0 0 0 1 0 0 0 0 0 0 0 0 0 0 0 0 0 
12349 0 0 0 0 0 0 0 0 0 0 0 0 0 0 0 0 0 0 0 0 0 0 
13381 1 0 1 0 0 0 0 0 0 0 0 0 0 0 0 0 0 0 0 0 0 0 
13396 19 0 19 0 0 0 0 0 0 0 0 0 0 0 0 0 0 0 0 0 0 0 
13411 3 0 3 0 0 0 0 0 0 0 0 0 0 0 0 0 0 0 0 0 0 0 
13426 4 0 4 0 0 0 0 0 0 0 0 0 0 0 0 0 0 0 0 0 0 0 
13456 15 0 15 0 0 0 0 0 0 0 0 0 0 0 0 0 0 0 0 0 0 0 
13471 3 0 3 0 0 0 0 0 0 0 0 0 0 0 0 0 0 0 0 0 0 0 
13486 4 0 4 0 0 0 0 0 0 0 0 0 0 0 0 0 0 0 0 0 0 0 
13516 0 0 0 0 0 0 0 0 0 0 0 0 0 0 0 0 0 0 0 0 0 0 
14236 1 0 1 0 0 0 0 0 0 0 0 0 0 0 0 0 0 0 0 0 0 0 
14251 3 0 3 0 0 0 0 0 0 0 0 0 0 0 0 0 0 0 0 0 0 0 
14266 4 0 4 0 0 0 0 0 0 0 0 0 0 0 0 0 0 0 0 0 0 0 
14311 3 0 3 0 0 0 0 0 0 0 0 0 0 0 0 0 0 0 0 0 0 0 
14326 4 0 4 0 0 0 0 0 0 0 0 0 0 0 0 0 0 0 0 0 0 0 
14371 3 0 3 0 0 0 0 0 0 0 0 0 0 0 0 0 0 0 0 0 0 0 
14386 4 0 4 0 0 0 0 0 0 0 0 0 0 0 0 0 0 0 0 0 0 0 
14401 19 0 19 0 0 0 0 0 0 0 0 0 0 0 0 0 0 0 0 0 0 0 
14416 4 0 4 0 0 0 0 0 0 0 0 0 0 0 0 0 0 0 0 0 0 0 
14431 0 0 0 0 0 0 0 0 0 0 0 0 0 0 0 0 0 0 0 0 0 0 
15439 1 0 0 0 0 0 0 0 1 0 0 0 0 0 0 0 0 0 0 0 0 0 
15454 4 0 0 0 0 0 0 0 4 0 0 0 0 0 0 0 0 0 0 0 0 0 
15469 23 0 0 0 0 0 0 0 23 0 0 0 0 0 0 0 0 0 0 0 0 0 
15484 4 0 0 0 0 0 0 0 4 0 0 0 0 0 0 0 0 0 0 0 0 0 
15499 3 0 0 0 0 0 0 0 3 0 0 0 0 0 0 0 0 0 0 0 0 0 
15514 4 0 0 0 0 0 0 0 4 0 0 0 0 0 0 0 0 0 0 0 0 0 
15559 3 0 0 0 0 0 0 0 3 0 0 0 0 0 0 0 0 0 0 0 0 0 
15574 4 0 0 0 0 0 0 0 4 0 0 0 0 0 0 0 0 0 0 0 0 0 
15604 3 0 0 0 0 0 0 0 3 0 0 0 0 0 0 0 0 0 0 0 0 0 
15619 0 1 0 0 0 0 0 0 0 1 0 0 0 0 0 0 0 0 0 0 0 0 
15634 0 0 0 0 0 0 0 0 0 0 0 0 0 0 0 0 0 0 0 0 0 0 
16510 3 0 0 0 0 0 0 0 0 0 0 0 0 0 0 0 0 0 0 0 3 0 
16525 4 0 0 0 0 0 0 0 0 0 0 0 0 0 0 0 0 0 0 0 4 0 
16540 15 0 0 0 0 0 0 0 0 0 0 0 0 0 0 0 0 0 0 0 15 0 
16555 3 0 0 0 0 0 0 0 0 0 0 0 0 0 0 0 0 0 0 0 3 0 
16570 24 0 0 0 0 0 0 0 0 0 0 0 0 0 0 0 0 0 0 0 24 0 
16585 4 0 0 0 0 0 0 0 0 0 0 0 0 0 0 0 0 0 0 0 4 0 
16615 3 0 0 0 0 0 0 0 0 0 0 0 0 0 0 0 0 0 0 0 3 0 
16630 19 0 0 0 0 0 0 0 0 0 0 0 0 0 0 0 0 0 0 0 19 0 
16645 2 0 0 0 0 0 0 0 0 0 0 0 0 0 0 0 0 0 0 0 2 0 
16660 0 0 0 0 0 0 0 0 0 0 0 0 0 0 0 0 0 0 0 0 0 0 
16876 4 0 4 0 0 0 0 0 0 0 0 0 0 0 0 0 0 0 0 0 0 0 
16891 14 0 14 0 0 0 0 0 0 0 0 0 0 0 0 0 0 0 0 0 0 0 
16906 4 0 4 0 0 0 0 0 0 0 0 0 0 0 0 0 0 0 0 0 0 0 
16936 15 0 15 0 0 0 0 0 0 0 0 0 0 0 0 0 0 0 0 0 0 0 
16951 3 0 3 0 0 0 0 0 0 0 0 0 0 0 0 0 0 0 0 0 0 0 
16966 4 0 4 0 0 0 0 0 0 0 0 0 0 0 0 0 0 0 0 0 0 0 
16981 2 0 2 0 0 0 0 0 0 0 0 0 0 0 0 0 0 0 0 0 0 0 
16996 0 1 0 1 0 0 0 0 0 0 0 0 0 0 0 0 0 0 0 0 0 0 
17011 0 0 0 0 0 0 0 0 0 0 0 0 0 0 0 0 0 0 0 0 0 0 
17041 0 11 0 11 0 0 0 0 0 0 0 0 0 0 0 0 0 0 0 0 0 0 
17056 0 0 0 0 0 0 0 0 0 0 0 0 0 0 0 0 0 0 0 0 0 0 
17200 1 0 0 0 0 0 0 0 0 0 0 0 0 0 0 0 0 0 0 0 1 0 
17215 14 0 0 0 0 0 0 0 0 0 0 0 0 0 0 0 0 0 0 0 14 0 
17230 4 0 0 0 0 0 0 0 0 0 0 0 0 0 0 0 0 0 0 0 4 0 
17245 0 0 0 0 0 0 0 0 0 0 0 0 0 0 0 0 0 0 0 0 0 0 
17260 -1 0 0 0 0 0 0 0 0 0 0 0 0 0 0 0 0 0 0 0 -1 0 
17275 0 0 0 0 0 0 0 0 0 0 0 0 0 0 0 0 0 0 0 0 0 0 
17425 3 0 0 0 0 0 0 0 0 0 0 0 0 0 0 0 0 0 0 0 3 0 
17440 15 0 0 0 0 0 0 0 0 0 0 0 0 0 0 0 0 0 0 0 15 0 
17455 0 0 0 0 0 0 0 0 0 0 0 0 0 0 0 0 0 0 0 0 0 0 
17560 1 0 0 0 0 0 0 0 0 0 0 0 0 0 0 0 0 0 0 0 1 0 
17575 3 0 0 0 0 0 0 0 0 0 0 0 0 0 0 0 0 0 0 0 3 0 
17590 4 0 0 0 0 0 0 0 0 0 0 0 0 0 0 0 0 0 0 0 4 0 
17635 3 0 0 0 0 0 0 0 0 0 0 0 0 0 0 0 0 0 0 0 3 0 
17650 1 1 0 0 0 0 0 0 0 0 0 0 0 0 0 0 0 0 0 0 1 1 
17665 0 0 0 0 0 0 0 0 0 0 0 0 0 0 0 0 0 0 0 0 0 0 
17710 0 1 0 0 0 0 0 0 0 0 0 0 0 0 0 0 0 0 0 0 0 1 
17725 0 0 0 0 0 0 0 0 0 0 0 0 0 0 0 0 0 0 0 0 0 0 
17752 6 0 0 0 0 0 0 0 0 0 0 0 0 0 6 0 0 0 0 0 0 0 
17767 3 0 0 0 0 0 0 0 0 0 0 0 0 0 3 0 0 0 0 0 0 0 
17782 12 0 0 0 0 0 0 0 0 0 0 0 0 0 12 0 0 0 0 0 0 0 
17797 7 0 0 0 0 0 0 0 0 0 0 0 0 0 7 0 0 0 0 0 0 0 
17812 18 0 0 0 0 0 0 0 0 0 0 0 0 0 18 0 0 0 0 0 0 0 
17827 5 0 0 0 0 0 0 0 0 0 0 0 0 0 5 0 0 0 0 0 0 0 
17842 14 0 0 0 0 0 0 0 0 0 0 0 0 0 14 0 0 0 0 0 0 0 
17857 2 0 0 0 0 0 0 0 0 0 0 0 0 0 2 0 0 0 0 0 0 0 
17872 4 0 0 0 0 0 0 0 0 0 0 0 0 0 4 0 0 0 0 0 0 0 
17887 3 0 0 0 0 0 0 0 0 0 0 0 0 0 3 0 0 0 0 0 0 0 
17888 7 0 0 0 0 0 0 0 0 0 0 0 0 0 3 0 7 0 0 0 0 0 
17902 6 0 0 0 0 0 0 0 0 0 0 0 0 0 6 0 7 0 0 0 0 0 
17903 3 0 0 0 0 0 0 0 0 0 0 0 0 0 6 0 3 0 0 0 0 0 
17918 16 0 0 0 0 0 0 0 0 0 0 0 0 0 6 0 16 0 0 0 0 0 
17932 0 0 0 0 0 0 0 0 0 0 0 0 0 0 0 0 16 0 0 0 0 0 
17933 2 0 0 0 0 0 0 0 0 0 0 0 0 0 0 0 2 0 0 0 0 0 
17947 3 0 0 0 0 0 0 0 0 0 0 0 0 0 3 0 2 0 0 0 0 0 
17948 9 0 0 0 0 0 0 0 0 0 0 0 0 0 3 0 9 0 0 0 0 0 
17962 4 0 0 0 0 0 0 0 0 0 0 0 0 0 4 0 9 0 0 0 0 0 
17963 7 0 0 0 0 0 0 0 0 0 0 0 0 0 4 0 7 0 0 0 0 0 
17977 6 0 0 0 0 0 0 0 0 0 0 0 0 0 6 0 7 0 0 0 0 0 
17978 12 0 0 0 0 0 0 0 0 0 0 0 0 0 6 0 12 0 0 0 0 0 
17992 4 0 0 0 0 0 0 0 0 0 0 0 0 0 4 0 12 0 0 0 0 0 
17993 2 0 0 0 0 0 0 0 0 0 0 0 0 0 4 0 2 0 0 0 0 0 
18007 3 0 0 0 0 0 0 0 0 0 0 0 0 0 3 0 2 0 0 0 0 0 
18008 4 0 0 0 0 0 0 0 0 0 0 0 0 0 3 0 4 0 0 0 0 0 
18022 0 0 0 0 0 0 0 0 0 0 0 0 0 0 0 0 4 0 0 0 0 0 
18023 3 0 0 0 0 0 0 0 0 0 0 0 0 0 0 0 3 0 0 0 0 0 
18038 16 0 0 0 0 0 0 0 0 0 0 0 0 0 0 0 16 0 0 0 0 0 
18053 5 0 0 0 0 0 0 0 0 0 0 0 0 0 0 0 5 0 0 0 0 0 
18068 1 0 0 0 0 0 0 0 0 0 0 0 0 0 0 0 1 0 0 0 0 0 
18083 3 0 0 0 0 0 0 0 0 0 0 0 0 0 0 0 3 0 0 0 0 0 
18098 4 0 0 0 0 0 0 0 0 0 0 0 0 0 0 0 4 0 0 0 0 0 
18113 6 0 0 0 0 0 0 0 0 0 0 0 0 0 0 0 6 0 0 0 0 0 
18143 0 0 0 0 0 0 0 0 0 0 0 0 0 0 0 0 0 0 0 0 0 0 
18188 1 0 0 0 0 0 0 0 0 0 0 0 0 0 0 0 1 0 0 0 0 0 
18203 3 0 0 0 0 0 0 0 0 0 0 0 0 0 0 0 3 0 0 0 0 0 
18218 4 0 0 0 0 0 0 0 0 0 0 0 0 0 0 0 4 0 0 0 0 0 
18263 3 0 0 0 0 0 0 0 0 0 0 0 0 0 0 0 3 0 0 0 0 0 
18278 4 0 0 0 0 0 0 0 0 0 0 0 0 0 0 0 4 0 0 0 0 0 
18293 0 0 0 0 0 0 0 0 0 0 0 0 0 0 0 0 0 0 0 0 0 0 
18442 4 0 0 0 0 0 0 0 0 0 0 0 0 0 4 0 0 0 0 0 0 0 
18473 3 0 0 0 0 0 0 0 0 0 0 0 0 0 4 0 3 0 0 0 0 0 
18488 3.5 0 0 0 0 0 0 0 0 0 0 0 0 0 3 0 4 0 0 0 0 0 
18502 4 0 0 0 0 0 0 0 0 0 0 0 0 0 4 0 4 0 0 0 0 0 
18503 3 0 0 0 0 0 0 0 0 0 0 0 0 0 4 0 3 0 0 0 0 0 
18518 4 0 0 0 0 0 0 0 0 0 0 0 0 0 4 0 4 0 0 0 0 0 
18547 3 0 0 0 0 0 0 0 0 0 0 0 0 0 3 0 4 0 0 0 0 0 
18548 0 0 0 0 0 0 0 0 0 0 0 0 0 0 3 0 0 0 0 0 0 0 
18562 4 0 0 0 0 0 0 0 0 0 0 0 0 0 4 0 0 0 0 0 0 0 
18577 0 0 0 0 0 0 0 0 0 0 0 0 0 0 0 0 0 0 0 0 0 0 
18772 1 0 0 0 0 0 0 0 0 0 0 0 0 0 1 0 0 0 0 0 0 0 
18787 3 0 0 0 0 0 0 0 0 0 0 0 0 0 3 0 0 0 0 0 0 0 
18802 4 0 0 0 0 0 0 0 0 0 0 0 0 0 4 0 0 0 0 0 0 0 
18847 3 0 0 0 0 0 0 0 0 0 0 0 0 0 3 0 0 0 0 0 0 0 
18862 4 0 0 0 0 0 0 0 0 0 0 0 0 0 4 0 0 0 0 0 0 0 
18907 3 0 0 0 0 0 0 0 0 0 0 0 0 0 3 0 0 0 0 0 0 0 
18922 0 0 0 0 0 0 0 0 0 0 0 0 0 0 0 0 0 0 0 0 0 0 
19522 1 0 0 0 0 0 0 0 0 0 0 0 0 0 1 0 0 0 0 0 0 0 
19537 4 0 0 0 0 0 0 0 0 0 0 0 0 0 4 0 0 0 0 0 0 0 
19552 15 0 0 0 0 0 0 0 0 0 0 0 0 0 15 0 0 0 0 0 0 0 
19567 3 0 0 0 0 0 0 0 0 0 0 0 0 0 3 0 0 0 0 0 0 0 
19582 4 0 0 0 0 0 0 0 0 0 0 0 0 0 4 0 0 0 0 0 0 0 
19610 9 0 0 0 0 0 0 0 0 0 9 0 0 0 4 0 0 0 0 0 0 0 
19625 22 0 0 0 0 0 0 0 0 0 22 0 0 0 4 0 0 0 0 0 0 0 
19627 3 0 0 0 0 0 0 0 0 0 22 0 0 0 3 0 0 0 0 0 0 0 
19640 7 0 0 0 0 0 0 0 0 0 7 0 0 0 3 0 0 0 0 0 0 0 
19642 1 11 0 0 0 0 0 0 0 0 7 0 0 0 1 11 0 0 0 0 0 0 
19655 0 0 0 0 0 0 0 0 0 0 0 0 0 0 1 11 0 0 0 0 0 0 
19670 3.5 0 0 0 0 0 0 0 0 0 7 0 0 0 0 0 0 0 0 0 0 0 
19685 6 0 0 0 0 0 0 0 0 0 6 0 0 0 0 0 0 0 0 0 0 0 
19700 14 0 0 0 0 0 0 0 0 0 14 0 0 0 0 0 0 0 0 0 0 0 
19702 0 11 0 0 0 0 0 0 0 0 14 0 0 0 0 11 0 0 0 0 0 0 
19715 1 0 0 0 0 0 0 0 0 0 1 0 0 0 0 11 0 0 0 0 0 0 
19717 0 0 0 0 0 0 0 0 0 0 1 0 0 0 0 0 0 0 0 0 0 0 
19730 4 0 0 0 0 0 0 0 0 0 4 0 0 0 0 0 0 0 0 0 0 0 
19760 6 0 0 0 0 0 0 0 0 0 6 0 0 0 0 0 0 0 0 0 0 0 
19775 3 0 0 0 0 0 0 0 0 0 3 0 0 0 0 0 0 0 0 0 0 0 
19820 4 0 0 0 0 0 0 0 0 0 4 0 0 0 0 0 0 0 0 0 0 0 
19835 5 0 0 0 0 0 0 0 0 0 5 0 0 0 0 0 0 0 0 0 0 0 
19850 4 0 0 0 0 0 0 0 0 0 4 0 0 0 0 0 0 0 0 0 0 0 
19880 0 0 0 0 0 0 0 0 0 0 0 0 0 0 0 0 0 0 0 0 0 0 
20738 2 0 0 0 0 0 0 0 0 0 0 0 0 0 0 0 2 0 0 0 0 0 
20753 15 0 0 0 0 0 0 0 0 0 0 0 0 0 0 0 15 0 0 0 0 0 
20768 4 0 0 0 0 0 0 0 0 0 0 0 0 0 0 0 4 0 0 0 0 0 
20783 38 0 0 0 0 0 0 0 0 0 0 0 0 0 0 0 38 0 0 0 0 0 
20798 3 0 0 0 0 0 0 0 0 0 0 0 0 0 0 0 3 0 0 0 0 0 
20813 0 1 0 0 0 0 0 0 0 0 0 0 0 0 0 0 0 1 0 0 0 0 
20828 0 0 0 0 0 0 0 0 0 0 0 0 0 0 0 0 0 0 0 0 0 0 
20858 0 11 0 0 0 0 0 0 0 0 0 0 0 0 0 0 0 11 0 0 0 0 
20873 0 0 0 0 0 0 0 0 0 0 0 0 0 0 0 0 0 0 0 0 0 0 
22173 8 0 0 0 0 0 8 0 0 0 0 0 0 0 0 0 0 0 0 0 0 0 
22203 11 0 0 0 0 0 11 0 0 0 0 0 0 0 0 0 0 0 0 0 0 0 
22218 7 0 0 0 0 0 7 0 0 0 0 0 0 0 0 0 0 0 0 0 0 0 
22233 4 0 0 0 0 0 4 0 0 0 0 0 0 0 0 0 0 0 0 0 0 0 
22248 16 0 0 0 0 0 16 0 0 0 0 0 0 0 0 0 0 0 0 0 0 0 
22263 2 0 0 0 0 0 2 0 0 0 0 0 0 0 0 0 0 0 0 0 0 0 
22278 3 0 0 0 0 0 3 0 0 0 0 0 0 0 0 0 0 0 0 0 0 0 
22291 4 0 4 0 0 0 3 0 0 0 0 0 0 0 0 0 0 0 0 0 0 0 
22306 7 0 10 0 0 0 4 0 0 0 0 0 0 0 0 0 0 0 0 0 0 0 
22308 16 0 10 0 0 0 16 0 0 0 0 0 0 0 0 0 0 0 0 0 0 0 
22321 7 0 7 0 0 0 16 0 0 0 0 0 0 0 0 0 0 0 0 0 0 0 
22323 3 0 7 0 0 0 3 0 0 0 0 0 0 0 0 0 0 0 0 0 0 0 
22338 4 0 7 0 0 0 4 0 0 0 0 0 0 0 0 0 0 0 0 0 0 0 
22351 0 0 0 0 0 0 4 0 0 0 0 0 0 0 0 0 0 0 0 0 0 0 
22353 2 0 0 0 0 0 2 0 0 0 0 0 0 0 0 0 0 0 0 0 0 0 
22368 4 0 0 0 0 0 4 0 0 0 0 0 0 0 0 0 0 0 0 0 0 0 
22383 3 0 0 0 0 0 3 0 0 0 0 0 0 0 0 0 0 0 0 0 0 0 
22398 6 0 0 0 0 0 6 0 0 0 0 0 0 0 0 0 0 0 0 0 0 0 
22413 5 0 0 0 0 0 5 0 0 0 0 0 0 0 0 0 0 0 0 0 0 0 
22428 0 0 0 0 0 0 0 0 0 0 0 0 0 0 0 0 0 0 0 0 0 0 
22503 1 0 0 0 0 0 1 0 0 0 0 0 0 0 0 0 0 0 0 0 0 0 
22518 4 0 0 0 0 0 4 0 0 0 0 0 0 0 0 0 0 0 0 0 0 0 
22525 9 0 0 0 0 0 4 0 0 0 0 0 0 0 0 0 0 0 0 0 9 0 
22540 12 0 0 0 0 0 4 0 0 0 0 0 0 0 0 0 0 0 0 0 12 0 
22555 7 0 0 0 0 0 4 0 0 0 0 0 0 0 0 0 0 0 0 0 7 0 
22563 3 0 0 0 0 0 3 0 0 0 0 0 0 0 0 0 0 0 0 0 7 0 
22578 4 0 0 0 0 0 4 0 0 0 0 0 0 0 0 0 0 0 0 0 7 0 
22585 6 0 0 0 0 0 4 0 0 0 0 0 0 0 0 0 0 0 0 0 6 0 
22600 24 0 0 0 0 0 4 0 0 0 0 0 0 0 0 0 0 0 0 0 24 0 
22615 1 0 0 0 0 0 4 0 0 0 0 0 0 0 0 0 0 0 0 0 1 0 
22623 0 0 0 0 0 0 0 0 0 0 0 0 0 0 0 0 0 0 0 0 1 0 
22630 4 0 0 0 0 0 0 0 0 0 0 0 0 0 0 0 0 0 0 0 4 0 
22660 6 0 0 0 0 0 0 0 0 0 0 0 0 0 0 0 0 0 0 0 6 0 
22675 3 0 0 0 0 0 0 0 0 0 0 0 0 0 0 0 0 0 0 0 3 0 
22720 4 0 0 0 0 0 0 0 0 0 0 0 0 0 0 0 0 0 0 0 4 0 
22735 5 0 0 0 0 0 0 0 0 0 0 0 0 0 0 0 0 0 0 0 5 0 
22750 4 0 0 0 0 0 0 0 0 0 0 0 0 0 0 0 0 0 0 0 4 0 
22780 0 0 0 0 0 0 0 0 0 0 0 0 0 0 0 0 0 0 0 0 0 0 
22840 1 0 0 0 0 0 0 0 0 0 0 0 0 0 0 0 0 0 0 0 1 0 
22855 0 0 0 0 0 0 0 0 0 0 0 0 0 0 0 0 0 0 0 0 0 0 
23245 3 0 0 0 0 0 0 0 0 0 0 0 0 0 0 0 0 0 0 0 3 0 
23260 4 0 0 0 0 0 0 0 0 0 0 0 0 0 0 0 0 0 0 0 4 0 
23275 3 0 0 0 0 0 0 0 0 0 0 0 0 0 0 0 0 0 0 0 3 0 
23290 27 0 0 0 0 0 0 0 0 0 0 0 0 0 0 0 0 0 0 0 27 0 
23305 -2 0 0 0 0 0 0 0 0 0 0 0 0 0 0 0 0 0 0 0 -2 0 
23320 0 0 0 0 0 0 0 0 0 0 0 0 0 0 0 0 0 0 0 0 0 0 
23716 1 0 1 0 0 0 0 0 0 0 0 0 0 0 0 0 0 0 0 0 0 0 
23731 3 0 3 0 0 0 0 0 0 0 0 0 0 0 0 0 0 0 0 0 0 0 
23746 4 0 4 0 0 0 0 0 0 0 0 0 0 0 0 0 0 0 0 0 0 0 
23776 14 0 14 0 0 0 0 0 0 0 0 0 0 0 0 0 0 0 0 0 0 0 
23791 13 0 13 0 0 0 0 0 0 0 0 0 0 0 0 0 0 0 0 0 0 0 
23806 4 0 4 0 0 0 0 0 0 0 0 0 0 0 0 0 0 0 0 0 0 0 
23851 3 0 3 0 0 0 0 0 0 0 0 0 0 0 0 0 0 0 0 0 0 0 
23866 4 0 4 0 0 0 0 0 0 0 0 0 0 0 0 0 0 0 0 0 0 0 
23898 15 0 4 0 0 0 15 0 0 0 0 0 0 0 0 0 0 0 0 0 0 0 
23911 3 0 3 0 0 0 15 0 0 0 0 0 0 0 0 0 0 0 0 0 0 0 
23913 4 0 3 0 0 0 4 0 0 0 0 0 0 0 0 0 0 0 0 0 0 0 
23941 0 1 0 1 0 0 4 0 0 0 0 0 0 0 0 0 0 0 0 0 0 0 
23943 3 0 0 1 0 0 3 0 0 0 0 0 0 0 0 0 0 0 0 0 0 0 
23956 0 0 0 0 0 0 3 0 0 0 0 0 0 0 0 0 0 0 0 0 0 0 
24288 1 0 0 0 0 0 1 0 0 0 0 0 0 0 0 0 0 0 0 0 0 0 
24303 3 0 0 0 0 0 3 0 0 0 0 0 0 0 0 0 0 0 0 0 0 0 
24318 15 0 0 0 0 0 15 0 0 0 0 0 0 0 0 0 0 0 0 0 0 0 
24333 4 0 0 0 0 0 4 0 0 0 0 0 0 0 0 0 0 0 0 0 0 0 
24363 3 0 0 0 0 0 3 0 0 0 0 0 0 0 0 0 0 0 0 0 0 0 
24378 0 1 0 0 0 0 0 1 0 0 0 0 0 0 0 0 0 0 0 0 0 0 
24393 0 0 0 0 0 0 0 0 0 0 0 0 0 0 0 0 0 0 0 0 0 0 
24423 0 11 0 0 0 0 0 11 0 0 0 0 0 0 0 0 0 0 0 0 0 0 
24438 0 0 0 0 0 0 0 0 0 0 0 0 0 0 0 0 0 0 0 0 0 0 
24517 6 0 0 0 0 0 0 0 0 0 0 0 0 0 6 0 0 0 0 0 0 0 
24532 9 0 0 0 0 0 0 0 0 0 0 0 0 0 9 0 0 0 0 0 0 0 
24562 2 0 0 0 0 0 0 0 0 0 0 0 0 0 2 0 0 0 0 0 0 0 
24577 0 0 0 0 0 0 0 0 0 0 0 0 0 0 0 0 0 0 0 0 0 0 
24845 2 0 0 0 0 0 0 0 0 0 2 0 0 0 0 0 0 0 0 0 0 0 
24860 4 0 0 0 0 0 0 0 0 0 4 0 0 0 0 0 0 0 0 0 0 0 
24875 3 0 0 0 0 0 0 0 0 0 3 0 0 0 0 0 0 0 0 0 0 0 
24890 19 0 0 0 0 0 0 0 0 0 19 0 0 0 0 0 0 0 0 0 0 0 
24935 14 0 0 0 0 0 0 0 0 0 14 0 0 0 0 0 0 0 0 0 0 0 
24950 3 0 0 0 0 0 0 0 0 0 3 0 0 0 0 0 0 0 0 0 0 0 
24965 0 0 0 0 0 0 0 0 0 0 0 0 0 0 0 0 0 0 0 0 0 0 
25239 6 0 0 0 0 0 0 0 0 0 0 0 0 0 0 0 0 0 6 0 0 0 
25254 4 0 0 0 0 0 0 0 0 0 0 0 0 0 0 0 0 0 4 0 0 0 
25269 16 0 0 0 0 0 0 0 0 0 0 0 0 0 0 0 0 0 16 0 0 0 
25284 2 0 0 0 0 0 0 0 0 0 0 0 0 0 0 0 0 0 2 0 0 0 
25299 8 0 0 0 0 0 0 0 0 0 0 0 0 0 0 0 0 0 8 0 0 0 
25329 12 0 0 0 0 0 0 0 0 0 0 0 0 0 0 0 0 0 12 0 0 0 
25344 2 0 0 0 0 0 0 0 0 0 0 0 0 0 0 0 0 0 2 0 0 0 
25357 1 0 0 0 0 0 0 0 0 0 0 0 0 0 1 0 0 0 2 0 0 0 
25359 3 0 0 0 0 0 0 0 0 0 0 0 0 0 1 0 0 0 3 0 0 0 
25372 4 0 0 0 0 0 0 0 0 0 0 0 0 0 4 0 0 0 3 0 0 0 
25387 3.5 0 0 0 0 0 0 0 0 0 0 0 0 0 3 0 0 0 4 0 0 0 
25389 6 0 0 0 0 0 0 0 0 0 0 0 0 0 3 0 0 0 6 0 0 0 
25402 23 0 0 0 0 0 0 0 0 0 0 0 0 0 23 0 0 0 6 0 0 0 
25404 5 0 0 0 0 0 0 0 0 0 0 0 0 0 23 0 0 0 5 0 0 0 
25417 4 0 0 0 0 0 0 0 0 0 0 0 0 0 4 0 0 0 5 0 0 0 
25419 0 0 0 0 0 0 0 0 0 0 0 0 0 0 4 0 0 0 0 0 0 0 
25432 2 0 0 0 0 0 0 0 0 0 0 0 0 0 2 0 0 0 0 0 0 0 
25434 4 0 0 0 0 0 0 0 0 0 0 0 0 0 2 0 0 0 4 0 0 0 
25447 0 1 0 0 0 0 0 0 0 0 0 0 0 0 0 1 0 0 4 0 0 0 
25462 0 0 0 0 0 0 0 0 0 0 0 0 0 0 0 0 0 0 4 0 0 0 
25464 6 0 0 0 0 0 0 0 0 0 0 0 0 0 0 0 0 0 6 0 0 0 
25479 3 0 0 0 0 0 0 0 0 0 0 0 0 0 0 0 0 0 3 0 0 0 
25509 0 0 0 0 0 0 0 0 0 0 0 0 0 0 0 0 0 0 0 0 0 0 
25673 8 0 0 0 0 0 0 0 0 0 0 0 0 0 0 0 8 0 0 0 0 0 
25688 18 0 0 0 0 0 0 0 0 0 0 0 0 0 0 0 18 0 0 0 0 0 
25703 11 0 0 0 0 0 0 0 0 0 0 0 0 0 0 0 11 0 0 0 0 0 
25718 7 0 0 0 0 0 0 0 0 0 0 0 0 0 0 0 7 0 0 0 0 0 
25733 4 0 0 0 0 0 0 0 0 0 0 0 0 0 0 0 4 0 0 0 0 0 
25748 16 0 0 0 0 0 0 0 0 0 0 0 0 0 0 0 16 0 0 0 0 0 
25763 2 0 0 0 0 0 0 0 0 0 0 0 0 0 0 0 2 0 0 0 0 0 
25778 3 0 0 0 0 0 0 0 0 0 0 0 0 0 0 0 3 0 0 0 0 0 
25793 4 0 0 0 0 0 0 0 0 0 0 0 0 0 0 0 4 0 0 0 0 0 
25808 6 0 0 0 0 0 0 0 0 0 0 0 0 0 0 0 6 0 0 0 0 0 
25823 3 0 0 0 0 0 0 0 0 0 0 0 0 0 0 0 3 0 0 0 0 0 
25838 4 0 0 0 0 0 0 0 0 0 0 0 0 0 0 0 4 0 0 0 0 0 
25853 12 0 0 0 0 0 0 0 0 0 0 0 0 0 0 0 12 0 0 0 0 0 
25868 4 0 0 0 0 0 0 0 0 0 0 0 0 0 0 0 4 0 0 0 0 0 
25883 3 0 0 0 0 0 0 0 0 0 0 0 0 0 0 0 3 0 0 0 0 0 
25898 6 0 0 0 0 0 0 0 0 0 0 0 0 0 0 0 6 0 0 0 0 0 
25913 5 0 0 0 0 0 0 0 0 0 0 0 0 0 0 0 5 0 0 0 0 0 
25928 0 0 0 0 0 0 0 0 0 0 0 0 0 0 0 0 0 0 0 0 0 0 
25943 -16 0 0 0 0 0 0 0 0 0 0 0 0 0 0 0 -16 0 0 0 0 0 
25958 -12 0 0 0 0 0 0 0 0 0 0 0 0 0 0 0 -12 0 0 0 0 0 
25973 -17 0 0 0 0 0 0 0 0 0 0 0 0 0 0 0 -17 0 0 0 0 0 
25988 -12 0 0 0 0 0 0 0 0 0 0 0 0 0 0 0 -12 0 0 0 0 0 
26003 -6 0 0 0 0 0 0 0 0 0 0 0 0 0 0 0 -6 0 0 0 0 0 
26018 -7 0 0 0 0 0 0 0 0 0 0 0 0 0 0 0 -7 0 0 0 0 0 
26033 -4 0 0 0 0 0 0 0 0 0 0 0 0 0 0 0 -4 0 0 0 0 0 
26048 -3 0 0 0 0 0 0 0 0 0 0 0 0 0 0 0 -3 0 0 0 0 0 
26063 -6 0 0 0 0 0 0 0 0 0 0 0 0 0 0 0 -6 0 0 0 0 0 
26078 -7 0 0 0 0 0 0 0 0 0 0 0 0 0 0 0 -7 0 0 0 0 0 
26093 -4 0 0 0 0 0 0 0 0 0 0 0 0 0 0 0 -4 0 0 0 0 0 
26108 -2 0 0 0 0 0 0 0 0 0 0 0 0 0 0 0 -2 0 0 0 0 0 
26123 0 0 0 0 0 0 0 0 0 0 0 0 0 0 0 0 0 0 0 0 0 0 
26543 8 0 0 0 0 0 0 0 0 0 0 0 0 0 0 0 8 0 0 0 0 0 
26558 18 0 0 0 0 0 0 0 0 0 0 0 0 0 0 0 18 0 0 0 0 0 
26573 12 0 0 0 0 0 0 0 0 0 0 0 0 0 0 0 12 0 0 0 0 0 
26588 0 0 0 0 0 0 0 0 0 0 0 0 0 0 0 0 0 0 0 0 0 0 
26603 6 0 0 0 0 0 0 0 0 0 0 0 0 0 0 0 6 0 0 0 0 0 
26618 4 0 0 0 0 0 0 0 0 0 0 0 0 0 0 0 4 0 0 0 0 0 
26633 16 0 0 0 0 0 0 0 0 0 0 0 0 0 0 0 16 0 0 0 0 0 
26648 2 0 0 0 0 0 0 0 0 0 0 0 0 0 0 0 2 0 0 0 0 0 
26663 3 0 0 0 0 0 0 0 0 0 0 0 0 0 0 0 3 0 0 0 0 0 
26678 14 0 0 0 0 0 0 0 0 0 0 0 0 0 0 0 14 0 0 0 0 0 
26693 6 0 0 0 0 0 0 0 0 0 0 0 0 0 0 0 6 0 0 0 0 0 
26708 4 0 0 0 0 0 0 0 0 0 0 0 0 0 0 0 4 0 0 0 0 0 
26723 3 0 0 0 0 0 0 0 0 0 0 0 0 0 0 0 3 0 0 0 0 0 
26738 2 0 0 0 0 0 0 0 0 0 0 0 0 0 0 0 2 0 0 0 0 0 
26753 14 0 0 0 0 0 0 0 0 0 0 0 0 0 0 0 14 0 0 0 0 0 
26768 6 0 0 0 0 0 0 0 0 0 0 0 0 0 0 0 6 0 0 0 0 0 
26783 3 0 0 0 0 0 0 0 0 0 0 0 0 0 0 0 3 0 0 0 0 0 
26798 5 0 0 0 0 0 0 0 0 0 0 0 0 0 0 0 5 0 0 0 0 0 
26813 0 0 0 0 0 0 0 0 0 0 0 0 0 0 0 0 0 0 0 0 0 0 
26828 1 0 0 0 0 0 0 0 0 0 0 0 0 0 0 0 1 0 0 0 0 0 
26843 3 0 0 0 0 0 0 0 0 0 0 0 0 0 0 0 3 0 0 0 0 0 
26858 14 0 0 0 0 0 0 0 0 0 0 0 0 0 0 0 14 0 0 0 0 0 
26873 4 0 0 0 0 0 0 0 0 0 0 0 0 0 0 0 4 0 0 0 0 0 
26888 1 0 0 0 0 0 0 0 0 0 0 0 0 0 0 0 1 0 0 0 0 0 
26918 4 0 0 0 0 0 0 0 0 0 0 0 0 0 0 0 4 0 0 0 0 0 
26963 1 0 0 0 0 0 0 0 0 0 0 0 0 0 0 0 1 0 0 0 0 0 
26978 0 0 0 0 0 0 0 0 0 0 0 0 0 0 0 0 0 0 0 0 0 0 
