# ValueCount deltaRailways
10 0 0 0 0 0 0 0 0 0 0 0 0 0 0 0 0 0 0 0 0 0 0 
121 1 8 1 8 1 0 1 0 1 0 1 0 1 0 1 0 1 0 1 0 1 0 
122 2 7 2 8 2 7 2 0 2 0 2 0 2 0 2 0 2 0 2 0 2 0 
123 3 8 3 8 3 7 3 8 3 0 3 0 3 0 3 0 3 0 3 0 3 0 
124 4 11 4 8 4 7 4 8 4 11 4 0 4 0 4 0 4 0 4 0 4 0 
125 5 7 5 8 5 7 5 8 5 11 5 7 5 0 5 0 5 0 5 0 5 0 
129 6 7.5 6 8 6 7 6 8 6 11 6 7 6 0 6 7 6 0 6 8 6 0 
130 7 7 7 8 7 7 7 8 7 11 7 7 7 0 7 7 7 0 7 8 7 7 
137 8 10 8 8 8 10 8 8 8 11 8 7 8 0 8 7 8 0 8 8 8 7 
139 9 4 9 8 9 10 9 8 9 4 9 7 9 0 9 7 9 0 9 8 9 7 
140 10 12 10 8 10 10 10 8 10 4 10 12 10 0 10 7 10 0 10 8 10 7 
142 11 -7 11 8 11 10 11 8 11 4 11 12 11 0 11 -7 11 0 11 8 11 7 
145 12 10 12 8 12 10 12 8 12 4 12 12 12 0 12 -7 12 0 12 8 12 10 
151 13 11 13 11 13 10 13 8 13 4 13 12 13 0 13 -7 13 0 13 8 13 10 
153 14 12 14 11 14 10 14 12 14 4 14 12 14 0 14 -7 14 0 14 8 14 10 
154 15 10 15 11 15 10 15 12 15 10 15 12 15 0 15 -7 15 0 15 8 15 10 
155 16 9 16 11 16 10 16 12 16 10 16 9 16 0 16 -7 16 0 16 8 16 10 
157 17 0 17 11 17 10 17 12 17 10 17 9 17 0 17 0 17 0 17 8 17 10 
159 18 11 18 11 18 10 18 12 18 10 18 9 18 0 18 0 18 0 18 11 18 10 
166 19 7 19 7 19 10 19 12 19 10 19 9 19 0 19 0 19 0 19 11 19 10 
167 20 1 20 7 20 1 20 12 20 10 20 9 20 0 20 0 20 0 20 11 20 10 
168 21 7 21 7 21 1 21 7 21 10 21 9 21 0 21 0 21 0 21 11 21 10 
169 22 1 22 7 22 1 22 7 22 1 22 9 22 0 22 0 22 0 22 11 22 10 
170 23 2 23 7 23 1 23 7 23 1 23 2 23 0 23 0 23 0 23 11 23 10 
174 24 7 24 7 24 1 24 7 24 1 24 2 24 0 24 0 24 0 24 7 24 10 
175 25 1 25 7 25 1 25 7 25 1 25 2 25 0 25 0 25 0 25 7 25 1 
181 26 4 26 4 26 1 26 7 26 1 26 2 26 0 26 0 26 0 26 7 26 1 
182 27 0 27 4 27 0 27 7 27 1 27 2 27 0 27 0 27 0 27 7 27 1 
183 28 3 28 4 28 0 28 3 28 1 28 2 28 0 28 0 28 0 28 7 28 1 
184 29 0 29 4 29 0 29 3 29 0 29 2 29 0 29 0 29 0 29 7 29 1 
189 30 2 30 4 30 0 30 3 30 0 30 0 30 0 30 0 30 0 30 4 30 1 
190 31 0 31 4 31 0 31 3 31 0 31 0 31 0 31 0 31 0 31 4 31 0 
196 32 16 32 16 32 0 32 3 32 0 32 0 32 0 32 0 32 0 32 4 32 0 
211 33 11.3333 33 2 33 0 33 16 33 0 33 0 33 0 33 0 33 0 33 16 33 0 
213 34 2 34 2 34 0 34 2 34 0 34 0 34 0 34 0 34 0 34 16 34 0 
226 35 2.5 35 3 35 0 35 2 35 0 35 0 35 0 35 0 35 0 35 2 35 0 
228 36 4 36 3 36 0 36 4 36 0 36 0 36 0 36 0 36 0 36 2 36 0 
234 37 3 37 3 37 0 37 4 37 0 37 0 37 0 37 0 37 0 37 3 37 0 
241 38 4 38 4 38 0 38 4 38 0 38 0 38 0 38 0 38 0 38 3 38 0 
243 39 5 39 4 39 0 39 5 39 0 39 0 39 0 39 0 39 0 39 3 39 0 
249 40 4 40 4 40 0 40 5 40 0 40 0 40 0 40 0 40 0 40 4 40 0 
256 41 6 41 6 41 0 41 5 41 0 41 0 41 0 41 0 41 0 41 4 41 0 
271 42 5 42 3 42 0 42 6 42 0 42 0 42 0 42 0 42 0 42 6 42 0 
273 43 4 43 3 43 0 43 4 43 0 43 0 43 0 43 0 43 0 43 6 43 0 
279 44 3 44 3 44 0 44 4 44 0 44 0 44 0 44 0 44 0 44 3 44 0 
286 45 4 45 4 45 0 45 4 45 0 45 0 45 0 45 0 45 0 45 3 45 0 
288 46 3 46 4 46 0 46 3 46 0 46 0 46 0 46 0 46 0 46 3 46 0 
294 47 4 47 4 47 0 47 3 47 0 47 0 47 0 47 0 47 0 47 4 47 0 
301 48 2 48 2 48 0 48 3 48 0 48 0 48 0 48 0 48 0 48 4 48 0 
303 49 4 49 2 49 0 49 4 49 0 49 0 49 0 49 0 49 0 49 4 49 0 
309 50 -6 50 2 50 0 50 4 50 0 50 0 50 0 50 0 50 0 50 -6 50 0 
316 51 4 51 4 51 0 51 4 51 0 51 0 51 0 51 0 51 0 51 -6 51 0 
324 52 -20 52 4 52 0 52 4 52 0 52 0 52 0 52 0 52 0 52 -20 52 0 
331 53 3 53 3 53 0 53 4 53 0 53 0 53 0 53 0 53 0 53 -20 53 0 
333 54 6 54 3 54 0 54 6 54 0 54 0 54 0 54 0 54 0 54 -20 54 0 
339 55 -8 55 3 55 0 55 6 55 0 55 0 55 0 55 0 55 0 55 -8 55 0 
346 56 6 56 6 56 0 56 6 56 0 56 0 56 0 56 0 56 0 56 -8 56 0 
348 57 4 57 6 57 0 57 4 57 0 57 0 57 0 57 0 57 0 57 -8 57 0 
354 58 -20 58 6 58 0 58 4 58 0 58 0 58 0 58 0 58 0 58 -20 58 0 
361 59 5 59 5 59 0 59 4 59 0 59 0 59 0 59 0 59 0 59 -20 59 0 
369 60 -7 60 5 60 0 60 4 60 0 60 0 60 0 60 0 60 0 60 -7 60 0 
376 61 0 61 0 61 0 61 4 61 0 61 0 61 0 61 0 61 0 61 -7 61 0 
384 62 -2 62 0 62 0 62 0 62 0 62 0 62 0 62 0 62 0 62 -4 62 0 
399 63 -6 63 0 63 0 63 0 63 0 63 0 63 0 63 0 63 0 63 -6 63 0 
414 64 -4 64 0 64 0 64 0 64 0 64 0 64 0 64 0 64 0 64 -4 64 0 
429 65 -1 65 0 65 0 65 0 65 0 65 0 65 0 65 0 65 0 65 -1 65 0 
444 66 0 66 0 66 0 66 0 66 0 66 0 66 0 66 0 66 0 66 0 66 0 
529 67 2 67 0 67 0 67 0 67 2 67 0 67 0 67 0 67 0 67 0 67 0 
544 68 4 68 0 68 0 68 0 68 4 68 0 68 0 68 0 68 0 68 0 68 0 
546 69 8 69 0 69 0 69 0 69 4 69 0 69 8 69 0 69 0 69 0 69 0 
559 70 54 70 0 70 0 70 0 70 54 70 0 70 8 70 0 70 0 70 0 70 0 
574 71 0 71 0 71 0 71 0 71 0 71 0 71 8 71 0 71 0 71 0 71 0 
576 72 12 72 0 72 0 72 0 72 0 72 0 72 12 72 0 72 0 72 0 72 0 
577 73 7 73 0 73 0 73 0 73 0 73 0 73 12 73 7 73 0 73 0 73 0 
591 74 6 74 0 74 0 74 0 74 0 74 0 74 6 74 7 74 0 74 0 74 0 
606 75 5 75 0 75 0 75 0 75 0 75 0 75 4 75 6 75 0 75 0 75 0 
607 76 13 76 0 76 0 76 0 76 0 76 0 76 4 76 13 76 0 76 0 76 0 
621 77 16 77 0 77 0 77 0 77 0 77 0 77 16 77 13 77 0 77 0 77 0 
622 78 2 78 0 78 0 78 0 78 0 78 0 78 16 78 2 78 0 78 0 78 0 
637 79 1 79 0 79 0 79 0 79 0 79 0 79 2 79 0 79 0 79 0 79 0 
651 80 3 80 0 80 0 80 0 80 0 80 0 80 3 80 0 80 0 80 0 80 0 
652 81 11 81 0 81 0 81 0 81 0 81 0 81 3 81 11 81 0 81 0 81 0 
666 82 4 82 0 82 0 82 0 82 0 82 0 82 4 82 11 82 0 82 0 82 0 
667 83 7 83 0 83 0 83 0 83 0 83 0 83 4 83 7 83 0 83 0 83 0 
681 84 6 84 0 84 0 84 0 84 0 84 0 84 6 84 7 84 0 84 0 84 0 
682 85 12 85 0 85 0 85 0 85 0 85 0 85 6 85 12 85 0 85 0 85 0 
696 86 4 86 0 86 0 86 0 86 0 86 0 86 4 86 12 86 0 86 0 86 0 
697 87 2 87 0 87 0 87 0 87 0 87 0 87 4 87 2 87 0 87 0 87 0 
711 88 3 88 0 88 0 88 0 88 0 88 0 88 3 88 2 88 0 88 0 88 0 
712 89 4 89 0 89 0 89 0 89 0 89 0 89 3 89 4 89 0 89 0 89 0 
726 90 3 90 4 90 0 90 0 90 0 90 0 90 2 90 4 90 0 90 0 90 0 
741 91 3.5 91 4 91 0 91 0 91 0 91 0 91 4 91 3 91 0 91 0 91 0 
742 92 6 92 4 92 0 92 0 92 0 92 0 92 4 92 6 92 0 92 0 92 0 
751 93 3 93 3 93 0 93 0 93 0 93 0 93 4 93 6 93 0 93 0 93 0 
753 94 2 94 3 94 0 94 2 94 0 94 0 94 4 94 6 94 0 94 0 94 0 
756 95 6 95 3 95 0 95 2 95 0 95 0 95 6 95 6 95 0 95 0 95 0 
757 96 5 96 3 96 0 96 2 96 0 96 0 96 6 96 5 96 0 96 0 96 0 
766 97 4 97 4 97 0 97 2 97 0 97 0 97 6 97 5 97 0 97 0 97 0 
768 98 6 98 4 98 0 98 6 98 0 98 0 98 6 98 5 98 0 98 0 98 0 
771 99 3 99 4 99 0 99 6 99 0 99 0 99 3 99 5 99 0 99 0 99 0 
772 100 1 100 4 100 0 100 6 100 0 100 0 100 3 100 1 100 0 100 0 100 0 
783 101 3 101 4 101 0 101 3 101 0 101 0 101 3 101 1 101 0 101 0 101 0 
786 102 5 102 4 102 0 102 3 102 0 102 0 102 5 102 1 102 0 102 0 102 0 
787 103 3 103 4 103 0 103 3 103 0 103 0 103 5 103 3 103 0 103 0 103 0 
798 104 4 104 4 104 0 104 4 104 0 104 0 104 5 104 3 104 0 104 0 104 0 
801 105 0 105 4 105 0 105 4 105 0 105 0 105 0 105 3 105 0 105 0 105 0 
802 106 4 106 4 106 0 106 4 106 0 106 0 106 0 106 4 106 0 106 0 106 0 
811 107 3 107 3 107 0 107 4 107 0 107 0 107 0 107 4 107 0 107 0 107 0 
817 108 4.5 108 3 108 0 108 4 108 0 108 0 108 3 108 6 108 0 108 0 108 0 
826 109 2 109 2 109 0 109 4 109 0 109 0 109 3 109 6 109 0 109 0 109 0 
834 110 6 110 2 110 0 110 4 110 0 110 0 110 3 110 6 110 0 110 6 110 0 
841 111 0 111 0 111 0 111 4 111 0 111 0 111 3 111 6 111 0 111 6 111 0 
843 112 2 112 0 112 0 112 2 112 0 112 0 112 3 112 6 112 0 112 6 112 0 
846 113 4 113 0 113 0 113 2 113 0 113 0 113 4 113 6 113 0 113 6 113 0 
847 114 0 114 0 114 0 114 2 114 0 114 0 114 4 114 0 114 0 114 6 114 0 
849 115 4 115 0 115 0 115 2 115 0 115 0 115 4 115 0 115 0 115 4 115 0 
856 116 2 116 2 116 0 116 2 116 0 116 0 116 4 116 0 116 0 116 4 116 0 
858 117 0 117 2 117 0 117 0 117 0 117 0 117 4 117 0 117 0 117 4 117 0 
864 118 8 118 2 118 0 118 0 118 0 118 0 118 0 118 0 118 0 118 16 118 0 
871 119 3 119 3 119 0 119 0 119 0 119 0 119 0 119 0 119 0 119 16 119 0 
876 120 2 120 3 120 0 120 0 120 0 120 0 120 2 120 0 120 0 120 16 120 0 
886 121 3 121 4 121 0 121 0 121 0 121 0 121 2 121 0 121 0 121 2 121 0 
894 122 5.5 122 4 122 0 122 0 122 0 122 0 122 3 122 0 122 0 122 8 122 0 
906 123 4 123 4 123 0 123 0 123 0 123 0 123 4 123 0 123 0 123 8 123 0 
921 124 6 124 4 124 0 124 0 124 0 124 0 124 6 124 0 124 0 124 8 124 0 
924 125 12 125 4 125 0 125 0 125 0 125 0 125 6 125 0 125 0 125 12 125 0 
931 126 3 126 3 126 0 126 0 126 0 126 0 126 6 126 0 126 0 126 12 126 0 
936 127 1 127 3 127 0 127 0 127 0 127 0 127 1 127 0 127 0 127 12 127 0 
946 128 2.5 128 4 128 0 128 0 128 0 128 0 128 1 128 0 128 0 128 1 128 0 
951 129 0 129 4 129 0 129 0 129 0 129 0 129 0 129 0 129 0 129 1 129 0 
954 130 4 130 4 130 0 130 0 130 0 130 0 130 0 130 0 130 0 130 4 130 0 
961 131 0 131 0 131 0 131 0 131 0 131 0 131 0 131 0 131 0 131 4 131 0 
984 132 6 132 0 132 0 132 0 132 0 132 0 132 0 132 0 132 0 132 6 132 0 
999 133 5 133 0 133 0 133 0 133 0 133 0 133 0 133 0 133 0 133 5 133 0 
1012 134 1 134 0 134 0 134 0 134 0 134 0 134 0 134 1 134 0 134 5 134 0 
1014 135 0 135 0 135 0 135 0 135 0 135 0 135 0 135 1 135 0 135 0 135 0 
1027 136 3 136 0 136 0 136 0 136 0 136 0 136 0 136 3 136 0 136 0 136 0 
1029 137 4 137 0 137 0 137 0 137 0 137 0 137 0 137 3 137 0 137 4 137 0 
1059 138 4.5 138 0 138 0 138 0 138 0 138 0 138 0 138 4 138 0 138 5 138 0 
1074 139 4 139 0 139 0 139 0 139 0 139 0 139 0 139 4 139 0 139 4 139 0 
1087 140 5 140 0 140 0 140 0 140 0 140 0 140 0 140 5 140 0 140 4 140 0 
1089 141 3 141 0 141 0 141 0 141 0 141 0 141 0 141 5 141 0 141 3 141 0 
1102 142 4 142 0 142 0 142 0 142 0 142 0 142 0 142 4 142 0 142 3 142 0 
1104 143 0 143 0 143 0 143 0 143 0 143 0 143 0 143 4 143 0 143 0 143 0 
1117 144 3 144 0 144 0 144 0 144 0 144 0 144 0 144 3 144 0 144 0 144 0 
1132 145 0 145 0 145 0 145 0 145 0 145 0 145 0 145 0 145 0 145 0 145 0 
1176 146 4 146 0 146 0 146 0 146 0 146 0 146 4 146 0 146 0 146 0 146 0 
1191 147 3 147 0 147 0 147 0 147 0 147 0 147 3 147 0 147 0 147 0 147 0 
1206 148 4 148 0 148 0 148 0 148 0 148 0 148 4 148 0 148 0 148 0 148 0 
1225 149 1 149 0 149 0 149 0 149 0 149 0 149 4 149 0 149 0 149 0 149 1 
1236 150 0 150 0 150 0 150 0 150 0 150 0 150 0 150 0 150 0 150 0 150 1 
1240 151 4 151 0 151 0 151 0 151 0 151 0 151 0 151 0 151 0 151 0 151 4 
1255 152 3 152 0 152 0 152 0 152 0 152 0 152 0 152 0 152 0 152 0 152 3 
1270 153 4 153 0 153 0 153 0 153 0 153 0 153 0 153 0 153 0 153 0 153 4 
1315 154 3 154 0 154 0 154 0 154 0 154 0 154 0 154 0 154 0 154 0 154 3 
1330 155 3.5 155 0 155 0 155 3 155 0 155 0 155 0 155 0 155 0 155 0 155 4 
1338 156 4 156 0 156 0 156 4 156 0 156 0 156 0 156 0 156 0 156 0 156 4 
1360 157 2 157 0 157 0 157 4 157 0 157 0 157 0 157 0 157 0 157 0 157 2 
1375 158 -2 158 0 158 0 158 4 158 0 158 0 158 0 158 0 158 0 158 0 158 -2 
1383 159 3 159 0 159 0 159 3 159 0 159 0 159 0 159 0 159 0 159 0 159 -2 
1390 160 0 160 0 160 0 160 3 160 0 160 0 160 0 160 0 160 0 160 0 160 0 
1398 161 4 161 0 161 0 161 4 161 0 161 0 161 0 161 0 161 0 161 0 161 0 
1413 162 3 162 0 162 0 162 3 162 0 162 0 162 0 162 0 162 0 162 0 162 0 
1428 163 0 163 0 163 0 163 0 163 0 163 0 163 0 163 0 163 0 163 0 163 0 
1728 164 3 164 0 164 0 164 3 164 0 164 0 164 0 164 0 164 0 164 0 164 0 
1758 165 4 165 0 165 0 165 4 165 0 165 0 165 0 165 0 165 0 165 0 165 0 
1803 166 3 166 0 166 0 166 3 166 0 166 0 166 0 166 0 166 0 166 0 166 0 
1818 167 1 167 0 167 0 167 1 167 0 167 0 167 0 167 0 167 0 167 0 167 0 
1833 168 0.5 168 0 168 0 168 0 168 0 168 0 168 0 168 0 168 0 168 0 168 1 
1840 169 4 169 0 169 0 169 0 169 0 169 0 169 0 169 0 169 0 169 0 169 4 
1855 170 3 170 0 170 0 170 0 170 0 170 0 170 0 170 0 170 0 170 0 170 3 
1870 171 4 171 0 171 0 171 0 171 0 171 0 171 0 171 0 171 0 171 0 171 4 
1900 172 15 172 0 172 0 172 0 172 0 172 0 172 0 172 0 172 0 172 0 172 15 
1915 173 0 173 0 173 0 173 0 173 0 173 0 173 0 173 0 173 0 173 0 173 0 
2377 174 3 174 0 174 0 174 0 174 0 174 0 174 0 174 3 174 0 174 0 174 0 
2392 175 15 175 0 175 0 175 0 175 0 175 0 175 0 175 15 175 0 175 0 175 0 
2407 176 3 176 0 176 0 176 0 176 0 176 0 176 0 176 3 176 0 176 0 176 0 
2422 177 4 177 0 177 0 177 0 177 0 177 0 177 0 177 4 177 0 177 0 177 0 
2467 178 2 178 0 178 0 178 0 178 0 178 0 178 0 178 2 178 0 178 0 178 0 
2482 179 0 179 0 179 0 179 0 179 0 179 0 179 0 179 0 179 0 179 0 179 0 
2887 180 3 180 0 180 0 180 0 180 0 180 0 180 0 180 3 180 0 180 0 180 0 
2902 181 4 181 0 181 0 181 0 181 0 181 0 181 0 181 4 181 0 181 0 181 0 
2947 182 3 182 0 182 0 182 0 182 0 182 0 182 0 182 3 182 0 182 0 182 0 
2962 183 4 183 0 183 0 183 0 183 0 183 0 183 0 183 4 183 0 183 0 183 0 
2977 184 15 184 0 184 0 184 0 184 0 184 0 184 0 184 15 184 0 184 0 184 0 
2992 185 1 185 0 185 0 185 0 185 0 185 0 185 0 185 1 185 0 185 0 185 0 
3007 186 0 186 0 186 0 186 0 186 0 186 0 186 0 186 0 186 0 186 0 186 0 
3204 187 1 187 0 187 0 187 0 187 0 187 0 187 0 187 0 187 0 187 1 187 0 
3219 188 3 188 0 188 0 188 0 188 0 188 0 188 0 188 0 188 0 188 3 188 0 
3234 189 4 189 0 189 0 189 0 189 0 189 0 189 0 189 0 189 0 189 4 189 0 
3264 190 6 190 0 190 0 190 0 190 0 190 0 190 0 190 0 190 0 190 6 190 0 
3279 191 3 191 0 191 0 191 0 191 0 191 0 191 0 191 0 191 0 191 3 191 0 
3294 192 4 192 0 192 0 192 0 192 0 192 0 192 0 192 0 192 0 192 4 192 0 
3324 193 3 193 0 193 0 193 0 193 0 193 0 193 0 193 0 193 0 193 3 193 0 
3339 194 0 194 0 194 0 194 0 194 0 194 0 194 0 194 0 194 0 194 0 194 0 
3560 195 4 195 0 195 0 195 0 195 0 195 4 195 0 195 0 195 0 195 0 195 0 
3575 196 3 196 0 196 0 196 0 196 0 196 3 196 0 196 0 196 0 196 0 196 0 
3590 197 4 197 0 197 0 197 0 197 0 197 4 197 0 197 0 197 0 197 0 197 0 
3635 198 3 198 0 198 0 198 0 198 0 198 3 198 0 198 0 198 0 198 0 198 0 
3650 199 4 199 0 199 0 199 0 199 0 199 4 199 0 199 0 199 0 199 0 199 0 
3695 200 3 200 0 200 0 200 0 200 0 200 3 200 0 200 0 200 0 200 0 200 0 
3710 201 4 201 0 201 0 201 0 201 0 201 4 201 0 201 0 201 0 201 0 201 0 
3725 202 6 202 0 202 0 202 0 202 0 202 6 202 0 202 0 202 0 202 0 202 0 
3740 203 4 203 0 203 0 203 0 203 0 203 4 203 0 203 0 203 0 203 0 203 0 
3755 204 3 204 0 204 0 204 0 204 0 204 3 204 0 204 0 204 0 204 0 204 0 
3770 205 6 205 0 205 0 205 0 205 0 205 6 205 0 205 0 205 0 205 0 205 0 
3785 206 0 206 0 206 0 206 0 206 0 206 0 206 0 206 0 206 0 206 0 206 0 
4914 207 4 207 0 207 0 207 0 207 0 207 0 207 0 207 0 207 0 207 4 207 0 
4944 208 19 208 0 208 0 208 0 208 0 208 0 208 0 208 0 208 0 208 19 208 0 
4959 209 3 209 0 209 0 209 0 209 0 209 0 209 0 209 0 209 0 209 3 209 0 
4974 210 4 210 0 210 0 210 0 210 0 210 0 210 0 210 0 210 0 210 4 210 0 
5019 211 3 211 0 211 0 211 0 211 0 211 0 211 0 211 0 211 0 211 3 211 0 
5034 212 2 212 0 212 0 212 0 212 0 212 0 212 0 212 0 212 0 212 2 212 0 
5049 213 0 213 0 213 0 213 0 213 0 213 0 213 0 213 0 213 0 213 0 213 0 
5259 214 1 214 0 214 0 214 0 214 0 214 0 214 0 214 0 214 0 214 1 214 0 
5274 215 4 215 0 215 0 215 0 215 0 215 0 215 0 215 0 215 0 215 4 215 0 
5289 216 6 216 0 216 0 216 0 216 0 216 0 216 0 216 0 216 0 216 6 216 0 
5319 217 3 217 0 217 0 217 0 217 0 217 0 217 0 217 0 217 0 217 3 217 0 
5334 218 4 218 0 218 0 218 0 218 0 218 0 218 0 218 0 218 0 218 4 218 0 
5349 219 6 219 0 219 0 219 0 219 0 219 0 219 0 219 0 219 0 219 6 219 0 
5364 220 4 220 0 220 0 220 0 220 0 220 0 220 0 220 0 220 0 220 4 220 0 
5379 221 5 221 0 221 0 221 0 221 0 221 0 221 0 221 0 221 0 221 5 221 0 
5394 222 1 222 0 222 0 222 0 222 0 222 0 222 0 222 0 222 0 222 1 222 0 
5409 223 0 223 0 223 0 223 0 223 0 223 0 223 0 223 0 223 0 223 0 223 0 
5419 224 3 224 0 224 0 224 0 224 3 224 0 224 0 224 0 224 0 224 0 224 0 
5434 225 10 225 0 225 0 225 0 225 10 225 0 225 0 225 0 225 0 225 0 225 0 
5449 226 8 226 0 226 0 226 0 226 8 226 0 226 0 226 0 226 0 226 0 226 0 
5464 227 7 227 0 227 0 227 0 227 7 227 0 227 0 227 0 227 0 227 0 227 0 
5479 228 0 228 0 228 0 228 0 228 0 228 0 228 0 228 0 228 0 228 0 228 0 
6775 229 4 229 0 229 0 229 0 229 0 229 0 229 0 229 0 229 0 229 0 229 4 
6790 230 10 230 0 230 0 230 0 230 0 230 0 230 0 230 0 230 0 230 0 230 10 
6805 231 12 231 0 231 0 231 0 231 0 231 0 231 0 231 0 231 0 231 0 231 12 
6820 232 2 232 0 232 0 232 0 232 0 232 0 232 0 232 0 232 0 232 0 232 2 
6835 233 0 233 0 233 0 233 0 233 0 233 0 233 0 233 0 233 0 233 0 233 0 
6856 234 1 234 1 234 0 234 0 234 0 234 0 234 0 234 0 234 0 234 0 234 0 
6871 235 14 235 14 235 0 235 0 235 0 235 0 235 0 235 0 235 0 235 0 235 0 
6886 236 4 236 4 236 0 236 0 236 0 236 0 236 0 236 0 236 0 236 0 236 0 
6931 237 3 237 3 237 0 237 0 237 0 237 0 237 0 237 0 237 0 237 0 237 0 
6946 238 4 238 4 238 0 238 0 238 0 238 0 238 0 238 0 238 0 238 0 238 0 
6991 239 3 239 3 239 0 239 0 239 0 239 0 239 0 239 0 239 0 239 0 239 0 
7006 240 4 240 4 240 0 240 0 240 0 240 0 240 0 240 0 240 0 240 0 240 0 
7021 241 6 241 6 241 0 241 0 241 0 241 0 241 0 241 0 241 0 241 0 241 0 
7036 242 0 242 0 242 0 242 0 242 0 242 0 242 0 242 0 242 0 242 0 242 0 
7867 243 8 243 0 243 0 243 0 243 0 243 0 243 0 243 8 243 0 243 0 243 0 
7897 244 12 244 0 244 0 244 0 244 0 244 0 244 0 244 12 244 0 244 0 244 0 
7912 245 7 245 0 245 0 245 0 245 0 245 0 245 0 245 7 245 0 245 0 245 0 
7927 246 3 246 0 246 0 246 0 246 0 246 0 246 0 246 3 246 0 246 0 246 0 
7942 247 16 247 0 247 0 247 0 247 0 247 0 247 0 247 16 247 0 247 0 247 0 
7957 248 2 248 0 248 0 248 0 248 0 248 0 248 0 248 2 248 0 248 0 248 0 
7972 249 4 249 0 249 0 249 0 249 0 249 0 249 0 249 4 249 0 249 0 249 0 
7987 250 3 250 0 250 0 250 0 250 0 250 0 250 0 250 3 250 0 250 0 250 0 
8002 251 6 251 0 251 0 251 0 251 0 251 0 251 0 251 6 251 0 251 0 251 0 
8017 252 4 252 0 252 0 252 0 252 0 252 0 252 0 252 4 252 0 252 0 252 0 
8032 253 3 253 0 253 0 253 0 253 0 253 0 253 0 253 3 253 0 253 0 253 0 
8047 254 2 254 0 254 0 254 0 254 0 254 0 254 0 254 2 254 0 254 0 254 0 
8062 255 4 255 0 255 0 255 0 255 0 255 0 255 0 255 4 255 0 255 0 255 0 
8077 256 8 256 0 256 0 256 0 256 0 256 0 256 0 256 8 256 0 256 0 256 0 
8092 257 4 257 0 257 0 257 0 257 0 257 0 257 0 257 4 257 0 257 0 257 0 
8122 258 0 258 0 258 0 258 0 258 0 258 0 258 0 258 0 258 0 258 0 258 0 
8207 259 3 259 0 259 3 259 0 259 0 259 0 259 0 259 0 259 0 259 0 259 0 
8222 260 4 260 0 260 4 260 0 260 0 260 0 260 0 260 0 260 0 260 0 260 0 
8267 261 3.5 261 0 261 3 261 0 261 0 261 0 261 0 261 4 261 0 261 0 261 0 
8282 262 4 262 0 262 4 262 0 262 0 262 0 262 0 262 4 262 0 262 0 262 0 
8287 263 3 263 0 263 4 263 0 263 0 263 0 263 0 263 3 263 0 263 0 263 0 
8297 264 6 264 0 264 6 264 0 264 0 264 0 264 0 264 3 264 0 264 0 264 0 
8302 265 2 265 0 265 6 265 0 265 0 265 0 265 0 265 2 265 0 265 0 265 0 
8312 266 4 266 0 266 4 266 0 266 0 266 0 266 0 266 2 266 0 266 0 266 0 
8317 267 0 267 0 267 4 267 0 267 0 267 0 267 0 267 0 267 0 267 0 267 0 
8327 268 3 268 0 268 3 268 0 268 0 268 0 268 0 268 0 268 0 268 0 268 0 
8342 269 4 269 0 269 4 269 0 269 0 269 0 269 0 269 0 269 0 269 0 269 0 
8387 270 3 270 0 270 3 270 0 270 0 270 0 270 0 270 0 270 0 270 0 270 0 
8417 271 0 271 0 271 0 271 0 271 0 271 0 271 0 271 0 271 0 271 0 271 0 
8452 272 2 272 0 272 0 272 0 272 0 272 0 272 0 272 2 272 0 272 0 272 0 
8467 273 3 273 0 273 0 273 0 273 0 273 0 273 0 273 3 273 0 273 0 273 0 
8482 274 4 274 0 274 0 274 0 274 0 274 0 274 0 274 4 274 0 274 0 274 0 
8512 275 1 275 0 275 0 275 0 275 0 275 0 275 0 275 1 275 0 275 0 275 0 
8527 276 0 276 0 276 0 276 0 276 0 276 0 276 0 276 0 276 0 276 0 276 0 
8545 277 4 277 0 277 0 277 0 277 0 277 0 277 0 277 0 277 0 277 0 277 4 
8575 278 5 278 0 278 0 278 0 278 0 278 0 278 0 278 0 278 0 278 0 278 5 
8590 279 4 279 0 279 0 279 0 279 0 279 0 279 0 279 0 279 0 279 0 279 4 
8620 280 6 280 0 280 0 280 0 280 0 280 0 280 0 280 0 280 0 280 0 280 6 
8635 281 18 281 0 281 0 281 0 281 0 281 0 281 0 281 0 281 0 281 0 281 18 
8645 282 8 282 0 282 0 282 0 282 0 282 8 282 0 282 0 282 0 282 0 282 18 
8650 283 4 283 0 283 0 283 0 283 0 283 8 283 0 283 0 283 0 283 0 283 4 
8675 284 11 284 0 284 0 284 0 284 0 284 11 284 0 284 0 284 0 284 0 284 4 
8690 285 7 285 0 285 0 285 0 285 0 285 7 285 0 285 0 285 0 285 0 285 4 
8695 286 5 286 0 286 0 286 0 286 0 286 7 286 0 286 0 286 0 286 0 286 5 
8705 287 4 287 0 287 0 287 0 287 0 287 4 287 0 287 0 287 0 287 0 287 5 
8710 288 0 288 0 288 0 288 0 288 0 288 4 288 0 288 0 288 0 288 0 288 0 
8720 289 16 289 0 289 0 289 0 289 0 289 16 289 0 289 0 289 0 289 0 289 0 
8735 290 2 290 0 290 0 290 0 290 0 290 2 290 0 290 0 290 0 290 0 290 0 
8737 291 3 291 0 291 0 291 0 291 0 291 2 291 0 291 3 291 0 291 0 291 0 
8752 292 4 292 0 292 0 292 0 292 0 292 2 292 0 292 4 292 0 292 0 292 0 
8767 293 3.5 293 0 293 0 293 0 293 0 293 4 293 0 293 3 293 0 293 0 293 0 
8780 294 6 294 0 294 0 294 0 294 0 294 6 294 0 294 3 294 0 294 0 294 0 
8782 295 4 295 0 295 0 295 0 295 0 295 6 295 0 295 4 295 0 295 0 295 0 
8795 296 3 296 0 296 0 296 0 296 0 296 3 296 0 296 4 296 0 296 0 296 0 
8797 297 2 297 0 297 0 297 0 297 0 297 3 297 0 297 2 297 0 297 0 297 0 
8810 298 5 298 0 298 0 298 0 298 0 298 5 298 0 298 2 298 0 298 0 298 0 
8812 299 0 299 0 299 0 299 0 299 0 299 5 299 0 299 0 299 0 299 0 299 0 
8825 300 1 300 0 300 0 300 0 300 0 300 1 300 0 300 0 300 0 300 0 300 0 
8840 301 4 301 0 301 0 301 0 301 0 301 4 301 0 301 0 301 0 301 0 301 0 
8855 302 3 302 0 302 0 302 0 302 0 302 3 302 0 302 0 302 0 302 0 302 0 
8870 303 6 303 0 303 0 303 0 303 0 303 6 303 0 303 0 303 0 303 0 303 0 
8900 304 0 304 0 304 0 304 0 304 0 304 0 304 0 304 0 304 0 304 0 304 0 
9110 305 3 305 0 305 0 305 0 305 0 305 3 305 0 305 0 305 0 305 0 305 0 
9125 306 4 306 0 306 0 306 0 306 0 306 4 306 0 306 0 306 0 306 0 306 0 
9155 307 3 307 0 307 0 307 0 307 0 307 3 307 0 307 0 307 0 307 0 307 0 
9170 308 6 308 0 308 0 308 0 308 0 308 6 308 0 308 0 308 0 308 0 308 0 
9185 309 4 309 0 309 0 309 0 309 0 309 4 309 0 309 0 309 0 309 0 309 0 
9215 310 3 310 0 310 0 310 0 310 0 310 3 310 0 310 0 310 0 310 0 310 0 
9230 311 4 311 0 311 0 311 0 311 0 311 4 311 0 311 0 311 0 311 0 311 0 
9245 312 2 312 0 312 0 312 0 312 0 312 2 312 0 312 0 312 0 312 0 312 0 
9260 313 0 313 0 313 0 313 0 313 0 313 0 313 0 313 0 313 0 313 0 313 0 
11169 314 6 314 0 314 0 314 0 314 0 314 0 314 0 314 0 314 0 314 6 314 0 
11184 315 4 315 0 315 0 315 0 315 0 315 0 315 0 315 0 315 0 315 4 315 0 
11199 316 11 316 0 316 0 316 0 316 0 316 0 316 0 316 0 316 0 316 11 316 0 
11214 317 7 317 0 317 0 317 0 317 0 317 0 317 0 317 0 317 0 317 7 317 0 
11229 318 8 318 0 318 0 318 0 318 0 318 0 318 0 318 0 318 0 318 8 318 0 
11259 319 11 319 0 319 0 319 0 319 0 319 0 319 0 319 0 319 0 319 11 319 0 
11274 320 2 320 0 320 0 320 0 320 0 320 0 320 0 320 0 320 0 320 2 320 0 
11289 321 4 321 0 321 0 321 0 321 0 321 0 321 0 321 0 321 0 321 4 321 0 
11319 322 5 322 0 322 0 322 0 322 0 322 0 322 0 322 0 322 0 322 5 322 0 
11334 323 6 323 0 323 0 323 0 323 0 323 0 323 0 323 0 323 0 323 6 323 0 
11349 324 0 324 0 324 0 324 0 324 0 324 0 324 0 324 0 324 0 324 0 324 0 
11364 325 4 325 0 325 0 325 0 325 0 325 0 325 0 325 0 325 0 325 4 325 0 
11379 326 3 326 0 326 0 326 0 326 0 326 0 326 0 326 0 326 0 326 3 326 0 
11394 327 6 327 0 327 0 327 0 327 0 327 0 327 0 327 0 327 0 327 6 327 0 
11424 328 3 328 0 328 0 328 0 328 0 328 0 328 0 328 0 328 0 328 3 328 0 
11439 329 0 329 0 329 0 329 0 329 0 329 0 329 0 329 0 329 0 329 0 329 0 
11589 330 1 330 0 330 0 330 0 330 0 330 0 330 0 330 0 330 0 330 1 330 0 
11604 331 6 331 0 331 0 331 0 331 0 331 0 331 0 331 0 331 0 331 6 331 0 
11619 332 3 332 0 332 0 332 0 332 0 332 0 332 0 332 0 332 0 332 3 332 0 
11634 333 4 333 0 333 0 333 0 333 0 333 0 333 0 333 0 333 0 333 4 333 0 
11679 334 3 334 0 334 0 334 0 334 0 334 0 334 0 334 0 334 0 334 3 334 0 
11694 335 2 335 0 335 0 335 0 335 0 335 0 335 0 335 0 335 0 335 2 335 0 
11709 336 0 336 0 336 0 336 0 336 0 336 0 336 0 336 0 336 0 336 0 336 0 
12361 337 6 337 6 337 0 337 0 337 0 337 0 337 0 337 0 337 0 337 0 337 0 
12376 338 9 338 9 338 0 338 0 338 0 338 0 338 0 338 0 338 0 338 0 338 0 
12406 339 2 339 2 339 0 339 0 339 0 339 0 339 0 339 0 339 0 339 0 339 0 
12421 340 0 340 0 340 0 340 0 340 0 340 0 340 0 340 0 340 0 340 0 340 0 
12466 341 4 341 4 341 0 341 0 341 0 341 0 341 0 341 0 341 0 341 0 341 0 
12474 342 3 342 4 342 0 342 0 342 0 342 0 342 0 342 0 342 0 342 3 342 0 
12489 343 4 343 4 343 0 343 0 343 0 343 0 343 0 343 0 343 0 343 4 343 0 
12511 344 3 344 3 344 0 344 0 344 0 344 0 344 0 344 0 344 0 344 4 344 0 
12526 345 3.5 345 4 345 0 345 0 345 0 345 0 345 0 345 0 345 0 345 3 345 0 
12534 346 15 346 4 346 0 346 0 346 0 346 0 346 0 346 0 346 0 346 15 346 0 
12541 347 2 347 2 347 0 347 0 347 0 347 0 347 0 347 0 347 0 347 15 347 0 
12549 348 4 348 2 348 0 348 0 348 0 348 0 348 0 348 0 348 0 348 4 348 0 
12556 349 0 349 0 349 0 349 0 349 0 349 0 349 0 349 0 349 0 349 4 349 0 
12564 350 1 350 0 350 0 350 0 350 0 350 0 350 0 350 0 350 0 350 1 350 0 
12579 351 0 351 0 351 0 351 0 351 0 351 0 351 0 351 0 351 0 351 0 351 0 
12729 352 4 352 0 352 0 352 0 352 0 352 0 352 0 352 0 352 0 352 4 352 0 
12759 353 3 353 0 353 0 353 0 353 0 353 0 353 0 353 0 353 0 353 3 353 0 
12774 354 4 354 0 354 0 354 0 354 0 354 0 354 0 354 0 354 0 354 4 354 0 
12819 355 3 355 0 355 0 355 0 355 0 355 0 355 0 355 0 355 0 355 3 355 0 
12828 356 6 356 0 356 0 356 6 356 0 356 0 356 0 356 0 356 0 356 3 356 0 
12834 357 4 357 0 357 0 357 6 357 0 357 0 357 0 357 0 357 0 357 4 357 0 
12843 358 3 358 0 358 0 358 3 358 0 358 0 358 0 358 0 358 0 358 4 358 0 
12858 359 7.5 359 0 359 0 359 12 359 0 359 0 359 0 359 0 359 0 359 3 359 0 
12864 360 0 360 0 360 0 360 12 360 0 360 0 360 0 360 0 360 0 360 0 360 0 
12873 361 7 361 0 361 0 361 7 361 0 361 0 361 0 361 0 361 0 361 0 361 0 
12888 362 8 362 0 362 0 362 8 362 0 362 0 362 0 362 0 362 0 362 0 362 0 
12903 363 5 363 0 363 0 363 5 363 0 363 0 363 0 363 0 363 0 363 0 363 0 
12918 364 14 364 0 364 0 364 14 364 0 364 0 364 0 364 0 364 0 364 0 364 0 
12933 365 2 365 0 365 0 365 2 365 0 365 0 365 0 365 0 365 0 365 0 365 0 
12948 366 4 366 0 366 0 366 4 366 0 366 0 366 0 366 0 366 0 366 0 366 0 
12963 367 3 367 0 367 0 367 3 367 0 367 0 367 0 367 0 367 0 367 0 367 0 
12978 368 6 368 0 368 0 368 6 368 0 368 0 368 0 368 0 368 0 368 0 368 0 
13008 369 0 369 0 369 0 369 0 369 0 369 0 369 0 369 0 369 0 369 0 369 0 
13023 370 3 370 0 370 0 370 3 370 0 370 0 370 0 370 0 370 0 370 0 370 0 
13038 371 4 371 0 371 0 371 4 371 0 371 0 371 0 371 0 371 0 371 0 371 0 
13053 372 8 372 0 372 0 372 8 372 0 372 0 372 0 372 0 372 0 372 0 372 0 
13068 373 4 373 0 373 0 373 4 373 0 373 0 373 0 373 0 373 0 373 0 373 0 
13083 374 3 374 0 374 0 374 3 374 0 374 0 374 0 374 0 374 0 374 0 374 0 
13098 375 0 375 0 375 0 375 0 375 0 375 0 375 0 375 0 375 0 375 0 375 0 
13173 376 1 376 0 376 0 376 1 376 0 376 0 376 0 376 0 376 0 376 0 376 0 
13188 377 4 377 0 377 0 377 4 377 0 377 0 377 0 377 0 377 0 377 0 377 0 
13203 378 3 378 0 378 0 378 3 378 0 378 0 378 0 378 0 378 0 378 0 378 0 
13218 379 4 379 0 379 0 379 4 379 0 379 0 379 0 379 0 379 0 379 0 379 0 
13248 380 3 380 0 380 0 380 3 380 0 380 0 380 0 380 0 380 0 380 0 380 0 
13263 381 0 381 0 381 0 381 0 381 0 381 0 381 0 381 0 381 0 381 0 381 0 
13277 382 12 382 0 382 12 382 0 382 0 382 0 382 0 382 0 382 0 382 0 382 0 
13292 383 6 383 0 383 6 383 0 383 0 383 0 383 0 383 0 383 0 383 0 383 0 
13307 384 9 384 0 384 9 384 0 384 0 384 0 384 0 384 0 384 0 384 0 384 0 
13322 385 1 385 0 385 1 385 0 385 0 385 0 385 0 385 0 385 0 385 0 385 0 
13337 386 0 386 0 386 0 386 0 386 0 386 0 386 0 386 0 386 0 386 0 386 0 
13446 387 12 387 0 387 0 387 0 387 0 387 0 387 12 387 0 387 0 387 0 387 0 
13461 388 5 388 0 388 0 388 0 388 0 388 0 388 5 388 0 388 0 388 0 388 0 
13476 389 10 389 0 389 0 389 0 389 0 389 0 389 10 389 0 389 0 389 0 389 0 
13491 390 1 390 0 390 0 390 0 390 0 390 0 390 1 390 0 390 0 390 0 390 0 
13506 391 0 391 0 391 0 391 0 391 0 391 0 391 0 391 0 391 0 391 0 391 0 
13687 392 7 392 0 392 0 392 0 392 0 392 0 392 0 392 7 392 0 392 0 392 0 
13702 393 10 393 0 393 0 393 0 393 0 393 0 393 0 393 10 393 0 393 0 393 0 
13732 394 1 394 0 394 0 394 0 394 0 394 0 394 0 394 1 394 0 394 0 394 0 
13747 395 0 395 0 395 0 395 0 395 0 395 0 395 0 395 0 395 0 395 0 395 0 
13880 396 1 396 0 396 0 396 0 396 0 396 1 396 0 396 0 396 0 396 0 396 0 
13895 397 58 397 0 397 0 397 0 397 0 397 58 397 0 397 0 397 0 397 0 397 0 
13910 398 4 398 0 398 0 398 0 398 0 398 4 398 0 398 0 398 0 398 0 398 0 
13925 399 2 399 0 399 0 399 0 399 0 399 2 399 0 399 0 399 0 399 0 399 0 
13940 400 -2 400 0 400 0 400 0 400 0 400 -2 400 0 400 0 400 0 400 0 400 0 
13955 401 0 401 0 401 0 401 0 401 0 401 0 401 0 401 0 401 0 401 0 401 0 
14150 402 2 402 0 402 0 402 0 402 0 402 2 402 0 402 0 402 0 402 0 402 0 
14165 403 4 403 0 403 0 403 0 403 0 403 4 403 0 403 0 403 0 403 0 403 0 
14195 404 3 404 0 404 0 404 0 404 0 404 3 404 0 404 0 404 0 404 0 404 0 
14210 405 4 405 0 405 0 405 0 405 0 405 4 405 0 405 0 405 0 405 0 405 0 
14225 406 13 406 0 406 0 406 0 406 0 406 13 406 0 406 0 406 0 406 0 406 0 
14240 407 0 407 0 407 0 407 0 407 0 407 0 407 0 407 0 407 0 407 0 407 0 
14268 408 2 408 0 408 0 408 2 408 0 408 0 408 0 408 0 408 0 408 0 408 0 
14283 409 3 409 0 409 0 409 3 409 0 409 0 409 0 409 0 409 0 409 0 409 0 
14298 410 4 410 0 410 0 410 4 410 0 410 0 410 0 410 0 410 0 410 0 410 0 
14313 411 37.5 411 0 411 4 411 71 411 0 411 0 411 0 411 0 411 0 411 0 411 0 
14327 412 3 412 0 412 3 412 71 412 0 412 0 412 0 412 0 412 0 412 0 412 0 
14328 413 1 413 0 413 3 413 1 413 0 413 0 413 0 413 0 413 0 413 0 413 0 
14342 414 4 414 0 414 4 414 1 414 0 414 0 414 0 414 0 414 0 414 0 414 0 
14343 415 0 415 0 415 4 415 0 415 0 415 0 415 0 415 0 415 0 415 0 415 0 
14387 416 3 416 0 416 3 416 0 416 0 416 0 416 0 416 0 416 0 416 0 416 0 
14402 417 4 417 0 417 4 417 0 417 0 417 0 417 0 417 0 417 0 417 0 417 0 
14447 418 2 418 0 418 2 418 0 418 0 418 0 418 0 418 0 418 0 418 0 418 0 
14462 419 0 419 0 419 0 419 0 419 0 419 0 419 0 419 0 419 0 419 0 419 0 
14599 420 2 420 0 420 0 420 0 420 2 420 0 420 0 420 0 420 0 420 0 420 0 
14614 421 4 421 0 421 0 421 0 421 4 421 0 421 0 421 0 421 0 421 0 421 0 
14659 422 3 422 0 422 0 422 0 422 3 422 0 422 0 422 0 422 0 422 0 422 0 
14674 423 4 423 0 423 0 423 0 423 4 423 0 423 0 423 0 423 0 423 0 423 0 
14719 424 3 424 0 424 0 424 0 424 3 424 0 424 0 424 0 424 0 424 0 424 0 
14734 425 15 425 0 425 0 425 0 425 15 425 0 425 0 425 0 425 0 425 0 425 0 
14749 426 4 426 0 426 0 426 0 426 4 426 0 426 0 426 0 426 0 426 0 426 0 
14779 427 3 427 0 427 0 427 0 427 3 427 0 427 0 427 0 427 0 427 0 427 0 
14794 428 4 428 0 428 0 428 0 428 4 428 0 428 0 428 0 428 0 428 0 428 0 
14824 429 1 429 0 429 0 429 0 429 1 429 0 429 0 429 0 429 0 429 0 429 0 
14839 430 0 430 0 430 0 430 0 430 0 430 0 430 0 430 0 430 0 430 0 430 0 
14857 431 4 431 0 431 0 431 0 431 0 431 0 431 0 431 4 431 0 431 0 431 0 
14872 432 6 432 0 432 0 432 0 432 0 432 0 432 0 432 6 432 0 432 0 432 0 
14887 433 3 433 0 433 0 433 0 433 0 433 0 433 0 433 3 433 0 433 0 433 0 
14902 434 6 434 0 434 0 434 0 434 0 434 0 434 0 434 6 434 0 434 0 434 0 
14917 435 4 435 0 435 0 435 0 435 0 435 0 435 0 435 4 435 0 435 0 435 0 
14947 436 3 436 0 436 0 436 0 436 0 436 0 436 0 436 3 436 0 436 0 436 0 
14962 437 4 437 0 437 0 437 0 437 0 437 0 437 0 437 4 437 0 437 0 437 0 
15003 438 3 438 0 438 0 438 3 438 0 438 0 438 0 438 4 438 0 438 0 438 0 
15018 439 9 439 0 439 0 439 15 439 0 439 0 439 0 439 3 439 0 439 0 439 0 
15022 440 4 440 0 440 0 440 15 440 0 440 0 440 0 440 4 440 0 440 0 440 0 
15048 441 5 441 0 441 0 441 5 441 0 441 0 441 0 441 4 441 0 441 0 441 0 
15063 442 0 442 0 442 0 442 0 442 0 442 0 442 0 442 4 442 0 442 0 442 0 
15067 443 3 443 0 443 0 443 0 443 0 443 0 443 0 443 3 443 0 443 0 443 0 
15082 444 0 444 0 444 0 444 0 444 0 444 0 444 0 444 0 444 0 444 0 444 0 
16235 445 1 445 0 445 0 445 0 445 0 445 1 445 0 445 0 445 0 445 0 445 0 
16250 446 4 446 0 446 0 446 0 446 0 446 4 446 0 446 0 446 0 446 0 446 0 
16295 447 3 447 0 447 0 447 0 447 0 447 3 447 0 447 0 447 0 447 0 447 0 
16310 448 21 448 0 448 0 448 0 448 0 448 21 448 0 448 0 448 0 448 0 448 0 
16325 449 4 449 0 449 0 449 0 449 0 449 4 449 0 449 0 449 0 449 0 449 0 
16355 450 3 450 0 450 0 450 0 450 0 450 3 450 0 450 0 450 0 450 0 450 0 
16370 451 4 451 0 451 0 451 0 451 0 451 4 451 0 451 0 451 0 451 0 451 0 
16415 452 1 452 0 452 0 452 0 452 0 452 1 452 0 452 0 452 0 452 0 452 0 
16430 453 0 453 0 453 0 453 0 453 0 453 0 453 0 453 0 453 0 453 0 453 0 
16493 454 6 454 0 454 0 454 0 454 0 454 0 454 0 454 0 454 6 454 0 454 0 
16508 455 4 455 0 455 0 455 0 455 0 455 0 455 0 455 0 455 4 455 0 455 0 
16523 456 11 456 0 456 0 456 0 456 0 456 0 456 0 456 0 456 11 456 0 456 0 
16538 457 7 457 0 457 0 457 0 457 0 457 0 457 0 457 0 457 7 457 0 457 0 
16553 458 8 458 0 458 0 458 0 458 0 458 0 458 0 458 0 458 8 458 0 458 0 
16583 459 11 459 0 459 0 459 0 459 0 459 0 459 0 459 0 459 11 459 0 459 0 
16598 460 2 460 0 460 0 460 0 460 0 460 0 460 0 460 0 460 2 460 0 460 0 
16613 461 4 461 0 461 0 461 0 461 0 461 0 461 0 461 0 461 4 461 0 461 0 
16643 462 5 462 0 462 0 462 0 462 0 462 0 462 0 462 0 462 5 462 0 462 0 
16658 463 6 463 0 463 0 463 0 463 0 463 0 463 0 463 0 463 6 463 0 463 0 
16673 464 0 464 0 464 0 464 0 464 0 464 0 464 0 464 0 464 0 464 0 464 0 
16688 465 4 465 0 465 0 465 0 465 0 465 0 465 0 465 0 465 4 465 0 465 0 
16703 466 3 466 0 466 0 466 0 466 0 466 0 466 0 466 0 466 3 466 0 466 0 
16718 467 6 467 0 467 0 467 0 467 0 467 0 467 0 467 0 467 6 467 0 467 0 
16733 468 4 468 0 468 0 468 0 468 0 468 0 468 0 468 0 468 4 468 0 468 0 
16748 469 3 469 0 469 0 469 0 469 0 469 0 469 0 469 0 469 3 469 0 469 0 
16763 470 0 470 0 470 0 470 0 470 0 470 0 470 0 470 0 470 0 470 0 470 0 
17408 471 2 471 0 471 0 471 0 471 0 471 0 471 0 471 0 471 2 471 0 471 0 
17423 472 3 472 0 472 0 472 0 472 0 472 0 472 0 472 0 472 3 472 0 472 0 
17438 473 4 473 0 473 0 473 0 473 0 473 0 473 0 473 0 473 4 473 0 473 0 
17483 474 3 474 0 474 0 474 0 474 0 474 0 474 0 474 0 474 3 474 0 474 0 
17498 475 15 475 0 475 0 475 0 475 0 475 0 475 0 475 0 475 15 475 0 475 0 
17513 476 4 476 0 476 0 476 0 476 0 476 0 476 0 476 0 476 4 476 0 476 0 
17528 477 2 477 0 477 0 477 0 477 0 477 0 477 0 477 0 477 2 477 0 477 0 
17543 478 0 478 0 478 0 478 0 478 0 478 0 478 0 478 0 478 0 478 0 478 0 
17693 479 2 479 0 479 0 479 0 479 0 479 0 479 0 479 0 479 2 479 0 479 0 
17708 480 4 480 0 480 0 480 0 480 0 480 0 480 0 480 0 480 4 480 0 480 0 
17723 481 3 481 0 481 0 481 0 481 0 481 0 481 0 481 0 481 3 481 0 481 0 
17738 482 4 482 0 482 0 482 0 482 0 482 0 482 0 482 0 482 4 482 0 482 0 
17739 483 7 483 0 483 0 483 0 483 0 483 0 483 0 483 0 483 4 483 7 483 0 
17754 484 6 484 0 484 0 484 0 484 0 484 0 484 0 484 0 484 4 484 6 484 0 
17769 485 14 485 0 485 0 485 0 485 0 485 0 485 0 485 0 485 4 485 14 485 0 
17783 486 1 486 0 486 0 486 0 486 0 486 0 486 0 486 0 486 1 486 14 486 0 
17784 487 7 487 0 487 0 487 0 487 0 487 0 487 0 487 0 487 1 487 7 487 0 
17798 488 0 488 0 488 0 488 0 488 0 488 0 488 0 488 0 488 0 488 7 488 0 
17799 489 3 489 0 489 0 489 0 489 0 489 0 489 0 489 0 489 0 489 3 489 0 
17814 490 12 490 0 490 0 490 0 490 0 490 0 490 0 490 0 490 0 490 12 490 0 
17829 491 9 491 0 491 0 491 0 491 0 491 0 491 0 491 0 491 0 491 9 491 0 
17844 492 3 492 0 492 0 492 0 492 0 492 0 492 0 492 0 492 0 492 3 492 0 
17874 493 6 493 0 493 0 493 0 493 0 493 0 493 0 493 0 493 0 493 6 493 0 
17889 494 4 494 0 494 0 494 0 494 0 494 0 494 0 494 0 494 0 494 4 494 0 
17919 495 1 495 0 495 0 495 0 495 0 495 0 495 0 495 0 495 0 495 1 495 0 
17934 496 4 496 0 496 0 496 0 496 0 496 0 496 0 496 0 496 0 496 4 496 0 
17964 497 6 497 0 497 0 497 0 497 0 497 0 497 0 497 0 497 0 497 6 497 0 
17979 498 5 498 0 498 0 498 0 498 0 498 0 498 0 498 0 498 0 498 5 498 0 
17994 499 0 499 0 499 0 499 0 499 0 499 0 499 0 499 0 499 0 499 0 499 0 
18009 500 1 500 0 500 0 500 0 500 0 500 0 500 0 500 0 500 0 500 1 500 0 
18024 501 4 501 0 501 0 501 0 501 0 501 0 501 0 501 0 501 0 501 4 501 0 
18039 502 3 502 0 502 0 502 0 502 0 502 0 502 0 502 0 502 0 502 3 502 0 
18054 503 4 503 0 503 0 503 0 503 0 503 0 503 0 503 0 503 0 503 4 503 0 
18069 504 1 504 0 504 0 504 0 504 0 504 0 504 0 504 0 504 0 504 1 504 0 
18084 505 0 505 0 505 0 505 0 505 0 505 0 505 0 505 0 505 0 505 0 505 0 
18189 506 4 506 0 506 0 506 0 506 0 506 0 506 0 506 0 506 0 506 4 506 0 
18219 507 3 507 0 507 0 507 0 507 0 507 0 507 0 507 0 507 0 507 3 507 0 
18234 508 19 508 0 508 0 508 0 508 0 508 0 508 0 508 0 508 0 508 19 508 0 
18249 509 2 509 0 509 0 509 0 509 0 509 0 509 0 509 0 509 0 509 2 509 0 
18264 510 0 510 0 510 0 510 0 510 0 510 0 510 0 510 0 510 0 510 0 510 0 
18414 511 1 511 0 511 0 511 0 511 0 511 0 511 0 511 0 511 0 511 1 511 0 
18429 512 4 512 0 512 0 512 0 512 0 512 0 512 0 512 0 512 0 512 4 512 0 
18459 513 3 513 0 513 0 513 0 513 0 513 0 513 0 513 0 513 0 513 3 513 0 
18474 514 4 514 0 514 0 514 0 514 0 514 0 514 0 514 0 514 0 514 4 514 0 
18489 515 0 515 0 515 0 515 0 515 0 515 0 515 0 515 0 515 0 515 0 515 0 
20541 516 2 516 0 516 0 516 0 516 0 516 0 516 2 516 0 516 0 516 0 516 0 
20556 517 4 517 0 517 0 517 0 517 0 517 0 517 4 517 0 517 0 517 0 517 0 
20571 518 3 518 0 518 0 518 0 518 0 518 0 518 3 518 0 518 0 518 0 518 0 
20586 519 4 519 0 519 0 519 0 519 0 519 0 519 4 519 0 519 0 519 0 519 0 
20616 520 27 520 0 520 0 520 0 520 0 520 0 520 27 520 0 520 0 520 0 520 0 
20631 521 3 521 0 521 0 521 0 521 0 521 0 521 3 521 0 521 0 521 0 521 0 
20646 522 4 522 0 522 0 522 0 522 0 522 0 522 4 522 0 522 0 522 0 522 0 
20691 523 3 523 0 523 0 523 0 523 0 523 0 523 3 523 0 523 0 523 0 523 0 
20706 524 4 524 0 524 0 524 0 524 0 524 0 524 4 524 0 524 0 524 0 524 0 
20751 525 3 525 0 525 0 525 0 525 0 525 0 525 3 525 0 525 0 525 0 525 0 
20766 526 4 526 0 526 0 526 0 526 0 526 0 526 4 526 0 526 0 526 0 526 0 
20781 527 3 527 0 527 0 527 0 527 0 527 0 527 3 527 0 527 0 527 0 527 0 
20796 528 0 528 0 528 0 528 0 528 0 528 0 528 0 528 0 528 0 528 0 528 0 
20935 529 4 529 0 529 0 529 0 529 0 529 0 529 0 529 0 529 0 529 0 529 4 
20950 530 10 530 0 530 0 530 0 530 0 530 0 530 0 530 0 530 0 530 0 530 10 
20965 531 7 531 0 531 0 531 0 531 0 531 0 531 0 531 0 531 0 531 0 531 7 
20995 532 0 532 0 532 0 532 0 532 0 532 0 532 0 532 0 532 0 532 0 532 0 
21963 533 6 533 0 533 0 533 6 533 0 533 0 533 0 533 0 533 0 533 0 533 0 
21978 534 4 534 0 534 0 534 4 534 0 534 0 534 0 534 0 534 0 534 0 534 0 
21993 535 16 535 0 535 0 535 16 535 0 535 0 535 0 535 0 535 0 535 0 535 0 
22008 536 2 536 0 536 0 536 2 536 0 536 0 536 0 536 0 536 0 536 0 536 0 
22023 537 0 537 0 537 0 537 0 537 0 537 0 537 0 537 0 537 0 537 0 537 0 
22038 538 8 538 0 538 0 538 8 538 0 538 0 538 0 538 0 538 0 538 0 538 0 
22068 539 12 539 0 539 0 539 12 539 0 539 0 539 0 539 0 539 0 539 0 539 0 
22083 540 1 540 0 540 0 540 1 540 0 540 0 540 0 540 0 540 0 540 0 540 0 
22098 541 4 541 0 541 0 541 4 541 0 541 0 541 0 541 0 541 0 541 0 541 0 
22128 542 6 542 0 542 0 542 6 542 0 542 0 542 0 542 0 542 0 542 0 542 0 
22143 543 5 543 0 543 0 543 5 543 0 543 0 543 0 543 0 543 0 543 0 543 0 
22158 544 0 544 0 544 0 544 0 544 0 544 0 544 0 544 0 544 0 544 0 544 0 
22173 545 4 545 0 545 0 545 4 545 0 545 0 545 0 545 0 545 0 545 0 545 0 
22203 546 5 546 0 546 0 546 5 546 0 546 0 546 0 546 0 546 0 546 0 546 0 
22218 547 4 547 0 547 0 547 4 547 0 547 0 547 0 547 0 547 0 547 0 547 0 
22233 548 3 548 0 548 0 548 3 548 0 548 0 548 0 548 0 548 0 548 0 548 0 
22248 549 0 549 0 549 0 549 0 549 0 549 0 549 0 549 0 549 0 549 0 549 0 
22383 550 5 550 0 550 0 550 5 550 0 550 0 550 0 550 0 550 0 550 0 550 0 
22398 551 4 551 0 551 0 551 4 551 0 551 0 551 0 551 0 551 0 551 0 551 0 
22443 552 3 552 0 552 0 552 3 552 0 552 0 552 0 552 0 552 0 552 0 552 0 
22458 553 4 553 0 553 0 553 4 553 0 553 0 553 0 553 0 553 0 553 0 553 0 
22473 554 1 554 0 554 0 554 1 554 0 554 0 554 0 554 0 554 0 554 0 554 0 
22488 555 0 555 0 555 0 555 0 555 0 555 0 555 0 555 0 555 0 555 0 555 0 
24466 556 7 556 7 556 0 556 0 556 0 556 0 556 0 556 0 556 0 556 0 556 0 
24481 557 6 557 6 557 0 557 0 557 0 557 0 557 0 557 0 557 0 557 0 557 0 
24496 558 14 558 14 558 0 558 0 558 0 558 0 558 0 558 0 558 0 558 0 558 0 
24511 559 1 559 1 559 0 559 0 559 0 559 0 559 0 559 0 559 0 559 0 559 0 
24526 560 8 560 8 560 0 560 0 560 0 560 0 560 0 560 0 560 0 560 0 560 0 
24556 561 12 561 12 561 0 561 0 561 0 561 0 561 0 561 0 561 0 561 0 561 0 
24571 562 1 562 1 562 0 562 0 562 0 562 0 562 0 562 0 562 0 562 0 562 0 
24586 563 4 563 4 563 0 563 0 563 0 563 0 563 0 563 0 563 0 563 0 563 0 
24588 564 13 564 4 564 0 564 13 564 0 564 0 564 0 564 0 564 0 564 0 564 0 
24603 565 3 565 4 565 0 565 3 565 0 565 0 565 0 565 0 565 0 565 0 565 0 
24616 566 6 566 6 566 0 566 3 566 0 566 0 566 0 566 0 566 0 566 0 566 0 
24618 567 4 567 6 567 0 567 4 567 0 567 0 567 0 567 0 567 0 567 0 567 0 
24631 568 5 568 5 568 0 568 4 568 0 568 0 568 0 568 0 568 0 568 0 568 0 
24646 569 0 569 0 569 0 569 4 569 0 569 0 569 0 569 0 569 0 569 0 569 0 
24661 570 4 570 4 570 0 570 4 570 0 570 0 570 0 570 0 570 0 570 0 570 0 
24663 571 3 571 4 571 0 571 3 571 0 571 0 571 0 571 0 571 0 571 0 571 0 
24678 572 4 572 4 572 0 572 4 572 0 572 0 572 0 572 0 572 0 572 0 572 0 
24691 573 5 573 5 573 0 573 4 573 0 573 0 573 0 573 0 573 0 573 0 573 0 
24706 574 4 574 4 574 0 574 4 574 0 574 0 574 0 574 0 574 0 574 0 574 0 
24708 575 3 575 4 575 0 575 3 575 0 575 0 575 0 575 0 575 0 575 0 575 0 
24723 576 1.5 576 3 576 0 576 0 576 0 576 0 576 0 576 0 576 0 576 0 576 0 
24736 577 0 577 0 577 0 577 0 577 0 577 0 577 0 577 0 577 0 577 0 577 0 
25021 578 4 578 4 578 0 578 0 578 0 578 0 578 0 578 0 578 0 578 0 578 0 
25051 579 3 579 3 579 0 579 0 579 0 579 0 579 0 579 0 579 0 579 0 579 0 
25066 580 4 580 4 580 0 580 0 580 0 580 0 580 0 580 0 580 0 580 0 580 0 
25081 581 15 581 15 581 0 581 0 581 0 581 0 581 0 581 0 581 0 581 0 581 0 
25096 582 6 582 6 582 0 582 0 582 0 582 0 582 0 582 0 582 0 582 0 582 0 
25111 583 3 583 3 583 0 583 0 583 0 583 0 583 0 583 0 583 0 583 0 583 0 
25126 584 5 584 5 584 0 584 0 584 0 584 0 584 0 584 0 584 0 584 0 584 0 
25141 585 2 585 2 585 0 585 0 585 0 585 0 585 0 585 0 585 0 585 0 585 0 
25156 586 0 586 0 586 0 586 0 586 0 586 0 586 0 586 0 586 0 586 0 586 0 
26763 587 14 587 0 587 0 587 14 587 0 587 0 587 0 587 0 587 0 587 0 587 0 
26778 588 4 588 0 588 0 588 4 588 0 588 0 588 0 588 0 588 0 588 0 588 0 
26823 589 14 589 0 589 0 589 14 589 0 589 0 589 0 589 0 589 0 589 0 589 0 
26838 590 4 590 0 590 0 590 4 590 0 590 0 590 0 590 0 590 0 590 0 590 0 
26853 591 1 591 0 591 0 591 1 591 0 591 0 591 0 591 0 591 0 591 0 591 0 
26868 592 0 592 0 592 0 592 0 592 0 592 0 592 0 592 0 592 0 592 0 592 0 
26995 593 2 593 0 593 0 593 0 593 0 593 0 593 0 593 0 593 0 593 0 593 2 
