# deltaRoads deltaRailways
10 0 0 0 0 0 0 0 0 0 0 0 0 0 0 0 0 0 0 0 0 0 0 
121 0 7 0 7 0 0 0 0 0 0 0 0 0 0 0 0 0 0 0 0 0 0 
122 6 0 0 7 6 0 0 0 0 0 0 0 0 0 0 0 0 0 0 0 0 0 
124 7 0 0 7 6 0 0 0 7 0 0 0 0 0 0 0 0 0 0 0 0 0 
125 6 0 0 7 6 0 0 0 7 0 6 0 0 0 0 0 0 0 0 0 0 0 
127 3 3.5 0 7 6 0 0 0 7 0 6 0 6 0 0 7 0 0 0 0 0 0 
130 0 8 0 7 6 0 0 0 7 0 6 0 6 0 0 7 0 0 0 0 0 8 
136 0 10 0 10 6 0 0 0 7 0 6 0 6 0 0 7 0 0 0 0 0 8 
138 0 6 0 10 6 0 0 6 7 0 6 0 6 0 0 7 0 0 0 0 0 8 
139 5 0 0 10 6 0 0 6 5 0 6 0 6 0 0 7 0 0 0 0 0 8 
141 16 0 0 10 6 0 0 6 5 0 6 0 16 0 0 7 0 0 0 0 0 8 
142 0 10 0 10 6 0 0 6 5 0 6 0 16 0 0 10 0 0 0 0 0 8 
151 0 9 0 9 6 0 0 6 5 0 6 0 16 0 0 10 0 0 0 0 0 8 
152 14 0 0 9 14 0 0 6 5 0 6 0 16 0 0 10 0 0 0 0 0 8 
153 0 4 0 9 14 0 0 4 5 0 6 0 16 0 0 10 0 0 0 0 0 8 
154 4 0 0 9 14 0 0 4 4 0 6 0 16 0 0 10 0 0 0 0 0 8 
156 9 0 0 9 14 0 0 4 4 0 4 0 14 0 0 10 0 0 0 0 0 8 
160 0 12 0 9 14 0 0 4 4 0 4 0 14 0 0 10 0 0 0 0 0 12 
166 0 2 0 2 14 0 0 4 4 0 4 0 14 0 0 10 0 0 0 0 0 12 
167 0 0 0 2 0 0 0 4 4 0 4 0 14 0 0 10 0 0 0 0 0 12 
168 0 16 0 2 0 0 0 16 4 0 4 0 14 0 0 10 0 0 0 0 0 12 
169 0 0 0 2 0 0 0 16 0 0 4 0 14 0 0 10 0 0 0 0 0 12 
172 0 0.333333 0 2 0 0 0 16 0 0 0 0 0 0 0 1 0 0 0 0 0 12 
175 0 6 0 2 0 0 0 16 0 0 0 0 0 0 0 1 0 0 0 0 0 6 
181 0 0 0 0 0 0 0 16 0 0 0 0 0 0 0 1 0 0 0 0 0 6 
183 0 2 0 0 0 0 0 2 0 0 0 0 0 0 0 1 0 0 0 0 0 6 
187 0 0 0 0 0 0 0 2 0 0 0 0 0 0 0 0 0 0 0 0 0 6 
190 0 4 0 0 0 0 0 2 0 0 0 0 0 0 0 0 0 0 0 0 0 4 
198 0 0 0 0 0 0 0 0 0 0 0 0 0 0 0 0 0 0 0 0 0 4 
205 0 16 0 0 0 0 0 0 0 0 0 0 0 0 0 0 0 0 0 0 0 16 
213 0 8 0 0 0 0 0 8 0 0 0 0 0 0 0 0 0 0 0 0 0 16 
220 0 2 0 0 0 0 0 8 0 0 0 0 0 0 0 0 0 0 0 0 0 2 
235 0 3 0 0 0 0 0 8 0 0 0 0 0 0 0 0 0 0 0 0 0 3 
243 0 21 0 0 0 0 0 21 0 0 0 0 0 0 0 0 0 0 0 0 0 3 
250 0 4 0 0 0 0 0 21 0 0 0 0 0 0 0 0 0 0 0 0 0 4 
258 0 2 0 0 0 0 0 2 0 0 0 0 0 0 0 0 0 0 0 0 0 4 
265 0 6 0 0 0 0 0 2 0 0 0 0 0 0 0 0 0 0 0 0 0 6 
273 0 4 0 0 0 0 0 4 0 0 0 0 0 0 0 0 0 0 0 0 0 6 
288 0 9 0 0 0 0 0 14 0 0 0 0 0 0 0 0 0 0 0 0 0 4 
295 0 3 0 0 0 0 0 14 0 0 0 0 0 0 0 0 0 0 0 0 0 3 
303 0 5 0 0 0 0 0 5 0 0 0 0 0 0 0 0 0 0 0 0 0 3 
310 0 2 0 0 0 0 0 5 0 0 0 0 0 0 0 0 0 0 0 0 0 2 
318 0 6 0 0 0 0 0 6 0 0 0 0 0 0 0 0 0 0 0 0 0 2 
325 0 4 0 0 0 0 0 6 0 0 0 0 0 0 0 0 0 0 0 0 0 4 
333 0 0 0 0 0 0 0 0 0 0 0 0 0 0 0 0 0 0 0 0 0 4 
340 0 6 0 0 0 0 0 0 0 0 0 0 0 0 0 0 0 0 0 0 0 6 
348 0 4 0 0 0 0 0 4 0 0 0 0 0 0 0 0 0 0 0 0 0 6 
355 0 3 0 0 0 0 0 4 0 0 0 0 0 0 0 0 0 0 0 0 0 3 
370 0 4 0 0 0 0 0 3 0 0 0 0 0 0 0 0 0 0 0 0 0 5 
378 0 6 0 0 0 0 0 6 0 0 0 0 0 0 0 0 0 0 0 0 0 5 
385 0 0 0 0 0 0 0 6 0 0 0 0 0 0 0 0 0 0 0 0 0 0 
393 0 4 0 0 0 0 0 4 0 0 0 0 0 0 0 0 0 0 0 0 0 0 
408 0 3 0 0 0 0 0 3 0 0 0 0 0 0 0 0 0 0 0 0 0 0 
423 0 0 0 0 0 0 0 0 0 0 0 0 0 0 0 0 0 0 0 0 0 0 
512 6 0 0 0 6 0 0 0 0 0 0 0 0 0 0 0 0 0 0 0 0 0 
535 0 3 0 0 6 0 0 0 0 0 0 0 0 0 0 0 0 0 0 0 0 3 
542 8 0 0 0 8 0 0 0 0 0 0 0 0 0 0 0 0 0 0 0 0 3 
548 0 9 0 0 8 0 0 0 0 0 0 0 0 0 0 0 0 9 0 0 0 3 
550 0 4 0 0 8 0 0 0 0 0 0 0 0 0 0 0 0 9 0 0 0 4 
557 26 0 0 0 26 0 0 0 0 0 0 0 0 0 0 0 0 9 0 0 0 4 
563 0 7 0 0 26 0 0 0 0 0 0 0 0 0 0 0 0 7 0 0 0 4 
564 0 9 0 0 26 0 0 0 0 0 0 0 0 0 0 0 0 7 0 9 0 4 
565 0 14 0 0 26 0 0 0 0 0 0 0 0 0 0 0 0 7 0 9 0 14 
572 8 0 0 0 8 0 0 0 0 0 0 0 0 0 0 0 0 7 0 9 0 14 
578 0 12 0 0 8 0 0 0 0 0 0 0 0 0 0 0 0 12 0 9 0 14 
579 0 17 0 0 8 0 0 0 0 0 0 0 0 0 0 0 0 12 0 17 0 14 
580 0 4 0 0 8 0 0 0 0 0 0 0 0 0 0 0 0 12 0 17 0 4 
587 6 0 0 0 6 0 0 0 0 0 0 0 0 0 0 0 0 12 0 17 0 4 
593 0 7 0 0 6 0 0 0 0 0 0 0 0 0 0 0 0 7 0 17 0 4 
594 0 12 0 0 6 0 0 0 0 0 0 0 0 0 0 0 0 7 0 12 0 4 
602 9 6 0 0 18 0 0 0 0 0 0 0 0 0 0 0 0 7 0 12 0 12 
603 0 1 0 0 18 0 0 1 0 0 0 0 0 0 0 0 0 7 0 12 0 12 
608 0 16 0 0 18 0 0 1 0 0 0 0 0 0 0 0 0 16 0 12 0 12 
609 0 7 0 0 18 0 0 1 0 0 0 0 0 0 0 0 0 16 0 7 0 12 
610 0 0 0 0 18 0 0 1 0 0 0 0 0 0 0 0 0 16 0 7 0 0 
617 8 0 0 0 8 0 0 1 0 0 0 0 0 0 0 0 0 16 0 7 0 0 
618 0 4 0 0 8 0 0 4 0 0 0 0 0 0 0 0 0 16 0 7 0 0 
623 0 13 0 0 8 0 0 4 0 0 0 0 0 0 0 0 0 13 0 7 0 0 
624 0 6 0 0 8 0 0 4 0 0 0 0 0 0 0 0 0 13 0 6 0 0 
638 0 2 0 0 8 0 0 4 0 0 0 0 0 0 0 0 0 2 0 6 0 0 
639 0 13 0 0 8 0 0 4 0 0 0 0 0 0 0 0 0 2 0 13 0 0 
647 2 0 0 0 2 0 0 4 0 0 0 0 0 0 0 0 0 2 0 13 0 0 
653 0 4 0 0 2 0 0 4 0 0 0 0 0 0 0 0 0 4 0 13 0 0 
654 0 2 0 0 2 0 0 4 0 0 0 0 0 0 0 0 0 4 0 2 0 0 
662 0 0 0 0 0 0 0 4 0 0 0 0 0 0 0 0 0 4 0 2 0 0 
663 0 3 0 0 0 0 0 3 0 0 0 0 0 0 0 0 0 4 0 2 0 0 
669 0 4 0 0 0 0 0 3 0 0 0 0 0 0 0 0 0 4 0 4 0 0 
683 0 4.5 0 0 0 0 0 4 0 0 0 0 0 0 0 0 0 5 0 4 0 0 
684 0 14 0 0 0 0 0 4 0 0 0 0 0 0 0 0 0 5 0 14 0 0 
693 0 1 0 0 0 0 0 1 0 0 0 0 0 0 0 0 0 5 0 14 0 0 
698 0 4 0 0 0 0 0 1 0 0 0 0 0 0 0 0 0 4 0 14 0 0 
699 0 5 0 0 0 0 0 1 0 0 0 0 0 0 0 0 0 4 0 5 0 0 
708 0 0 0 0 0 0 0 0 0 0 0 0 0 0 0 0 0 4 0 5 0 0 
713 0 3 0 0 0 0 0 0 0 0 0 0 0 0 0 0 0 3 0 5 0 0 
714 0 4 0 0 0 0 0 0 0 0 0 0 0 0 0 0 0 3 0 4 0 0 
728 0 13 0 0 0 0 0 0 0 0 0 0 0 0 0 0 0 13 0 4 0 0 
729 0 3 0 0 0 0 0 0 0 0 0 0 0 0 0 0 0 13 0 3 0 0 
745 0 3.5 0 0 0 0 0 0 0 0 0 0 0 0 0 0 0 3 0 3 0 4 
758 0 6 0 0 0 0 0 0 0 0 0 0 0 0 0 0 0 6 0 3 0 4 
773 0 4 0 0 0 0 0 0 0 0 0 0 0 0 0 0 0 4 0 3 0 4 
774 0 6 0 0 0 0 0 0 0 0 0 0 0 0 0 0 0 4 0 6 0 4 
775 0 3 0 0 0 0 0 0 0 0 0 0 0 0 0 0 0 4 0 6 0 3 
789 0 4 0 0 0 0 0 0 0 0 0 0 0 0 0 0 0 4 0 4 0 3 
803 0 2 0 0 0 0 0 0 0 0 0 0 0 0 0 0 0 0 0 4 0 4 
818 0 1 0 0 0 0 0 0 0 0 0 0 0 0 0 0 0 1 0 4 0 4 
819 0 0 0 0 0 0 0 0 0 0 0 0 0 0 0 0 0 1 0 0 0 4 
820 0 1 0 0 0 0 0 0 0 0 0 0 0 0 0 0 0 1 0 0 0 1 
833 0 4 0 0 0 0 0 0 0 0 0 0 0 0 0 0 0 4 0 0 0 1 
835 0 0 0 0 0 0 0 0 0 0 0 0 0 0 0 0 0 4 0 0 0 0 
848 0 14 0 0 0 0 0 0 0 0 0 0 0 0 0 0 0 14 0 0 0 0 
863 0 3 0 0 0 0 0 0 0 0 0 0 0 0 0 0 0 3 0 0 0 0 
878 0 4 0 0 0 0 0 0 0 0 0 0 0 0 0 0 0 4 0 0 0 0 
908 0 1 0 0 0 0 0 0 0 0 0 0 0 0 0 0 0 1 0 0 0 0 
923 0 0 0 0 0 0 0 0 0 0 0 0 0 0 0 0 0 0 0 0 0 0 
1113 0 1 0 0 0 0 0 1 0 0 0 0 0 0 0 0 0 0 0 0 0 0 
1128 0 4 0 0 0 0 0 4 0 0 0 0 0 0 0 0 0 0 0 0 0 0 
1143 0 3 0 0 0 0 0 3 0 0 0 0 0 0 0 0 0 0 0 0 0 0 
1158 0 4 0 0 0 0 0 4 0 0 0 0 0 0 0 0 0 0 0 0 0 0 
1203 0 0 0 0 0 0 0 0 0 0 0 0 0 0 0 0 0 0 0 0 0 0 
1223 0 1 0 0 0 0 0 0 0 0 0 0 0 0 0 0 0 1 0 0 0 0 
1238 0 4 0 0 0 0 0 0 0 0 0 0 0 0 0 0 0 4 0 0 0 0 
1283 0 3 0 0 0 0 0 0 0 0 0 0 0 0 0 0 0 3 0 0 0 0 
1298 0 4 0 0 0 0 0 0 0 0 0 0 0 0 0 0 0 4 0 0 0 0 
1313 0 2 0 0 0 0 0 0 0 0 0 0 0 0 0 0 0 2 0 0 0 0 
1328 0 0 0 0 0 0 0 0 0 0 0 0 0 0 0 0 0 0 0 0 0 0 
1434 0 1 0 0 0 0 0 0 0 0 0 0 0 0 0 0 0 0 0 1 0 0 
1449 0 4 0 0 0 0 0 0 0 0 0 0 0 0 0 0 0 0 0 4 0 0 
1479 0 13 0 0 0 0 0 0 0 0 0 0 0 0 0 0 0 0 0 13 0 0 
1494 0 15 0 0 0 0 0 0 0 0 0 0 0 0 0 0 0 0 0 15 0 0 
1509 0 4 0 0 0 0 0 0 0 0 0 0 0 0 0 0 0 0 0 4 0 0 
1524 0 3 0 0 0 0 0 0 0 0 0 0 0 0 0 0 0 0 0 3 0 0 
1539 0 0 0 0 0 0 0 0 0 0 0 0 0 0 0 0 0 0 0 0 0 0 
1666 0 4 0 4 0 0 0 0 0 0 0 0 0 0 0 0 0 0 0 0 0 0 
1668 0 3 0 4 0 0 0 3 0 0 0 0 0 0 0 0 0 0 0 0 0 0 
1698 0 4 0 4 0 0 0 4 0 0 0 0 0 0 0 0 0 0 0 0 0 0 
1711 0 3 0 3 0 0 0 4 0 0 0 0 0 0 0 0 0 0 0 0 0 0 
1726 0 4 0 4 0 0 0 4 0 0 0 0 0 0 0 0 0 0 0 0 0 0 
1743 0 3 0 4 0 0 0 3 0 0 0 0 0 0 0 0 0 0 0 0 0 0 
1758 0 4 0 4 0 0 0 4 0 0 0 0 0 0 0 0 0 0 0 0 0 0 
1771 0 3 0 3 0 0 0 4 0 0 0 0 0 0 0 0 0 0 0 0 0 0 
1773 0 0 0 3 0 0 0 0 0 0 0 0 0 0 0 0 0 0 0 0 0 0 
1786 0 4 0 4 0 0 0 0 0 0 0 0 0 0 0 0 0 0 0 0 0 0 
1816 0 14 0 14 0 0 0 0 0 0 0 0 0 0 0 0 0 0 0 0 0 0 
1831 0 3 0 3 0 0 0 0 0 0 0 0 0 0 0 0 0 0 0 0 0 0 
1846 0 0 0 0 0 0 0 0 0 0 0 0 0 0 0 0 0 0 0 0 0 0 
2425 0 15 0 0 0 0 0 0 0 0 0 0 0 0 0 0 0 0 0 0 0 15 
2440 0 4 0 0 0 0 0 0 0 0 0 0 0 0 0 0 0 0 0 0 0 4 
2455 0 3 0 0 0 0 0 0 0 0 0 0 0 0 0 0 0 0 0 0 0 3 
2465 4 0 0 0 0 0 0 0 0 0 4 0 0 0 0 0 0 0 0 0 0 3 
2470 0 4 0 0 0 0 0 0 0 0 4 0 0 0 0 0 0 0 0 0 0 4 
2480 8 0 0 0 0 0 0 0 0 0 8 0 0 0 0 0 0 0 0 0 0 4 
2494 2 0 0 0 0 0 0 0 2 0 8 0 0 0 0 0 0 0 0 0 0 4 
2495 6 0 0 0 0 0 0 0 2 0 6 0 0 0 0 0 0 0 0 0 0 4 
2509 8 0 0 0 0 0 0 0 8 0 6 0 0 0 0 0 0 0 0 0 0 4 
2515 4 0.5 0 0 0 0 0 0 8 0 8 0 0 0 0 0 0 0 0 0 0 1 
2530 0 0 0 0 0 0 0 0 8 0 8 0 0 0 0 0 0 0 0 0 0 0 
2539 16 0 0 0 0 0 0 0 16 0 8 0 0 0 0 0 0 0 0 0 0 0 
2540 5 0 0 0 0 0 0 0 16 0 5 0 0 0 0 0 0 0 0 0 0 0 
2554 6 0 0 0 0 0 0 0 6 0 5 0 0 0 0 0 0 0 0 0 0 0 
2555 43 0 0 0 0 0 0 0 6 0 43 0 0 0 0 0 0 0 0 0 0 0 
2569 18 0 0 0 0 0 0 0 18 0 43 0 0 0 0 0 0 0 0 0 0 0 
2570 8 0 0 0 0 0 0 0 18 0 8 0 0 0 0 0 0 0 0 0 0 0 
2585 13 0 0 0 0 0 0 0 8 0 18 0 0 0 0 0 0 0 0 0 0 0 
2599 6 0 0 0 0 0 0 0 6 0 18 0 0 0 0 0 0 0 0 0 0 0 
2600 8 0 0 0 0 0 0 0 6 0 8 0 0 0 0 0 0 0 0 0 0 0 
2614 18 0 0 0 0 0 0 0 18 0 8 0 0 0 0 0 0 0 0 0 0 0 
2615 6 0 0 0 0 0 0 0 18 0 6 0 0 0 0 0 0 0 0 0 0 0 
2629 50 0 0 0 0 0 0 0 50 0 6 0 0 0 0 0 0 0 0 0 0 0 
2630 18 0 0 0 0 0 0 0 50 0 18 0 0 0 0 0 0 0 0 0 0 0 
2634 0 2 0 0 0 0 0 0 50 0 18 0 0 0 0 0 0 0 0 2 0 0 
2644 8 0 0 0 0 0 0 0 8 0 18 0 0 0 0 0 0 0 0 2 0 0 
2649 4 2 0 0 0 0 0 0 8 0 8 0 0 0 0 0 0 0 0 4 0 0 
2659 13 0 0 0 0 0 0 0 13 0 8 0 0 0 0 0 0 0 0 4 0 0 
2660 6 0 0 0 0 0 0 0 13 0 6 0 0 0 0 0 0 0 0 4 0 0 
2664 0 23 0 0 0 0 0 0 13 0 6 0 0 0 0 0 0 0 0 23 0 0 
2674 167 0 0 0 0 0 0 0 167 0 6 0 0 0 0 0 0 0 0 23 0 0 
2675 16 0 0 0 0 0 0 0 167 0 16 0 0 0 0 0 0 0 0 23 0 0 
2679 0 3 0 0 0 0 0 0 167 0 16 0 0 0 0 0 0 0 0 3 0 0 
2689 8 0 0 0 0 0 0 0 8 0 16 0 0 0 0 0 0 0 0 3 0 0 
2694 4 2 0 0 0 0 0 0 8 0 8 0 0 0 0 0 0 0 0 4 0 0 
2705 4 0 0 0 0 0 0 0 8 0 4 0 0 0 0 0 0 0 0 4 0 0 
2709 0 2 0 0 0 0 0 0 8 0 4 0 0 0 0 0 0 0 0 2 0 0 
2719 6 0 0 0 0 0 0 0 6 0 4 0 0 0 0 0 0 0 0 2 0 0 
2720 0 0 0 0 0 0 0 0 6 0 0 0 0 0 0 0 0 0 0 2 0 0 
3099 0 0.5 0 0 0 0 0 0 0 0 0 0 0 0 0 0 0 0 0 1 0 0 
3114 0 14 0 0 0 0 0 0 0 0 0 0 0 0 0 0 0 0 0 14 0 0 
3129 0 4 0 0 0 0 0 0 0 0 0 0 0 0 0 0 0 0 0 4 0 0 
3159 0 3 0 0 0 0 0 0 0 0 0 0 0 0 0 0 0 0 0 3 0 0 
3174 0 4 0 0 0 0 0 0 0 0 0 0 0 0 0 0 0 0 0 4 0 0 
3204 0 0 0 0 0 0 0 0 0 0 0 0 0 0 0 0 0 0 0 0 0 0 
5032 0 3 0 0 0 0 0 0 0 0 0 0 0 0 0 3 0 0 0 0 0 0 
5047 0 13 0 0 0 0 0 0 0 0 0 0 0 0 0 13 0 0 0 0 0 0 
5062 0 4 0 0 0 0 0 0 0 0 0 0 0 0 0 4 0 0 0 0 0 0 
5077 0 15 0 0 0 0 0 0 0 0 0 0 0 0 0 15 0 0 0 0 0 0 
5092 0 4 0 0 0 0 0 0 0 0 0 0 0 0 0 4 0 0 0 0 0 0 
5107 0 3 0 0 0 0 0 0 0 0 0 0 0 0 0 3 0 0 0 0 0 0 
5122 0 4 0 0 0 0 0 0 0 0 0 0 0 0 0 4 0 0 0 0 0 0 
5167 0 3 0 0 0 0 0 0 0 0 0 0 0 0 0 3 0 0 0 0 0 0 
5182 0 4 0 0 0 0 0 0 0 0 0 0 0 0 0 4 0 0 0 0 0 0 
5212 0 0 0 0 0 0 0 0 0 0 0 0 0 0 0 0 0 0 0 0 0 0 
5522 0 9 0 0 0 9 0 0 0 0 0 0 0 0 0 0 0 0 0 0 0 0 
5537 0 12 0 0 0 12 0 0 0 0 0 0 0 0 0 0 0 0 0 0 0 0 
5552 0 7 0 0 0 7 0 0 0 0 0 0 0 0 0 0 0 0 0 0 0 0 
5582 0 6 0 0 0 6 0 0 0 0 0 0 0 0 0 0 0 0 0 0 0 0 
5597 0 14 0 0 0 14 0 0 0 0 0 0 0 0 0 0 0 0 0 0 0 0 
5612 0 2 0 0 0 2 0 0 0 0 0 0 0 0 0 0 0 0 0 0 0 0 
5627 0 3 0 0 0 3 0 0 0 0 0 0 0 0 0 0 0 0 0 0 0 0 
5642 0 4 0 0 0 4 0 0 0 0 0 0 0 0 0 0 0 0 0 0 0 0 
5657 0 6 0 0 0 6 0 0 0 0 0 0 0 0 0 0 0 0 0 0 0 0 
5687 0 0 0 0 0 0 0 0 0 0 0 0 0 0 0 0 0 0 0 0 0 0 
5702 0 3 0 0 0 3 0 0 0 0 0 0 0 0 0 0 0 0 0 0 0 0 
5717 0 4 0 0 0 4 0 0 0 0 0 0 0 0 0 0 0 0 0 0 0 0 
5732 0 6 0 0 0 6 0 0 0 0 0 0 0 0 0 0 0 0 0 0 0 0 
5747 0 3 0 0 0 3 0 0 0 0 0 0 0 0 0 0 0 0 0 0 0 0 
5762 0 4 0 0 0 4 0 0 0 0 0 0 0 0 0 0 0 0 0 0 0 0 
5777 0 0 0 0 0 0 0 0 0 0 0 0 0 0 0 0 0 0 0 0 0 0 
5807 0 2 0 0 0 2 0 0 0 0 0 0 0 0 0 0 0 0 0 0 0 0 
5822 0 4 0 0 0 4 0 0 0 0 0 0 0 0 0 0 0 0 0 0 0 0 
5867 0 3 0 0 0 3 0 0 0 0 0 0 0 0 0 0 0 0 0 0 0 0 
5882 0 4 0 0 0 4 0 0 0 0 0 0 0 0 0 0 0 0 0 0 0 0 
5897 0 3 0 0 0 3 0 0 0 0 0 0 0 0 0 0 0 0 0 0 0 0 
5912 0 0 0 0 0 0 0 0 0 0 0 0 0 0 0 0 0 0 0 0 0 0 
6002 0 4 0 0 0 4 0 0 0 0 0 0 0 0 0 0 0 0 0 0 0 0 
6047 0 3 0 0 0 3 0 0 0 0 0 0 0 0 0 0 0 0 0 0 0 0 
6062 0 4 0 0 0 4 0 0 0 0 0 0 0 0 0 0 0 0 0 0 0 0 
6092 0 0 0 0 0 0 0 0 0 0 0 0 0 0 0 0 0 0 0 0 0 0 
6512 0 1 0 0 0 1 0 0 0 0 0 0 0 0 0 0 0 0 0 0 0 0 
6527 0 3 0 0 0 3 0 0 0 0 0 0 0 0 0 0 0 0 0 0 0 0 
6542 0 4 0 0 0 4 0 0 0 0 0 0 0 0 0 0 0 0 0 0 0 0 
6587 0 3 0 0 0 3 0 0 0 0 0 0 0 0 0 0 0 0 0 0 0 0 
6602 0 4 0 0 0 4 0 0 0 0 0 0 0 0 0 0 0 0 0 0 0 0 
6617 0 1 0 0 0 1 0 0 0 0 0 0 0 0 0 0 0 0 0 0 0 0 
6632 0 0 0 0 0 0 0 0 0 0 0 0 0 0 0 0 0 0 0 0 0 0 
6648 6 0 0 0 0 0 6 0 0 0 0 0 0 0 0 0 0 0 0 0 0 0 
6663 2 0 0 0 0 0 2 0 0 0 0 0 0 0 0 0 0 0 0 0 0 0 
6678 7 0 0 0 0 0 7 0 0 0 0 0 0 0 0 0 0 0 0 0 0 0 
6693 1 0 0 0 0 0 1 0 0 0 0 0 0 0 0 0 0 0 0 0 0 0 
6706 6 0 6 0 0 0 1 0 0 0 0 0 0 0 0 0 0 0 0 0 0 0 
6708 0 0 6 0 0 0 0 0 0 0 0 0 0 0 0 0 0 0 0 0 0 0 
6736 4 0 4 0 0 0 0 0 0 0 0 0 0 0 0 0 0 0 0 0 0 0 
6751 0 0 0 0 0 0 0 0 0 0 0 0 0 0 0 0 0 0 0 0 0 0 
7390 0 9 0 0 0 0 0 0 0 0 0 0 0 0 0 0 0 0 0 0 0 9 
7405 0 12 0 0 0 0 0 0 0 0 0 0 0 0 0 0 0 0 0 0 0 12 
7420 0 7 0 0 0 0 0 0 0 0 0 0 0 0 0 0 0 0 0 0 0 7 
7450 0 6 0 0 0 0 0 0 0 0 0 0 0 0 0 0 0 0 0 0 0 6 
7465 0 14 0 0 0 0 0 0 0 0 0 0 0 0 0 0 0 0 0 0 0 14 
7480 0 2 0 0 0 0 0 0 0 0 0 0 0 0 0 0 0 0 0 0 0 2 
7495 0 3 0 0 0 0 0 0 0 0 0 0 0 0 0 0 0 0 0 0 0 3 
7510 0 4 0 0 0 0 0 0 0 0 0 0 0 0 0 0 0 0 0 0 0 4 
7525 0 6 0 0 0 0 0 0 0 0 0 0 0 0 0 0 0 0 0 0 0 6 
7555 0 0 0 0 0 0 0 0 0 0 0 0 0 0 0 0 0 0 0 0 0 0 
7570 0 3 0 0 0 0 0 0 0 0 0 0 0 0 0 0 0 0 0 0 0 3 
7580 7 0 0 0 0 0 0 0 0 0 7 0 0 0 0 0 0 0 0 0 0 3 
7585 0 4 0 0 0 0 0 0 0 0 7 0 0 0 0 0 0 0 0 0 0 4 
7595 3 0 0 0 0 0 0 0 0 0 3 0 0 0 0 0 0 0 0 0 0 4 
7600 0 6 0 0 0 0 0 0 0 0 3 0 0 0 0 0 0 0 0 0 0 6 
7609 2 0 0 0 0 0 0 0 2 0 3 0 0 0 0 0 0 0 0 0 0 6 
7610 6 0 0 0 0 0 0 0 2 0 6 0 0 0 0 0 0 0 0 0 0 6 
7615 0 3 0 0 0 0 0 0 2 0 6 0 0 0 0 0 0 0 0 0 0 3 
7624 6 0 0 0 0 0 0 0 6 0 6 0 0 0 0 0 0 0 0 0 0 3 
7625 0 0 0 0 0 0 0 0 6 0 0 0 0 0 0 0 0 0 0 0 0 3 
7630 0 4 0 0 0 0 0 0 6 0 0 0 0 0 0 0 0 0 0 0 0 4 
7639 3 0 0 0 0 0 0 0 3 0 0 0 0 0 0 0 0 0 0 0 0 4 
7645 0 0 0 0 0 0 0 0 3 0 0 0 0 0 0 0 0 0 0 0 0 0 
8079 0 3 0 0 0 0 0 0 0 0 0 0 0 0 0 0 0 0 0 6 0 0 
8094 0 4 0 0 0 0 0 0 0 0 0 0 0 0 0 0 0 0 0 4 0 0 
8109 0 16 0 0 0 0 0 0 0 0 0 0 0 0 0 0 0 0 0 16 0 0 
8124 0 2 0 0 0 0 0 0 0 0 0 0 0 0 0 0 0 0 0 2 0 0 
8139 0 0 0 0 0 0 0 0 0 0 0 0 0 0 0 0 0 0 0 0 0 0 
8154 0 8 0 0 0 0 0 0 0 0 0 0 0 0 0 0 0 0 0 8 0 0 
8184 0 12 0 0 0 0 0 0 0 0 0 0 0 0 0 0 0 0 0 12 0 0 
8199 0 1 0 0 0 0 0 0 0 0 0 0 0 0 0 0 0 0 0 1 0 0 
8214 0 4 0 0 0 0 0 0 0 0 0 0 0 0 0 0 0 0 0 4 0 0 
8226 7 0 0 0 0 0 0 0 0 0 0 0 7 0 0 0 0 0 0 4 0 0 
8244 0 6 0 0 0 0 0 0 0 0 0 0 7 0 0 0 0 0 0 6 0 0 
8256 8 0 0 0 0 0 0 0 0 0 0 0 8 0 0 0 0 0 0 6 0 0 
8259 0 5 0 0 0 0 0 0 0 0 0 0 8 0 0 0 0 0 0 5 0 0 
8271 6 0 0 0 0 0 0 0 0 0 0 0 6 0 0 0 0 0 0 5 0 0 
8274 0 0 0 0 0 0 0 0 0 0 0 0 6 0 0 0 0 0 0 0 0 0 
8275 0 1 0 0 0 0 0 0 0 0 0 0 6 0 0 0 0 0 0 0 0 1 
8286 8 0 0 0 0 0 0 0 0 0 0 0 8 0 0 0 0 0 0 0 0 1 
8289 0 4 0 0 0 0 0 0 0 0 0 0 8 0 0 0 0 0 0 4 0 1 
8301 9 2 0 0 0 0 0 0 0 0 0 0 18 0 0 0 0 0 0 4 0 4 
8304 0 14 0 0 0 0 0 0 0 0 0 0 18 0 0 0 0 0 0 14 0 4 
8315 2 0 0 0 0 0 0 0 0 0 2 0 18 0 0 0 0 0 0 14 0 4 
8316 8 0 0 0 0 0 0 0 0 0 2 0 8 0 0 0 0 0 0 14 0 4 
8319 0 5 0 0 0 0 0 0 0 0 2 0 8 0 0 0 0 0 0 5 0 4 
8330 8 0 0 0 0 0 0 0 0 0 8 0 8 0 0 0 0 0 0 5 0 4 
8331 16 0 0 0 0 0 0 0 0 0 8 0 16 0 0 0 0 0 0 5 0 4 
8334 0 4 0 0 0 0 0 0 0 0 8 0 16 0 0 0 0 0 0 4 0 4 
8335 0 3 0 0 0 0 0 0 0 0 8 0 16 0 0 0 0 0 0 4 0 3 
8346 8 0 0 0 0 0 0 0 0 0 8 0 8 0 0 0 0 0 0 4 0 3 
8349 0 3 0 0 0 0 0 0 0 0 8 0 8 0 0 0 0 0 0 3 0 3 
8350 0 19 0 0 0 0 0 0 0 0 8 0 8 0 0 0 0 0 0 3 0 19 
8364 0 0 0 0 0 0 0 0 0 0 8 0 8 0 0 0 0 0 0 0 0 19 
8365 0 4 0 0 0 0 0 0 0 0 8 0 8 0 0 0 0 0 0 0 0 4 
8375 6 0 0 0 0 0 0 0 0 0 6 0 8 0 0 0 0 0 0 0 0 4 
8390 8 0 0 0 0 0 0 0 0 0 8 0 8 0 0 0 0 0 0 0 0 4 
8391 16 0 0 0 0 0 0 0 0 0 8 0 16 0 0 0 0 0 0 0 0 4 
8395 0 0 0 0 0 0 0 0 0 0 8 0 16 0 0 0 0 0 0 0 0 0 
8406 8 0 0 0 0 0 0 0 0 0 8 0 8 0 0 0 0 0 0 0 0 0 
8420 18 0 0 0 0 0 0 0 0 0 18 0 8 0 0 0 0 0 0 0 0 0 
8421 27 0 0 0 0 0 0 0 0 0 18 0 27 0 0 0 0 0 0 0 0 0 
8435 6 0 0 0 0 0 0 0 0 0 6 0 27 0 0 0 0 0 0 0 0 0 
8436 7 0 0 0 0 0 0 0 0 0 6 0 7 0 0 0 0 0 0 0 0 0 
8450 8 0 0 0 0 0 0 0 0 0 8 0 7 0 0 0 0 0 0 0 0 0 
8451 6 0 0 0 0 0 0 0 0 0 8 0 6 0 0 0 0 0 0 0 0 0 
8465 0 0 0 0 0 0 0 0 0 0 0 0 6 0 0 0 0 0 0 0 0 0 
8466 28 0 0 0 0 0 0 0 0 0 0 0 28 0 0 0 0 0 0 0 0 0 
8481 8 0 0 0 0 0 0 0 0 0 0 0 8 0 0 0 0 0 0 0 0 0 
8511 16 0 0 0 0 0 0 0 0 0 0 0 16 0 0 0 0 0 0 0 0 0 
8526 8 0 0 0 0 0 0 0 0 0 0 0 8 0 0 0 0 0 0 0 0 0 
8556 9 0 0 0 0 0 0 0 0 0 0 0 9 0 0 0 0 0 0 0 0 0 
8571 6 0 0 0 0 0 0 0 0 0 0 0 6 0 0 0 0 0 0 0 0 0 
8574 0 4 0 0 0 0 0 0 0 0 0 0 6 0 0 0 0 0 0 4 0 0 
8586 0 0 0 0 0 0 0 0 0 0 0 0 0 0 0 0 0 0 0 4 0 0 
8619 0 3 0 0 0 0 0 0 0 0 0 0 0 0 0 0 0 0 0 3 0 0 
8634 0 4 0 0 0 0 0 0 0 0 0 0 0 0 0 0 0 0 0 4 0 0 
8649 0 2 0 0 0 0 0 0 0 0 0 0 0 0 0 0 0 0 0 2 0 0 
8661 14 0 0 0 0 0 0 0 0 0 0 0 14 0 0 0 0 0 0 2 0 0 
8664 0 0 0 0 0 0 0 0 0 0 0 0 14 0 0 0 0 0 0 0 0 0 
8676 42 0 0 0 0 0 0 0 0 0 0 0 42 0 0 0 0 0 0 0 0 0 
8691 0 0 0 0 0 0 0 0 0 0 0 0 0 0 0 0 0 0 0 0 0 0 
9054 0 2 0 0 0 0 0 0 0 0 0 0 0 0 0 0 0 0 0 2 0 0 
9069 0 4 0 0 0 0 0 0 0 0 0 0 0 0 0 0 0 0 0 4 0 0 
9099 0 3 0 0 0 0 0 0 0 0 0 0 0 0 0 0 0 0 0 3 0 0 
9100 0 1 0 0 0 0 0 0 0 0 0 0 0 0 0 0 0 0 0 3 0 1 
9114 0 4 0 0 0 0 0 0 0 0 0 0 0 0 0 0 0 0 0 4 0 1 
9115 0 3 0 0 0 0 0 0 0 0 0 0 0 0 0 0 0 0 0 4 0 3 
9129 0 1 0 0 0 0 0 0 0 0 0 0 0 0 0 0 0 0 0 1 0 3 
9130 0 4 0 0 0 0 0 0 0 0 0 0 0 0 0 0 0 0 0 1 0 4 
9144 0 0 0 0 0 0 0 0 0 0 0 0 0 0 0 0 0 0 0 0 0 4 
9175 0 3 0 0 0 0 0 0 0 0 0 0 0 0 0 0 0 0 0 0 0 3 
9189 0 4 0 0 0 0 0 0 0 0 0 0 0 0 0 0 0 0 0 4 0 3 
9190 0 14 0 0 0 0 0 0 0 0 0 0 0 0 0 0 0 0 0 4 0 14 
9205 0 4 0 0 0 0 0 0 0 0 0 0 0 0 0 0 0 0 0 4 0 4 
9219 0 3 0 0 0 0 0 0 0 0 0 0 0 0 0 0 0 0 0 3 0 4 
9220 0 13 0 0 0 0 0 0 0 0 0 0 0 0 0 0 0 0 0 3 0 13 
9234 0 14 0 0 0 0 0 0 0 0 0 0 0 0 0 0 0 0 0 14 0 13 
9235 0 0 0 0 0 0 0 0 0 0 0 0 0 0 0 0 0 0 0 14 0 0 
9249 0 4 0 0 0 0 0 0 0 0 0 0 0 0 0 0 0 0 0 4 0 0 
9264 0 3 0 0 0 0 0 0 0 0 0 0 0 0 0 0 0 0 0 3 0 0 
9279 0 0 0 0 0 0 0 0 0 0 0 0 0 0 0 0 0 0 0 0 0 0 
9364 6 0 0 0 0 0 0 0 6 0 0 0 0 0 0 0 0 0 0 0 0 0 
9370 0 2 0 0 0 0 0 0 6 0 0 0 0 0 0 0 0 0 0 0 0 2 
9385 0 4 0 0 0 0 0 0 6 0 0 0 0 0 0 0 0 0 0 0 0 4 
9394 8 0 0 0 0 0 0 0 8 0 0 0 0 0 0 0 0 0 0 0 0 4 
9409 28 0 0 0 0 0 0 0 28 0 0 0 0 0 0 0 0 0 0 0 0 4 
9415 0 3 0 0 0 0 0 0 28 0 0 0 0 0 0 0 0 0 0 0 0 3 
9424 8 0 0 0 0 0 0 0 8 0 0 0 0 0 0 0 0 0 0 0 0 3 
9430 0 14 0 0 0 0 0 0 8 0 0 0 0 0 0 0 0 0 0 0 0 14 
9439 6 0 0 0 0 0 0 0 6 0 0 0 0 0 0 0 0 0 0 0 0 14 
9445 0 4 0 0 0 0 0 0 6 0 0 0 0 0 0 0 0 0 0 0 0 4 
9454 82 0 0 0 0 0 0 0 82 0 0 0 0 0 0 0 0 0 0 0 0 4 
9469 8 0 0 0 0 0 0 0 8 0 0 0 0 0 0 0 0 0 0 0 0 4 
9475 0 13 0 0 0 0 0 0 8 0 0 0 0 0 0 0 0 0 0 0 0 13 
9484 27 0 0 0 0 0 0 0 27 0 0 0 0 0 0 0 0 0 0 0 0 13 
9490 0 4 0 0 0 0 0 0 27 0 0 0 0 0 0 0 0 0 0 0 0 4 
9499 5 0 0 0 0 0 0 0 5 0 0 0 0 0 0 0 0 0 0 0 0 4 
9505 0 0 0 0 0 0 0 0 5 0 0 0 0 0 0 0 0 0 0 0 0 0 
9514 8 0 0 0 0 0 0 0 8 0 0 0 0 0 0 0 0 0 0 0 0 0 
9529 1 0 0 0 0 0 0 0 1 0 0 0 0 0 0 0 0 0 0 0 0 0 
9544 0 0 0 0 0 0 0 0 0 0 0 0 0 0 0 0 0 0 0 0 0 0 
10072 2 0 0 0 0 0 0 0 0 0 0 0 0 0 2 0 0 0 0 0 0 0 
10087 5 0 0 0 0 0 0 0 0 0 0 0 0 0 5 0 0 0 0 0 0 0 
10117 4 0 0 0 0 0 0 0 0 0 0 0 0 0 4 0 0 0 0 0 0 0 
10132 0 0 0 0 0 0 0 0 0 0 0 0 0 0 0 0 0 0 0 0 0 0 
10252 4 0 0 0 0 0 0 0 0 0 0 0 0 0 4 0 0 0 0 0 0 0 
10267 6 0 0 0 0 0 0 0 0 0 0 0 0 0 6 0 0 0 0 0 0 0 
10282 8 0 0 0 0 0 0 0 0 0 0 0 0 0 8 0 0 0 0 0 0 0 
10327 2 0 0 0 0 0 0 0 0 0 0 0 0 0 2 0 0 0 0 0 0 0 
10342 0 0 0 0 0 0 0 0 0 0 0 0 0 0 0 0 0 0 0 0 0 0 
11283 4 0 0 0 0 0 4 0 0 0 0 0 0 0 0 0 0 0 0 0 0 0 
11298 8 0 0 0 0 0 8 0 0 0 0 0 0 0 0 0 0 0 0 0 0 0 
11313 26 0 0 0 0 0 26 0 0 0 0 0 0 0 0 0 0 0 0 0 0 0 
11328 8 0 0 0 0 0 8 0 0 0 0 0 0 0 0 0 0 0 0 0 0 0 
11343 6 0 0 0 0 0 6 0 0 0 0 0 0 0 0 0 0 0 0 0 0 0 
11358 8 0 0 0 0 0 8 0 0 0 0 0 0 0 0 0 0 0 0 0 0 0 
11373 18 0 0 0 0 0 18 0 0 0 0 0 0 0 0 0 0 0 0 0 0 0 
11388 34 0 0 0 0 0 34 0 0 0 0 0 0 0 0 0 0 0 0 0 0 0 
11403 6 0 0 0 0 0 6 0 0 0 0 0 0 0 0 0 0 0 0 0 0 0 
11418 7 0 0 0 0 0 7 0 0 0 0 0 0 0 0 0 0 0 0 0 0 0 
11448 19 0 0 0 0 0 19 0 0 0 0 0 0 0 0 0 0 0 0 0 0 0 
11463 5 0 0 0 0 0 5 0 0 0 0 0 0 0 0 0 0 0 0 0 0 0 
11478 8 0 0 0 0 0 8 0 0 0 0 0 0 0 0 0 0 0 0 0 0 0 
11492 16 0 0 0 16 0 8 0 0 0 0 0 0 0 0 0 0 0 0 0 0 0 
11493 18 0 0 0 16 0 18 0 0 0 0 0 0 0 0 0 0 0 0 0 0 0 
11507 4 0 0 0 4 0 18 0 0 0 0 0 0 0 0 0 0 0 0 0 0 0 
11508 8 0 0 0 4 0 8 0 0 0 0 0 0 0 0 0 0 0 0 0 0 0 
11522 6 0 0 0 6 0 8 0 0 0 0 0 0 0 0 0 0 0 0 0 0 0 
11537 3 0 0 0 0 0 6 0 0 0 0 0 0 0 0 0 0 0 0 0 0 0 
11538 8 0 0 0 0 0 8 0 0 0 0 0 0 0 0 0 0 0 0 0 0 0 
11553 18 0 0 0 0 0 18 0 0 0 0 0 0 0 0 0 0 0 0 0 0 0 
11568 6 0 0 0 0 0 6 0 0 0 0 0 0 0 0 0 0 0 0 0 0 0 
11571 2 0 0 0 0 0 6 0 0 0 0 0 2 0 0 0 0 0 0 0 0 0 
11586 0 0 0 0 0 0 6 0 0 0 0 0 0 0 0 0 0 0 0 0 0 0 
11598 8 0 0 0 0 0 8 0 0 0 0 0 0 0 0 0 0 0 0 0 0 0 
11643 0 0 0 0 0 0 0 0 0 0 0 0 0 0 0 0 0 0 0 0 0 0 
12916 5 0 5 0 0 0 0 0 0 0 0 0 0 0 0 0 0 0 0 0 0 0 
12946 8 0 8 0 0 0 0 0 0 0 0 0 0 0 0 0 0 0 0 0 0 0 
12961 27 0 27 0 0 0 0 0 0 0 0 0 0 0 0 0 0 0 0 0 0 0 
12966 2 0 27 0 0 0 0 0 0 0 0 0 2 0 0 0 0 0 0 0 0 0 
12976 7 0 7 0 0 0 0 0 0 0 0 0 2 0 0 0 0 0 0 0 0 0 
12981 0 0 7 0 0 0 0 0 0 0 0 0 0 0 0 0 0 0 0 0 0 0 
12991 6 0 6 0 0 0 0 0 0 0 0 0 0 0 0 0 0 0 0 0 0 0 
13006 27 0 27 0 0 0 0 0 0 0 0 0 0 0 0 0 0 0 0 0 0 0 
13021 5 0 5 0 0 0 0 0 0 0 0 0 0 0 0 0 0 0 0 0 0 0 
13026 2 0 5 0 0 0 0 0 0 0 0 0 2 0 0 0 0 0 0 0 0 0 
13036 8 0 8 0 0 0 0 0 0 0 0 0 2 0 0 0 0 0 0 0 0 0 
13041 0 0 8 0 0 0 0 0 0 0 0 0 0 0 0 0 0 0 0 0 0 0 
13051 5 0 5 0 0 0 0 0 0 0 0 0 0 0 0 0 0 0 0 0 0 0 
13053 2 0 5 0 0 0 2 0 0 0 0 0 0 0 0 0 0 0 0 0 0 0 
13066 7 0 7 0 0 0 2 0 0 0 0 0 0 0 0 0 0 0 0 0 0 0 
13068 0 0 7 0 0 0 0 0 0 0 0 0 0 0 0 0 0 0 0 0 0 0 
13081 18 0 18 0 0 0 0 0 0 0 0 0 0 0 0 0 0 0 0 0 0 0 
13111 6 0 6 0 0 0 0 0 0 0 0 0 0 0 0 0 0 0 0 0 0 0 
13126 8 0 8 0 0 0 0 0 0 0 0 0 0 0 0 0 0 0 0 0 0 0 
13141 18 0 18 0 0 0 0 0 0 0 0 0 0 0 0 0 0 0 0 0 0 0 
13156 6 0 6 0 0 0 0 0 0 0 0 0 0 0 0 0 0 0 0 0 0 0 
13161 2 0 6 0 0 0 0 0 0 0 0 0 2 0 0 0 0 0 0 0 0 0 
13171 0 0 0 0 0 0 0 0 0 0 0 0 2 0 0 0 0 0 0 0 0 0 
13325 2 0 0 0 0 0 0 0 0 0 4 0 0 0 0 0 0 0 0 0 0 0 
13340 6 0 0 0 0 0 0 0 0 0 6 0 0 0 0 0 0 0 0 0 0 0 
13355 5 0 0 0 0 0 0 0 0 0 5 0 0 0 0 0 0 0 0 0 0 0 
13370 1 0 0 0 0 0 0 0 0 0 1 0 0 0 0 0 0 0 0 0 0 0 
13385 0 0 0 0 0 0 0 0 0 0 0 0 0 0 0 0 0 0 0 0 0 0 
13551 0 3 0 0 0 0 0 0 0 0 0 0 0 3 0 0 0 0 0 0 0 0 
13566 0 10 0 0 0 0 0 0 0 0 0 0 0 10 0 0 0 0 0 0 0 0 
13581 0 8 0 0 0 0 0 0 0 0 0 0 0 8 0 0 0 0 0 0 0 0 
13596 0 7 0 0 0 0 0 0 0 0 0 0 0 7 0 0 0 0 0 0 0 0 
13611 0 0 0 0 0 0 0 0 0 0 0 0 0 0 0 0 0 0 0 0 0 0 
14091 0 1 0 0 0 0 0 0 0 0 0 0 0 1 0 0 0 0 0 0 0 0 
14106 0 4 0 0 0 0 0 0 0 0 0 0 0 4 0 0 0 0 0 0 0 0 
14151 0 3 0 0 0 0 0 0 0 0 0 0 0 3 0 0 0 0 0 0 0 0 
14154 0 9 0 0 0 0 0 0 0 0 0 0 0 3 0 0 0 0 0 9 0 0 
14166 0 4 0 0 0 0 0 0 0 0 0 0 0 4 0 0 0 0 0 9 0 0 
14169 0 12 0 0 0 0 0 0 0 0 0 0 0 4 0 0 0 0 0 12 0 0 
14184 0 7 0 0 0 0 0 0 0 0 0 0 0 4 0 0 0 0 0 7 0 0 
14211 0 3 0 0 0 0 0 0 0 0 0 0 0 3 0 0 0 0 0 7 0 0 
14214 0 6 0 0 0 0 0 0 0 0 0 0 0 3 0 0 0 0 0 6 0 0 
14226 0 0 0 0 0 0 0 0 0 0 0 0 0 0 0 0 0 0 0 6 0 0 
14229 0 14 0 0 0 0 0 0 0 0 0 0 0 0 0 0 0 0 0 14 0 0 
14244 0 2 0 0 0 0 0 0 0 0 0 0 0 0 0 0 0 0 0 2 0 0 
14259 0 3 0 0 0 0 0 0 0 0 0 0 0 0 0 0 0 0 0 3 0 0 
14274 0 4 0 0 0 0 0 0 0 0 0 0 0 0 0 0 0 0 0 4 0 0 
14289 0 6 0 0 0 0 0 0 0 0 0 0 0 0 0 0 0 0 0 6 0 0 
14319 0 0 0 0 0 0 0 0 0 0 0 0 0 0 0 0 0 0 0 0 0 0 
14334 0 3 0 0 0 0 0 0 0 0 0 0 0 0 0 0 0 0 0 3 0 0 
14349 0 4 0 0 0 0 0 0 0 0 0 0 0 0 0 0 0 0 0 4 0 0 
14364 0 6 0 0 0 0 0 0 0 0 0 0 0 0 0 0 0 0 0 6 0 0 
14379 0 3 0 0 0 0 0 0 0 0 0 0 0 0 0 0 0 0 0 3 0 0 
14380 27 0 0 0 0 0 0 0 0 0 0 0 0 0 0 0 0 0 0 3 27 0 
14394 0 4 0 0 0 0 0 0 0 0 0 0 0 0 0 0 0 0 0 4 27 0 
14395 5 0 0 0 0 0 0 0 0 0 0 0 0 0 0 0 0 0 0 4 5 0 
14404 6 0 0 0 0 0 0 0 6 0 0 0 0 0 0 0 0 0 0 4 5 0 
14409 0 0 0 0 0 0 0 0 6 0 0 0 0 0 0 0 0 0 0 0 5 0 
14410 4 0 0 0 0 0 0 0 6 0 0 0 0 0 0 0 0 0 0 0 4 0 
14419 2 0 0 0 0 0 0 0 2 0 0 0 0 0 0 0 0 0 0 0 4 0 
14425 0 0 0 0 0 0 0 0 2 0 0 0 0 0 0 0 0 0 0 0 0 0 
14434 7 0 0 0 0 0 0 0 7 0 0 0 0 0 0 0 0 0 0 0 0 0 
14449 1 0 0 0 0 0 0 0 1 0 0 0 0 0 0 0 0 0 0 0 0 0 
14464 0 0 0 0 0 0 0 0 0 0 0 0 0 0 0 0 0 0 0 0 0 0 
14709 0 3 0 0 0 0 0 0 0 0 0 0 0 0 0 0 0 0 0 3 0 0 
14724 0 4 0 0 0 0 0 0 0 0 0 0 0 0 0 0 0 0 0 4 0 0 
14739 0 26 0 0 0 0 0 0 0 0 0 0 0 0 0 0 0 0 0 26 0 0 
14754 0 1 0 0 0 0 0 0 0 0 0 0 0 0 0 0 0 0 0 1 0 0 
14769 0 0 0 0 0 0 0 0 0 0 0 0 0 0 0 0 0 0 0 0 0 0 
14799 0 3 0 0 0 0 0 0 0 0 0 0 0 0 0 0 0 0 0 3 0 0 
14814 0 4 0 0 0 0 0 0 0 0 0 0 0 0 0 0 0 0 0 4 0 0 
14859 0 0 0 0 0 0 0 0 0 0 0 0 0 0 0 0 0 0 0 0 0 0 
14874 0 1 0 0 0 0 0 0 0 0 0 0 0 0 0 0 0 0 0 1 0 0 
14889 0 14 0 0 0 0 0 0 0 0 0 0 0 0 0 0 0 0 0 14 0 0 
14904 0 4 0 0 0 0 0 0 0 0 0 0 0 0 0 0 0 0 0 4 0 0 
14919 0 3 0 0 0 0 0 0 0 0 0 0 0 0 0 0 0 0 0 3 0 0 
14949 0 0 0 0 0 0 0 0 0 0 0 0 0 0 0 0 0 0 0 0 0 0 
15202 0 8 0 0 0 0 0 0 0 0 0 0 0 0 0 8 0 0 0 0 0 0 
15232 0 12 0 0 0 0 0 0 0 0 0 0 0 0 0 12 0 0 0 0 0 0 
15247 0 6 0 0 0 0 0 0 0 0 0 0 0 0 0 6 0 0 0 0 0 0 
15262 0 4 0 0 0 0 0 0 0 0 0 0 0 0 0 4 0 0 0 0 0 0 
15277 0 16 0 0 0 0 0 0 0 0 0 0 0 0 0 16 0 0 0 0 0 0 
15292 0 2 0 0 0 0 0 0 0 0 0 0 0 0 0 2 0 0 0 0 0 0 
15307 0 3 0 0 0 0 0 0 0 0 0 0 0 0 0 3 0 0 0 0 0 0 
15322 0 4 0 0 0 0 0 0 0 0 0 0 0 0 0 4 0 0 0 0 0 0 
15337 0 6 0 0 0 0 0 0 0 0 0 0 0 0 0 6 0 0 0 0 0 0 
15352 0 4 0 0 0 0 0 0 0 0 0 0 0 0 0 4 0 0 0 0 0 0 
15367 0 3 0 0 0 0 0 0 0 0 0 0 0 0 0 3 0 0 0 0 0 0 
15382 0 2 0 0 0 0 0 0 0 0 0 0 0 0 0 2 0 0 0 0 0 0 
15397 0 4 0 0 0 0 0 0 0 0 0 0 0 0 0 4 0 0 0 0 0 0 
15412 0 6 0 0 0 0 0 0 0 0 0 0 0 0 0 6 0 0 0 0 0 0 
15427 0 3 0 0 0 0 0 0 0 0 0 0 0 0 0 3 0 0 0 0 0 0 
15442 0 5 0 0 0 0 0 0 0 0 0 0 0 0 0 5 0 0 0 0 0 0 
15457 0 0 0 0 0 0 0 0 0 0 0 0 0 0 0 0 0 0 0 0 0 0 
15727 0 13 0 0 0 0 0 0 0 0 0 0 0 0 0 13 0 0 0 0 0 0 
15742 0 14 0 0 0 0 0 0 0 0 0 0 0 0 0 14 0 0 0 0 0 0 
15757 0 4 0 0 0 0 0 0 0 0 0 0 0 0 0 4 0 0 0 0 0 0 
15787 0 3 0 0 0 0 0 0 0 0 0 0 0 0 0 3 0 0 0 0 0 0 
15802 0 4 0 0 0 0 0 0 0 0 0 0 0 0 0 4 0 0 0 0 0 0 
15832 0 3 0 0 0 0 0 0 0 0 0 0 0 0 0 3 0 0 0 0 0 0 
15847 0 0 0 0 0 0 0 0 0 0 0 0 0 0 0 0 0 0 0 0 0 0 
16235 4 0 0 0 0 0 0 0 0 0 4 0 0 0 0 0 0 0 0 0 0 0 
16250 8 0 0 0 0 0 0 0 0 0 8 0 0 0 0 0 0 0 0 0 0 0 
16265 18 0 0 0 0 0 0 0 0 0 18 0 0 0 0 0 0 0 0 0 0 0 
16280 8 0 0 0 0 0 0 0 0 0 8 0 0 0 0 0 0 0 0 0 0 0 
16295 40 0 0 0 0 0 0 0 0 0 40 0 0 0 0 0 0 0 0 0 0 0 
16310 8 0 0 0 0 0 0 0 0 0 8 0 0 0 0 0 0 0 0 0 0 0 
16340 18 0 0 0 0 0 0 0 0 0 18 0 0 0 0 0 0 0 0 0 0 0 
16355 6 0 0 0 0 0 0 0 0 0 6 0 0 0 0 0 0 0 0 0 0 0 
16370 8 0 0 0 0 0 0 0 0 0 8 0 0 0 0 0 0 0 0 0 0 0 
16400 9 0 0 0 0 0 0 0 0 0 9 0 0 0 0 0 0 0 0 0 0 0 
16404 0 1 0 0 0 0 0 0 0 0 9 0 0 0 0 0 0 0 0 1 0 0 
16415 6 0 0 0 0 0 0 0 0 0 6 0 0 0 0 0 0 0 0 1 0 0 
16419 0 0 0 0 0 0 0 0 0 0 6 0 0 0 0 0 0 0 0 0 0 0 
16430 8 0 0 0 0 0 0 0 0 0 8 0 0 0 0 0 0 0 0 0 0 0 
16445 2 0 0 0 0 0 0 0 0 0 2 0 0 0 0 0 0 0 0 0 0 0 
16460 0 0 0 0 0 0 0 0 0 0 0 0 0 0 0 0 0 0 0 0 0 0 
16518 6 0 0 0 0 0 6 0 0 0 0 0 0 0 0 0 0 0 0 0 0 0 
16533 4 0 0 0 0 0 4 0 0 0 0 0 0 0 0 0 0 0 0 0 0 0 
16548 16 0 0 0 0 0 16 0 0 0 0 0 0 0 0 0 0 0 0 0 0 0 
16563 0 0 0 0 0 0 0 0 0 0 0 0 0 0 0 0 0 0 0 0 0 0 
16595 4 0 0 0 0 0 0 0 0 0 4 0 0 0 0 0 0 0 0 0 0 0 
16597 0 3 0 0 0 0 0 0 0 0 4 0 0 0 0 3 0 0 0 0 0 0 
16610 8 0 0 0 0 0 0 0 0 0 8 0 0 0 0 3 0 0 0 0 0 0 
16612 0 4 0 0 0 0 0 0 0 0 8 0 0 0 0 4 0 0 0 0 0 0 
16625 18 0 0 0 0 0 0 0 0 0 18 0 0 0 0 4 0 0 0 0 0 0 
16627 0 3 0 0 0 0 0 0 0 0 18 0 0 0 0 3 0 0 0 0 0 0 
16640 4 0 0 0 0 0 0 0 0 0 4 0 0 0 0 3 0 0 0 0 0 0 
16642 0 4 0 0 0 0 0 0 0 0 4 0 0 0 0 4 0 0 0 0 0 0 
16655 0 0 0 0 0 0 0 0 0 0 0 0 0 0 0 4 0 0 0 0 0 0 
16687 0 3 0 0 0 0 0 0 0 0 0 0 0 0 0 3 0 0 0 0 0 0 
16697 5 0 0 0 5 0 0 0 0 0 0 0 0 0 0 3 0 0 0 0 0 0 
16702 0 4 0 0 5 0 0 0 0 0 0 0 0 0 0 4 0 0 0 0 0 0 
16712 7 0 0 0 7 0 0 0 0 0 0 0 0 0 0 4 0 0 0 0 0 0 
16717 0 2 0 0 7 0 0 0 0 0 0 0 0 0 0 2 0 0 0 0 0 0 
16727 6 0 0 0 6 0 0 0 0 0 0 0 0 0 0 2 0 0 0 0 0 0 
16732 0 0 0 0 6 0 0 0 0 0 0 0 0 0 0 0 0 0 0 0 0 0 
16742 8 0 0 0 8 0 0 0 0 0 0 0 0 0 0 0 0 0 0 0 0 0 
16757 9 0 0 0 9 0 0 0 0 0 0 0 0 0 0 0 0 0 0 0 0 0 
16772 7 0 0 0 7 0 0 0 0 0 0 0 0 0 0 0 0 0 0 0 0 0 
16787 6 0 0 0 6 0 0 0 0 0 0 0 0 0 0 0 0 0 0 0 0 0 
16802 8 0 0 0 8 0 0 0 0 0 0 0 0 0 0 0 0 0 0 0 0 0 
16805 6 0 0 0 8 0 0 0 0 0 6 0 0 0 0 0 0 0 0 0 0 0 
16820 34 0 0 0 8 0 0 0 0 0 34 0 0 0 0 0 0 0 0 0 0 0 
16835 6 0 0 0 8 0 0 0 0 0 6 0 0 0 0 0 0 0 0 0 0 0 
16850 10 0 0 0 6 0 0 0 0 0 14 0 0 0 0 0 0 0 0 0 0 0 
16862 18 0 0 0 18 0 0 0 0 0 14 0 0 0 0 0 0 0 0 0 0 0 
16865 0 0 0 0 18 0 0 0 0 0 0 0 0 0 0 0 0 0 0 0 0 0 
16877 8 0 0 0 8 0 0 0 0 0 0 0 0 0 0 0 0 0 0 0 0 0 
16882 0 1 0 0 8 0 0 0 0 0 0 0 0 0 0 1 0 0 0 0 0 0 
16892 34 0 0 0 34 0 0 0 0 0 0 0 0 0 0 1 0 0 0 0 0 0 
16897 0 4 0 0 34 0 0 0 0 0 0 0 0 0 0 4 0 0 0 0 0 0 
16907 6 0 0 0 6 0 0 0 0 0 0 0 0 0 0 4 0 0 0 0 0 0 
16922 8 0 0 0 8 0 0 0 0 0 0 0 0 0 0 4 0 0 0 0 0 0 
16927 0 3 0 0 8 0 0 0 0 0 0 0 0 0 0 3 0 0 0 0 0 0 
16942 0 4 0 0 8 0 0 0 0 0 0 0 0 0 0 4 0 0 0 0 0 0 
16967 6 0 0 0 6 0 0 0 0 0 0 0 0 0 0 4 0 0 0 0 0 0 
16982 8 0 0 0 8 0 0 0 0 0 0 0 0 0 0 4 0 0 0 0 0 0 
16987 0 1 0 0 8 0 0 0 0 0 0 0 0 0 0 1 0 0 0 0 0 0 
16997 4 0 0 0 4 0 0 0 0 0 0 0 0 0 0 1 0 0 0 0 0 0 
16999 1 0 0 0 4 0 0 0 1 0 0 0 0 0 0 1 0 0 0 0 0 0 
17002 0 0 0 0 4 0 0 0 1 0 0 0 0 0 0 0 0 0 0 0 0 0 
17014 3.5 0 0 0 0 0 0 0 7 0 0 0 0 0 0 0 0 0 0 0 0 0 
17029 8 0 0 0 0 0 0 0 8 0 0 0 0 0 0 0 0 0 0 0 0 0 
17044 26 0 0 0 0 0 0 0 26 0 0 0 0 0 0 0 0 0 0 0 0 0 
17059 6 0 0 0 0 0 0 0 6 0 0 0 0 0 0 0 0 0 0 0 0 0 
17074 8 0 0 0 0 0 0 0 8 0 0 0 0 0 0 0 0 0 0 0 0 0 
17119 6 0 0 0 0 0 0 0 6 0 0 0 0 0 0 0 0 0 0 0 0 0 
17134 8 0 0 0 0 0 0 0 8 0 0 0 0 0 0 0 0 0 0 0 0 0 
17149 18 0 0 0 0 0 0 0 18 0 0 0 0 0 0 0 0 0 0 0 0 0 
17179 6 0 0 0 0 0 0 0 6 0 0 0 0 0 0 0 0 0 0 0 0 0 
17194 7 0 0 0 0 0 0 0 7 0 0 0 0 0 0 0 0 0 0 0 0 0 
17209 0 0 0 0 0 0 0 0 0 0 0 0 0 0 0 0 0 0 0 0 0 0 
17245 8 0 0 0 0 0 0 0 0 0 0 0 0 0 0 0 0 0 0 0 8 0 
17275 6 0 0 0 0 0 0 0 0 0 0 0 0 0 0 0 0 0 0 0 6 0 
17290 8 0 0 0 0 0 0 0 0 0 0 0 0 0 0 0 0 0 0 0 8 0 
17305 5 0 0 0 0 0 0 0 0 0 0 0 0 0 0 0 0 0 0 0 5 0 
17320 69 0 0 0 0 0 0 0 0 0 0 0 0 0 0 0 0 0 0 0 69 0 
17335 6 0 0 0 0 0 0 0 0 0 0 0 0 0 0 0 0 0 0 0 6 0 
17350 8 0 0 0 0 0 0 0 0 0 0 0 0 0 0 0 0 0 0 0 8 0 
17395 6 0 0 0 0 0 0 0 0 0 0 0 0 0 0 0 0 0 0 0 6 0 
17410 8 0 0 0 0 0 0 0 0 0 0 0 0 0 0 0 0 0 0 0 8 0 
17421 2 0 0 0 0 0 0 0 0 0 0 0 2 0 0 0 0 0 0 0 8 0 
17425 6 0 0 0 0 0 0 0 0 0 0 0 2 0 0 0 0 0 0 0 6 0 
17436 0 0 0 0 0 0 0 0 0 0 0 0 0 0 0 0 0 0 0 0 6 0 
17440 8 0 0 0 0 0 0 0 0 0 0 0 0 0 0 0 0 0 0 0 8 0 
17455 16 0 0 0 0 0 0 0 0 0 0 0 0 0 0 0 0 0 0 0 16 0 
17470 4 0 0 0 0 0 0 0 0 0 0 0 0 0 0 0 0 0 0 0 4 0 
17485 0 0 0 0 0 0 0 0 0 0 0 0 0 0 0 0 0 0 0 0 0 0 
17798 0 -17 0 0 0 0 0 0 0 0 0 0 0 0 0 0 0 -17 0 0 0 0 
17828 0 -20 0 0 0 0 0 0 0 0 0 0 0 0 0 0 0 -20 0 0 0 0 
17843 0 -3 0 0 0 0 0 0 0 0 0 0 0 0 0 0 0 -3 0 0 0 0 
17858 0 -4 0 0 0 0 0 0 0 0 0 0 0 0 0 0 0 -4 0 0 0 0 
17903 0 -3 0 0 0 0 0 0 0 0 0 0 0 0 0 0 0 -3 0 0 0 0 
17918 0 -4 0 0 0 0 0 0 0 0 0 0 0 0 0 0 0 -4 0 0 0 0 
17933 0 -7 0 0 0 0 0 0 0 0 0 0 0 0 0 0 0 -7 0 0 0 0 
17948 0 -4 0 0 0 0 0 0 0 0 0 0 0 0 0 0 0 -4 0 0 0 0 
17963 0 -6 0 0 0 0 0 0 0 0 0 0 0 0 0 0 0 -6 0 0 0 0 
17978 0 -4 0 0 0 0 0 0 0 0 0 0 0 0 0 0 0 -4 0 0 0 0 
18023 0 -3 0 0 0 0 0 0 0 0 0 0 0 0 0 0 0 -3 0 0 0 0 
18038 0 -4 0 0 0 0 0 0 0 0 0 0 0 0 0 0 0 -4 0 0 0 0 
18046 0 12 0 12 0 0 0 0 0 0 0 0 0 0 0 0 0 -4 0 0 0 0 
18053 0 -7 0 12 0 0 0 0 0 0 0 0 0 0 0 0 0 -7 0 0 0 0 
18061 0 6 0 6 0 0 0 0 0 0 0 0 0 0 0 0 0 -7 0 0 0 0 
18068 0 -4 0 6 0 0 0 0 0 0 0 0 0 0 0 0 0 -4 0 0 0 0 
18076 0 10 0 10 0 0 0 0 0 0 0 0 0 0 0 0 0 -4 0 0 0 0 
18083 0 -6 0 10 0 0 0 0 0 0 0 0 0 0 0 0 0 -6 0 0 0 0 
18091 0 0 0 0 0 0 0 0 0 0 0 0 0 0 0 0 0 -6 0 0 0 0 
18098 0 -4 0 0 0 0 0 0 0 0 0 0 0 0 0 0 0 -4 0 0 0 0 
18113 0 -3 0 0 0 0 0 0 0 0 0 0 0 0 0 0 0 -3 0 0 0 0 
18143 0 0 0 0 0 0 0 0 0 0 0 0 0 0 0 0 0 0 0 0 0 0 
18548 0 8 0 0 0 0 0 0 0 0 0 0 0 0 0 0 0 8 0 0 0 0 
18563 0 5 0 0 0 0 0 0 0 0 0 0 0 0 0 0 0 5 0 0 0 0 
18578 0 14 0 0 0 0 0 0 0 0 0 0 0 0 0 0 0 14 0 0 0 0 
18593 0 7 0 0 0 0 0 0 0 0 0 0 0 0 0 0 0 7 0 0 0 0 
18608 0 4 0 0 0 0 0 0 0 0 0 0 0 0 0 0 0 4 0 0 0 0 
18623 0 11 0 0 0 0 0 0 0 0 0 0 0 0 0 0 0 11 0 0 0 0 
18638 0 7 0 0 0 0 0 0 0 0 0 0 0 0 0 0 0 7 0 0 0 0 
18653 0 3 0 0 0 0 0 0 0 0 0 0 0 0 0 0 0 3 0 0 0 0 
18668 0 4 0 0 0 0 0 0 0 0 0 0 0 0 0 0 0 4 0 0 0 0 
18683 0 5 0 0 0 0 0 0 0 0 0 0 0 0 0 0 0 5 0 0 0 0 
18698 0 4 0 0 0 0 0 0 0 0 0 0 0 0 0 0 0 4 0 0 0 0 
18728 0 -6 0 0 0 0 0 0 0 0 0 0 0 0 0 0 0 -6 0 0 0 0 
18736 0 4 0 4 0 0 0 0 0 0 0 0 0 0 0 0 0 -6 0 0 0 0 
18743 0 -11 0 4 0 0 0 0 0 0 0 0 0 0 0 0 0 -11 0 0 0 0 
18751 0 3 0 3 0 0 0 0 0 0 0 0 0 0 0 0 0 -11 0 0 0 0 
18758 0 -17 0 3 0 0 0 0 0 0 0 0 0 0 0 0 0 -17 0 0 0 0 
18766 0 4 0 4 0 0 0 0 0 0 0 0 0 0 0 0 0 -17 0 0 0 0 
18773 0 -20 0 4 0 0 0 0 0 0 0 0 0 0 0 0 0 -20 0 0 0 0 
18788 0 -7 0 4 0 0 0 0 0 0 0 0 0 0 0 0 0 -7 0 0 0 0 
18796 0 25 0 25 0 0 0 0 0 0 0 0 0 0 0 0 0 -7 0 0 0 0 
18803 0 -3 0 25 0 0 0 0 0 0 0 0 0 0 0 0 0 -3 0 0 0 0 
18811 0 3 0 3 0 0 0 0 0 0 0 0 0 0 0 0 0 -3 0 0 0 0 
18818 0 -7 0 3 0 0 0 0 0 0 0 0 0 0 0 0 0 -7 0 0 0 0 
18826 0 4 0 4 0 0 0 0 0 0 0 0 0 0 0 0 0 -7 0 0 0 0 
18833 0 -4 0 4 0 0 0 0 0 0 0 0 0 0 0 0 0 -4 0 0 0 0 
18848 0 -1 0 4 0 0 0 0 0 0 0 0 0 0 0 0 0 -1 0 0 0 0 
18856 0 0 0 0 0 0 0 0 0 0 0 0 0 0 0 0 0 -1 0 0 0 0 
19086 2 0 0 0 0 0 0 0 0 0 0 0 4 0 0 0 0 0 0 0 0 0 
19101 6 0 0 0 0 0 0 0 0 0 0 0 6 0 0 0 0 0 0 0 0 0 
19131 0 0 0 0 0 0 0 0 0 0 0 0 0 0 0 0 0 0 0 0 0 0 
19253 2 0 0 0 0 0 0 0 0 0 0 0 0 0 0 0 2 0 0 0 0 0 
19268 6 0 0 0 0 0 0 0 0 0 0 0 0 0 0 0 6 0 0 0 0 0 
19283 4 0 0 0 0 0 0 0 0 0 0 0 0 0 0 0 4 0 0 0 0 0 
19313 0 0 0 0 0 0 0 0 0 0 0 0 0 0 0 0 0 0 0 0 0 0 
19458 1 0 0 0 0 0 1 0 0 0 0 0 0 0 0 0 0 0 0 0 0 0 
19473 0 0 0 0 0 0 0 0 0 0 0 0 0 0 0 0 0 0 0 0 0 0 
21183 2 0 0 0 0 0 2 0 0 0 0 0 0 0 0 0 0 0 0 0 0 0 
21198 8 0 0 0 0 0 8 0 0 0 0 0 0 0 0 0 0 0 0 0 0 0 
21243 5 0 0 0 0 0 5 0 0 0 0 0 0 0 0 0 0 0 0 0 0 0 
21258 7 0 0 0 0 0 7 0 0 0 0 0 0 0 0 0 0 0 0 0 0 0 
21273 19 0 0 0 0 0 19 0 0 0 0 0 0 0 0 0 0 0 0 0 0 0 
21288 7 0 0 0 0 0 7 0 0 0 0 0 0 0 0 0 0 0 0 0 0 0 
21303 6 0 0 0 0 0 6 0 0 0 0 0 0 0 0 0 0 0 0 0 0 0 
21318 18 0 0 0 0 0 18 0 0 0 0 0 0 0 0 0 0 0 0 0 0 0 
21333 8 0 0 0 0 0 8 0 0 0 0 0 0 0 0 0 0 0 0 0 0 0 
21363 6 0 0 0 0 0 6 0 0 0 0 0 0 0 0 0 0 0 0 0 0 0 
21378 8 0 0 0 0 0 8 0 0 0 0 0 0 0 0 0 0 0 0 0 0 0 
21408 6 0 0 0 0 0 6 0 0 0 0 0 0 0 0 0 0 0 0 0 0 0 
21423 2 0 0 0 0 0 2 0 0 0 0 0 0 0 0 0 0 0 0 0 0 0 
21438 0 0 0 0 0 0 0 0 0 0 0 0 0 0 0 0 0 0 0 0 0 0 
21725 7 0 0 0 0 0 0 0 0 0 7 0 0 0 0 0 0 0 0 0 0 0 
21755 2 0 0 0 0 0 0 0 0 0 2 0 0 0 0 0 0 0 0 0 0 0 
21770 0 0 0 0 0 0 0 0 0 0 0 0 0 0 0 0 0 0 0 0 0 0 
21862 16 0 0 0 0 0 0 0 0 0 0 0 0 0 16 0 0 0 0 0 0 0 
21872 7 0 0 0 7 0 0 0 0 0 0 0 0 0 16 0 0 0 0 0 0 0 
21877 6 0 0 0 7 0 0 0 0 0 0 0 0 0 6 0 0 0 0 0 0 0 
21887 4.5 0 0 0 3 0 0 0 0 0 0 0 0 0 6 0 6 0 0 0 0 0 
21890 2 0 0 0 3 0 0 0 0 0 2 0 0 0 6 0 6 0 0 0 0 0 
21893 5 0 0 0 3 0 0 0 0 0 2 0 0 0 6 0 5 0 0 0 0 0 
21902 2 0 0 0 2 0 0 0 0 0 2 0 0 0 6 0 5 0 0 0 0 0 
21905 0 0 0 0 2 0 0 0 0 0 0 0 0 0 6 0 5 0 0 0 0 0 
21908 30.5 0 0 0 2 0 0 0 0 0 0 0 0 0 0 0 61 0 0 0 0 0 
21917 0 0 0 0 0 0 0 0 0 0 0 0 0 0 0 0 61 0 0 0 0 0 
21918 1 0 0 0 0 0 1 0 0 0 0 0 0 0 0 0 61 0 0 0 0 0 
21923 4 0 0 0 0 0 1 0 0 0 0 0 0 0 0 0 4 0 0 0 0 0 
21938 8 0 0 0 0 0 1 0 0 0 0 0 0 0 0 0 8 0 0 0 0 0 
21948 0 0 0 0 0 0 0 0 0 0 0 0 0 0 0 0 8 0 0 0 0 0 
21983 25 0 0 0 0 0 0 0 0 0 0 0 0 0 0 0 25 0 0 0 0 0 
21998 7 0 0 0 0 0 0 0 0 0 0 0 0 0 0 0 7 0 0 0 0 0 
22013 8 0 0 0 0 0 0 0 0 0 0 0 0 0 0 0 8 0 0 0 0 0 
22043 16 0 0 0 0 0 0 0 0 0 0 0 0 0 0 0 16 0 0 0 0 0 
22058 35 0 0 0 0 0 0 0 0 0 0 0 0 0 0 0 35 0 0 0 0 0 
22073 25 0 0 0 0 0 0 0 0 0 0 0 0 0 0 0 25 0 0 0 0 0 
22084 7 0 0 0 0 0 0 0 7 0 0 0 0 0 0 0 25 0 0 0 0 0 
22088 18 0 0 0 0 0 0 0 7 0 0 0 0 0 0 0 18 0 0 0 0 0 
22099 3 0 0 0 0 0 0 0 3 0 0 0 0 0 0 0 18 0 0 0 0 0 
22103 2 0 0 0 0 0 0 0 3 0 0 0 0 0 0 0 2 0 0 0 0 0 
22114 6 0 0 0 0 0 0 0 6 0 0 0 0 0 0 0 2 0 0 0 0 0 
22118 0 0 0 0 0 0 0 0 6 0 0 0 0 0 0 0 0 0 0 0 0 0 
22129 -6 0 0 0 0 0 0 0 -6 0 0 0 0 0 0 0 0 0 0 0 0 0 
22144 -8 0 0 0 0 0 0 0 -8 0 0 0 0 0 0 0 0 0 0 0 0 0 
22159 -2 0 0 0 0 0 0 0 -2 0 0 0 0 0 0 0 0 0 0 0 0 0 
22174 0 0 0 0 0 0 0 0 0 0 0 0 0 0 0 0 0 0 0 0 0 0 
22506 4 0 0 0 0 0 0 0 0 0 0 0 4 0 0 0 0 0 0 0 0 0 
22521 8 0 0 0 0 0 0 0 0 0 0 0 8 0 0 0 0 0 0 0 0 0 
22551 6 0 0 0 0 0 0 0 0 0 0 0 6 0 0 0 0 0 0 0 0 0 
22564 0 7 0 0 0 0 0 0 0 7 0 0 6 0 0 0 0 0 0 0 0 0 
22566 8 0 0 0 0 0 0 0 0 7 0 0 8 0 0 0 0 0 0 0 0 0 
22579 0 3 0 0 0 0 0 0 0 3 0 0 8 0 0 0 0 0 0 0 0 0 
22594 0 16 0 0 0 0 0 0 0 16 0 0 8 0 0 0 0 0 0 0 0 0 
22596 18 0 0 0 0 0 0 0 0 16 0 0 18 0 0 0 0 0 0 0 0 0 
22609 0 2 0 0 0 0 0 0 0 2 0 0 18 0 0 0 0 0 0 0 0 0 
22611 6 0 0 0 0 0 0 0 0 2 0 0 6 0 0 0 0 0 0 0 0 0 
22614 4 0 0 0 0 0 0 0 0 2 0 0 6 0 0 0 0 0 4 0 0 0 
22624 0 9 0 0 0 0 0 0 0 9 0 0 6 0 0 0 0 0 4 0 0 0 
22626 17 0 0 0 0 0 0 0 0 9 0 0 17 0 0 0 0 0 4 0 0 0 
22629 6 0 0 0 0 0 0 0 0 9 0 0 17 0 0 0 0 0 6 0 0 0 
22639 0 7 0 0 0 0 0 0 0 7 0 0 17 0 0 0 0 0 6 0 0 0 
22641 7 0 0 0 0 0 0 0 0 7 0 0 7 0 0 0 0 0 6 0 0 0 
22654 0 12 0 0 0 0 0 0 0 12 0 0 7 0 0 0 0 0 6 0 0 0 
22656 9 0 0 0 0 0 0 0 0 12 0 0 9 0 0 0 0 0 6 0 0 0 
22659 0 0 0 0 0 0 0 0 0 12 0 0 9 0 0 0 0 0 0 0 0 0 
22669 0 2 0 0 0 0 0 0 0 2 0 0 9 0 0 0 0 0 0 0 0 0 
22671 15 0 0 0 0 0 0 0 0 2 0 0 15 0 0 0 0 0 0 0 0 0 
22684 0 4 0 0 0 0 0 0 0 4 0 0 15 0 0 0 0 0 0 0 0 0 
22686 8 0 0 0 0 0 0 0 0 4 0 0 8 0 0 0 0 0 0 0 0 0 
22688 1 0 0 0 0 0 0 0 0 4 0 0 8 0 0 0 1 0 0 0 0 0 
22699 0 3 0 0 0 0 0 0 0 3 0 0 8 0 0 0 1 0 0 0 0 0 
22702 14 0 0 0 0 0 0 0 0 3 0 0 8 0 14 0 1 0 0 0 0 0 
22703 0 0 0 0 0 0 0 0 0 3 0 0 8 0 14 0 0 0 0 0 0 0 
22714 0 6 0 0 0 0 0 0 0 6 0 0 8 0 14 0 0 0 0 0 0 0 
22717 39 0 0 0 0 0 0 0 0 6 0 0 8 0 39 0 0 0 0 0 0 0 
22729 0 5 0 0 0 0 0 0 0 5 0 0 8 0 39 0 0 0 0 0 0 0 
22731 6 0 0 0 0 0 0 0 0 5 0 0 6 0 39 0 0 0 0 0 0 0 
22732 8 0 0 0 0 0 0 0 0 5 0 0 6 0 8 0 0 0 0 0 0 0 
22744 0 1 0 0 0 0 0 0 0 1 0 0 6 0 8 0 0 0 0 0 0 0 
22746 8 0 0 0 0 0 0 0 0 1 0 0 8 0 8 0 0 0 0 0 0 0 
22747 6 0 0 0 0 0 0 0 0 1 0 0 8 0 6 0 0 0 0 0 0 0 
22757 2 0 0 0 2 0 0 0 0 1 0 0 8 0 6 0 0 0 0 0 0 0 
22759 0 3 0 0 2 0 0 0 0 3 0 0 8 0 6 0 0 0 0 0 0 0 
22761 2 0 0 0 2 0 0 0 0 3 0 0 2 0 6 0 0 0 0 0 0 0 
22772 5 0 0 0 8 0 0 0 0 3 0 0 2 0 6 0 0 0 0 0 2 0 
22774 0 4 0 0 8 0 0 0 0 4 0 0 2 0 6 0 0 0 0 0 2 0 
22776 0 0 0 0 8 0 0 0 0 4 0 0 0 0 6 0 0 0 0 0 2 0 
22777 12 0 0 0 8 0 0 0 0 4 0 0 0 0 12 0 0 0 0 0 2 0 
22780 0 0 0 0 8 0 0 0 0 4 0 0 0 0 12 0 0 0 0 0 0 0 
22787 6 0 0 0 6 0 0 0 0 4 0 0 0 0 12 0 0 0 0 0 0 0 
22789 0 6 0 0 6 0 0 0 0 6 0 0 0 0 12 0 0 0 0 0 0 0 
22792 0 0 0 0 6 0 0 0 0 6 0 0 0 0 0 0 0 0 0 0 0 0 
22802 8 0 0 0 8 0 0 0 0 6 0 0 0 0 0 0 0 0 0 0 0 0 
22819 0 0 0 0 8 0 0 0 0 0 0 0 0 0 0 0 0 0 0 0 0 0 
22847 6 0 0 0 6 0 0 0 0 0 0 0 0 0 0 0 0 0 0 0 0 0 
22849 0 3 0 0 6 0 0 0 0 3 0 0 0 0 0 0 0 0 0 0 0 0 
22864 2 4 0 0 6 0 0 0 2 4 0 0 0 0 0 0 0 0 0 0 0 0 
22877 18 0 0 0 18 0 0 0 2 4 0 0 0 0 0 0 0 0 0 0 0 0 
22879 0 3 0 0 18 0 0 0 0 3 0 0 0 0 0 0 0 0 0 0 0 0 
22892 8 0 0 0 8 0 0 0 0 3 0 0 0 0 0 0 0 0 0 0 0 0 
22894 0 4 0 0 8 0 0 0 0 4 0 0 0 0 0 0 0 0 0 0 0 0 
22907 6 0 0 0 6 0 0 0 0 4 0 0 0 0 0 0 0 0 0 0 0 0 
22922 1 0 0 0 1 0 0 0 0 4 0 0 0 0 0 0 0 0 0 0 0 0 
22924 0 3 0 0 1 0 0 0 0 3 0 0 0 0 0 0 0 0 0 0 0 0 
22937 0 0 0 0 0 0 0 0 0 3 0 0 0 0 0 0 0 0 0 0 0 0 
23079 0.5 0 0 0 0 0 0 0 0 0 0 0 0 0 0 0 0 0 1 0 0 0 
23087 2 0 0 0 2 0 0 0 0 0 0 0 0 0 0 0 0 0 1 0 0 0 
23102 0 0 0 0 0 0 0 0 0 0 0 0 0 0 0 0 0 0 1 0 0 0 
23254 0 1 0 0 0 0 0 0 0 2 0 0 0 0 0 0 0 0 0 0 0 0 
23269 0 4 0 0 0 0 0 0 0 4 0 0 0 0 0 0 0 0 0 0 0 0 
23299 0 3 0 0 0 0 0 0 0 3 0 0 0 0 0 0 0 0 0 0 0 0 
23314 0 4 0 0 0 0 0 0 0 4 0 0 0 0 0 0 0 0 0 0 0 0 
23344 0 1 0 0 0 0 0 0 0 1 0 0 0 0 0 0 0 0 0 0 0 0 
23359 0 0 0 0 0 0 0 0 0 0 0 0 0 0 0 0 0 0 0 0 0 0 
23716 4 0 4 0 0 0 0 0 0 0 0 0 0 0 0 0 0 0 0 0 0 0 
23746 7 0 7 0 0 0 0 0 0 0 0 0 0 0 0 0 0 0 0 0 0 0 
23761 1 0 1 0 0 0 0 0 0 0 0 0 0 0 0 0 0 0 0 0 0 0 
23776 0 0 0 0 0 0 0 0 0 0 0 0 0 0 0 0 0 0 0 0 0 0 
24481 2 0 2 0 0 0 0 0 0 0 0 0 0 0 0 0 0 0 0 0 0 0 
24496 0 0 0 0 0 0 0 0 0 0 0 0 0 0 0 0 0 0 0 0 0 0 
24781 1 0 1 0 0 0 0 0 0 0 0 0 0 0 0 0 0 0 0 0 0 0 
24796 4 0 7 0 1 0 0 0 0 0 0 0 0 0 0 0 0 0 0 0 0 0 
24811 6 0 6 0 1 0 0 0 0 0 0 0 0 0 0 0 0 0 0 0 0 0 
24812 0 0 6 0 0 0 0 0 0 0 0 0 0 0 0 0 0 0 0 0 0 0 
24826 34 0 34 0 0 0 0 0 0 0 0 0 0 0 0 0 0 0 0 0 0 0 
24841 0 0 0 0 0 0 0 0 0 0 0 0 0 0 0 0 0 0 0 0 0 0 
25805 18 0 0 0 0 0 0 0 0 0 18 0 0 0 0 0 0 0 0 0 0 0 
25820 8 0 0 0 0 0 0 0 0 0 8 0 0 0 0 0 0 0 0 0 0 0 
25835 6 0 0 0 0 0 0 0 0 0 6 0 0 0 0 0 0 0 0 0 0 0 
25850 27 0 0 0 0 0 0 0 0 0 27 0 0 0 0 0 0 0 0 0 0 0 
25865 7 0 0 0 0 0 0 0 0 0 7 0 0 0 0 0 0 0 0 0 0 0 
25880 50 0 0 0 0 0 0 0 0 0 50 0 0 0 0 0 0 0 0 0 0 0 
25895 6 0 0 0 0 0 0 0 0 0 6 0 0 0 0 0 0 0 0 0 0 0 
25910 8 0 0 0 0 0 0 0 0 0 8 0 0 0 0 0 0 0 0 0 0 0 
25925 6 0 0 0 0 0 0 0 0 0 6 0 0 0 0 0 0 0 0 0 0 0 
25926 1 0 0 0 0 0 0 0 0 0 6 0 1 0 0 0 0 0 0 0 0 0 
25940 2.5 0 0 0 0 0 0 0 0 0 4 0 1 0 0 0 0 0 0 0 1 0 
25941 0 0 0 0 0 0 0 0 0 0 4 0 0 0 0 0 0 0 0 0 1 0 
26298 2.33333 0 0 0 0 0 7 0 0 0 0 0 0 0 0 0 0 0 0 0 0 0 
26313 17 0 0 0 0 0 17 0 0 0 0 0 0 0 0 0 0 0 0 0 0 0 
26328 2 0 0 0 0 0 2 0 0 0 0 0 0 0 0 0 0 0 0 0 0 0 
26343 0 0 0 0 0 0 0 0 0 0 0 0 0 0 0 0 0 0 0 0 0 0 
26350 2 0 0 0 0 0 0 0 0 0 0 0 0 0 0 0 0 0 0 0 2 0 
26365 6 0 0 0 0 0 0 0 0 0 0 0 0 0 0 0 0 0 0 0 6 0 
26380 7 0 0 0 0 0 0 0 0 0 0 0 0 0 0 0 0 0 0 0 7 0 
26395 1 0 0 0 0 0 0 0 0 0 0 0 0 0 0 0 0 0 0 0 1 0 
26410 0 0 0 0 0 0 0 0 0 0 0 0 0 0 0 0 0 0 0 0 0 0 
26900 1 0 0 0 0 0 0 0 0 0 1 0 0 0 0 0 0 0 0 0 0 0 
26905 4 0 0 0 0 0 0 0 0 0 1 0 0 0 0 0 0 0 0 0 4 0 
26920 8 0 0 0 0 0 0 0 0 0 1 0 0 0 0 0 0 0 0 0 8 0 
26930 0 0 0 0 0 0 0 0 0 0 0 0 0 0 0 0 0 0 0 0 8 0 
26935 6 0 0 0 0 0 0 0 0 0 0 0 0 0 0 0 0 0 0 0 6 0 
26950 42 0 0 0 0 0 0 0 0 0 0 0 0 0 0 0 0 0 0 0 42 0 
26965 2 0 0 0 0 0 0 0 0 0 0 0 0 0 0 0 0 0 0 0 2 0 
26978 2.5 0 0 0 0 0 2 0 0 0 0 0 0 0 0 0 3 0 0 0 2 0 
26980 0 0 0 0 0 0 2 0 0 0 0 0 0 0 0 0 3 0 0 0 0 0 
26993 3.5 0 0 0 0 0 0 0 0 0 0 0 0 0 0 0 7 0 0 0 0 0 
