# deltaRoads deltaRoadVehicles
10 0 0 0 0 0 0 0 0 0 0 0 0 0 0 0 0 0 0 0 0 0 0 
122 6 0 0 0 6 0 0 0 0 0 0 0 0 0 0 0 0 0 0 0 0 0 
124 7 0 0 0 6 0 0 0 7 0 0 0 0 0 0 0 0 0 0 0 0 0 
125 6 0 0 0 6 0 0 0 7 0 6 0 0 0 0 0 0 0 0 0 0 0 
139 5.5 0 0 0 6 0 0 0 5 0 6 0 6 0 0 0 0 0 0 0 0 0 
141 16 0 0 0 6 0 0 0 5 0 6 0 16 0 0 0 0 0 0 0 0 0 
152 14 0 0 0 14 0 0 0 5 0 6 0 16 0 0 0 0 0 0 0 0 0 
154 4 0 0 0 14 0 0 0 4 0 6 0 16 0 0 0 0 0 0 0 0 0 
156 9 0 0 0 14 0 0 0 4 0 4 0 14 0 0 0 0 0 0 0 0 0 
167 0 0 0 0 0 0 0 0 4 0 4 0 14 0 0 0 0 0 0 0 0 0 
512 1.5 0 0 0 6 0 0 0 0 0 0 0 0 0 0 0 0 0 0 0 0 0 
542 8 0 0 0 8 0 0 0 0 0 0 0 0 0 0 0 0 0 0 0 0 0 
557 26 0 0 0 26 0 0 0 0 0 0 0 0 0 0 0 0 0 0 0 0 0 
572 8 0 0 0 8 0 0 0 0 0 0 0 0 0 0 0 0 0 0 0 0 0 
587 6 0 0 0 6 0 0 0 0 0 0 0 0 0 0 0 0 0 0 0 0 0 
602 18 0 0 0 18 0 0 0 0 0 0 0 0 0 0 0 0 0 0 0 0 0 
617 8 0 0 0 8 0 0 0 0 0 0 0 0 0 0 0 0 0 0 0 0 0 
647 2 0 0 0 2 0 0 0 0 0 0 0 0 0 0 0 0 0 0 0 0 0 
662 0 11 0 0 0 11 0 0 0 0 0 0 0 0 0 0 0 0 0 0 0 0 
677 0 2 0 0 0 2 0 0 0 0 0 0 0 0 0 0 0 0 0 0 0 0 
692 0 12 0 0 0 12 0 0 0 0 0 0 0 0 0 0 0 0 0 0 0 0 
707 0 0 0 0 0 0 0 0 0 0 0 0 0 0 0 0 0 0 0 0 0 0 
2465 4 0 0 0 0 0 0 0 0 0 4 0 0 0 0 0 0 0 0 0 0 0 
2480 8 0 0 0 0 0 0 0 0 0 8 0 0 0 0 0 0 0 0 0 0 0 
2494 2 0 0 0 0 0 0 0 2 0 8 0 0 0 0 0 0 0 0 0 0 0 
2495 6 0 0 0 0 0 0 0 2 0 6 0 0 0 0 0 0 0 0 0 0 0 
2509 8 0 0 0 0 0 0 0 8 0 6 0 0 0 0 0 0 0 0 0 0 0 
2539 12 0 0 0 0 0 0 0 16 0 8 0 0 0 0 0 0 0 0 0 0 0 
2540 5 0 0 0 0 0 0 0 16 0 5 0 0 0 0 0 0 0 0 0 0 0 
2554 6 0 0 0 0 0 0 0 6 0 5 0 0 0 0 0 0 0 0 0 0 0 
2555 43 0 0 0 0 0 0 0 6 0 43 0 0 0 0 0 0 0 0 0 0 0 
2569 18 0 0 0 0 0 0 0 18 0 43 0 0 0 0 0 0 0 0 0 0 0 
2570 8 0 0 0 0 0 0 0 18 0 8 0 0 0 0 0 0 0 0 0 0 0 
2585 13 0 0 0 0 0 0 0 8 0 18 0 0 0 0 0 0 0 0 0 0 0 
2599 6 0 0 0 0 0 0 0 6 0 18 0 0 0 0 0 0 0 0 0 0 0 
2600 8 0 0 0 0 0 0 0 6 0 8 0 0 0 0 0 0 0 0 0 0 0 
2614 18 0 0 0 0 0 0 0 18 0 8 0 0 0 0 0 0 0 0 0 0 0 
2615 6 0 0 0 0 0 0 0 18 0 6 0 0 0 0 0 0 0 0 0 0 0 
2629 50 0 0 0 0 0 0 0 50 0 6 0 0 0 0 0 0 0 0 0 0 0 
2630 18 0 0 0 0 0 0 0 50 0 18 0 0 0 0 0 0 0 0 0 0 0 
2644 8 0 0 0 0 0 0 0 8 0 18 0 0 0 0 0 0 0 0 0 0 0 
2659 10.5 0 0 0 0 0 0 0 13 0 8 0 0 0 0 0 0 0 0 0 0 0 
2660 6 0 0 0 0 0 0 0 13 0 6 0 0 0 0 0 0 0 0 0 0 0 
2674 167 0 0 0 0 0 0 0 167 0 6 0 0 0 0 0 0 0 0 0 0 0 
2675 16 0 0 0 0 0 0 0 167 0 16 0 0 0 0 0 0 0 0 0 0 0 
2689 8 0 0 0 0 0 0 0 8 0 16 0 0 0 0 0 0 0 0 0 0 0 
2705 4 0 0 0 0 0 0 0 8 0 4 0 0 0 0 0 0 0 0 0 0 0 
2719 6 0 0 0 0 0 0 0 6 0 4 0 0 0 0 0 0 0 0 0 0 0 
2720 0 11 0 0 0 0 0 0 6 0 0 11 0 0 0 0 0 0 0 0 0 0 
2735 0 1 0 0 0 0 0 0 6 0 0 1 0 0 0 0 0 0 0 0 0 0 
2750 0 1.5 0 0 0 0 0 0 0 1 0 2 0 0 0 0 0 0 0 0 0 0 
2765 0 1 0 0 0 0 0 0 0 1 0 1 0 0 0 0 0 0 0 0 0 0 
2779 0 2 0 0 0 0 0 0 0 2 0 1 0 0 0 0 0 0 0 0 0 0 
2780 0 0 0 0 0 0 0 0 0 2 0 0 0 0 0 0 0 0 0 0 0 0 
2794 0 1 0 0 0 0 0 0 0 1 0 0 0 0 0 0 0 0 0 0 0 0 
2809 0 0 0 0 0 0 0 0 0 0 0 0 0 0 0 0 0 0 0 0 0 0 
6648 6 0 0 0 0 0 6 0 0 0 0 0 0 0 0 0 0 0 0 0 0 0 
6663 2 0 0 0 0 0 2 0 0 0 0 0 0 0 0 0 0 0 0 0 0 0 
6678 7 0 0 0 0 0 7 0 0 0 0 0 0 0 0 0 0 0 0 0 0 0 
6693 1 0 0 0 0 0 1 0 0 0 0 0 0 0 0 0 0 0 0 0 0 0 
6706 6 0 6 0 0 0 1 0 0 0 0 0 0 0 0 0 0 0 0 0 0 0 
6708 0 0 6 0 0 0 0 0 0 0 0 0 0 0 0 0 0 0 0 0 0 0 
6736 4 0 4 0 0 0 0 0 0 0 0 0 0 0 0 0 0 0 0 0 0 0 
6751 0 0 0 0 0 0 0 0 0 0 0 0 0 0 0 0 0 0 0 0 0 0 
7580 7 0 0 0 0 0 0 0 0 0 7 0 0 0 0 0 0 0 0 0 0 0 
7595 3 0 0 0 0 0 0 0 0 0 3 0 0 0 0 0 0 0 0 0 0 0 
7609 2 0 0 0 0 0 0 0 2 0 3 0 0 0 0 0 0 0 0 0 0 0 
7610 6 0 0 0 0 0 0 0 2 0 6 0 0 0 0 0 0 0 0 0 0 0 
7625 3 0 0 0 0 0 0 0 6 0 0 0 0 0 0 0 0 0 0 0 0 0 
7669 0 0 0 0 0 0 0 0 0 0 0 0 0 0 0 0 0 0 0 0 0 0 
8226 7 0 0 0 0 0 0 0 0 0 0 0 7 0 0 0 0 0 0 0 0 0 
8256 8 0 0 0 0 0 0 0 0 0 0 0 8 0 0 0 0 0 0 0 0 0 
8271 6 0 0 0 0 0 0 0 0 0 0 0 6 0 0 0 0 0 0 0 0 0 
8286 8 0 0 0 0 0 0 0 0 0 0 0 8 0 0 0 0 0 0 0 0 0 
8301 18 0 0 0 0 0 0 0 0 0 0 0 18 0 0 0 0 0 0 0 0 0 
8315 2 0 0 0 0 0 0 0 0 0 2 0 18 0 0 0 0 0 0 0 0 0 
8316 8 0 0 0 0 0 0 0 0 0 2 0 8 0 0 0 0 0 0 0 0 0 
8331 12 0 0 0 0 0 0 0 0 0 8 0 16 0 0 0 0 0 0 0 0 0 
8346 8 0 0 0 0 0 0 0 0 0 8 0 8 0 0 0 0 0 0 0 0 0 
8375 6 0 0 0 0 0 0 0 0 0 6 0 8 0 0 0 0 0 0 0 0 0 
8390 8 0 0 0 0 0 0 0 0 0 8 0 8 0 0 0 0 0 0 0 0 0 
8391 16 0 0 0 0 0 0 0 0 0 8 0 16 0 0 0 0 0 0 0 0 0 
8406 8 0 0 0 0 0 0 0 0 0 8 0 8 0 0 0 0 0 0 0 0 0 
8420 18 0 0 0 0 0 0 0 0 0 18 0 8 0 0 0 0 0 0 0 0 0 
8421 27 0 0 0 0 0 0 0 0 0 18 0 27 0 0 0 0 0 0 0 0 0 
8435 6 0 0 0 0 0 0 0 0 0 6 0 27 0 0 0 0 0 0 0 0 0 
8436 7 0 0 0 0 0 0 0 0 0 6 0 7 0 0 0 0 0 0 0 0 0 
8450 8 0 0 0 0 0 0 0 0 0 8 0 7 0 0 0 0 0 0 0 0 0 
8451 6 0 0 0 0 0 0 0 0 0 8 0 6 0 0 0 0 0 0 0 0 0 
8465 0 1 0 0 0 0 0 0 0 0 0 1 6 0 0 0 0 0 0 0 0 0 
8466 28 0 0 0 0 0 0 0 0 0 0 1 28 0 0 0 0 0 0 0 0 0 
8481 8 0 0 0 0 0 0 0 0 0 0 1 8 0 0 0 0 0 0 0 0 0 
8510 0 12 0 0 0 0 0 0 0 0 0 12 8 0 0 0 0 0 0 0 0 0 
8511 16 0 0 0 0 0 0 0 0 0 0 12 16 0 0 0 0 0 0 0 0 0 
8525 0 0 0 0 0 0 0 0 0 0 0 0 16 0 0 0 0 0 0 0 0 0 
8526 8 0 0 0 0 0 0 0 0 0 0 0 8 0 0 0 0 0 0 0 0 0 
8556 9 0 0 0 0 0 0 0 0 0 0 0 9 0 0 0 0 0 0 0 0 0 
8571 6 0 0 0 0 0 0 0 0 0 0 0 6 0 0 0 0 0 0 0 0 0 
8586 0 0 0 0 0 0 0 0 0 0 0 0 0 0 0 0 0 0 0 0 0 0 
8661 14 0 0 0 0 0 0 0 0 0 0 0 14 0 0 0 0 0 0 0 0 0 
8676 42 0 0 0 0 0 0 0 0 0 0 0 42 0 0 0 0 0 0 0 0 0 
8691 0 1 0 0 0 0 0 0 0 0 0 0 0 1 0 0 0 0 0 0 0 0 
8706 0 0 0 0 0 0 0 0 0 0 0 0 0 0 0 0 0 0 0 0 0 0 
8721 0 2 0 0 0 0 0 0 0 0 0 0 0 2 0 0 0 0 0 0 0 0 
8736 0 12 0 0 0 0 0 0 0 0 0 0 0 12 0 0 0 0 0 0 0 0 
8751 0 0 0 0 0 0 0 0 0 0 0 0 0 0 0 0 0 0 0 0 0 0 
9364 6 0 0 0 0 0 0 0 6 0 0 0 0 0 0 0 0 0 0 0 0 0 
9394 8 0 0 0 0 0 0 0 8 0 0 0 0 0 0 0 0 0 0 0 0 0 
9409 28 0 0 0 0 0 0 0 28 0 0 0 0 0 0 0 0 0 0 0 0 0 
9424 8 0 0 0 0 0 0 0 8 0 0 0 0 0 0 0 0 0 0 0 0 0 
9439 6 0 0 0 0 0 0 0 6 0 0 0 0 0 0 0 0 0 0 0 0 0 
9454 82 0 0 0 0 0 0 0 82 0 0 0 0 0 0 0 0 0 0 0 0 0 
9469 8 0 0 0 0 0 0 0 8 0 0 0 0 0 0 0 0 0 0 0 0 0 
9484 27 0 0 0 0 0 0 0 27 0 0 0 0 0 0 0 0 0 0 0 0 0 
9499 5 0 0 0 0 0 0 0 5 0 0 0 0 0 0 0 0 0 0 0 0 0 
9514 8 0 0 0 0 0 0 0 8 0 0 0 0 0 0 0 0 0 0 0 0 0 
9529 1 1 0 0 0 0 0 0 1 1 0 0 0 0 0 0 0 0 0 0 0 0 
9544 0 0 0 0 0 0 0 0 0 0 0 0 0 0 0 0 0 0 0 0 0 0 
9559 0 22 0 0 0 0 0 0 0 22 0 0 0 0 0 0 0 0 0 0 0 0 
9574 0 12 0 0 0 0 0 0 0 12 0 0 0 0 0 0 0 0 0 0 0 0 
9589 0 0 0 0 0 0 0 0 0 0 0 0 0 0 0 0 0 0 0 0 0 0 
10072 2 0 0 0 0 0 0 0 0 0 0 0 0 0 2 0 0 0 0 0 0 0 
10087 5 0 0 0 0 0 0 0 0 0 0 0 0 0 5 0 0 0 0 0 0 0 
10117 4 0 0 0 0 0 0 0 0 0 0 0 0 0 4 0 0 0 0 0 0 0 
10132 0 0 0 0 0 0 0 0 0 0 0 0 0 0 0 0 0 0 0 0 0 0 
10252 4 0 0 0 0 0 0 0 0 0 0 0 0 0 4 0 0 0 0 0 0 0 
10267 6 0 0 0 0 0 0 0 0 0 0 0 0 0 6 0 0 0 0 0 0 0 
10282 8 0 0 0 0 0 0 0 0 0 0 0 0 0 8 0 0 0 0 0 0 0 
10327 2 0 0 0 0 0 0 0 0 0 0 0 0 0 2 0 0 0 0 0 0 0 
10342 0 1 0 0 0 0 0 0 0 0 0 0 0 0 0 1 0 0 0 0 0 0 
10357 0 2 0 0 0 0 0 0 0 0 0 0 0 0 0 2 0 0 0 0 0 0 
10372 0 12 0 0 0 0 0 0 0 0 0 0 0 0 0 12 0 0 0 0 0 0 
10387 0 0 0 0 0 0 0 0 0 0 0 0 0 0 0 0 0 0 0 0 0 0 
11283 4 0 0 0 0 0 4 0 0 0 0 0 0 0 0 0 0 0 0 0 0 0 
11298 8 0 0 0 0 0 8 0 0 0 0 0 0 0 0 0 0 0 0 0 0 0 
11313 26 0 0 0 0 0 26 0 0 0 0 0 0 0 0 0 0 0 0 0 0 0 
11328 8 0 0 0 0 0 8 0 0 0 0 0 0 0 0 0 0 0 0 0 0 0 
11343 6 0 0 0 0 0 6 0 0 0 0 0 0 0 0 0 0 0 0 0 0 0 
11358 8 0 0 0 0 0 8 0 0 0 0 0 0 0 0 0 0 0 0 0 0 0 
11373 18 0 0 0 0 0 18 0 0 0 0 0 0 0 0 0 0 0 0 0 0 0 
11388 34 0 0 0 0 0 34 0 0 0 0 0 0 0 0 0 0 0 0 0 0 0 
11403 6 0 0 0 0 0 6 0 0 0 0 0 0 0 0 0 0 0 0 0 0 0 
11418 7 0 0 0 0 0 7 0 0 0 0 0 0 0 0 0 0 0 0 0 0 0 
11448 19 0 0 0 0 0 19 0 0 0 0 0 0 0 0 0 0 0 0 0 0 0 
11463 5 0 0 0 0 0 5 0 0 0 0 0 0 0 0 0 0 0 0 0 0 0 
11478 8 0 0 0 0 0 8 0 0 0 0 0 0 0 0 0 0 0 0 0 0 0 
11492 16 0 0 0 16 0 8 0 0 0 0 0 0 0 0 0 0 0 0 0 0 0 
11493 18 0 0 0 16 0 18 0 0 0 0 0 0 0 0 0 0 0 0 0 0 0 
11507 4 0 0 0 4 0 18 0 0 0 0 0 0 0 0 0 0 0 0 0 0 0 
11508 8 0 0 0 4 0 8 0 0 0 0 0 0 0 0 0 0 0 0 0 0 0 
11522 6 0 0 0 6 0 8 0 0 0 0 0 0 0 0 0 0 0 0 0 0 0 
11537 3 0 0 0 0 0 6 0 0 0 0 0 0 0 0 0 0 0 0 0 0 0 
11538 8 0 0 0 0 0 8 0 0 0 0 0 0 0 0 0 0 0 0 0 0 0 
11553 18 0 0 0 0 0 18 0 0 0 0 0 0 0 0 0 0 0 0 0 0 0 
11568 6 0 0 0 0 0 6 0 0 0 0 0 0 0 0 0 0 0 0 0 0 0 
11571 2 0 0 0 0 0 6 0 0 0 0 0 2 0 0 0 0 0 0 0 0 0 
11586 0 0 0 0 0 0 6 0 0 0 0 0 0 0 0 0 0 0 0 0 0 0 
11598 8 0 0 0 0 0 8 0 0 0 0 0 0 0 0 0 0 0 0 0 0 0 
11643 0 1 0 0 0 0 0 1 0 0 0 0 0 0 0 0 0 0 0 0 0 0 
11658 0 0 0 0 0 0 0 0 0 0 0 0 0 0 0 0 0 0 0 0 0 0 
11673 0 12 0 0 0 0 0 12 0 0 0 0 0 0 0 0 0 0 0 0 0 0 
11688 0 2 0 0 0 0 0 2 0 0 0 0 0 0 0 0 0 0 0 0 0 0 
11703 0 0 0 0 0 0 0 0 0 0 0 0 0 0 0 0 0 0 0 0 0 0 
12916 5 0 5 0 0 0 0 0 0 0 0 0 0 0 0 0 0 0 0 0 0 0 
12946 8 0 8 0 0 0 0 0 0 0 0 0 0 0 0 0 0 0 0 0 0 0 
12961 27 0 27 0 0 0 0 0 0 0 0 0 0 0 0 0 0 0 0 0 0 0 
12966 2 0 27 0 0 0 0 0 0 0 0 0 2 0 0 0 0 0 0 0 0 0 
12976 7 0 7 0 0 0 0 0 0 0 0 0 2 0 0 0 0 0 0 0 0 0 
12981 0 0 7 0 0 0 0 0 0 0 0 0 0 0 0 0 0 0 0 0 0 0 
12991 6 0 6 0 0 0 0 0 0 0 0 0 0 0 0 0 0 0 0 0 0 0 
13006 27 0 27 0 0 0 0 0 0 0 0 0 0 0 0 0 0 0 0 0 0 0 
13021 5 0 5 0 0 0 0 0 0 0 0 0 0 0 0 0 0 0 0 0 0 0 
13026 2 0 5 0 0 0 0 0 0 0 0 0 2 0 0 0 0 0 0 0 0 0 
13036 8 0 8 0 0 0 0 0 0 0 0 0 2 0 0 0 0 0 0 0 0 0 
13041 0 0 8 0 0 0 0 0 0 0 0 0 0 0 0 0 0 0 0 0 0 0 
13051 5 0 5 0 0 0 0 0 0 0 0 0 0 0 0 0 0 0 0 0 0 0 
13053 2 0 5 0 0 0 2 0 0 0 0 0 0 0 0 0 0 0 0 0 0 0 
13066 7 0 7 0 0 0 2 0 0 0 0 0 0 0 0 0 0 0 0 0 0 0 
13068 0 0 7 0 0 0 0 0 0 0 0 0 0 0 0 0 0 0 0 0 0 0 
13081 18 0 18 0 0 0 0 0 0 0 0 0 0 0 0 0 0 0 0 0 0 0 
13111 6 0 6 0 0 0 0 0 0 0 0 0 0 0 0 0 0 0 0 0 0 0 
13126 8 0 8 0 0 0 0 0 0 0 0 0 0 0 0 0 0 0 0 0 0 0 
13141 18 0 18 0 0 0 0 0 0 0 0 0 0 0 0 0 0 0 0 0 0 0 
13156 6 0 6 0 0 0 0 0 0 0 0 0 0 0 0 0 0 0 0 0 0 0 
13161 2 0 6 0 0 0 0 0 0 0 0 0 2 0 0 0 0 0 0 0 0 0 
13171 0 1 0 1 0 0 0 0 0 0 0 0 2 0 0 0 0 0 0 0 0 0 
13176 0 0 0 1 0 0 0 0 0 0 0 0 0 0 0 0 0 0 0 0 0 0 
13201 0 2 0 2 0 0 0 0 0 0 0 0 0 0 0 0 0 0 0 0 0 0 
13231 0 0 0 0 0 0 0 0 0 0 0 0 0 0 0 0 0 0 0 0 0 0 
13325 4 0 0 0 0 0 0 0 0 0 4 0 0 0 0 0 0 0 0 0 0 0 
13340 6 0 0 0 0 0 0 0 0 0 6 0 0 0 0 0 0 0 0 0 0 0 
13355 5 0 0 0 0 0 0 0 0 0 5 0 0 0 0 0 0 0 0 0 0 0 
13370 1 0 0 0 0 0 0 0 0 0 1 0 0 0 0 0 0 0 0 0 0 0 
13385 0 0 0 0 0 0 0 0 0 0 0 0 0 0 0 0 0 0 0 0 0 0 
14380 27 0 0 0 0 0 0 0 0 0 0 0 0 0 0 0 0 0 0 0 27 0 
14395 5 0 0 0 0 0 0 0 0 0 0 0 0 0 0 0 0 0 0 0 5 0 
14404 6 0 0 0 0 0 0 0 6 0 0 0 0 0 0 0 0 0 0 0 5 0 
14410 4 0 0 0 0 0 0 0 6 0 0 0 0 0 0 0 0 0 0 0 4 0 
14419 2 0 0 0 0 0 0 0 2 0 0 0 0 0 0 0 0 0 0 0 4 0 
14425 0 0 0 0 0 0 0 0 2 0 0 0 0 0 0 0 0 0 0 0 0 0 
14434 7 0 0 0 0 0 0 0 7 0 0 0 0 0 0 0 0 0 0 0 0 0 
14449 1 0 0 0 0 0 0 0 1 0 0 0 0 0 0 0 0 0 0 0 0 0 
14464 0 0 0 0 0 0 0 0 0 0 0 0 0 0 0 0 0 0 0 0 0 0 
16235 4 0 0 0 0 0 0 0 0 0 4 0 0 0 0 0 0 0 0 0 0 0 
16250 8 0 0 0 0 0 0 0 0 0 8 0 0 0 0 0 0 0 0 0 0 0 
16265 18 0 0 0 0 0 0 0 0 0 18 0 0 0 0 0 0 0 0 0 0 0 
16280 8 0 0 0 0 0 0 0 0 0 8 0 0 0 0 0 0 0 0 0 0 0 
16295 40 0 0 0 0 0 0 0 0 0 40 0 0 0 0 0 0 0 0 0 0 0 
16310 8 0 0 0 0 0 0 0 0 0 8 0 0 0 0 0 0 0 0 0 0 0 
16340 18 0 0 0 0 0 0 0 0 0 18 0 0 0 0 0 0 0 0 0 0 0 
16355 6 0 0 0 0 0 0 0 0 0 6 0 0 0 0 0 0 0 0 0 0 0 
16370 8 0 0 0 0 0 0 0 0 0 8 0 0 0 0 0 0 0 0 0 0 0 
16400 9 0 0 0 0 0 0 0 0 0 9 0 0 0 0 0 0 0 0 0 0 0 
16415 6 0 0 0 0 0 0 0 0 0 6 0 0 0 0 0 0 0 0 0 0 0 
16430 8 0 0 0 0 0 0 0 0 0 8 0 0 0 0 0 0 0 0 0 0 0 
16445 2 0 0 0 0 0 0 0 0 0 2 0 0 0 0 0 0 0 0 0 0 0 
16460 0 0 0 0 0 0 0 0 0 0 0 0 0 0 0 0 0 0 0 0 0 0 
16518 6 0 0 0 0 0 6 0 0 0 0 0 0 0 0 0 0 0 0 0 0 0 
16533 4 0 0 0 0 0 4 0 0 0 0 0 0 0 0 0 0 0 0 0 0 0 
16548 16 0 0 0 0 0 16 0 0 0 0 0 0 0 0 0 0 0 0 0 0 0 
16563 0 0 0 0 0 0 0 0 0 0 0 0 0 0 0 0 0 0 0 0 0 0 
16595 4 0 0 0 0 0 0 0 0 0 4 0 0 0 0 0 0 0 0 0 0 0 
16610 8 0 0 0 0 0 0 0 0 0 8 0 0 0 0 0 0 0 0 0 0 0 
16625 18 0 0 0 0 0 0 0 0 0 18 0 0 0 0 0 0 0 0 0 0 0 
16640 4 0 0 0 0 0 0 0 0 0 4 0 0 0 0 0 0 0 0 0 0 0 
16655 0 0 0 0 0 0 0 0 0 0 0 0 0 0 0 0 0 0 0 0 0 0 
16697 5 0 0 0 5 0 0 0 0 0 0 0 0 0 0 0 0 0 0 0 0 0 
16712 7 0 0 0 7 0 0 0 0 0 0 0 0 0 0 0 0 0 0 0 0 0 
16727 6 0 0 0 6 0 0 0 0 0 0 0 0 0 0 0 0 0 0 0 0 0 
16742 8 0 0 0 8 0 0 0 0 0 0 0 0 0 0 0 0 0 0 0 0 0 
16757 9 0 0 0 9 0 0 0 0 0 0 0 0 0 0 0 0 0 0 0 0 0 
16772 7 0 0 0 7 0 0 0 0 0 0 0 0 0 0 0 0 0 0 0 0 0 
16787 6 0 0 0 6 0 0 0 0 0 0 0 0 0 0 0 0 0 0 0 0 0 
16802 8 0 0 0 8 0 0 0 0 0 0 0 0 0 0 0 0 0 0 0 0 0 
16805 6 0 0 0 8 0 0 0 0 0 6 0 0 0 0 0 0 0 0 0 0 0 
16820 34 0 0 0 8 0 0 0 0 0 34 0 0 0 0 0 0 0 0 0 0 0 
16835 6 0 0 0 8 0 0 0 0 0 6 0 0 0 0 0 0 0 0 0 0 0 
16850 10 0 0 0 6 0 0 0 0 0 14 0 0 0 0 0 0 0 0 0 0 0 
16862 18 0 0 0 18 0 0 0 0 0 14 0 0 0 0 0 0 0 0 0 0 0 
16865 0 1 0 0 18 0 0 0 0 0 0 1 0 0 0 0 0 0 0 0 0 0 
16877 8 0 0 0 8 0 0 0 0 0 0 1 0 0 0 0 0 0 0 0 0 0 
16880 0 2 0 0 8 0 0 0 0 0 0 2 0 0 0 0 0 0 0 0 0 0 
16892 34 0 0 0 34 0 0 0 0 0 0 2 0 0 0 0 0 0 0 0 0 0 
16895 0 11 0 0 34 0 0 0 0 0 0 11 0 0 0 0 0 0 0 0 0 0 
16907 6 0 0 0 6 0 0 0 0 0 0 11 0 0 0 0 0 0 0 0 0 0 
16910 0 1 0 0 6 0 0 0 0 0 0 1 0 0 0 0 0 0 0 0 0 0 
16922 8 0 0 0 8 0 0 0 0 0 0 1 0 0 0 0 0 0 0 0 0 0 
16925 0 0 0 0 8 0 0 0 0 0 0 0 0 0 0 0 0 0 0 0 0 0 
16967 6 0 0 0 6 0 0 0 0 0 0 0 0 0 0 0 0 0 0 0 0 0 
16982 8 0 0 0 8 0 0 0 0 0 0 0 0 0 0 0 0 0 0 0 0 0 
16997 4 0 0 0 4 0 0 0 0 0 0 0 0 0 0 0 0 0 0 0 0 0 
16999 1 0 0 0 4 0 0 0 1 0 0 0 0 0 0 0 0 0 0 0 0 0 
17012 0 1 0 0 0 1 0 0 1 0 0 0 0 0 0 0 0 0 0 0 0 0 
17014 7 0 0 0 0 1 0 0 7 0 0 0 0 0 0 0 0 0 0 0 0 0 
17029 8 0 0 0 0 1 0 0 8 0 0 0 0 0 0 0 0 0 0 0 0 0 
17042 0 2 0 0 0 2 0 0 8 0 0 0 0 0 0 0 0 0 0 0 0 0 
17044 26 0 0 0 0 2 0 0 26 0 0 0 0 0 0 0 0 0 0 0 0 0 
17057 0 1 0 0 0 1 0 0 26 0 0 0 0 0 0 0 0 0 0 0 0 0 
17059 6 0 0 0 0 1 0 0 6 0 0 0 0 0 0 0 0 0 0 0 0 0 
17072 0 0 0 0 0 0 0 0 6 0 0 0 0 0 0 0 0 0 0 0 0 0 
17074 8 0 0 0 0 0 0 0 8 0 0 0 0 0 0 0 0 0 0 0 0 0 
17119 6 0 0 0 0 0 0 0 6 0 0 0 0 0 0 0 0 0 0 0 0 0 
17134 8 0 0 0 0 0 0 0 8 0 0 0 0 0 0 0 0 0 0 0 0 0 
17149 18 0 0 0 0 0 0 0 18 0 0 0 0 0 0 0 0 0 0 0 0 0 
17179 6 0 0 0 0 0 0 0 6 0 0 0 0 0 0 0 0 0 0 0 0 0 
17194 7 0 0 0 0 0 0 0 7 0 0 0 0 0 0 0 0 0 0 0 0 0 
17209 0 1 0 0 0 0 0 0 0 1 0 0 0 0 0 0 0 0 0 0 0 0 
17224 0 11 0 0 0 0 0 0 0 11 0 0 0 0 0 0 0 0 0 0 0 0 
17239 0 1 0 0 0 0 0 0 0 1 0 0 0 0 0 0 0 0 0 0 0 0 
17245 8 0 0 0 0 0 0 0 0 1 0 0 0 0 0 0 0 0 0 0 8 0 
17254 0 2 0 0 0 0 0 0 0 2 0 0 0 0 0 0 0 0 0 0 8 0 
17269 0 0 0 0 0 0 0 0 0 0 0 0 0 0 0 0 0 0 0 0 8 0 
17275 6 0 0 0 0 0 0 0 0 0 0 0 0 0 0 0 0 0 0 0 6 0 
17290 8 0 0 0 0 0 0 0 0 0 0 0 0 0 0 0 0 0 0 0 8 0 
17305 5 0 0 0 0 0 0 0 0 0 0 0 0 0 0 0 0 0 0 0 5 0 
17320 69 0 0 0 0 0 0 0 0 0 0 0 0 0 0 0 0 0 0 0 69 0 
17335 6 0 0 0 0 0 0 0 0 0 0 0 0 0 0 0 0 0 0 0 6 0 
17350 8 0 0 0 0 0 0 0 0 0 0 0 0 0 0 0 0 0 0 0 8 0 
17395 6 0 0 0 0 0 0 0 0 0 0 0 0 0 0 0 0 0 0 0 6 0 
17410 8 0 0 0 0 0 0 0 0 0 0 0 0 0 0 0 0 0 0 0 8 0 
17421 2 0 0 0 0 0 0 0 0 0 0 0 2 0 0 0 0 0 0 0 8 0 
17425 6 0 0 0 0 0 0 0 0 0 0 0 2 0 0 0 0 0 0 0 6 0 
17436 0 0 0 0 0 0 0 0 0 0 0 0 0 0 0 0 0 0 0 0 6 0 
17440 8 0 0 0 0 0 0 0 0 0 0 0 0 0 0 0 0 0 0 0 8 0 
17455 16 0 0 0 0 0 0 0 0 0 0 0 0 0 0 0 0 0 0 0 16 0 
17470 4 0 0 0 0 0 0 0 0 0 0 0 0 0 0 0 0 0 0 0 4 0 
17485 0 1 0 0 0 0 0 0 0 0 0 0 0 0 0 0 0 0 0 0 0 1 
17500 0 12 0 0 0 0 0 0 0 0 0 0 0 0 0 0 0 0 0 0 0 12 
17515 0 1 0 0 0 0 0 0 0 0 0 0 0 0 0 0 0 0 0 0 0 1 
17545 0 0 0 0 0 0 0 0 0 0 0 0 0 0 0 0 0 0 0 0 0 0 
19086 4 0 0 0 0 0 0 0 0 0 0 0 4 0 0 0 0 0 0 0 0 0 
19101 6 0 0 0 0 0 0 0 0 0 0 0 6 0 0 0 0 0 0 0 0 0 
19131 0 0 0 0 0 0 0 0 0 0 0 0 0 0 0 0 0 0 0 0 0 0 
19253 2 0 0 0 0 0 0 0 0 0 0 0 0 0 0 0 2 0 0 0 0 0 
19268 6 0 0 0 0 0 0 0 0 0 0 0 0 0 0 0 6 0 0 0 0 0 
19283 4 0 0 0 0 0 0 0 0 0 0 0 0 0 0 0 4 0 0 0 0 0 
19313 0 0 0 0 0 0 0 0 0 0 0 0 0 0 0 0 0 0 0 0 0 0 
19458 1 0 0 0 0 0 1 0 0 0 0 0 0 0 0 0 0 0 0 0 0 0 
19473 0 0 0 0 0 0 0 0 0 0 0 0 0 0 0 0 0 0 0 0 0 0 
21183 2 0 0 0 0 0 2 0 0 0 0 0 0 0 0 0 0 0 0 0 0 0 
21198 8 0 0 0 0 0 8 0 0 0 0 0 0 0 0 0 0 0 0 0 0 0 
21243 5 0 0 0 0 0 5 0 0 0 0 0 0 0 0 0 0 0 0 0 0 0 
21258 7 0 0 0 0 0 7 0 0 0 0 0 0 0 0 0 0 0 0 0 0 0 
21273 19 0 0 0 0 0 19 0 0 0 0 0 0 0 0 0 0 0 0 0 0 0 
21288 7 0 0 0 0 0 7 0 0 0 0 0 0 0 0 0 0 0 0 0 0 0 
21303 6 0 0 0 0 0 6 0 0 0 0 0 0 0 0 0 0 0 0 0 0 0 
21318 18 0 0 0 0 0 18 0 0 0 0 0 0 0 0 0 0 0 0 0 0 0 
21333 8 0 0 0 0 0 8 0 0 0 0 0 0 0 0 0 0 0 0 0 0 0 
21363 6 0 0 0 0 0 6 0 0 0 0 0 0 0 0 0 0 0 0 0 0 0 
21378 8 0 0 0 0 0 8 0 0 0 0 0 0 0 0 0 0 0 0 0 0 0 
21408 6 0 0 0 0 0 6 0 0 0 0 0 0 0 0 0 0 0 0 0 0 0 
21423 2 0 0 0 0 0 2 0 0 0 0 0 0 0 0 0 0 0 0 0 0 0 
21438 0 1 0 0 0 0 0 1 0 0 0 0 0 0 0 0 0 0 0 0 0 0 
21453 0 12 0 0 0 0 0 12 0 0 0 0 0 0 0 0 0 0 0 0 0 0 
21468 0 2 0 0 0 0 0 2 0 0 0 0 0 0 0 0 0 0 0 0 0 0 
21483 0 0 0 0 0 0 0 0 0 0 0 0 0 0 0 0 0 0 0 0 0 0 
21725 7 0 0 0 0 0 0 0 0 0 7 0 0 0 0 0 0 0 0 0 0 0 
21755 2 0 0 0 0 0 0 0 0 0 2 0 0 0 0 0 0 0 0 0 0 0 
21770 0 0 0 0 0 0 0 0 0 0 0 0 0 0 0 0 0 0 0 0 0 0 
21862 16 0 0 0 0 0 0 0 0 0 0 0 0 0 16 0 0 0 0 0 0 0 
21872 7 0 0 0 7 0 0 0 0 0 0 0 0 0 16 0 0 0 0 0 0 0 
21877 6 0 0 0 7 0 0 0 0 0 0 0 0 0 6 0 0 0 0 0 0 0 
21887 4.5 0 0 0 3 0 0 0 0 0 0 0 0 0 6 0 6 0 0 0 0 0 
21890 2 0 0 0 3 0 0 0 0 0 2 0 0 0 6 0 6 0 0 0 0 0 
21893 5 0 0 0 3 0 0 0 0 0 2 0 0 0 6 0 5 0 0 0 0 0 
21902 2 0 0 0 2 0 0 0 0 0 2 0 0 0 6 0 5 0 0 0 0 0 
21905 0 0 0 0 2 0 0 0 0 0 0 0 0 0 6 0 5 0 0 0 0 0 
21908 30.5 0 0 0 2 0 0 0 0 0 0 0 0 0 0 0 61 0 0 0 0 0 
21917 0 0 0 0 0 0 0 0 0 0 0 0 0 0 0 0 61 0 0 0 0 0 
21918 1 0 0 0 0 0 1 0 0 0 0 0 0 0 0 0 61 0 0 0 0 0 
21923 4 0 0 0 0 0 1 0 0 0 0 0 0 0 0 0 4 0 0 0 0 0 
21938 8 0 0 0 0 0 1 0 0 0 0 0 0 0 0 0 8 0 0 0 0 0 
21948 0 0 0 0 0 0 0 0 0 0 0 0 0 0 0 0 8 0 0 0 0 0 
21983 25 0 0 0 0 0 0 0 0 0 0 0 0 0 0 0 25 0 0 0 0 0 
21998 7 0 0 0 0 0 0 0 0 0 0 0 0 0 0 0 7 0 0 0 0 0 
22013 8 0 0 0 0 0 0 0 0 0 0 0 0 0 0 0 8 0 0 0 0 0 
22043 16 0 0 0 0 0 0 0 0 0 0 0 0 0 0 0 16 0 0 0 0 0 
22058 35 0 0 0 0 0 0 0 0 0 0 0 0 0 0 0 35 0 0 0 0 0 
22073 25 0 0 0 0 0 0 0 0 0 0 0 0 0 0 0 25 0 0 0 0 0 
22084 7 0 0 0 0 0 0 0 7 0 0 0 0 0 0 0 25 0 0 0 0 0 
22088 18 0 0 0 0 0 0 0 7 0 0 0 0 0 0 0 18 0 0 0 0 0 
22099 3 0 0 0 0 0 0 0 3 0 0 0 0 0 0 0 18 0 0 0 0 0 
22103 2 0 0 0 0 0 0 0 3 0 0 0 0 0 0 0 2 0 0 0 0 0 
22114 6 0 0 0 0 0 0 0 6 0 0 0 0 0 0 0 2 0 0 0 0 0 
22118 0 1 0 0 0 0 0 0 6 0 0 0 0 0 0 0 0 1 0 0 0 0 
22129 -6 0 0 0 0 0 0 0 -6 0 0 0 0 0 0 0 0 1 0 0 0 0 
22133 0 21 0 0 0 0 0 0 -6 0 0 0 0 0 0 0 0 21 0 0 0 0 
22144 -8 0 0 0 0 0 0 0 -8 0 0 0 0 0 0 0 0 21 0 0 0 0 
22148 0 2 0 0 0 0 0 0 -8 0 0 0 0 0 0 0 0 2 0 0 0 0 
22159 -2 0 0 0 0 0 0 0 -2 0 0 0 0 0 0 0 0 2 0 0 0 0 
22163 0 1 0 0 0 0 0 0 -2 0 0 0 0 0 0 0 0 1 0 0 0 0 
22174 0 0 0 0 0 0 0 0 0 0 0 0 0 0 0 0 0 1 0 0 0 0 
22506 2 0 0 0 0 0 0 0 0 0 0 0 4 0 0 0 0 0 0 0 0 0 
22521 8 0 0 0 0 0 0 0 0 0 0 0 8 0 0 0 0 0 0 0 0 0 
22551 6 0 0 0 0 0 0 0 0 0 0 0 6 0 0 0 0 0 0 0 0 0 
22566 8 0 0 0 0 0 0 0 0 0 0 0 8 0 0 0 0 0 0 0 0 0 
22596 18 0 0 0 0 0 0 0 0 0 0 0 18 0 0 0 0 0 0 0 0 0 
22611 6 0 0 0 0 0 0 0 0 0 0 0 6 0 0 0 0 0 0 0 0 0 
22614 4 0 0 0 0 0 0 0 0 0 0 0 6 0 0 0 0 0 4 0 0 0 
22626 17 0 0 0 0 0 0 0 0 0 0 0 17 0 0 0 0 0 4 0 0 0 
22629 6 0 0 0 0 0 0 0 0 0 0 0 17 0 0 0 0 0 6 0 0 0 
22641 7 0 0 0 0 0 0 0 0 0 0 0 7 0 0 0 0 0 6 0 0 0 
22656 9 0 0 0 0 0 0 0 0 0 0 0 9 0 0 0 0 0 6 0 0 0 
22659 0 0 0 0 0 0 0 0 0 0 0 0 9 0 0 0 0 0 0 0 0 0 
22671 15 0 0 0 0 0 0 0 0 0 0 0 15 0 0 0 0 0 0 0 0 0 
22686 8 0 0 0 0 0 0 0 0 0 0 0 8 0 0 0 0 0 0 0 0 0 
22688 1 0 0 0 0 0 0 0 0 0 0 0 8 0 0 0 1 0 0 0 0 0 
22702 14 0 0 0 0 0 0 0 0 0 0 0 8 0 14 0 1 0 0 0 0 0 
22703 0 0 0 0 0 0 0 0 0 0 0 0 8 0 14 0 0 0 0 0 0 0 
22717 39 0 0 0 0 0 0 0 0 0 0 0 8 0 39 0 0 0 0 0 0 0 
22731 6 0 0 0 0 0 0 0 0 0 0 0 6 0 39 0 0 0 0 0 0 0 
22732 8 0 0 0 0 0 0 0 0 0 0 0 6 0 8 0 0 0 0 0 0 0 
22747 7 0 0 0 0 0 0 0 0 0 0 0 8 0 6 0 0 0 0 0 0 0 
22757 2 0 0 0 2 0 0 0 0 0 0 0 8 0 6 0 0 0 0 0 0 0 
22761 2 1 0 0 2 0 0 0 0 0 0 0 2 1 6 0 0 0 0 0 0 0 
22765 2 0 0 0 2 0 0 0 0 0 0 0 2 1 6 0 0 0 0 0 2 0 
22772 8 0 0 0 8 0 0 0 0 0 0 0 2 1 6 0 0 0 0 0 2 0 
22776 0 0 0 0 8 0 0 0 0 0 0 0 0 0 6 0 0 0 0 0 2 0 
22777 12 1 0 0 8 0 0 0 0 0 0 0 0 0 12 1 0 0 0 0 2 0 
22780 0 0 0 0 8 0 0 0 0 0 0 0 0 0 12 1 0 0 0 0 0 0 
22787 6 0 0 0 6 0 0 0 0 0 0 0 0 0 12 1 0 0 0 0 0 0 
22791 0 2 0 0 6 0 0 0 0 0 0 0 0 2 12 1 0 0 0 0 0 0 
22792 0 0 0 0 6 0 0 0 0 0 0 0 0 2 0 0 0 0 0 0 0 0 
22802 8 0 0 0 8 0 0 0 0 0 0 0 0 2 0 0 0 0 0 0 0 0 
22807 0 12 0 0 8 0 0 0 0 0 0 0 0 2 0 12 0 0 0 0 0 0 
22821 0 0 0 0 8 0 0 0 0 0 0 0 0 0 0 12 0 0 0 0 0 0 
22847 3 0 0 0 6 0 0 0 0 0 0 0 0 0 0 0 0 0 0 0 0 0 
22864 2 0 0 0 6 0 0 0 2 0 0 0 0 0 0 0 0 0 0 0 0 0 
22877 18 0 0 0 18 0 0 0 2 0 0 0 0 0 0 0 0 0 0 0 0 0 
22879 0 0 0 0 18 0 0 0 0 0 0 0 0 0 0 0 0 0 0 0 0 0 
22892 8 0 0 0 8 0 0 0 0 0 0 0 0 0 0 0 0 0 0 0 0 0 
22907 6 0 0 0 6 0 0 0 0 0 0 0 0 0 0 0 0 0 0 0 0 0 
22922 1 1 0 0 1 1 0 0 0 0 0 0 0 0 0 0 0 0 0 0 0 0 
22937 0 0 0 0 0 0 0 0 0 0 0 0 0 0 0 0 0 0 0 0 0 0 
22952 0 2 0 0 0 2 0 0 0 0 0 0 0 0 0 0 0 0 0 0 0 0 
22982 0 0 0 0 0 0 0 0 0 0 0 0 0 0 0 0 0 0 0 0 0 0 
23079 1 0 0 0 0 0 0 0 0 0 0 0 0 0 0 0 0 0 1 0 0 0 
23087 2 0 0 0 2 0 0 0 0 0 0 0 0 0 0 0 0 0 1 0 0 0 
23094 1 1 0 0 2 0 0 0 0 0 0 0 0 0 0 0 0 0 1 1 0 0 
23102 0 0 0 0 0 0 0 0 0 0 0 0 0 0 0 0 0 0 1 1 0 0 
23124 0 22 0 0 0 0 0 0 0 0 0 0 0 0 0 0 0 0 0 22 0 0 
23139 0 2 0 0 0 0 0 0 0 0 0 0 0 0 0 0 0 0 0 2 0 0 
23154 0 0 0 0 0 0 0 0 0 0 0 0 0 0 0 0 0 0 0 0 0 0 
23716 4 0 4 0 0 0 0 0 0 0 0 0 0 0 0 0 0 0 0 0 0 0 
23746 7 0 7 0 0 0 0 0 0 0 0 0 0 0 0 0 0 0 0 0 0 0 
23761 1 0 1 0 0 0 0 0 0 0 0 0 0 0 0 0 0 0 0 0 0 0 
23776 0 0 0 0 0 0 0 0 0 0 0 0 0 0 0 0 0 0 0 0 0 0 
24481 2 0 2 0 0 0 0 0 0 0 0 0 0 0 0 0 0 0 0 0 0 0 
24496 0 0 0 0 0 0 0 0 0 0 0 0 0 0 0 0 0 0 0 0 0 0 
24781 1 0 1 0 0 0 0 0 0 0 0 0 0 0 0 0 0 0 0 0 0 0 
24796 4 0 7 0 1 0 0 0 0 0 0 0 0 0 0 0 0 0 0 0 0 0 
24811 6 0 6 0 1 0 0 0 0 0 0 0 0 0 0 0 0 0 0 0 0 0 
24812 0 0 6 0 0 0 0 0 0 0 0 0 0 0 0 0 0 0 0 0 0 0 
24826 34 0 34 0 0 0 0 0 0 0 0 0 0 0 0 0 0 0 0 0 0 0 
24841 0 1 0 1 0 0 0 0 0 0 0 0 0 0 0 0 0 0 0 0 0 0 
24856 0 11 0 11 0 0 0 0 0 0 0 0 0 0 0 0 0 0 0 0 0 0 
24886 0 2 0 2 0 0 0 0 0 0 0 0 0 0 0 0 0 0 0 0 0 0 
24901 0 0 0 0 0 0 0 0 0 0 0 0 0 0 0 0 0 0 0 0 0 0 
25805 18 0 0 0 0 0 0 0 0 0 18 0 0 0 0 0 0 0 0 0 0 0 
25820 8 0 0 0 0 0 0 0 0 0 8 0 0 0 0 0 0 0 0 0 0 0 
25835 6 0 0 0 0 0 0 0 0 0 6 0 0 0 0 0 0 0 0 0 0 0 
25850 27 0 0 0 0 0 0 0 0 0 27 0 0 0 0 0 0 0 0 0 0 0 
25865 7 0 0 0 0 0 0 0 0 0 7 0 0 0 0 0 0 0 0 0 0 0 
25880 50 0 0 0 0 0 0 0 0 0 50 0 0 0 0 0 0 0 0 0 0 0 
25895 6 0 0 0 0 0 0 0 0 0 6 0 0 0 0 0 0 0 0 0 0 0 
25910 8 0 0 0 0 0 0 0 0 0 8 0 0 0 0 0 0 0 0 0 0 0 
25925 6 0 0 0 0 0 0 0 0 0 6 0 0 0 0 0 0 0 0 0 0 0 
25926 1 0 0 0 0 0 0 0 0 0 6 0 1 0 0 0 0 0 0 0 0 0 
25940 2.5 0 0 0 0 0 0 0 0 0 4 0 1 0 0 0 0 0 0 0 1 0 
25941 0 0 0 0 0 0 0 0 0 0 4 0 0 0 0 0 0 0 0 0 1 0 
25955 0 0.5 0 0 0 0 0 0 0 0 0 1 0 0 0 0 0 0 0 0 0 0 
25970 0 11 0 0 0 0 0 0 0 0 0 11 0 0 0 0 0 0 0 0 0 0 
25985 0 2 0 0 0 0 0 0 0 0 0 2 0 0 0 0 0 0 0 0 0 0 
26000 0 1 0 0 0 0 0 0 0 0 0 1 0 0 0 0 0 0 0 0 0 0 
26015 0 0 0 0 0 0 0 0 0 0 0 0 0 0 0 0 0 0 0 0 0 0 
26298 7 0 0 0 0 0 7 0 0 0 0 0 0 0 0 0 0 0 0 0 0 0 
26313 17 0 0 0 0 0 17 0 0 0 0 0 0 0 0 0 0 0 0 0 0 0 
26328 2 0 0 0 0 0 2 0 0 0 0 0 0 0 0 0 0 0 0 0 0 0 
26343 0 0 0 0 0 0 0 0 0 0 0 0 0 0 0 0 0 0 0 0 0 0 
26350 2 0 0 0 0 0 0 0 0 0 0 0 0 0 0 0 0 0 0 0 2 0 
26365 6 0 0 0 0 0 0 0 0 0 0 0 0 0 0 0 0 0 0 0 6 0 
26380 7 0 0 0 0 0 0 0 0 0 0 0 0 0 0 0 0 0 0 0 7 0 
26395 1 0 0 0 0 0 0 0 0 0 0 0 0 0 0 0 0 0 0 0 1 0 
26410 0 0 0 0 0 0 0 0 0 0 0 0 0 0 0 0 0 0 0 0 0 0 
26900 1 0 0 0 0 0 0 0 0 0 1 0 0 0 0 0 0 0 0 0 0 0 
26905 4 0 0 0 0 0 0 0 0 0 1 0 0 0 0 0 0 0 0 0 4 0 
26920 8 0 0 0 0 0 0 0 0 0 1 0 0 0 0 0 0 0 0 0 8 0 
26930 0 0 0 0 0 0 0 0 0 0 0 0 0 0 0 0 0 0 0 0 8 0 
26935 6 0 0 0 0 0 0 0 0 0 0 0 0 0 0 0 0 0 0 0 6 0 
26950 42 0 0 0 0 0 0 0 0 0 0 0 0 0 0 0 0 0 0 0 42 0 
26965 2 1 0 0 0 0 0 0 0 0 0 0 0 0 0 0 0 0 0 0 2 1 
26973 2 0 0 0 0 0 2 0 0 0 0 0 0 0 0 0 0 0 0 0 2 1 
26978 3 0 0 0 0 0 2 0 0 0 0 0 0 0 0 0 3 0 0 0 2 1 
26980 0 0 0 0 0 0 2 0 0 0 0 0 0 0 0 0 3 0 0 0 0 0 
26993 3.5 0 0 0 0 0 0 0 0 0 0 0 0 0 0 0 7 0 0 0 0 0 
26995 0 2 0 0 0 0 0 0 0 0 0 0 0 0 0 0 7 0 0 0 0 2 
