# ValueCount deltaRailways
10 0 0 0 0 0 0 0 0 0 0 0 0 0 0 0 0 0 0 0 0 0 0 
123 1 8 1 0 1 0 1 8 1 0 1 0 1 0 1 0 1 0 1 0 1 0 
124 2 9 2 0 2 0 2 8 2 9 2 0 2 0 2 0 2 0 2 0 2 0 
126 3 7 3 0 3 0 3 8 3 9 3 0 3 7 3 0 3 0 3 0 3 0 
136 4 6.5 4 6 4 0 4 8 4 9 4 0 4 7 4 0 4 0 4 7 4 0 
139 5 7 5 6 5 0 5 8 5 7 5 0 5 7 5 0 5 0 5 7 5 0 
141 6 10 6 6 6 0 6 8 6 7 6 0 6 10 6 0 6 0 6 7 6 0 
151 7 6.5 7 3 7 0 7 8 7 7 7 0 7 10 7 0 7 0 7 10 7 0 
153 8 12 8 3 8 0 8 12 8 7 8 0 8 10 8 0 8 0 8 10 8 0 
159 9 10.5 9 3 9 0 9 12 9 12 9 0 9 10 9 0 9 0 9 9 9 0 
166 10 12 10 12 10 0 10 12 10 12 10 0 10 10 10 0 10 0 10 9 10 0 
168 11 7 11 12 11 0 11 7 11 12 11 0 11 10 11 0 11 0 11 9 11 0 
171 12 4 12 12 12 0 12 7 12 7 12 0 12 1 12 0 12 0 12 9 12 0 
174 13 2 13 12 13 0 13 7 13 7 13 0 13 1 13 0 13 0 13 2 13 0 
181 14 7 14 7 14 0 14 7 14 7 14 0 14 1 14 0 14 0 14 2 14 0 
183 15 3 15 7 15 0 15 3 15 7 15 0 15 1 15 0 15 0 15 2 15 0 
184 16 6 16 7 16 0 16 3 16 6 16 0 16 1 16 0 16 0 16 2 16 0 
186 17 0 17 7 17 0 17 3 17 6 17 0 17 0 17 0 17 0 17 2 17 0 
198 18 5.33333 18 0 18 0 18 16 18 6 18 0 18 0 18 0 18 0 18 0 18 0 
199 19 13 19 0 19 0 19 16 19 13 19 0 19 0 19 0 19 0 19 0 19 0 
211 20 7 20 7 20 0 20 16 20 13 20 0 20 0 20 0 20 0 20 0 20 0 
213 21 2 21 7 21 0 21 2 21 13 21 0 21 0 21 0 21 0 21 0 21 0 
214 22 4 22 7 22 0 22 2 22 4 22 0 22 0 22 0 22 0 22 0 22 0 
226 23 6 23 6 23 0 23 2 23 4 23 0 23 0 23 0 23 0 23 0 23 0 
228 24 4 24 6 24 0 24 4 24 4 24 0 24 0 24 0 24 0 24 0 24 0 
241 25 14 25 14 25 0 25 4 25 4 25 0 25 0 25 0 25 0 25 0 25 0 
243 26 3 26 14 26 0 26 3 26 4 26 0 26 0 26 0 26 0 26 0 26 0 
256 27 2 27 2 27 0 27 3 27 4 27 0 27 0 27 0 27 0 27 0 27 0 
258 28 6 28 2 28 0 28 6 28 4 28 0 28 0 28 0 28 0 28 0 28 0 
259 29 5 29 2 29 0 29 6 29 5 29 0 29 0 29 0 29 0 29 0 29 0 
271 30 3 30 3 30 0 30 6 30 5 30 0 30 0 30 0 30 0 30 0 30 0 
273 31 4 31 3 31 0 31 4 31 5 31 0 31 0 31 0 31 0 31 0 31 0 
288 32 3.66667 32 4 32 0 32 3 32 4 32 0 32 0 32 0 32 0 32 0 32 0 
289 33 3 33 4 33 0 33 3 33 3 33 0 33 0 33 0 33 0 33 0 33 0 
301 34 6 34 6 34 0 34 3 34 3 34 0 34 0 34 0 34 0 34 0 34 0 
303 35 2 35 6 35 0 35 2 35 3 35 0 35 0 35 0 35 0 35 0 35 0 
318 36 4 36 6 36 0 36 4 36 3 36 0 36 0 36 0 36 0 36 0 36 0 
331 37 0 37 0 37 0 37 4 37 3 37 0 37 0 37 0 37 0 37 0 37 0 
333 38 6 38 0 38 0 38 6 38 3 38 0 38 0 38 0 38 0 38 0 38 0 
346 39 4.5 39 3 39 0 39 6 39 6 39 0 39 0 39 0 39 0 39 0 39 0 
348 40 4 40 3 40 0 40 4 40 6 40 0 40 0 40 0 40 0 40 0 40 0 
351 41 3 41 3 41 0 41 4 41 6 41 0 41 3 41 0 41 0 41 0 41 0 
361 42 4 42 4 42 0 42 4 42 6 42 0 42 3 42 0 42 0 42 0 42 0 
376 43 4.66667 43 6 43 0 43 4 43 4 43 0 43 4 43 0 43 0 43 0 43 0 
378 44 0 44 6 44 0 44 0 44 4 44 0 44 4 44 0 44 0 44 0 44 0 
391 45 1.5 45 3 45 0 45 0 45 0 45 0 45 4 45 0 45 0 45 0 45 0 
406 46 4 46 4 46 0 46 0 46 0 46 0 46 4 46 0 46 0 46 0 46 0 
409 47 3 47 4 47 0 47 0 47 3 47 0 47 4 47 0 47 0 47 0 47 0 
421 48 1.5 48 0 48 0 48 0 48 3 48 0 48 3 48 0 48 0 48 0 48 0 
424 49 4 49 0 49 0 49 0 49 4 49 0 49 3 49 0 49 0 49 0 49 0 
439 50 4.5 50 0 50 0 50 0 50 5 50 0 50 4 50 0 50 0 50 0 50 0 
454 51 4 51 0 51 0 51 0 51 4 51 0 51 4 51 0 51 0 51 0 51 0 
456 52 1 52 0 52 0 52 0 52 4 52 0 52 1 52 0 52 0 52 0 52 0 
471 53 0 53 0 53 0 53 0 53 4 53 0 53 0 53 0 53 0 53 0 53 0 
483 54 3 54 0 54 0 54 3 54 4 54 0 54 0 54 0 54 0 54 0 54 0 
498 55 4 55 0 55 0 55 4 55 4 55 0 55 0 55 0 55 0 55 0 55 0 
499 56 3 56 0 56 0 56 4 56 3 56 0 56 0 56 0 56 0 56 0 56 0 
514 57 4 57 0 57 0 57 4 57 4 57 0 57 0 57 0 57 0 57 0 57 0 
529 58 2 58 0 58 0 58 4 58 2 58 0 58 0 58 0 58 0 58 0 58 0 
543 59 3 59 0 59 0 59 3 59 2 59 0 59 0 59 0 59 0 59 0 59 0 
544 60 0 60 0 60 0 60 3 60 0 60 0 60 0 60 0 60 0 60 0 60 0 
558 61 4 61 0 61 0 61 4 61 0 61 0 61 0 61 0 61 0 61 0 61 0 
588 62 0 62 0 62 0 62 0 62 0 62 0 62 0 62 0 62 0 62 0 62 0 
603 63 2 63 0 63 0 63 2 63 0 63 0 63 0 63 0 63 0 63 0 63 0 
618 64 4 64 0 64 0 64 4 64 0 64 0 64 0 64 0 64 0 64 0 64 0 
663 65 3 65 0 65 0 65 3 65 0 65 0 65 0 65 0 65 0 65 0 65 0 
678 66 4 66 0 66 0 66 4 66 0 66 0 66 0 66 0 66 0 66 0 66 0 
693 67 3 67 0 67 0 67 3 67 0 67 0 67 0 67 0 67 0 67 0 67 0 
708 68 1 68 0 68 0 68 1 68 0 68 0 68 0 68 0 68 0 68 0 68 0 
721 69 2 69 2 69 0 69 1 69 0 69 0 69 0 69 0 69 0 69 0 69 0 
723 70 3 70 2 70 0 70 3 70 0 70 0 70 0 70 0 70 0 70 0 70 0 
736 71 4 71 4 71 0 71 3 71 0 71 0 71 0 71 0 71 0 71 0 71 0 
751 72 3.5 72 3 72 0 72 4 72 0 72 0 72 0 72 0 72 0 72 0 72 0 
766 73 4 73 4 73 0 73 4 73 0 73 0 73 0 73 0 73 0 73 0 73 0 
783 74 3 74 4 74 0 74 3 74 0 74 0 74 0 74 0 74 0 74 0 74 0 
798 75 2 75 4 75 0 75 2 75 0 75 0 75 0 75 0 75 0 75 0 75 0 
811 76 1 76 1 76 0 76 2 76 0 76 0 76 0 76 0 76 0 76 0 76 0 
813 77 0 77 1 77 0 77 0 77 0 77 0 77 0 77 0 77 0 77 0 77 0 
886 78 4 78 4 78 0 78 0 78 0 78 0 78 0 78 0 78 0 78 0 78 0 
909 79 3 79 4 79 0 79 0 79 0 79 0 79 0 79 0 79 0 79 3 79 0 
924 80 3.5 80 4 80 0 80 0 80 3 80 0 80 0 80 0 80 0 80 4 80 0 
931 81 3 81 3 81 0 81 0 81 3 81 0 81 0 81 0 81 0 81 4 81 0 
934 82 4 82 3 82 0 82 0 82 4 82 0 82 0 82 0 82 0 82 4 82 0 
939 83 3 83 3 83 0 83 0 83 4 83 0 83 0 83 0 83 0 83 3 83 0 
946 84 4 84 4 84 0 84 0 84 4 84 0 84 0 84 0 84 0 84 3 84 0 
961 85 3 85 2 85 0 85 0 85 4 85 0 85 0 85 0 85 0 85 4 85 0 
976 86 0 86 0 86 0 86 0 86 4 86 0 86 0 86 0 86 0 86 4 86 0 
979 87 3 87 0 87 0 87 0 87 3 87 0 87 0 87 0 87 0 87 4 87 0 
994 88 4 88 0 88 0 88 0 88 4 88 0 88 0 88 0 88 0 88 4 88 0 
999 89 3 89 0 89 0 89 0 89 4 89 0 89 0 89 0 89 0 89 3 89 0 
1014 90 4 90 0 90 0 90 0 90 4 90 0 90 0 90 0 90 0 90 4 90 0 
1029 91 1 91 0 91 0 91 0 91 4 91 0 91 0 91 0 91 0 91 1 91 0 
1044 92 0.5 92 0 92 0 92 0 92 1 92 0 92 0 92 0 92 0 92 0 92 0 
1051 93 2 93 2 93 0 93 0 93 1 93 0 93 0 93 0 93 0 93 0 93 0 
1054 94 0 94 2 94 0 94 0 94 0 94 0 94 0 94 0 94 0 94 0 94 0 
1066 95 4 95 4 95 0 95 0 95 0 95 0 95 0 95 0 95 0 95 0 95 0 
1111 96 3 96 3 96 0 96 0 96 0 96 0 96 0 96 0 96 0 96 0 96 0 
1126 97 2 97 2 97 0 97 0 97 0 97 0 97 0 97 0 97 0 97 0 97 0 
1141 98 0 98 0 98 0 98 0 98 0 98 0 98 0 98 0 98 0 98 0 98 0 
1219 99 2 99 0 99 0 99 0 99 2 99 0 99 0 99 0 99 0 99 0 99 0 
1234 100 4 100 0 100 0 100 0 100 4 100 0 100 0 100 0 100 0 100 0 100 0 
1279 101 26 101 0 101 0 101 0 101 26 101 0 101 0 101 0 101 0 101 0 101 0 
1294 102 0 102 0 102 0 102 0 102 0 102 0 102 0 102 0 102 0 102 0 102 0 
5316 103 5 103 0 103 0 103 0 103 0 103 0 103 5 103 0 103 0 103 0 103 0 
5331 104 9 104 0 104 0 104 0 104 0 104 0 104 9 104 0 104 0 104 0 104 0 
5346 105 7 105 0 105 0 105 0 105 0 105 0 105 7 105 0 105 0 105 0 105 0 
5376 106 0 106 0 106 0 106 0 106 0 106 0 106 0 106 0 106 0 106 0 106 0 
5466 107 2 107 0 107 0 107 0 107 0 107 0 107 2 107 0 107 0 107 0 107 0 
5481 108 4 108 0 108 0 108 0 108 0 108 0 108 4 108 0 108 0 108 0 108 0 
5511 109 3 109 0 109 0 109 0 109 0 109 0 109 3 109 0 109 0 109 0 109 0 
5526 110 2 110 0 110 0 110 0 110 0 110 0 110 2 110 0 110 0 110 0 110 0 
5541 111 0 111 0 111 0 111 0 111 0 111 0 111 0 111 0 111 0 111 0 111 0 
6154 112 7 112 0 112 0 112 0 112 7 112 0 112 0 112 0 112 0 112 0 112 0 
6169 113 6 113 0 113 0 113 0 113 6 113 0 113 0 113 0 113 0 113 0 113 0 
6184 114 14 114 0 114 0 114 0 114 14 114 0 114 0 114 0 114 0 114 0 114 0 
6199 115 1 115 0 115 0 115 0 115 1 115 0 115 0 115 0 115 0 115 0 115 0 
6214 116 9 116 0 116 0 116 0 116 9 116 0 116 0 116 0 116 0 116 0 116 0 
6229 117 12 117 0 117 0 117 0 117 12 117 0 117 0 117 0 117 0 117 0 117 0 
6244 118 7 118 0 118 0 118 0 118 7 118 0 118 0 118 0 118 0 118 0 118 0 
6259 119 2 119 0 119 0 119 0 119 2 119 0 119 0 119 0 119 0 119 0 119 0 
6274 120 4 120 0 120 0 120 0 120 4 120 0 120 0 120 0 120 0 120 0 120 0 
6289 121 6 121 0 121 0 121 0 121 6 121 0 121 0 121 0 121 0 121 0 121 0 
6304 122 4 122 0 122 0 122 0 122 4 122 0 122 0 122 0 122 0 122 0 122 0 
6334 123 1 123 0 123 0 123 0 123 1 123 0 123 0 123 0 123 0 123 0 123 0 
6349 124 4 124 0 124 0 124 0 124 4 124 0 124 0 124 0 124 0 124 0 124 0 
6379 125 7 125 0 125 0 125 0 125 7 125 0 125 0 125 0 125 0 125 0 125 0 
6394 126 6 126 0 126 0 126 0 126 6 126 0 126 0 126 0 126 0 126 0 126 0 
6409 127 0 127 0 127 0 127 0 127 0 127 0 127 0 127 0 127 0 127 0 127 0 
6499 128 3 128 0 128 0 128 0 128 3 128 0 128 0 128 0 128 0 128 0 128 0 
6514 129 4 129 0 129 0 129 0 129 4 129 0 129 0 129 0 129 0 129 0 129 0 
6559 130 3 130 0 130 0 130 0 130 3 130 0 130 0 130 0 130 0 130 0 130 0 
6574 131 0 131 0 131 0 131 0 131 0 131 0 131 0 131 0 131 0 131 0 131 0 
7984 132 2 132 0 132 0 132 0 132 2 132 0 132 0 132 0 132 0 132 0 132 0 
7999 133 3 133 0 133 0 133 0 133 3 133 0 133 0 133 0 133 0 133 0 133 0 
8014 134 4 134 0 134 0 134 0 134 4 134 0 134 0 134 0 134 0 134 0 134 0 
8044 135 39 135 0 135 0 135 0 135 39 135 0 135 0 135 0 135 0 135 0 135 0 
8059 136 3 136 0 136 0 136 0 136 3 136 0 136 0 136 0 136 0 136 0 136 0 
8074 137 4 137 0 137 0 137 0 137 4 137 0 137 0 137 0 137 0 137 0 137 0 
8089 138 0 138 0 138 0 138 0 138 0 138 0 138 0 138 0 138 0 138 0 138 0 
8209 139 4 139 0 139 0 139 0 139 4 139 0 139 0 139 0 139 0 139 0 139 0 
8239 140 3 140 0 140 0 140 0 140 3 140 0 140 0 140 0 140 0 140 0 140 0 
8254 141 4 141 0 141 0 141 0 141 4 141 0 141 0 141 0 141 0 141 0 141 0 
8284 142 2 142 0 142 0 142 0 142 2 142 0 142 0 142 0 142 0 142 0 142 0 
8299 143 0 143 0 143 0 143 0 143 0 143 0 143 0 143 0 143 0 143 0 143 0 
8513 144 7 144 0 144 0 144 0 144 0 144 0 144 0 144 0 144 7 144 0 144 0 
8528 145 6 145 0 145 0 145 0 145 0 145 0 145 0 145 0 145 6 145 0 145 0 
8543 146 13 146 0 146 0 146 0 146 0 146 0 146 0 146 0 146 13 146 0 146 0 
8558 147 2 147 0 147 0 147 0 147 0 147 0 147 0 147 0 147 2 147 0 147 0 
8573 148 9 148 0 148 0 148 0 148 0 148 0 148 0 148 0 148 9 148 0 148 0 
8588 149 12 149 0 149 0 149 0 149 0 149 0 149 0 149 0 149 12 149 0 149 0 
8603 150 7 150 0 150 0 150 0 150 0 150 0 150 0 150 0 150 7 150 0 150 0 
8618 151 2 151 0 151 0 151 0 151 0 151 0 151 0 151 0 151 2 151 0 151 0 
8633 152 4 152 0 152 0 152 0 152 0 152 0 152 0 152 0 152 4 152 0 152 0 
8648 153 6 153 0 153 0 153 0 153 0 153 0 153 0 153 0 153 6 153 0 153 0 
8663 154 3 154 0 154 0 154 0 154 0 154 0 154 0 154 0 154 3 154 0 154 0 
8678 155 5 155 0 155 0 155 0 155 0 155 0 155 0 155 0 155 5 155 0 155 0 
8693 156 0 156 0 156 0 156 0 156 0 156 0 156 0 156 0 156 0 156 0 156 0 
8708 157 4 157 0 157 0 157 0 157 0 157 0 157 0 157 0 157 4 157 0 157 0 
8723 158 3 158 0 158 0 158 0 158 0 158 0 158 0 158 0 158 3 158 0 158 0 
8738 159 6 159 0 159 0 159 0 159 0 159 0 159 0 159 0 159 6 159 0 159 0 
8753 160 4 160 0 160 0 160 0 160 0 160 0 160 0 160 0 160 4 160 0 160 0 
8768 161 3 161 0 161 0 161 0 161 0 161 0 161 0 161 0 161 3 161 0 161 0 
8783 162 0 162 0 162 0 162 0 162 0 162 0 162 0 162 0 162 0 162 0 162 0 
8873 163 1 163 0 163 0 163 0 163 0 163 0 163 0 163 0 163 1 163 0 163 0 
8888 164 4 164 0 164 0 164 0 164 0 164 0 164 0 164 0 164 4 164 0 164 0 
8903 165 3 165 0 165 0 165 0 165 0 165 0 165 0 165 0 165 3 165 0 165 0 
8918 166 4 166 0 166 0 166 0 166 0 166 0 166 0 166 0 166 4 166 0 166 0 
8963 167 3 167 0 167 0 167 0 167 0 167 0 167 0 167 0 167 3 167 0 167 0 
8978 168 2 168 0 168 0 168 0 168 0 168 0 168 0 168 0 168 2 168 0 168 0 
8993 169 0 169 0 169 0 169 0 169 0 169 0 169 0 169 0 169 0 169 0 169 0 
10386 170 8 170 0 170 0 170 0 170 0 170 0 170 8 170 0 170 0 170 0 170 0 
10416 171 12 171 0 171 0 171 0 171 0 171 0 171 12 171 0 171 0 171 0 171 0 
10431 172 6 172 0 172 0 172 0 172 0 172 0 172 6 172 0 172 0 172 0 172 0 
10446 173 4 173 0 173 0 173 0 173 0 173 0 173 4 173 0 173 0 173 0 173 0 
10461 174 16 174 0 174 0 174 0 174 0 174 0 174 16 174 0 174 0 174 0 174 0 
10476 175 2 175 0 175 0 175 0 175 0 175 0 175 2 175 0 175 0 175 0 175 0 
10491 176 3 176 0 176 0 176 0 176 0 176 0 176 3 176 0 176 0 176 0 176 0 
10506 177 4 177 0 177 0 177 0 177 0 177 0 177 4 177 0 177 0 177 0 177 0 
10521 178 6 178 0 178 0 178 0 178 0 178 0 178 6 178 0 178 0 178 0 178 0 
10536 179 4 179 0 179 0 179 0 179 0 179 0 179 4 179 0 179 0 179 0 179 0 
10551 180 3 180 0 180 0 180 0 180 0 180 0 180 3 180 0 180 0 180 0 180 0 
10566 181 2 181 0 181 0 181 0 181 0 181 0 181 2 181 0 181 0 181 0 181 0 
10581 182 4 182 0 182 0 182 0 182 0 182 0 182 4 182 0 182 0 182 0 182 0 
10596 183 6 183 0 183 0 183 0 183 0 183 0 183 6 183 0 183 0 183 0 183 0 
10611 184 3 184 0 184 0 184 0 184 0 184 0 184 3 184 0 184 0 184 0 184 0 
10626 185 5 185 0 185 0 185 0 185 0 185 0 185 5 185 0 185 0 185 0 185 0 
10641 186 0 186 0 186 0 186 0 186 0 186 0 186 0 186 0 186 0 186 0 186 0 
10731 187 2 187 0 187 0 187 0 187 0 187 0 187 2 187 0 187 0 187 0 187 0 
10746 188 4 188 0 188 0 188 0 188 0 188 0 188 4 188 0 188 0 188 0 188 0 
10776 189 6 189 0 189 0 189 0 189 0 189 0 189 6 189 0 189 0 189 0 189 0 
10791 190 2 190 0 190 0 190 0 190 0 190 0 190 2 190 0 190 0 190 0 190 0 
10806 191 0 191 0 191 0 191 0 191 0 191 0 191 0 191 0 191 0 191 0 191 0 
10836 192 4 192 0 192 0 192 0 192 0 192 0 192 4 192 0 192 0 192 0 192 0 
10851 193 3 193 0 193 0 193 0 193 0 193 0 193 3 193 0 193 0 193 0 193 0 
10866 194 4 194 0 194 0 194 0 194 0 194 0 194 4 194 0 194 0 194 0 194 0 
10881 195 1 195 0 195 0 195 0 195 0 195 0 195 1 195 0 195 0 195 0 195 0 
10896 196 0 196 0 196 0 196 0 196 0 196 0 196 0 196 0 196 0 196 0 196 0 
10898 197 1 197 0 197 0 197 0 197 0 197 0 197 0 197 0 197 1 197 0 197 0 
10913 198 4 198 0 198 0 198 0 198 0 198 0 198 0 198 0 198 4 198 0 198 0 
10943 199 3 199 0 199 0 199 0 199 0 199 0 199 0 199 0 199 3 199 0 199 0 
10958 200 35 200 0 200 0 200 0 200 0 200 0 200 0 200 0 200 35 200 0 200 0 
10973 201 4 201 0 201 0 201 0 201 0 201 0 201 0 201 0 201 4 201 0 201 0 
11003 202 3 202 0 202 0 202 0 202 0 202 0 202 0 202 0 202 3 202 0 202 0 
11018 203 4 203 0 203 0 203 0 203 0 203 0 203 0 203 0 203 4 203 0 203 0 
11033 204 1 204 0 204 0 204 0 204 0 204 0 204 0 204 0 204 1 204 0 204 0 
11048 205 0 205 0 205 0 205 0 205 0 205 0 205 0 205 0 205 0 205 0 205 0 
11196 206 2 206 0 206 0 206 0 206 0 206 0 206 2 206 0 206 0 206 0 206 0 
11211 207 3 207 0 207 0 207 0 207 0 207 0 207 3 207 0 207 0 207 0 207 0 
11226 208 3.5 208 0 208 0 208 0 208 0 208 0 208 4 208 0 208 3 208 0 208 0 
11228 209 4 209 0 209 0 209 0 209 0 209 0 209 4 209 0 209 4 209 0 209 0 
11243 210 3 210 0 210 0 210 0 210 0 210 0 210 4 210 0 210 3 210 0 210 0 
11258 211 4 211 0 211 0 211 0 211 0 211 0 211 4 211 0 211 4 211 0 211 0 
11271 212 3 212 0 212 0 212 0 212 0 212 0 212 3 212 0 212 4 212 0 212 0 
11286 213 2 213 0 213 0 213 0 213 0 213 0 213 2 213 0 213 4 213 0 213 0 
11301 214 0 214 0 214 0 214 0 214 0 214 0 214 0 214 0 214 4 214 0 214 0 
11303 215 2 215 0 215 0 215 0 215 0 215 0 215 0 215 0 215 2 215 0 215 0 
11318 216 0 216 0 216 0 216 0 216 0 216 0 216 0 216 0 216 0 216 0 216 0 
11641 217 7 217 7 217 0 217 0 217 0 217 0 217 0 217 0 217 0 217 0 217 0 
11656 218 6 218 6 218 0 218 0 218 0 218 0 218 0 218 0 218 0 218 0 218 0 
11671 219 13 219 13 219 0 219 0 219 0 219 0 219 0 219 0 219 0 219 0 219 0 
11686 220 2 220 2 220 0 220 0 220 0 220 0 220 0 220 0 220 0 220 0 220 0 
11701 221 9 221 9 221 0 221 0 221 0 221 0 221 0 221 0 221 0 221 0 221 0 
11716 222 12 222 12 222 0 222 0 222 0 222 0 222 0 222 0 222 0 222 0 222 0 
11731 223 7 223 7 223 0 223 0 223 0 223 0 223 0 223 0 223 0 223 0 223 0 
11746 224 2 224 2 224 0 224 0 224 0 224 0 224 0 224 0 224 0 224 0 224 0 
11761 225 4 225 4 225 0 225 0 225 0 225 0 225 0 225 0 225 0 225 0 225 0 
11776 226 6 226 6 226 0 226 0 226 0 226 0 226 0 226 0 226 0 226 0 226 0 
11791 227 3 227 3 227 0 227 0 227 0 227 0 227 0 227 0 227 0 227 0 227 0 
11806 228 5 228 5 228 0 228 0 228 0 228 0 228 0 228 0 228 0 228 0 228 0 
11821 229 1 229 1 229 0 229 0 229 0 229 0 229 0 229 0 229 0 229 0 229 0 
11836 230 4 230 4 230 0 230 0 230 0 230 0 230 0 230 0 230 0 230 0 230 0 
11851 231 3 231 3 231 0 231 0 231 0 231 0 231 0 231 0 231 0 231 0 231 0 
11866 232 6 232 6 232 0 232 0 232 0 232 0 232 0 232 0 232 0 232 0 232 0 
11881 233 8 233 8 233 0 233 0 233 0 233 0 233 0 233 0 233 0 233 0 233 0 
11884 234 1 234 8 234 0 234 0 234 1 234 0 234 0 234 0 234 0 234 0 234 0 
11896 235 0 235 0 235 0 235 0 235 1 235 0 235 0 235 0 235 0 235 0 235 0 
12796 236 0.5 236 1 236 0 236 0 236 0 236 0 236 0 236 0 236 0 236 0 236 0 
12811 237 3 237 3 237 0 237 0 237 0 237 0 237 0 237 0 237 0 237 0 237 0 
12826 238 4 238 4 238 0 238 0 238 0 238 0 238 0 238 0 238 0 238 0 238 0 
12871 239 3 239 3 239 0 239 0 239 0 239 0 239 0 239 0 239 0 239 0 239 0 
12886 240 4 240 4 240 0 240 0 240 0 240 0 240 0 240 0 240 0 240 0 240 0 
12901 241 1 241 1 241 0 241 0 241 0 241 0 241 0 241 0 241 0 241 0 241 0 
12916 242 0 242 0 242 0 242 0 242 0 242 0 242 0 242 0 242 0 242 0 242 0 
13412 243 9 243 0 243 9 243 0 243 0 243 0 243 0 243 0 243 0 243 0 243 0 
13427 244 7 244 0 244 7 244 0 244 0 244 0 244 0 244 0 244 0 244 0 244 0 
13442 245 12 245 0 245 12 245 0 245 0 245 0 245 0 245 0 245 0 245 0 245 0 
13457 246 7 246 0 246 7 246 0 246 0 246 0 246 0 246 0 246 0 246 0 246 0 
13472 247 6 247 0 247 6 247 0 247 0 247 0 247 0 247 0 247 0 247 0 247 0 
13487 248 13 248 0 248 13 248 0 248 0 248 0 248 0 248 0 248 0 248 0 248 0 
13502 249 2 249 0 249 2 249 0 249 0 249 0 249 0 249 0 249 0 249 0 249 0 
13517 250 -16 250 0 250 -16 250 0 250 0 250 0 250 0 250 0 250 0 250 0 250 0 
13532 251 -12 251 0 251 -12 251 0 251 0 251 0 251 0 251 0 251 0 251 0 251 0 
13547 252 -16 252 0 252 -16 252 0 252 0 252 0 252 0 252 0 252 0 252 0 252 0 
13562 253 -12 253 0 253 -12 253 0 253 0 253 0 253 0 253 0 253 0 253 0 253 0 
13577 254 0 254 0 254 0 254 0 254 0 254 0 254 0 254 0 254 0 254 0 254 0 
15076 255 1 255 1 255 0 255 0 255 0 255 0 255 0 255 0 255 0 255 0 255 0 
15091 256 3 256 3 256 0 256 0 256 0 256 0 256 0 256 0 256 0 256 0 256 0 
15106 257 23 257 23 257 0 257 0 257 0 257 0 257 0 257 0 257 0 257 0 257 0 
15121 258 4 258 4 258 0 258 0 258 0 258 0 258 0 258 0 258 0 258 0 258 0 
15151 259 3 259 3 259 0 259 0 259 0 259 0 259 0 259 0 259 0 259 0 259 0 
15166 260 0 260 0 260 0 260 0 260 0 260 0 260 0 260 0 260 0 260 0 260 0 
15391 261 2 261 2 261 0 261 0 261 0 261 0 261 0 261 0 261 0 261 0 261 0 
15406 262 4 262 4 262 0 262 0 262 0 262 0 262 0 262 0 262 0 262 0 262 0 
15451 263 3 263 3 263 0 263 0 263 0 263 0 263 0 263 0 263 0 263 0 263 0 
15466 264 4 264 4 264 0 264 0 264 0 264 0 264 0 264 0 264 0 264 0 264 0 
15481 265 2 265 2 265 0 265 0 265 0 265 0 265 0 265 0 265 0 265 0 265 0 
15496 266 0 266 0 266 0 266 0 266 0 266 0 266 0 266 0 266 0 266 0 266 0 
16161 267 8 267 0 267 0 267 0 267 0 267 0 267 8 267 0 267 0 267 0 267 0 
16178 268 7 268 0 268 0 268 0 268 0 268 0 268 8 268 0 268 7 268 0 268 0 
16191 269 11 269 0 269 0 269 0 269 0 269 0 269 11 269 0 269 7 269 0 269 0 
16193 270 6 270 0 270 0 270 0 270 0 270 0 270 11 270 0 270 6 270 0 270 0 
16206 271 7 271 0 271 0 271 0 271 0 271 0 271 7 271 0 271 6 271 0 271 0 
16208 272 14 272 0 272 0 272 0 272 0 272 0 272 7 272 0 272 14 272 0 272 0 
16221 273 4 273 0 273 0 273 0 273 0 273 0 273 4 273 0 273 14 273 0 273 0 
16223 274 1 274 0 274 0 274 0 274 0 274 0 274 4 274 0 274 1 274 0 274 0 
16236 275 16 275 0 275 0 275 0 275 0 275 0 275 16 275 0 275 1 275 0 275 0 
16238 276 9 276 0 276 0 276 0 276 0 276 0 276 16 276 0 276 9 276 0 276 0 
16251 277 2 277 0 277 0 277 0 277 0 277 0 277 2 277 0 277 9 277 0 277 0 
16253 278 12 278 0 278 0 278 0 278 0 278 0 278 2 278 0 278 12 278 0 278 0 
16266 279 3 279 0 279 0 279 0 279 0 279 0 279 3 279 0 279 12 279 0 279 0 
16268 280 7 280 0 280 0 280 0 280 0 280 0 280 3 280 0 280 7 280 0 280 0 
16281 281 4 281 0 281 0 281 0 281 0 281 0 281 4 281 0 281 7 281 0 281 0 
16283 282 2 282 0 282 0 282 0 282 0 282 0 282 4 282 0 282 2 282 0 282 0 
16296 283 6 283 0 283 0 283 0 283 0 283 0 283 6 283 0 283 2 283 0 283 0 
16298 284 4 284 0 284 0 284 0 284 0 284 0 284 6 284 0 284 4 284 0 284 0 
16311 285 3 285 0 285 0 285 0 285 0 285 0 285 3 285 0 285 4 285 0 285 0 
16313 286 6 286 0 286 0 286 0 286 0 286 0 286 3 286 0 286 6 286 0 286 0 
16326 287 4 287 0 287 0 287 0 287 0 287 0 287 4 287 0 287 6 287 0 287 0 
16341 288 3 288 0 288 0 288 0 288 0 288 0 288 2 288 0 288 4 288 0 288 0 
16356 289 4 289 0 289 0 289 0 289 0 289 0 289 4 289 0 289 4 289 0 289 0 
16358 290 1 290 0 290 0 290 0 290 0 290 0 290 4 290 0 290 1 290 0 290 0 
16371 291 3 291 0 291 0 291 0 291 0 291 0 291 3 291 0 291 1 291 0 291 0 
16373 292 4 292 0 292 0 292 0 292 0 292 0 292 3 292 0 292 4 292 0 292 0 
16386 293 6 293 0 293 0 293 0 293 0 293 0 293 6 293 0 293 4 293 0 293 0 
16401 294 5 294 0 294 0 294 0 294 0 294 0 294 5 294 0 294 4 294 0 294 0 
16416 295 2.5 295 0 295 0 295 0 295 0 295 0 295 0 295 0 295 5 295 0 295 0 
16418 296 6 296 0 296 0 296 0 296 0 296 0 296 0 296 0 296 6 296 0 296 0 
16433 297 0 297 0 297 0 297 0 297 0 297 0 297 0 297 0 297 0 297 0 297 0 
16596 298 4 298 0 298 0 298 0 298 0 298 0 298 4 298 0 298 0 298 0 298 0 
16611 299 3 299 0 299 0 299 0 299 0 299 0 299 3 299 0 299 0 299 0 299 0 
16626 300 4 300 0 300 0 300 0 300 0 300 0 300 4 300 0 300 0 300 0 300 0 
16671 301 1 301 0 301 0 301 0 301 0 301 0 301 1 301 0 301 0 301 0 301 0 
16686 302 0 302 0 302 0 302 0 302 0 302 0 302 0 302 0 302 0 302 0 302 0 
16731 303 1 303 0 303 0 303 0 303 0 303 0 303 1 303 0 303 0 303 0 303 0 
16746 304 4 304 0 304 0 304 0 304 0 304 0 304 4 304 0 304 0 304 0 304 0 
16791 305 3 305 0 305 0 305 0 305 0 305 0 305 3 305 0 305 0 305 0 305 0 
16806 306 1 306 0 306 0 306 0 306 0 306 0 306 1 306 0 306 0 306 0 306 0 
16821 307 0 307 0 307 0 307 0 307 0 307 0 307 0 307 0 307 0 307 0 307 0 
16928 308 4 308 0 308 0 308 0 308 0 308 0 308 0 308 0 308 4 308 0 308 0 
16943 309 3 309 0 309 0 309 0 309 0 309 0 309 0 309 0 309 3 309 0 309 0 
16958 310 4 310 0 310 0 310 0 310 0 310 0 310 0 310 0 310 4 310 0 310 0 
17003 311 3 311 0 311 0 311 0 311 0 311 0 311 0 311 0 311 3 311 0 311 0 
17018 312 4 312 0 312 0 312 0 312 0 312 0 312 0 312 0 312 4 312 0 312 0 
17048 313 1 313 0 313 0 313 0 313 0 313 0 313 0 313 0 313 1 313 0 313 0 
17063 314 0 314 0 314 0 314 0 314 0 314 0 314 0 314 0 314 0 314 0 314 0 
17155 315 6 315 0 315 0 315 0 315 0 315 0 315 0 315 0 315 0 315 0 315 6 
17185 316 16 316 0 316 0 316 0 316 0 316 0 316 0 316 0 316 0 316 0 316 16 
17200 317 2 317 0 317 0 317 0 317 0 317 0 317 0 317 0 317 0 317 0 317 2 
17215 318 0 318 0 318 0 318 0 318 0 318 0 318 0 318 0 318 0 318 0 318 0 
17230 319 8 319 0 319 0 319 0 319 0 319 0 319 0 319 0 319 0 319 0 319 8 
17260 320 12 320 0 320 0 320 0 320 0 320 0 320 0 320 0 320 0 320 0 320 12 
17275 321 1 321 0 321 0 321 0 321 0 321 0 321 0 321 0 321 0 321 0 321 1 
17290 322 4 322 0 322 0 322 0 322 0 322 0 322 0 322 0 322 0 322 0 322 4 
17320 323 6 323 0 323 0 323 0 323 0 323 0 323 0 323 0 323 0 323 0 323 6 
17335 324 5 324 0 324 0 324 0 324 0 324 0 324 0 324 0 324 0 324 0 324 5 
17350 325 0 325 0 325 0 325 0 325 0 325 0 325 0 325 0 325 0 325 0 325 0 
17365 326 4 326 0 326 0 326 0 326 0 326 0 326 0 326 0 326 0 326 0 326 4 
17380 327 6 327 0 327 0 327 0 327 0 327 0 327 0 327 0 327 0 327 0 327 6 
17395 328 5 328 0 328 0 328 0 328 0 328 0 328 0 328 0 328 0 328 0 328 5 
17410 329 4 329 0 329 0 329 0 329 0 329 0 329 0 329 0 329 0 329 0 329 4 
17425 330 3 330 0 330 0 330 0 330 0 330 0 330 0 330 0 330 0 330 0 330 3 
17440 331 0 331 0 331 0 331 0 331 0 331 0 331 0 331 0 331 0 331 0 331 0 
17485 332 4 332 0 332 0 332 0 332 0 332 0 332 0 332 0 332 0 332 0 332 4 
17515 333 3 333 0 333 0 333 0 333 0 333 0 333 0 333 0 333 0 333 0 333 3 
17530 334 4 334 0 334 0 334 0 334 0 334 0 334 0 334 0 334 0 334 0 334 4 
17575 335 1 335 0 335 0 335 0 335 0 335 0 335 0 335 0 335 0 335 0 335 1 
17590 336 0 336 0 336 0 336 0 336 0 336 0 336 0 336 0 336 0 336 0 336 0 
17633 337 4 337 0 337 0 337 0 337 0 337 0 337 0 337 0 337 4 337 0 337 0 
17663 338 3 338 0 338 0 338 0 338 0 338 0 338 0 338 0 338 3 338 0 338 0 
17678 339 4 339 0 339 0 339 0 339 0 339 0 339 0 339 0 339 4 339 0 339 0 
17738 340 0 340 0 340 0 340 0 340 0 340 0 340 0 340 0 340 0 340 0 340 0 
18081 341 2 341 0 341 0 341 0 341 0 341 0 341 2 341 0 341 0 341 0 341 0 
18096 342 6 342 0 342 0 342 0 342 0 342 0 342 6 342 0 342 0 342 0 342 0 
18100 343 2 343 0 343 0 343 0 343 0 343 0 343 6 343 0 343 0 343 0 343 2 
18111 344 18 344 0 344 0 344 0 344 0 344 0 344 18 344 0 344 0 344 0 344 2 
18115 345 3 345 0 345 0 345 0 345 0 345 0 345 18 345 0 345 0 345 0 345 3 
18126 346 6 346 0 346 0 346 0 346 0 346 0 346 6 346 0 346 0 346 0 346 3 
18130 347 4 347 0 347 0 347 0 347 0 347 0 347 6 347 0 347 0 347 0 347 4 
18141 348 19 348 0 348 0 348 0 348 0 348 0 348 19 348 0 348 0 348 0 348 4 
18156 349 3 349 0 349 0 349 0 349 0 349 0 349 3 349 0 349 0 349 0 349 4 
18171 350 0 350 0 350 0 350 0 350 0 350 0 350 0 350 0 350 0 350 0 350 4 
18175 351 3 351 0 351 0 351 0 351 0 351 0 351 0 351 0 351 0 351 0 351 3 
18190 352 6 352 0 352 0 352 0 352 0 352 0 352 0 352 0 352 0 352 0 352 6 
18205 353 19 353 0 353 0 353 0 353 0 353 0 353 0 353 0 353 0 353 0 353 19 
18220 354 6 354 0 354 0 354 0 354 0 354 0 354 0 354 0 354 0 354 0 354 6 
18235 355 1 355 0 355 0 355 0 355 0 355 0 355 0 355 0 355 0 355 0 355 1 
18250 356 0 356 0 356 0 356 0 356 0 356 0 356 0 356 0 356 0 356 0 356 0 
19285 357 17 357 0 357 0 357 0 357 0 357 0 357 0 357 0 357 0 357 0 357 17 
19300 358 4 358 0 358 0 358 0 358 0 358 0 358 0 358 0 358 0 358 0 358 4 
19315 359 3 359 0 359 0 359 0 359 0 359 0 359 0 359 0 359 0 359 0 359 3 
19330 360 4 360 0 360 0 360 0 360 0 360 0 360 0 360 0 360 0 360 0 360 4 
19360 361 0 361 0 361 0 361 0 361 0 361 0 361 0 361 0 361 0 361 0 361 0 
20356 362 7 362 7 362 0 362 0 362 0 362 0 362 0 362 0 362 0 362 0 362 0 
20371 363 3 363 3 363 0 363 0 363 0 363 0 363 0 363 0 363 0 363 0 363 0 
20386 364 16 364 16 364 0 364 0 364 0 364 0 364 0 364 0 364 0 364 0 364 0 
20401 365 2 365 2 365 0 365 0 365 0 365 0 365 0 365 0 365 0 365 0 365 0 
20416 366 9 366 9 366 0 366 0 366 0 366 0 366 0 366 0 366 0 366 0 366 0 
20431 367 7 367 7 367 0 367 0 367 0 367 0 367 0 367 0 367 0 367 0 367 0 
20446 368 12 368 12 368 0 368 0 368 0 368 0 368 0 368 0 368 0 368 0 368 0 
20461 369 -6 369 -6 369 0 369 0 369 0 369 0 369 0 369 0 369 0 369 0 369 0 
20476 370 -20 370 -20 370 0 370 0 370 0 370 0 370 0 370 0 370 0 370 0 370 0 
20491 371 -8 371 -8 371 0 371 0 371 0 371 0 371 0 371 0 371 0 371 0 371 0 
20506 372 -20 372 -20 372 0 372 0 372 0 372 0 372 0 372 0 372 0 372 0 372 0 
20521 373 -2 373 -2 373 0 373 0 373 0 373 0 373 0 373 0 373 0 373 0 373 0 
20536 374 0 374 0 374 0 374 0 374 0 374 0 374 0 374 0 374 0 374 0 374 0 
20926 375 6 375 6 375 0 375 0 375 0 375 0 375 0 375 0 375 0 375 0 375 0 
20941 376 4 376 4 376 0 376 0 376 0 376 0 376 0 376 0 376 0 376 0 376 0 
20956 377 16 377 16 377 0 377 0 377 0 377 0 377 0 377 0 377 0 377 0 377 0 
20971 378 2 378 2 378 0 378 0 378 0 378 0 378 0 378 0 378 0 378 0 378 0 
20986 379 8 379 8 379 0 379 0 379 0 379 0 379 0 379 0 379 0 379 0 379 0 
21016 380 12 380 12 380 0 380 0 380 0 380 0 380 0 380 0 380 0 380 0 380 0 
21031 381 1 381 1 381 0 381 0 381 0 381 0 381 0 381 0 381 0 381 0 381 0 
21046 382 4 382 4 382 0 382 0 382 0 382 0 382 0 382 0 382 0 382 0 382 0 
21076 383 6 383 6 383 0 383 0 383 0 383 0 383 0 383 0 383 0 383 0 383 0 
21091 384 5 384 5 384 0 384 0 384 0 384 0 384 0 384 0 384 0 384 0 384 0 
21106 385 0 385 0 385 0 385 0 385 0 385 0 385 0 385 0 385 0 385 0 385 0 
21121 386 4 386 4 386 0 386 0 386 0 386 0 386 0 386 0 386 0 386 0 386 0 
21151 387 5 387 5 387 0 387 0 387 0 387 0 387 0 387 0 387 0 387 0 387 0 
21166 388 4 388 4 388 0 388 0 388 0 388 0 388 0 388 0 388 0 388 0 388 0 
21181 389 3 389 3 389 0 389 0 389 0 389 0 389 0 389 0 389 0 389 0 389 0 
21196 390 0 390 0 390 0 390 0 390 0 390 0 390 0 390 0 390 0 390 0 390 0 
21256 391 4 391 4 391 0 391 0 391 0 391 0 391 0 391 0 391 0 391 0 391 0 
21271 392 3 392 3 392 0 392 0 392 0 392 0 392 0 392 0 392 0 392 0 392 0 
21286 393 4 393 4 393 0 393 0 393 0 393 0 393 0 393 0 393 0 393 0 393 0 
21308 394 23 394 4 394 0 394 0 394 0 394 0 394 0 394 0 394 23 394 0 394 0 
21323 395 3 395 4 395 0 395 0 395 0 395 0 395 0 395 0 395 3 395 0 395 0 
21331 396 0 396 0 396 0 396 0 396 0 396 0 396 0 396 0 396 3 396 0 396 0 
21332 397 7 397 0 397 7 397 0 397 0 397 0 397 0 397 0 397 3 397 0 397 0 
21338 398 4 398 0 398 7 398 0 398 0 398 0 398 0 398 0 398 4 398 0 398 0 
21346 399 1 399 1 399 7 399 0 399 0 399 0 399 0 399 0 399 4 399 0 399 0 
21347 400 3 400 1 400 3 400 0 400 0 400 0 400 0 400 0 400 4 400 0 400 0 
21361 401 4 401 4 401 3 401 0 401 0 401 0 401 0 401 0 401 4 401 0 401 0 
21362 402 16 402 4 402 16 402 0 402 0 402 0 402 0 402 0 402 4 402 0 402 0 
21377 403 2 403 4 403 2 403 0 403 0 403 0 403 0 403 0 403 4 403 0 403 0 
21383 404 3 404 4 404 2 404 0 404 0 404 0 404 0 404 0 404 3 404 0 404 0 
21392 405 6 405 3 405 9 405 0 405 0 405 0 405 0 405 0 405 3 405 0 405 0 
21398 406 4 406 3 406 9 406 0 406 0 406 0 406 0 406 0 406 4 406 0 406 0 
21406 407 2 407 2 407 9 407 0 407 0 407 0 407 0 407 0 407 4 407 0 407 0 
21407 408 7 408 2 408 7 408 0 408 0 408 0 408 0 408 0 408 4 408 0 408 0 
21421 409 3 409 3 409 7 409 0 409 0 409 0 409 0 409 0 409 4 409 0 409 0 
21422 410 12 410 3 410 12 410 0 410 0 410 0 410 0 410 0 410 4 410 0 410 0 
21428 411 0 411 3 411 12 411 0 411 0 411 0 411 0 411 0 411 0 411 0 411 0 
21436 412 4 412 4 412 12 412 0 412 0 412 0 412 0 412 0 412 0 412 0 412 0 
21437 413 2 413 4 413 2 413 0 413 0 413 0 413 0 413 0 413 0 413 0 413 0 
21451 414 3 414 3 414 2 414 0 414 0 414 0 414 0 414 0 414 0 414 0 414 0 
21452 415 4 415 3 415 4 415 0 415 0 415 0 415 0 415 0 415 0 415 0 415 0 
21466 416 2 416 2 416 4 416 0 416 0 416 0 416 0 416 0 416 0 416 0 416 0 
21467 417 3 417 2 417 3 417 0 417 0 417 0 417 0 417 0 417 0 417 0 417 0 
21481 418 0 418 0 418 3 418 0 418 0 418 0 418 0 418 0 418 0 418 0 418 0 
21482 419 6 419 0 419 6 419 0 419 0 419 0 419 0 419 0 419 0 419 0 419 0 
21497 420 5 420 0 420 5 420 0 420 0 420 0 420 0 420 0 420 0 420 0 420 0 
21512 421 1 421 0 421 1 421 0 421 0 421 0 421 0 421 0 421 0 421 0 421 0 
21527 422 3 422 0 422 3 422 0 422 0 422 0 422 0 422 0 422 0 422 0 422 0 
21542 423 4 423 0 423 4 423 0 423 0 423 0 423 0 423 0 423 0 423 0 423 0 
21557 424 6 424 0 424 6 424 0 424 0 424 0 424 0 424 0 424 0 424 0 424 0 
21587 425 0 425 0 425 0 425 0 425 0 425 0 425 0 425 0 425 0 425 0 425 0 
21890 426 8 426 0 426 0 426 0 426 0 426 8 426 0 426 0 426 0 426 0 426 0 
21920 427 12 427 0 427 0 427 0 427 0 427 12 427 0 427 0 427 0 427 0 427 0 
21935 428 6 428 0 428 0 428 0 428 0 428 6 428 0 428 0 428 0 428 0 428 0 
21950 429 4 429 0 429 0 429 0 429 0 429 4 429 0 429 0 429 0 429 0 429 0 
21965 430 16 430 0 430 0 430 0 430 0 430 16 430 0 430 0 430 0 430 0 430 0 
21980 431 2 431 0 431 0 431 0 431 0 431 2 431 0 431 0 431 0 431 0 431 0 
21995 432 3 432 0 432 0 432 0 432 0 432 3 432 0 432 0 432 0 432 0 432 0 
22010 433 4 433 0 433 0 433 0 433 0 433 4 433 0 433 0 433 0 433 0 433 0 
22025 434 6 434 0 434 0 434 0 434 0 434 6 434 0 434 0 434 0 434 0 434 0 
22055 435 3 435 0 435 0 435 0 435 0 435 3 435 0 435 0 435 0 435 0 435 0 
22070 436 2 436 0 436 0 436 0 436 0 436 2 436 0 436 0 436 0 436 0 436 0 
22085 437 4 437 0 437 0 437 0 437 0 437 4 437 0 437 0 437 0 437 0 437 0 
22100 438 6 438 0 438 0 438 0 438 0 438 6 438 0 438 0 438 0 438 0 438 0 
22115 439 3 439 0 439 0 439 0 439 0 439 3 439 0 439 0 439 0 439 0 439 0 
22130 440 5 440 0 440 0 440 0 440 0 440 5 440 0 440 0 440 0 440 0 440 0 
22145 441 0 441 0 441 0 441 0 441 0 441 0 441 0 441 0 441 0 441 0 441 0 
22267 442 7 442 0 442 0 442 0 442 0 442 0 442 0 442 7 442 0 442 0 442 0 
22282 443 6 443 0 443 0 443 0 443 0 443 0 443 0 443 6 443 0 443 0 443 0 
22297 444 14 444 0 444 0 444 0 444 0 444 0 444 0 444 14 444 0 444 0 444 0 
22312 445 7 445 0 445 0 445 0 445 0 445 0 445 0 445 7 445 0 445 0 445 0 
22327 446 3 446 0 446 0 446 0 446 0 446 0 446 0 446 3 446 0 446 0 446 0 
22342 447 12 447 0 447 0 447 0 447 0 447 0 447 0 447 12 447 0 447 0 447 0 
22357 448 7 448 0 448 0 448 0 448 0 448 0 448 0 448 7 448 0 448 0 448 0 
22372 449 2 449 0 449 0 449 0 449 0 449 0 449 0 449 2 449 0 449 0 449 0 
22387 450 3 450 0 450 0 450 0 450 0 450 0 450 0 450 3 450 0 450 0 450 0 
22402 451 4 451 0 451 0 451 0 451 0 451 0 451 0 451 4 451 0 451 0 451 0 
22417 452 6 452 0 452 0 452 0 452 0 452 0 452 0 452 6 452 0 452 0 452 0 
22432 453 5 453 0 453 0 453 0 453 0 453 0 453 0 453 5 453 0 453 0 453 0 
22447 454 0 454 0 454 0 454 0 454 0 454 0 454 0 454 0 454 0 454 0 454 0 
22462 455 4 455 0 455 0 455 0 455 0 455 0 455 0 455 4 455 0 455 0 455 0 
22492 456 6 456 0 456 0 456 0 456 0 456 0 456 0 456 6 456 0 456 0 456 0 
22507 457 3 457 0 457 0 457 0 457 0 457 0 457 0 457 3 457 0 457 0 457 0 
22537 458 0 458 0 458 0 458 0 458 0 458 0 458 0 458 0 458 0 458 0 458 0 
22777 459 3 459 0 459 0 459 0 459 0 459 0 459 0 459 3 459 0 459 0 459 0 
22792 460 4 460 0 460 0 460 0 460 0 460 0 460 0 460 4 460 0 460 0 460 0 
22807 461 5 461 0 461 0 461 0 461 0 461 0 461 0 461 5 461 0 461 0 461 0 
22822 462 4 462 0 462 0 462 0 462 0 462 0 462 0 462 4 462 0 462 0 462 0 
22867 463 3 463 0 463 0 463 0 463 0 463 0 463 0 463 3 463 0 463 0 463 0 
22897 464 0 464 0 464 0 464 0 464 0 464 0 464 0 464 0 464 0 464 0 464 0 
22912 465 1 465 0 465 0 465 0 465 0 465 0 465 0 465 1 465 0 465 0 465 0 
22927 466 3 466 0 466 0 466 0 466 0 466 0 466 0 466 3 466 0 466 0 466 0 
22942 467 63 467 0 467 0 467 0 467 0 467 0 467 0 467 63 467 0 467 0 467 0 
22957 468 1 468 0 468 0 468 0 468 0 468 0 468 0 468 1 468 0 468 0 468 0 
22972 469 0 469 0 469 0 469 0 469 0 469 0 469 0 469 0 469 0 469 0 469 0 
23252 470 3 470 0 470 3 470 0 470 0 470 0 470 0 470 0 470 0 470 0 470 0 
23267 471 14 471 0 471 14 471 0 471 0 471 0 471 0 471 0 471 0 471 0 471 0 
23282 472 4 472 0 472 4 472 0 472 0 472 0 472 0 472 0 472 0 472 0 472 0 
23312 473 6 473 0 473 6 473 0 473 0 473 0 473 0 473 0 473 0 473 0 473 0 
23327 474 3 474 0 474 3 474 0 474 0 474 0 474 0 474 0 474 0 474 0 474 0 
23342 475 2 475 0 475 2 475 0 475 0 475 0 475 0 475 0 475 0 475 0 475 0 
23357 476 0 476 0 476 0 476 0 476 0 476 0 476 0 476 0 476 0 476 0 476 0 
23567 477 1 477 0 477 1 477 0 477 0 477 0 477 0 477 0 477 0 477 0 477 0 
23582 478 4 478 0 478 4 478 0 478 0 478 0 478 0 478 0 478 0 478 0 478 0 
23627 479 14 479 0 479 14 479 0 479 0 479 0 479 0 479 0 479 0 479 0 479 0 
23642 480 4 480 0 480 4 480 0 480 0 480 0 480 0 480 0 480 0 480 0 480 0 
23657 481 2 481 0 481 2 481 0 481 0 481 0 481 0 481 0 481 0 481 0 481 0 
23672 482 0 482 0 482 0 482 0 482 0 482 0 482 0 482 0 482 0 482 0 482 0 
24112 483 3 483 0 483 0 483 0 483 0 483 0 483 0 483 3 483 0 483 0 483 0 
24127 484 18 484 0 484 0 484 0 484 0 484 0 484 0 484 18 484 0 484 0 484 0 
24142 485 4 485 0 485 0 485 0 485 0 485 0 485 0 485 4 485 0 485 0 485 0 
24157 486 15 486 0 486 0 486 0 486 0 486 0 486 0 486 15 486 0 486 0 486 0 
24172 487 19 487 0 487 0 487 0 487 0 487 0 487 0 487 19 487 0 487 0 487 0 
24187 488 1 488 0 488 0 488 0 488 0 488 0 488 0 488 1 488 0 488 0 488 0 
24202 489 0 489 0 489 0 489 0 489 0 489 0 489 0 489 0 489 0 489 0 489 0 
24302 490 1 490 0 490 1 490 0 490 0 490 0 490 0 490 0 490 0 490 0 490 0 
24317 491 4 491 0 491 4 491 0 491 0 491 0 491 0 491 0 491 0 491 0 491 0 
24347 492 3 492 0 492 3 492 0 492 0 492 0 492 0 492 0 492 0 492 0 492 0 
24362 493 54 493 0 493 54 493 0 493 0 493 0 493 0 493 0 493 0 493 0 493 0 
24377 494 0 494 0 494 0 494 0 494 0 494 0 494 0 494 0 494 0 494 0 494 0 
26240 495 4 495 0 495 0 495 0 495 0 495 4 495 0 495 0 495 0 495 0 495 0 
26255 496 3 496 0 496 0 496 0 496 0 496 3 496 0 496 0 496 0 496 0 496 0 
26270 497 4 497 0 497 0 497 0 497 0 497 4 497 0 497 0 497 0 497 0 497 0 
26315 498 3 498 0 498 0 498 0 498 0 498 3 498 0 498 0 498 0 498 0 498 0 
26330 499 4 499 0 499 0 499 0 499 0 499 4 499 0 499 0 499 0 499 0 499 0 
26375 500 3 500 0 500 0 500 0 500 0 500 3 500 0 500 0 500 0 500 0 500 0 
26390 501 -2 501 0 501 0 501 0 501 0 501 -2 501 0 501 0 501 0 501 0 501 0 
26405 502 0 502 0 502 0 502 0 502 0 502 0 502 0 502 0 502 0 502 0 502 0 
