# deltaRoadVehicles deltaRailways
10 0 0 0 0 0 0 0 0 0 0 0 0 0 0 0 0 0 0 0 0 0 0 
122 0 8 0 0 0 8 0 0 0 0 0 0 0 0 0 0 0 0 0 0 0 0 
125 0 7.5 0 0 0 8 0 8 0 0 0 7 0 0 0 0 0 0 0 0 0 0 
128 0 12 0 0 0 8 0 8 0 0 0 7 0 0 0 0 0 12 0 0 0 0 
130 0 8 0 0 0 8 0 8 0 0 0 7 0 0 0 0 0 12 0 0 0 8 
140 0 10 0 0 0 8 0 8 0 0 0 10 0 0 0 0 0 12 0 0 0 8 
142 0 6 0 0 0 8 0 8 0 0 0 10 0 0 0 6 0 12 0 0 0 8 
143 0 5 0 0 0 8 0 8 0 0 0 10 0 0 0 6 0 5 0 0 0 8 
152 0 12 0 0 0 12 0 8 0 0 0 10 0 0 0 6 0 5 0 0 0 8 
155 0 10.5 0 0 0 12 0 12 0 0 0 9 0 0 0 6 0 5 0 0 0 8 
157 0 4 0 0 0 12 0 12 0 0 0 9 0 0 0 4 0 5 0 0 0 8 
158 0 10 0 0 0 12 0 12 0 0 0 9 0 0 0 4 0 10 0 0 0 8 
160 0 12 0 0 0 12 0 12 0 0 0 9 0 0 0 4 0 10 0 0 0 12 
167 0 6 0 0 0 6 0 12 0 0 0 9 0 0 0 4 0 10 0 0 0 12 
168 0 7 0 0 0 6 0 7 0 0 0 9 0 0 0 4 0 10 0 0 0 12 
170 0 2 0 0 0 6 0 7 0 0 0 2 0 0 0 4 0 10 0 0 0 12 
172 0 16 0 0 0 6 0 7 0 0 0 2 0 0 0 16 0 10 0 0 0 12 
173 0 1 0 0 0 6 0 7 0 0 0 2 0 0 0 16 0 1 0 0 0 12 
175 0 6 0 0 0 6 0 7 0 0 0 2 0 0 0 16 0 1 0 0 0 6 
182 0 4 0 0 0 4 0 7 0 0 0 2 0 0 0 16 0 1 0 0 0 6 
183 0 3 0 0 0 4 0 3 0 0 0 2 0 0 0 16 0 1 0 0 0 6 
185 0 0 0 0 0 4 0 3 0 0 0 0 0 0 0 16 0 1 0 0 0 6 
187 0 2 0 0 0 4 0 3 0 0 0 0 0 0 0 2 0 1 0 0 0 6 
188 0 0 0 0 0 4 0 3 0 0 0 0 0 0 0 2 0 0 0 0 0 6 
190 0 4 0 0 0 4 0 3 0 0 0 0 0 0 0 2 0 0 0 0 0 4 
197 0 16 0 0 0 16 0 3 0 0 0 0 0 0 0 2 0 0 0 0 0 4 
202 0 8 0 0 0 16 0 16 0 0 0 0 0 0 0 0 0 0 0 0 0 4 
205 0 16 0 0 0 16 0 16 0 0 0 0 0 0 0 0 0 0 0 0 0 16 
212 0 2 0 0 0 2 0 16 0 0 0 0 0 0 0 0 0 0 0 0 0 16 
217 0 5 0 0 0 2 0 2 0 0 0 0 0 0 0 8 0 0 0 0 0 16 
220 0 2 0 0 0 2 0 2 0 0 0 0 0 0 0 8 0 0 0 0 0 2 
227 0 3 0 0 0 3 0 2 0 0 0 0 0 0 0 8 0 0 0 0 0 2 
228 0 4 0 0 0 3 0 4 0 0 0 0 0 0 0 8 0 0 0 0 0 2 
235 0 3 0 0 0 3 0 4 0 0 0 0 0 0 0 8 0 0 0 0 0 3 
242 0 4 0 0 0 4 0 4 0 0 0 0 0 0 0 8 0 0 0 0 0 3 
243 0 3 0 0 0 4 0 3 0 0 0 0 0 0 0 8 0 0 0 0 0 3 
247 0 11 0 0 0 4 0 3 0 0 0 0 0 0 0 11 0 0 0 0 0 3 
250 0 4 0 0 0 4 0 3 0 0 0 0 0 0 0 11 0 0 0 0 0 4 
257 0 6 0 0 0 6 0 3 0 0 0 0 0 0 0 11 0 0 0 0 0 4 
262 0 4 0 0 0 6 0 6 0 0 0 0 0 0 0 2 0 0 0 0 0 4 
265 0 6 0 0 0 6 0 6 0 0 0 0 0 0 0 2 0 0 0 0 0 6 
272 0 4 0 0 0 4 0 6 0 0 0 0 0 0 0 2 0 0 0 0 0 6 
287 0 3.66667 0 0 0 3 0 4 0 0 0 0 0 0 0 4 0 0 0 0 0 6 
288 0 3 0 0 0 3 0 3 0 0 0 0 0 0 0 4 0 0 0 0 0 6 
302 0 2.5 0 0 0 2 0 3 0 0 0 0 0 0 0 4 0 0 0 0 0 3 
303 0 2 0 0 0 2 0 2 0 0 0 0 0 0 0 4 0 0 0 0 0 3 
307 0 5 0 0 0 2 0 2 0 0 0 0 0 0 0 5 0 0 0 0 0 3 
310 0 2 0 0 0 2 0 2 0 0 0 0 0 0 0 5 0 0 0 0 0 2 
317 0 4 0 0 0 4 0 2 0 0 0 0 0 0 0 5 0 0 0 0 0 2 
322 0 5 0 0 0 4 0 4 0 0 0 0 0 0 0 6 0 0 0 0 0 2 
325 0 4 0 0 0 4 0 4 0 0 0 0 0 0 0 6 0 0 0 0 0 4 
332 0 6 0 0 0 6 0 4 0 0 0 0 0 0 0 6 0 0 0 0 0 4 
337 0 3 0 0 0 6 0 6 0 0 0 0 0 0 0 0 0 0 0 0 0 4 
340 0 6 0 0 0 6 0 6 0 0 0 0 0 0 0 0 0 0 0 0 0 6 
347 0 3 0 0 0 3 0 6 0 0 0 0 0 0 0 0 0 0 0 0 0 6 
348 0 4 0 0 0 3 0 4 0 0 0 0 0 0 0 0 0 0 0 0 0 6 
355 0 3.5 0 0 0 3 0 4 0 0 0 0 0 0 0 4 0 0 0 0 0 3 
362 0 5 0 0 0 5 0 4 0 0 0 0 0 0 0 4 0 0 0 0 0 3 
367 0 3 0 0 0 5 0 4 0 0 0 0 0 0 0 3 0 0 0 0 0 3 
370 0 5 0 0 0 5 0 4 0 0 0 0 0 0 0 3 0 0 0 0 0 5 
377 0 0 0 0 0 0 0 4 0 0 0 0 0 0 0 3 0 0 0 0 0 5 
382 0 3 0 0 0 0 0 0 0 0 0 0 0 0 0 6 0 0 0 0 0 5 
385 0 0 0 0 0 0 0 0 0 0 0 0 0 0 0 6 0 0 0 0 0 0 
397 0 4 0 0 0 0 0 0 0 0 0 0 0 0 0 4 0 0 0 0 0 0 
408 0 2 0 0 0 0 0 2 0 0 0 0 0 0 0 4 0 0 0 0 0 0 
412 0 3 0 0 0 0 0 2 0 0 0 0 0 0 0 3 0 0 0 0 0 0 
427 0 1.5 0 0 0 0 0 3 0 0 0 0 0 0 0 0 0 0 0 0 0 0 
438 0 6 0 0 0 0 0 6 0 0 0 0 0 0 0 0 0 0 0 0 0 0 
443 0 2 0 0 0 0 0 6 0 0 0 0 0 0 0 0 0 2 0 0 0 0 
453 0 4 0 0 0 0 0 4 0 0 0 0 0 0 0 0 0 2 0 0 0 0 
457 0 2 0 0 0 0 0 4 0 0 0 0 0 0 0 2 0 2 0 0 0 0 
458 0 4 0 0 0 0 0 4 0 0 0 0 0 0 0 2 0 4 0 0 0 0 
483 0 3 0 0 0 0 0 2 0 0 0 0 0 0 0 4 0 4 0 0 0 0 
498 0 1.5 0 0 0 0 0 0 0 0 0 0 0 0 0 3 0 4 0 0 0 0 
502 0 4 0 0 0 0 0 0 0 0 0 0 0 0 0 4 0 4 0 0 0 0 
503 0 3 0 0 0 0 0 0 0 0 0 0 0 0 0 4 0 3 0 0 0 0 
518 0 3.5 0 0 0 0 0 3 0 0 0 0 0 0 0 4 0 4 0 0 0 0 
528 0 4 0 0 0 0 0 4 0 0 0 0 0 0 0 4 0 4 0 0 0 0 
542 0 1 0 0 0 1 0 4 0 0 0 0 0 0 0 4 0 4 0 0 0 0 
543 0 3 0 0 0 1 0 3 0 0 0 0 0 0 0 4 0 4 0 0 0 0 
557 0 3.5 0 0 0 4 0 3 0 0 0 0 0 0 0 3 0 4 0 0 0 0 
558 0 4 0 0 0 4 0 4 0 0 0 0 0 0 0 3 0 4 0 0 0 0 
562 0 0 0 0 0 4 0 4 0 0 0 0 0 0 0 0 0 4 0 0 0 0 
563 0 3 0 0 0 4 0 4 0 0 0 0 0 0 0 0 0 3 0 0 0 0 
571 0 6 0 6 0 4 0 4 0 0 0 0 0 0 0 0 0 3 0 0 0 0 
575 0 1 0 6 0 4 0 4 0 0 0 1 0 0 0 0 0 3 0 0 0 0 
578 0 0 0 6 0 4 0 4 0 0 0 1 0 0 0 0 0 0 0 0 0 0 
587 0 3 0 6 0 3 0 4 0 0 0 1 0 0 0 0 0 0 0 0 0 0 
590 0 4 0 6 0 3 0 4 0 0 0 4 0 0 0 0 0 0 0 0 0 0 
601 0 10 0 16 0 3 0 4 0 0 0 4 0 0 0 4 0 0 0 0 0 0 
602 0 4 0 16 0 4 0 4 0 0 0 4 0 0 0 4 0 0 0 0 0 0 
603 0 3 0 16 0 4 0 3 0 0 0 4 0 0 0 4 0 0 0 0 0 0 
616 0 2.5 0 2 0 4 0 3 0 0 0 4 0 0 0 3 0 0 0 0 0 0 
618 0 1 0 2 0 4 0 1 0 0 0 4 0 0 0 3 0 0 0 0 0 0 
622 0 4 0 2 0 4 0 1 0 0 0 4 0 0 0 4 0 0 0 0 0 0 
631 0 10 0 10 0 4 0 1 0 0 0 4 0 0 0 4 0 0 0 0 0 0 
632 0 2 0 10 0 2 0 1 0 0 0 4 0 0 0 4 0 0 0 0 0 0 
633 0 0 0 10 0 2 0 0 0 0 0 4 0 0 0 4 0 0 0 0 0 0 
635 0 3 0 10 0 2 0 0 0 0 0 3 0 0 0 4 0 0 0 0 0 0 
646 0 8 0 8 0 2 0 0 0 0 0 3 0 0 0 4 0 0 0 0 0 0 
647 0 0 0 8 0 0 0 0 0 0 0 3 0 0 0 4 0 0 0 0 0 0 
650 0 4 0 8 0 0 0 0 0 0 0 4 0 0 0 4 0 0 0 0 0 0 
661 0 12 0 12 0 0 0 0 0 0 0 4 0 0 0 4 0 0 0 0 0 0 
667 0 0 0 12 0 0 0 0 0 0 0 4 0 0 0 0 0 0 0 0 0 0 
676 0 2 0 2 0 0 0 0 0 0 0 4 0 0 0 0 0 0 0 0 0 0 
691 0 3 0 3 0 0 0 0 0 0 0 4 0 0 0 0 0 0 0 0 0 0 
695 0 1 0 3 0 0 0 0 0 0 0 1 0 0 0 0 0 0 0 0 0 0 
706 0 4 0 4 0 0 0 0 0 0 0 1 0 0 0 0 0 0 0 0 0 0 
709 1 0 0 4 0 0 0 0 1 0 0 1 0 0 0 0 0 0 0 0 0 0 
710 0 0 0 4 0 0 0 0 1 0 0 0 0 0 0 0 0 0 0 0 0 0 
721 0 6 0 6 0 0 0 0 1 0 0 0 0 0 0 0 0 0 0 0 0 0 
730 0 4 0 6 0 0 0 0 1 0 0 0 0 0 0 0 0 0 0 0 0 4 
736 0 5 0 5 0 0 0 0 1 0 0 0 0 0 0 0 0 0 0 0 0 4 
737 0 4 0 5 0 4 0 0 1 0 0 0 0 0 0 0 0 0 0 0 0 4 
745 0 6 0 5 0 4 0 0 1 0 0 0 0 0 0 0 0 0 0 0 0 6 
751 0 0 0 0 0 4 0 0 1 0 0 0 0 0 0 0 0 0 0 0 0 6 
754 4 0 0 0 0 4 0 0 4 0 0 0 0 0 0 0 0 0 0 0 0 6 
760 0 4 0 0 0 4 0 0 4 0 0 0 0 0 0 0 0 0 0 0 0 4 
767 0 3.5 0 4 0 3 0 0 4 0 0 0 0 0 0 0 0 0 0 0 0 4 
769 0 0 0 4 0 3 0 0 0 0 0 0 0 0 0 0 0 0 0 0 0 4 
775 0 3 0 4 0 3 0 0 0 0 0 0 0 0 0 0 0 0 0 0 0 3 
782 0 4 0 4 0 4 0 0 0 0 0 0 0 0 0 0 0 0 0 0 0 3 
796 0 5 0 6 0 4 0 0 0 0 0 0 0 0 0 0 0 0 0 0 0 4 
805 0 6 0 6 0 4 0 0 0 0 0 0 0 0 0 0 0 0 0 0 0 6 
811 0 3 0 3 0 4 0 0 0 0 0 0 0 0 0 0 0 0 0 0 0 6 
812 0 1 0 3 0 1 0 0 0 0 0 0 0 0 0 0 0 0 0 0 0 6 
820 0 0 0 3 0 1 0 0 0 0 0 0 0 0 0 0 0 0 0 0 0 0 
1022 0 1.5 0 0 0 3 0 0 0 0 0 0 0 0 0 0 0 0 0 0 0 0 
1037 0 4 0 0 0 4 0 0 0 0 0 0 0 0 0 0 0 0 0 0 0 0 
1067 0 3 0 0 0 3 0 0 0 0 0 0 0 0 0 0 0 0 0 0 0 0 
1082 0 4 0 0 0 4 0 0 0 0 0 0 0 0 0 0 0 0 0 0 0 0 
1097 0 3 0 0 0 3 0 0 0 0 0 0 0 0 0 0 0 0 0 0 0 0 
1112 0 0 0 0 0 0 0 0 0 0 0 0 0 0 0 0 0 0 0 0 0 0 
1165 0 3 0 0 0 0 0 0 0 0 0 0 0 0 0 0 0 0 0 0 0 3 
1180 0 4 0 0 0 0 0 0 0 0 0 0 0 0 0 0 0 0 0 0 0 4 
1195 0 3 0 0 0 0 0 0 0 0 0 0 0 0 0 0 0 0 0 0 0 3 
1206 1 0 0 0 0 0 0 0 0 0 0 0 1 0 0 0 0 0 0 0 0 3 
1210 0 4 0 0 0 0 0 0 0 0 0 0 1 0 0 0 0 0 0 0 0 4 
1236 2 0 0 0 0 0 0 0 0 0 0 0 2 0 0 0 0 0 0 0 0 4 
1251 1 0 0 0 0 0 0 0 0 0 0 0 1 0 0 0 0 0 0 0 0 4 
1255 0 2 0 0 0 0 0 0 0 0 0 0 1 0 0 0 0 0 0 0 0 2 
1266 0 0 0 0 0 0 0 0 0 0 0 0 0 0 0 0 0 0 0 0 0 2 
1462 0 1.5 0 0 0 0 0 0 0 0 0 0 0 0 0 3 0 0 0 0 0 0 
1473 0 4 0 0 0 0 0 4 0 0 0 0 0 0 0 3 0 0 0 0 0 0 
1477 0 6 0 0 0 0 0 4 0 0 0 0 0 0 0 6 0 0 0 0 0 0 
1492 0 5 0 0 0 0 0 6 0 0 0 0 0 0 0 4 0 0 0 0 0 0 
1503 0 3 0 0 0 0 0 3 0 0 0 0 0 0 0 4 0 0 0 0 0 0 
1518 0 3.5 0 0 0 0 0 4 0 0 0 0 0 0 0 3 0 0 0 0 0 0 
1522 0 4 0 0 0 0 0 4 0 0 0 0 0 0 0 4 0 0 0 0 0 0 
1548 0 15 0 0 0 0 0 15 0 0 0 0 0 0 0 4 0 0 0 0 0 0 
1563 0 1 0 0 0 0 0 1 0 0 0 0 0 0 0 4 0 0 0 0 0 0 
1578 0 0.5 0 0 0 0 0 0 0 0 0 0 0 0 0 1 0 0 0 0 0 0 
1582 0 0 0 0 0 0 0 0 0 0 0 0 0 0 0 0 0 0 0 0 0 0 
1765 0 4 0 0 0 0 0 0 0 0 0 0 0 0 0 0 0 0 0 0 0 4 
1795 0 3 0 0 0 0 0 0 0 0 0 0 0 0 0 0 0 0 0 0 0 3 
1810 0 4 0 0 0 0 0 0 0 0 0 0 0 0 0 0 0 0 0 0 0 4 
1855 0 2 0 0 0 0 0 0 0 0 0 0 0 0 0 0 0 0 0 0 0 2 
1870 0 0 0 0 0 0 0 0 0 0 0 0 0 0 0 0 0 0 0 0 0 0 
3016 0 1 0 1 0 0 0 0 0 0 0 0 0 0 0 0 0 0 0 0 0 0 
3031 0 3 0 3 0 0 0 0 0 0 0 0 0 0 0 0 0 0 0 0 0 0 
3046 0 4 0 4 0 0 0 0 0 0 0 0 0 0 0 0 0 0 0 0 0 0 
3091 0 3 0 3 0 0 0 0 0 0 0 0 0 0 0 0 0 0 0 0 0 0 
3106 0 4 0 4 0 0 0 0 0 0 0 0 0 0 0 0 0 0 0 0 0 0 
3151 0 3 0 3 0 0 0 0 0 0 0 0 0 0 0 0 0 0 0 0 0 0 
3166 0 4 0 4 0 0 0 0 0 0 0 0 0 0 0 0 0 0 0 0 0 0 
3181 0 1 0 1 0 0 0 0 0 0 0 0 0 0 0 0 0 0 0 0 0 0 
3196 0 0 0 0 0 0 0 0 0 0 0 0 0 0 0 0 0 0 0 0 0 0 
3721 0 3 0 3 0 0 0 0 0 0 0 0 0 0 0 0 0 0 0 0 0 0 
3729 1 0 0 3 0 0 0 0 0 0 0 0 0 0 0 0 0 0 1 0 0 0 
3736 0 4 0 4 0 0 0 0 0 0 0 0 0 0 0 0 0 0 1 0 0 0 
3744 4 0 0 4 0 0 0 0 0 0 0 0 0 0 0 0 0 0 4 0 0 0 
3751 0 3 0 3 0 0 0 0 0 0 0 0 0 0 0 0 0 0 4 0 0 0 
3759 1 0 0 3 0 0 0 0 0 0 0 0 0 0 0 0 0 0 1 0 0 0 
3766 0 4 0 4 0 0 0 0 0 0 0 0 0 0 0 0 0 0 1 0 0 0 
3789 0 0 0 4 0 0 0 0 0 0 0 0 0 0 0 0 0 0 0 0 0 0 
3811 0 3 0 3 0 0 0 0 0 0 0 0 0 0 0 0 0 0 0 0 0 0 
3826 0 4 0 4 0 0 0 0 0 0 0 0 0 0 0 0 0 0 0 0 0 0 
3841 0 3 0 3 0 0 0 0 0 0 0 0 0 0 0 0 0 0 0 0 0 0 
3856 0 0 0 0 0 0 0 0 0 0 0 0 0 0 0 0 0 0 0 0 0 0 
5438 0 8 0 0 0 0 0 0 0 0 0 0 0 0 0 0 0 8 0 0 0 0 
5468 0 12 0 0 0 0 0 0 0 0 0 0 0 0 0 0 0 12 0 0 0 0 
5483 0 6 0 0 0 0 0 0 0 0 0 0 0 0 0 0 0 6 0 0 0 0 
5498 0 4 0 0 0 0 0 0 0 0 0 0 0 0 0 0 0 4 0 0 0 0 
5513 0 16 0 0 0 0 0 0 0 0 0 0 0 0 0 0 0 16 0 0 0 0 
5528 0 2 0 0 0 0 0 0 0 0 0 0 0 0 0 0 0 2 0 0 0 0 
5543 0 5 0 0 0 0 0 0 0 0 0 0 0 0 0 0 0 5 0 0 0 0 
5558 0 4 0 0 0 0 0 0 0 0 0 0 0 0 0 0 0 4 0 0 0 0 
5573 0 6 0 0 0 0 0 0 0 0 0 0 0 0 0 0 0 6 0 0 0 0 
5588 0 4 0 0 0 0 0 0 0 0 0 0 0 0 0 0 0 4 0 0 0 0 
5603 0 3 0 0 0 0 0 0 0 0 0 0 0 0 0 0 0 3 0 0 0 0 
5618 0 2 0 0 0 0 0 0 0 0 0 0 0 0 0 0 0 2 0 0 0 0 
5633 0 4 0 0 0 0 0 0 0 0 0 0 0 0 0 0 0 4 0 0 0 0 
5648 0 6 0 0 0 0 0 0 0 0 0 0 0 0 0 0 0 6 0 0 0 0 
5663 0 3 0 0 0 0 0 0 0 0 0 0 0 0 0 0 0 3 0 0 0 0 
5678 0 5 0 0 0 0 0 0 0 0 0 0 0 0 0 0 0 5 0 0 0 0 
5693 0 0 0 0 0 0 0 0 0 0 0 0 0 0 0 0 0 0 0 0 0 0 
5903 0 1 0 0 0 0 0 0 0 0 0 0 0 0 0 0 0 1 0 0 0 0 
5918 0 4 0 0 0 0 0 0 0 0 0 0 0 0 0 0 0 4 0 0 0 0 
5963 0 3 0 0 0 0 0 0 0 0 0 0 0 0 0 0 0 3 0 0 0 0 
5972 0 4 0 0 0 4 0 0 0 0 0 0 0 0 0 0 0 3 0 0 0 0 
5987 0 6.5 0 0 0 9 0 0 0 0 0 0 0 0 0 0 0 4 0 0 0 0 
6001 0 2 0 2 0 9 0 0 0 0 0 0 0 0 0 0 0 4 0 0 0 0 
6002 0 8 0 2 0 8 0 0 0 0 0 0 0 0 0 0 0 4 0 0 0 0 
6008 0 1 0 2 0 8 0 0 0 0 0 0 0 0 0 0 0 1 0 0 0 0 
6016 0 4 0 4 0 8 0 0 0 0 0 0 0 0 0 0 0 1 0 0 0 0 
6017 0 7 0 4 0 7 0 0 0 0 0 0 0 0 0 0 0 1 0 0 0 0 
6023 0 0 0 4 0 7 0 0 0 0 0 0 0 0 0 0 0 0 0 0 0 0 
6031 0 3 0 3 0 7 0 0 0 0 0 0 0 0 0 0 0 0 0 0 0 0 
6032 0 0 0 3 0 0 0 0 0 0 0 0 0 0 0 0 0 0 0 0 0 0 
6046 0 4 0 4 0 0 0 0 0 0 0 0 0 0 0 0 0 0 0 0 0 0 
6091 0 3 0 3 0 0 0 0 0 0 0 0 0 0 0 0 0 0 0 0 0 0 
6106 0 4 0 4 0 0 0 0 0 0 0 0 0 0 0 0 0 0 0 0 0 0 
6136 0 6 0 6 0 0 0 0 0 0 0 0 0 0 0 0 0 0 0 0 0 0 
6151 0 0 0 0 0 0 0 0 0 0 0 0 0 0 0 0 0 0 0 0 0 0 
6308 0 1 0 0 0 0 0 0 0 0 0 0 0 0 0 0 0 1 0 0 0 0 
6323 0 3 0 0 0 0 0 0 0 0 0 0 0 0 0 0 0 3 0 0 0 0 
6338 0 6 0 0 0 0 0 0 0 0 0 0 0 0 0 0 0 6 0 0 0 0 
6353 0 4 0 0 0 0 0 0 0 0 0 0 0 0 0 0 0 4 0 0 0 0 
6383 0 3 0 0 0 0 0 0 0 0 0 0 0 0 0 0 0 3 0 0 0 0 
6398 0 4 0 0 0 0 0 0 0 0 0 0 0 0 0 0 0 4 0 0 0 0 
6413 0 1 0 0 0 0 0 0 0 0 0 0 0 0 0 0 0 1 0 0 0 0 
6428 0 0 0 0 0 0 0 0 0 0 0 0 0 0 0 0 0 0 0 0 0 0 
6442 0 8 0 0 0 0 0 0 0 0 0 0 0 0 0 8 0 0 0 0 0 0 
6472 0 12 0 0 0 0 0 0 0 0 0 0 0 0 0 12 0 0 0 0 0 0 
6487 0 6 0 0 0 0 0 0 0 0 0 0 0 0 0 6 0 0 0 0 0 0 
6502 0 4 0 0 0 0 0 0 0 0 0 0 0 0 0 4 0 0 0 0 0 0 
6517 0 16 0 0 0 0 0 0 0 0 0 0 0 0 0 16 0 0 0 0 0 0 
6532 0 2 0 0 0 0 0 0 0 0 0 0 0 0 0 2 0 0 0 0 0 0 
6547 0 3 0 0 0 0 0 0 0 0 0 0 0 0 0 3 0 0 0 0 0 0 
6562 0 4 0 0 0 0 0 0 0 0 0 0 0 0 0 4 0 0 0 0 0 0 
6577 0 6 0 0 0 0 0 0 0 0 0 0 0 0 0 6 0 0 0 0 0 0 
6592 0 4 0 0 0 0 0 0 0 0 0 0 0 0 0 4 0 0 0 0 0 0 
6607 0 3 0 0 0 0 0 0 0 0 0 0 0 0 0 3 0 0 0 0 0 0 
6622 0 2 0 0 0 0 0 0 0 0 0 0 0 0 0 2 0 0 0 0 0 0 
6637 0 6 0 0 0 0 0 0 0 0 0 0 0 0 0 6 0 0 0 0 0 0 
6667 0 3 0 0 0 0 0 0 0 0 0 0 0 0 0 3 0 0 0 0 0 0 
6682 0 5 0 0 0 0 0 0 0 0 0 0 0 0 0 5 0 0 0 0 0 0 
6697 0 0 0 0 0 0 0 0 0 0 0 0 0 0 0 0 0 0 0 0 0 0 
6745 0 11 0 0 0 0 0 0 0 0 0 0 0 0 0 0 0 0 0 0 0 11 
6752 0 1 0 0 0 1 0 0 0 0 0 0 0 0 0 0 0 0 0 0 0 11 
6760 0 4 0 0 0 1 0 0 0 0 0 0 0 0 0 0 0 0 0 0 0 4 
6767 0 3 0 0 0 3 0 0 0 0 0 0 0 0 0 0 0 0 0 0 0 4 
6775 0 9 0 0 0 3 0 0 0 0 0 0 0 0 0 0 0 0 0 0 0 9 
6782 0 4 0 0 0 4 0 0 0 0 0 0 0 0 0 0 0 0 0 0 0 9 
6790 0 2 0 0 0 4 0 0 0 0 0 0 0 0 0 0 0 0 0 0 0 2 
6805 0 0 0 0 0 4 0 0 0 0 0 0 0 0 0 0 0 0 0 0 0 0 
6827 0 5 0 0 0 5 0 0 0 0 0 0 0 0 0 0 0 0 0 0 0 0 
6833 0 3 0 0 0 5 0 0 0 0 0 0 0 0 0 0 0 3 0 0 0 0 
6842 0 4 0 0 0 4 0 0 0 0 0 0 0 0 0 0 0 3 0 0 0 0 
6887 0 3.5 0 0 0 3 0 0 0 0 0 0 0 0 0 0 0 4 0 0 0 0 
6902 0 2 0 0 0 2 0 0 0 0 0 0 0 0 0 0 0 4 0 0 0 0 
6917 0 0 0 0 0 0 0 0 0 0 0 0 0 0 0 0 0 4 0 0 0 0 
6923 0 2 0 0 0 0 0 0 0 0 0 0 0 0 0 0 0 2 0 0 0 0 
6938 0 0 0 0 0 0 0 0 0 0 0 0 0 0 0 0 0 0 0 0 0 0 
7072 0 3 0 0 0 0 0 0 0 0 0 0 0 0 0 3 0 0 0 0 0 0 
7102 0 4 0 0 0 0 0 0 0 0 0 0 0 0 0 4 0 0 0 0 0 0 
7147 0 3 0 0 0 0 0 0 0 0 0 0 0 0 0 3 0 0 0 0 0 0 
7162 0 4 0 0 0 0 0 0 0 0 0 0 0 0 0 4 0 0 0 0 0 0 
7177 0 0 0 0 0 0 0 0 0 0 0 0 0 0 0 0 0 0 0 0 0 0 
7191 1 0 0 0 0 0 0 0 0 0 0 0 1 0 0 0 0 0 0 0 0 0 
7206 0 0 0 0 0 0 0 0 0 0 0 0 0 0 0 0 0 0 0 0 0 0 
7221 2 0 0 0 0 0 0 0 0 0 0 0 2 0 0 0 0 0 0 0 0 0 
7251 0 0 0 0 0 0 0 0 0 0 0 0 0 0 0 0 0 0 0 0 0 0 
7672 0 4 0 0 0 0 0 0 0 0 0 0 0 0 0 4 0 0 0 0 0 0 
7687 0 3 0 0 0 0 0 0 0 0 0 0 0 0 0 3 0 0 0 0 0 0 
7702 0 4 0 0 0 0 0 0 0 0 0 0 0 0 0 4 0 0 0 0 0 0 
7717 0 6 0 0 0 0 0 0 0 0 0 0 0 0 0 6 0 0 0 0 0 0 
7732 0 4 0 0 0 0 0 0 0 0 0 0 0 0 0 4 0 0 0 0 0 0 
7747 0 0 0 0 0 0 0 0 0 0 0 0 0 0 0 0 0 0 0 0 0 0 
7777 0 2 0 0 0 0 0 0 0 0 0 0 0 0 0 2 0 0 0 0 0 0 
7792 0 4 0 0 0 0 0 0 0 0 0 0 0 0 0 4 0 0 0 0 0 0 
7807 0 3 0 0 0 0 0 0 0 0 0 0 0 0 0 3 0 0 0 0 0 0 
7822 0 4 0 0 0 0 0 0 0 0 0 0 0 0 0 4 0 0 0 0 0 0 
7852 0 3 0 0 0 0 0 0 0 0 0 0 0 0 0 3 0 0 0 0 0 0 
7867 0 0 0 0 0 0 0 0 0 0 0 0 0 0 0 0 0 0 0 0 0 0 
8589 0 9 0 0 0 0 0 0 0 0 0 0 0 0 0 0 0 0 0 9 0 0 
8604 0 12 0 0 0 0 0 0 0 0 0 0 0 0 0 0 0 0 0 12 0 0 
8619 0 7 0 0 0 0 0 0 0 0 0 0 0 0 0 0 0 0 0 7 0 0 
8649 0 6 0 0 0 0 0 0 0 0 0 0 0 0 0 0 0 0 0 6 0 0 
8664 0 14 0 0 0 0 0 0 0 0 0 0 0 0 0 0 0 0 0 14 0 0 
8679 0 1 0 0 0 0 0 0 0 0 0 0 0 0 0 0 0 0 0 1 0 0 
8694 0 4 0 0 0 0 0 0 0 0 0 0 0 0 0 0 0 0 0 4 0 0 
8724 0 6 0 0 0 0 0 0 0 0 0 0 0 0 0 0 0 0 0 6 0 0 
8739 0 3 0 0 0 0 0 0 0 0 0 0 0 0 0 0 0 0 0 3 0 0 
8784 0 4 0 0 0 0 0 0 0 0 0 0 0 0 0 0 0 0 0 4 0 0 
8799 0 5 0 0 0 0 0 0 0 0 0 0 0 0 0 0 0 0 0 5 0 0 
8814 0 4 0 0 0 0 0 0 0 0 0 0 0 0 0 0 0 0 0 4 0 0 
8844 0 0 0 0 0 0 0 0 0 0 0 0 0 0 0 0 0 0 0 0 0 0 
9108 1 0 0 0 0 0 1 0 0 0 0 0 0 0 0 0 0 0 0 0 0 0 
9123 0 0 0 0 0 0 0 0 0 0 0 0 0 0 0 0 0 0 0 0 0 0 
9138 2 0 0 0 0 0 2 0 0 0 0 0 0 0 0 0 0 0 0 0 0 0 
9153 4 0 0 0 0 0 4 0 0 0 0 0 0 0 0 0 0 0 0 0 0 0 
9168 0 0 0 0 0 0 0 0 0 0 0 0 0 0 0 0 0 0 0 0 0 0 
10354 1 0 0 0 0 0 0 0 1 0 0 0 0 0 0 0 0 0 0 0 0 0 
10369 4 0 0 0 0 0 0 0 4 0 0 0 0 0 0 0 0 0 0 0 0 0 
10399 0 0 0 0 0 0 0 0 0 0 0 0 0 0 0 0 0 0 0 0 0 0 
11026 0 8 0 8 0 0 0 0 0 0 0 0 0 0 0 0 0 0 0 0 0 0 
11034 0 15 0 8 0 0 0 0 0 0 0 0 0 0 0 0 0 0 0 15 0 0 
11049 0 4 0 8 0 0 0 0 0 0 0 0 0 0 0 0 0 0 0 4 0 0 
11056 0 14 0 14 0 0 0 0 0 0 0 0 0 0 0 0 0 0 0 4 0 0 
11064 0 15 0 14 0 0 0 0 0 0 0 0 0 0 0 0 0 0 0 15 0 0 
11071 0 6 0 6 0 0 0 0 0 0 0 0 0 0 0 0 0 0 0 15 0 0 
11079 0 3 0 6 0 0 0 0 0 0 0 0 0 0 0 0 0 0 0 3 0 0 
11094 0 4 0 6 0 0 0 0 0 0 0 0 0 0 0 0 0 0 0 4 0 0 
11101 0 16 0 16 0 0 0 0 0 0 0 0 0 0 0 0 0 0 0 4 0 0 
11109 0 6 0 16 0 0 0 0 0 0 0 0 0 0 0 0 0 0 0 6 0 0 
11116 0 2 0 2 0 0 0 0 0 0 0 0 0 0 0 0 0 0 0 6 0 0 
11124 0 3 0 2 0 0 0 0 0 0 0 0 0 0 0 0 0 0 0 3 0 0 
11139 0 1.5 0 3 0 0 0 0 0 0 0 0 0 0 0 0 0 0 0 0 0 0 
11146 0 4 0 4 0 0 0 0 0 0 0 0 0 0 0 0 0 0 0 0 0 0 
11161 0 6 0 6 0 0 0 0 0 0 0 0 0 0 0 0 0 0 0 0 0 0 
11176 0 4 0 4 0 0 0 0 0 0 0 0 0 0 0 0 0 0 0 0 0 0 
11191 0 3 0 3 0 0 0 0 0 0 0 0 0 0 0 0 0 0 0 0 0 0 
11206 0 4 0 4 0 0 0 0 0 0 0 0 0 0 0 0 0 0 0 0 0 0 
11236 0 6 0 6 0 0 0 0 0 0 0 0 0 0 0 0 0 0 0 0 0 0 
11251 0 3 0 3 0 0 0 0 0 0 0 0 0 0 0 0 0 0 0 0 0 0 
11266 0 5 0 5 0 0 0 0 0 0 0 0 0 0 0 0 0 0 0 0 0 0 
11281 0 0 0 0 0 0 0 0 0 0 0 0 0 0 0 0 0 0 0 0 0 0 
11491 0 1 0 1 0 0 0 0 0 0 0 0 0 0 0 0 0 0 0 0 0 0 
11506 0 4 0 4 0 0 0 0 0 0 0 0 0 0 0 0 0 0 0 0 0 0 
11551 0 3 0 3 0 0 0 0 0 0 0 0 0 0 0 0 0 0 0 0 0 0 
11566 0 6 0 6 0 0 0 0 0 0 0 0 0 0 0 0 0 0 0 0 0 0 
11581 0 4 0 4 0 0 0 0 0 0 0 0 0 0 0 0 0 0 0 0 0 0 
11596 0 2 0 2 0 0 0 0 0 0 0 0 0 0 0 0 0 0 0 0 0 0 
11611 0 0 0 0 0 0 0 0 0 0 0 0 0 0 0 0 0 0 0 0 0 0 
11626 0 4 0 4 0 0 0 0 0 0 0 0 0 0 0 0 0 0 0 0 0 0 
11671 0 3 0 3 0 0 0 0 0 0 0 0 0 0 0 0 0 0 0 0 0 0 
11686 0 4 0 4 0 0 0 0 0 0 0 0 0 0 0 0 0 0 0 0 0 0 
11701 0 2 0 2 0 0 0 0 0 0 0 0 0 0 0 0 0 0 0 0 0 0 
11716 0 0 0 0 0 0 0 0 0 0 0 0 0 0 0 0 0 0 0 0 0 0 
11762 0 6 0 0 0 6 0 0 0 0 0 0 0 0 0 0 0 0 0 0 0 0 
11777 0 4 0 0 0 4 0 0 0 0 0 0 0 0 0 0 0 0 0 0 0 0 
11792 0 16 0 0 0 16 0 0 0 0 0 0 0 0 0 0 0 0 0 0 0 0 
11798 0 7 0 0 0 16 0 0 0 0 0 0 0 0 0 0 0 7 0 0 0 0 
11807 0 2 0 0 0 2 0 0 0 0 0 0 0 0 0 0 0 7 0 0 0 0 
11813 0 6 0 0 0 2 0 0 0 0 0 0 0 0 0 0 0 6 0 0 0 0 
11821 0 2 0 2 0 2 0 0 0 0 0 0 0 0 0 0 0 6 0 0 0 0 
11822 0 8 0 2 0 8 0 0 0 0 0 0 0 0 0 0 0 6 0 0 0 0 
11828 0 14 0 2 0 8 0 0 0 0 0 0 0 0 0 0 0 14 0 0 0 0 
11836 0 4 0 4 0 8 0 0 0 0 0 0 0 0 0 0 0 14 0 0 0 0 
11843 0 1 0 4 0 8 0 0 0 0 0 0 0 0 0 0 0 1 0 0 0 0 
11851 0 3 0 3 0 8 0 0 0 0 0 0 0 0 0 0 0 1 0 0 0 0 
11852 0 12 0 3 0 12 0 0 0 0 0 0 0 0 0 0 0 1 0 0 0 0 
11858 0 0 0 3 0 12 0 0 0 0 0 0 0 0 0 0 0 0 0 0 0 0 
11866 0 4 0 4 0 12 0 0 0 0 0 0 0 0 0 0 0 0 0 0 0 0 
11867 0 1 0 4 0 1 0 0 0 0 0 0 0 0 0 0 0 0 0 0 0 0 
11873 0 9 0 4 0 1 0 0 0 0 0 0 0 0 0 0 0 9 0 0 0 0 
11882 0 4 0 4 0 4 0 0 0 0 0 0 0 0 0 0 0 9 0 0 0 0 
11888 0 12 0 4 0 4 0 0 0 0 0 0 0 0 0 0 0 12 0 0 0 0 
11896 0 3 0 3 0 4 0 0 0 0 0 0 0 0 0 0 0 12 0 0 0 0 
11903 0 7 0 3 0 4 0 0 0 0 0 0 0 0 0 0 0 7 0 0 0 0 
11911 0 0 0 0 0 4 0 0 0 0 0 0 0 0 0 0 0 7 0 0 0 0 
11912 0 6 0 0 0 6 0 0 0 0 0 0 0 0 0 0 0 7 0 0 0 0 
11918 0 2 0 0 0 6 0 0 0 0 0 0 0 0 0 0 0 2 0 0 0 0 
11927 0 5 0 0 0 5 0 0 0 0 0 0 0 0 0 0 0 2 0 0 0 0 
11933 0 4 0 0 0 5 0 0 0 0 0 0 0 0 0 0 0 4 0 0 0 0 
11942 0 0 0 0 0 0 0 0 0 0 0 0 0 0 0 0 0 4 0 0 0 0 
11948 0 6 0 0 0 0 0 0 0 0 0 0 0 0 0 0 0 6 0 0 0 0 
11957 0 4 0 0 0 4 0 0 0 0 0 0 0 0 0 0 0 6 0 0 0 0 
11963 0 3 0 0 0 4 0 0 0 0 0 0 0 0 0 0 0 3 0 0 0 0 
11978 0 5 0 0 0 4 0 0 0 0 0 0 0 0 0 0 0 5 0 0 0 0 
11993 0 3 0 0 0 5 0 0 0 0 0 0 0 0 0 0 0 1 0 0 0 0 
12002 0 4 0 0 0 4 0 0 0 0 0 0 0 0 0 0 0 1 0 0 0 0 
12017 0 3.5 0 0 0 3 0 0 0 0 0 0 0 0 0 0 0 4 0 0 0 0 
12023 0 3 0 0 0 3 0 0 0 0 0 0 0 0 0 0 0 3 0 0 0 0 
12032 0 0 0 0 0 0 0 0 0 0 0 0 0 0 0 0 0 3 0 0 0 0 
12038 0 6 0 0 0 0 0 0 0 0 0 0 0 0 0 0 0 6 0 0 0 0 
12068 0 3 0 0 0 0 0 0 0 0 0 0 0 6 0 0 0 0 0 0 0 0 
12081 0 7 0 0 0 0 0 0 0 0 0 0 0 7 0 0 0 0 0 0 0 0 
12096 0 11 0 0 0 0 0 0 0 0 0 0 0 11 0 0 0 0 0 0 0 0 
12111 0 2 0 0 0 0 0 0 0 0 0 0 0 2 0 0 0 0 0 0 0 0 
12126 0 0 0 0 0 0 0 0 0 0 0 0 0 0 0 0 0 0 0 0 0 0 
12291 0 1 0 0 0 0 0 0 0 0 0 0 0 1 0 0 0 0 0 0 0 0 
12306 0 6 0 0 0 0 0 0 0 0 0 0 0 6 0 0 0 0 0 0 0 0 
12321 0 19 0 0 0 0 0 0 0 0 0 0 0 19 0 0 0 0 0 0 0 0 
12336 0 6 0 0 0 0 0 0 0 0 0 0 0 6 0 0 0 0 0 0 0 0 
12351 0 0 0 0 0 0 0 0 0 0 0 0 0 0 0 0 0 0 0 0 0 0 
12437 0 4 0 0 0 4 0 0 0 0 0 0 0 0 0 0 0 0 0 0 0 0 
12467 0 3 0 0 0 3 0 0 0 0 0 0 0 0 0 0 0 0 0 0 0 0 
12482 0 4 0 0 0 4 0 0 0 0 0 0 0 0 0 0 0 0 0 0 0 0 
12504 0 3 0 0 0 4 0 0 0 0 0 0 0 0 0 0 0 0 0 3 0 0 
12527 0 5 0 0 0 5 0 0 0 0 0 0 0 0 0 0 0 0 0 3 0 0 
12534 0 4 0 0 0 5 0 0 0 0 0 0 0 0 0 0 0 0 0 4 0 0 
12557 0 2.5 0 0 0 1 0 0 0 0 0 0 0 0 0 0 0 4 0 4 0 0 
12563 0 3 0 0 0 1 0 0 0 0 0 0 0 0 0 0 0 3 0 4 0 0 
12564 0 30 0 0 0 1 0 0 0 0 0 0 0 0 0 0 0 3 0 30 0 0 
12572 0 0 0 0 0 0 0 0 0 0 0 0 0 0 0 0 0 3 0 30 0 0 
12578 0 4 0 0 0 0 0 0 0 0 0 0 0 0 0 0 0 4 0 30 0 0 
12579 0 3 0 0 0 0 0 0 0 0 0 0 0 0 0 0 0 4 0 3 0 0 
12594 0 2 0 0 0 0 0 0 0 0 0 0 0 0 0 0 0 4 0 2 0 0 
12609 0 0 0 0 0 0 0 0 0 0 0 0 0 0 0 0 0 4 0 0 0 0 
12623 0 3 0 0 0 0 0 0 0 0 0 0 0 0 0 0 0 3 0 0 0 0 
12638 0 6 0 0 0 0 0 0 0 0 0 0 0 0 0 0 0 6 0 0 0 0 
12653 0 4 0 0 0 0 0 0 0 0 0 0 0 0 0 0 0 4 0 0 0 0 
12668 0 1 0 0 0 0 0 0 0 0 0 0 0 0 0 0 0 1 0 0 0 0 
12683 0 0 0 0 0 0 0 0 0 0 0 0 0 0 0 0 0 0 0 0 0 0 
12835 0 2 0 0 0 0 0 0 0 0 0 0 0 0 0 0 0 0 0 0 0 2 
12850 0 4 0 0 0 0 0 0 0 0 0 0 0 0 0 0 0 0 0 0 0 4 
12895 0 3 0 0 0 0 0 0 0 0 0 0 0 0 0 0 0 0 0 0 0 3 
12910 0 4 0 0 0 0 0 0 0 0 0 0 0 0 0 0 0 0 0 0 0 4 
12955 0 3 0 0 0 0 0 0 0 0 0 0 0 0 0 0 0 0 0 0 0 3 
12970 0 6 0 0 0 0 0 0 0 0 0 0 0 0 0 0 0 0 0 0 0 6 
12985 0 0 0 0 0 0 0 0 0 0 0 0 0 0 0 0 0 0 0 0 0 0 
13000 0 -1 0 0 0 0 0 0 0 0 0 0 0 0 0 0 0 0 0 0 0 -1 
13015 0 0 0 0 0 0 0 0 0 0 0 0 0 0 0 0 0 0 0 0 0 0 
13112 0 4 0 0 0 4 0 0 0 0 0 0 0 0 0 0 0 0 0 0 0 0 
13127 0 14 0 0 0 14 0 0 0 0 0 0 0 0 0 0 0 0 0 0 0 0 
13142 0 4 0 0 0 4 0 0 0 0 0 0 0 0 0 0 0 0 0 0 0 0 
13145 1 0 0 0 0 4 0 0 0 0 1 0 0 0 0 0 0 0 0 0 0 0 
13160 0 0 0 0 0 4 0 0 0 0 0 0 0 0 0 0 0 0 0 0 0 0 
13175 2 0 0 0 0 4 0 0 0 0 2 0 0 0 0 0 0 0 0 0 0 0 
13187 0 0 0 0 0 0 0 0 0 0 2 0 0 0 0 0 0 0 0 0 0 0 
13210 0 1 0 0 0 0 0 0 0 0 0 0 0 0 0 0 0 0 0 0 0 2 
13225 0 23 0 0 0 0 0 0 0 0 0 0 0 0 0 0 0 0 0 0 0 23 
13240 0 0 0 0 0 0 0 0 0 0 0 0 0 0 0 0 0 0 0 0 0 0 
13502 0 2 0 0 0 2 0 0 0 0 0 0 0 0 0 0 0 0 0 0 0 0 
13517 0 4 0 0 0 4 0 0 0 0 0 0 0 0 0 0 0 0 0 0 0 0 
13547 0 3 0 0 0 3 0 0 0 0 0 0 0 0 0 0 0 0 0 0 0 0 
13562 0 17 0 0 0 17 0 0 0 0 0 0 0 0 0 0 0 0 0 0 0 0 
13577 0 4 0 0 0 4 0 0 0 0 0 0 0 0 0 0 0 0 0 0 0 0 
13592 0 1 0 0 0 1 0 0 0 0 0 0 0 0 0 0 0 0 0 0 0 0 
13607 0 0 0 0 0 0 0 0 0 0 0 0 0 0 0 0 0 0 0 0 0 0 
13748 0 2 0 0 0 0 0 0 0 0 0 0 0 0 0 0 0 2 0 0 0 0 
13763 0 3 0 0 0 0 0 0 0 0 0 0 0 0 0 0 0 3 0 0 0 0 
13778 0 19 0 0 0 0 0 0 0 0 0 0 0 0 0 0 0 19 0 0 0 0 
13793 0 4 0 0 0 0 0 0 0 0 0 0 0 0 0 0 0 4 0 0 0 0 
13823 0 3 0 0 0 0 0 0 0 0 0 0 0 0 0 0 0 3 0 0 0 0 
13838 0 2 0 0 0 0 0 0 0 0 0 0 0 0 0 0 0 2 0 0 0 0 
13853 0 0 0 0 0 0 0 0 0 0 0 0 0 0 0 0 0 0 0 0 0 0 
13968 0 3 0 0 0 0 0 3 0 0 0 0 0 0 0 0 0 0 0 0 0 0 
13983 0 9 0 0 0 0 0 9 0 0 0 0 0 0 0 0 0 0 0 0 0 0 
13998 0 2 0 0 0 0 0 2 0 0 0 0 0 0 0 0 0 0 0 0 0 0 
14013 0 -14 0 0 0 0 0 -14 0 0 0 0 0 0 0 0 0 0 0 0 0 0 
14028 0 0 0 0 0 0 0 0 0 0 0 0 0 0 0 0 0 0 0 0 0 0 
14137 1 0 0 0 0 0 0 0 0 0 0 0 0 0 1 0 0 0 0 0 0 0 
14152 0 0 0 0 0 0 0 0 0 0 0 0 0 0 0 0 0 0 0 0 0 0 
14167 2 0 0 0 0 0 0 0 0 0 0 0 0 0 2 0 0 0 0 0 0 0 
14182 4 0 0 0 0 0 0 0 0 0 0 0 0 0 4 0 0 0 0 0 0 0 
14197 0 0 0 0 0 0 0 0 0 0 0 0 0 0 0 0 0 0 0 0 0 0 
14853 1 0 0 0 0 0 1 0 0 0 0 0 0 0 0 0 0 0 0 0 0 0 
14868 0 0 0 0 0 0 0 0 0 0 0 0 0 0 0 0 0 0 0 0 0 0 
14883 2 0 0 0 0 0 2 0 0 0 0 0 0 0 0 0 0 0 0 0 0 0 
14913 0 0 0 0 0 0 0 0 0 0 0 0 0 0 0 0 0 0 0 0 0 0 
15039 0 3 0 0 0 0 0 0 0 0 0 0 0 0 0 0 0 0 0 3 0 0 
15054 0 4 0 0 0 0 0 0 0 0 0 0 0 0 0 0 0 0 0 4 0 0 
15069 0 15 0 0 0 0 0 0 0 0 0 0 0 0 0 0 0 0 0 15 0 0 
15084 0 4 0 0 0 0 0 0 0 0 0 0 0 0 0 0 0 0 0 4 0 0 
15099 0 3 0 0 0 0 0 0 0 0 0 0 0 0 0 0 0 0 0 3 0 0 
15114 0 4 0 0 0 0 0 0 0 0 0 0 0 0 0 0 0 0 0 4 0 0 
15159 0 22 0 0 0 0 0 0 0 0 0 0 0 0 0 0 0 0 0 22 0 0 
15174 0 4 0 0 0 0 0 0 0 0 0 0 0 0 0 0 0 0 0 4 0 0 
15189 0 1 0 0 0 0 0 0 0 0 0 0 0 0 0 0 0 0 0 1 0 0 
15204 0 0 0 0 0 0 0 0 0 0 0 0 0 0 0 0 0 0 0 0 0 0 
15214 0 3 0 0 0 0 0 0 0 3 0 0 0 0 0 0 0 0 0 0 0 0 
15229 0 10 0 0 0 0 0 0 0 10 0 0 0 0 0 0 0 0 0 0 0 0 
15244 0 6 0 0 0 0 0 0 0 6 0 0 0 0 0 0 0 0 0 0 0 0 
15259 0 9 0 0 0 0 0 0 0 9 0 0 0 0 0 0 0 0 0 0 0 0 
15274 0 0 0 0 0 0 0 0 0 0 0 0 0 0 0 0 0 0 0 0 0 0 
17211 0 8 0 0 0 0 0 0 0 0 0 0 0 8 0 0 0 0 0 0 0 0 
17241 0 12 0 0 0 0 0 0 0 0 0 0 0 12 0 0 0 0 0 0 0 0 
17256 0 7 0 0 0 0 0 0 0 0 0 0 0 7 0 0 0 0 0 0 0 0 
17271 0 3 0 0 0 0 0 0 0 0 0 0 0 3 0 0 0 0 0 0 0 0 
17286 0 16 0 0 0 0 0 0 0 0 0 0 0 16 0 0 0 0 0 0 0 0 
17301 0 2 0 0 0 0 0 0 0 0 0 0 0 2 0 0 0 0 0 0 0 0 
17316 0 4 0 0 0 0 0 0 0 0 0 0 0 4 0 0 0 0 0 0 0 0 
17331 0 3 0 0 0 0 0 0 0 0 0 0 0 3 0 0 0 0 0 0 0 0 
17346 0 6 0 0 0 0 0 0 0 0 0 0 0 6 0 0 0 0 0 0 0 0 
17361 0 4 0 0 0 0 0 0 0 0 0 0 0 4 0 0 0 0 0 0 0 0 
17376 0 3 0 0 0 0 0 0 0 0 0 0 0 3 0 0 0 0 0 0 0 0 
17391 0 2 0 0 0 0 0 0 0 0 0 0 0 2 0 0 0 0 0 0 0 0 
17406 0 4 0 0 0 0 0 0 0 0 0 0 0 4 0 0 0 0 0 0 0 0 
17421 0 6 0 0 0 0 0 0 0 0 0 0 0 6 0 0 0 0 0 0 0 0 
17436 0 4 0 0 0 0 0 0 0 0 0 0 0 4 0 0 0 0 0 0 0 0 
17466 0 0 0 0 0 0 0 0 0 0 0 0 0 0 0 0 0 0 0 0 0 0 
17706 0 13 0 0 0 0 0 0 0 0 0 0 0 13 0 0 0 0 0 0 0 0 
17721 0 4 0 0 0 0 0 0 0 0 0 0 0 4 0 0 0 0 0 0 0 0 
17751 0 3 0 0 0 0 0 0 0 0 0 0 0 3 0 0 0 0 0 0 0 0 
17766 0 0 0 0 0 0 0 0 0 0 0 0 0 0 0 0 0 0 0 0 0 0 
17941 1 0 1 0 0 0 0 0 0 0 0 0 0 0 0 0 0 0 0 0 0 0 
17956 2 0 2 0 0 0 0 0 0 0 0 0 0 0 0 0 0 0 0 0 0 0 
17971 1 0 1 0 0 0 0 0 0 0 0 0 0 0 0 0 0 0 0 0 0 0 
18001 0 0 0 0 0 0 0 0 0 0 0 0 0 0 0 0 0 0 0 0 0 0 
18004 0 3 0 0 0 0 0 0 0 3 0 0 0 0 0 0 0 0 0 0 0 0 
18005 0 6 0 0 0 0 0 0 0 3 0 6 0 0 0 0 0 0 0 0 0 0 
18020 0 4 0 0 0 0 0 0 0 3 0 4 0 0 0 0 0 0 0 0 0 0 
18035 0 7.5 0 0 0 0 0 0 0 4 0 11 0 0 0 0 0 0 0 0 0 0 
18036 0 4 0 0 0 0 0 0 0 4 0 11 0 4 0 0 0 0 0 0 0 0 
18050 0 7 0 0 0 0 0 0 0 4 0 7 0 4 0 0 0 0 0 0 0 0 
18051 0 3 0 0 0 0 0 0 0 4 0 7 0 3 0 0 0 0 0 0 0 0 
18065 0 8 0 0 0 0 0 0 0 4 0 8 0 3 0 0 0 0 0 0 0 0 
18066 0 4 0 0 0 0 0 0 0 4 0 8 0 4 0 0 0 0 0 0 0 0 
18079 0 3 0 0 0 0 0 0 0 3 0 8 0 4 0 0 0 0 0 0 0 0 
18094 0 15 0 0 0 0 0 0 0 15 0 8 0 4 0 0 0 0 0 0 0 0 
18095 0 11 0 0 0 0 0 0 0 15 0 11 0 4 0 0 0 0 0 0 0 0 
18096 0 1 0 0 0 0 0 0 0 15 0 11 0 1 0 0 0 0 0 0 0 0 
18109 0 6 0 0 0 0 0 0 0 6 0 11 0 1 0 0 0 0 0 0 0 0 
18110 0 2 0 0 0 0 0 0 0 6 0 2 0 1 0 0 0 0 0 0 0 0 
18111 0 0 0 0 0 0 0 0 0 6 0 2 0 0 0 0 0 0 0 0 0 0 
18124 0 4 0 0 0 0 0 0 0 4 0 2 0 0 0 0 0 0 0 0 0 0 
18139 0 3.5 0 0 0 0 0 0 0 3 0 4 0 0 0 0 0 0 0 0 0 0 
18154 0 4 0 0 0 0 0 0 0 4 0 4 0 0 0 0 0 0 0 0 0 0 
18155 0 5 0 0 0 0 0 0 0 4 0 5 0 0 0 0 0 0 0 0 0 0 
18169 0 0 0 0 0 0 0 0 0 0 0 5 0 0 0 0 0 0 0 0 0 0 
18170 0 6 0 0 0 0 0 0 0 0 0 6 0 0 0 0 0 0 0 0 0 0 
18185 0 0 0 0 0 0 0 0 0 0 0 0 0 0 0 0 0 0 0 0 0 0 
18200 0 -16 0 0 0 0 0 0 0 0 0 -16 0 0 0 0 0 0 0 0 0 0 
18215 0 -11 0 0 0 0 0 0 0 0 0 -11 0 0 0 0 0 0 0 0 0 0 
18230 0 -17 0 0 0 0 0 0 0 0 0 -17 0 0 0 0 0 0 0 0 0 0 
18245 0 -12 0 0 0 0 0 0 0 0 0 -12 0 0 0 0 0 0 0 0 0 0 
18260 0 -7 0 0 0 0 0 0 0 0 0 -7 0 0 0 0 0 0 0 0 0 0 
18275 0 -3 0 0 0 0 0 0 0 0 0 -3 0 0 0 0 0 0 0 0 0 0 
18290 0 -7 0 0 0 0 0 0 0 0 0 -7 0 0 0 0 0 0 0 0 0 0 
18305 0 -3 0 0 0 0 0 0 0 0 0 -3 0 0 0 0 0 0 0 0 0 0 
18320 0 0 0 0 0 0 0 0 0 0 0 0 0 0 0 0 0 0 0 0 0 0 
18467 0 7 0 0 0 7 0 0 0 0 0 0 0 0 0 0 0 0 0 0 0 0 
18482 0 6 0 0 0 6 0 0 0 0 0 0 0 0 0 0 0 0 0 0 0 0 
18497 0 14 0 0 0 14 0 0 0 0 0 0 0 0 0 0 0 0 0 0 0 0 
18512 0 7 0 0 0 7 0 0 0 0 0 0 0 0 0 0 0 0 0 0 0 0 
18527 0 3 0 0 0 3 0 0 0 0 0 0 0 0 0 0 0 0 0 0 0 0 
18542 0 12 0 0 0 12 0 0 0 0 0 0 0 0 0 0 0 0 0 0 0 0 
18557 0 7 0 0 0 7 0 0 0 0 0 0 0 0 0 0 0 0 0 0 0 0 
18572 0 3 0 0 0 3 0 0 0 0 0 0 0 0 0 0 0 0 0 0 0 0 
18602 0 6 0 0 0 6 0 0 0 0 0 0 0 0 0 0 0 0 0 0 0 0 
18617 0 4 0 0 0 4 0 0 0 0 0 0 0 0 0 0 0 0 0 0 0 0 
18647 0 1 0 0 0 1 0 0 0 0 0 0 0 0 0 0 0 0 0 0 0 0 
18662 0 4 0 0 0 4 0 0 0 0 0 0 0 0 0 0 0 0 0 0 0 0 
18692 0 6 0 0 0 6 0 0 0 0 0 0 0 0 0 0 0 0 0 0 0 0 
18707 0 5 0 0 0 5 0 0 0 0 0 0 0 0 0 0 0 0 0 0 0 0 
18722 0 0 0 0 0 0 0 0 0 0 0 0 0 0 0 0 0 0 0 0 0 0 
19012 0 4 0 0 0 0 0 0 0 0 0 0 0 0 0 4 0 0 0 0 0 0 
19027 0 9 0 0 0 0 0 0 0 0 0 0 0 0 0 9 0 0 0 0 0 0 
19042 0 8 0 0 0 0 0 0 0 0 0 0 0 0 0 8 0 0 0 0 0 0 
19057 0 7 0 0 0 0 0 0 0 0 0 0 0 0 0 7 0 0 0 0 0 0 
19072 0 0 0 0 0 0 0 0 0 0 0 0 0 0 0 0 0 0 0 0 0 0 
19403 0 1 0 0 0 0 0 0 0 0 0 0 0 0 0 0 0 1 0 0 0 0 
19418 0 6 0 0 0 0 0 0 0 0 0 0 0 0 0 0 0 6 0 0 0 0 
19427 0 2 0 0 0 2 0 0 0 0 0 0 0 0 0 0 0 6 0 0 0 0 
19433 0 4 0 0 0 2 0 0 0 0 0 0 0 0 0 0 0 4 0 0 0 0 
19442 0 19 0 0 0 19 0 0 0 0 0 0 0 0 0 0 0 4 0 0 0 0 
19457 0 4 0 0 0 4 0 0 0 0 0 0 0 0 0 0 0 4 0 0 0 0 
19463 0 3 0 0 0 4 0 0 0 0 0 0 0 0 0 0 0 3 0 0 0 0 
19472 0 6 0 0 0 6 0 0 0 0 0 0 0 0 0 0 0 3 0 0 0 0 
19478 0 4 0 0 0 6 0 0 0 0 0 0 0 0 0 0 0 4 0 0 0 0 
19487 0 1 0 0 0 1 0 0 0 0 0 0 0 0 0 0 0 4 0 0 0 0 
19493 0 15 0 0 0 1 0 0 0 0 0 0 0 0 0 0 0 15 0 0 0 0 
19502 0 2 0 0 0 2 0 0 0 0 0 0 0 0 0 0 0 15 0 0 0 0 
19508 0 4 0 0 0 2 0 0 0 0 0 0 0 0 0 0 0 4 0 0 0 0 
19523 0 4.5 0 0 0 4 0 0 0 0 0 0 0 0 0 0 0 5 0 0 0 0 
19538 0 23 0 0 0 4 0 0 0 0 0 0 0 0 0 0 0 23 0 0 0 0 
19547 0 3 0 0 0 3 0 0 0 0 0 0 0 0 0 0 0 23 0 0 0 0 
19553 0 4 0 0 0 3 0 0 0 0 0 0 0 0 0 0 0 4 0 0 0 0 
19568 0 3.5 0 0 0 4 0 0 0 0 0 0 0 0 0 0 0 3 0 0 0 0 
19577 0 2 0 0 0 2 0 0 0 0 0 0 0 0 0 0 0 3 0 0 0 0 
19583 0 0 0 0 0 2 0 0 0 0 0 0 0 0 0 0 0 0 0 0 0 0 
19671 0 1 0 0 0 0 0 0 0 0 0 0 0 2 0 0 0 0 0 0 0 0 
19686 0 4 0 0 0 0 0 0 0 0 0 0 0 4 0 0 0 0 0 0 0 0 
19701 0 31 0 0 0 0 0 0 0 0 0 0 0 31 0 0 0 0 0 0 0 0 
19716 0 4 0 0 0 0 0 0 0 0 0 0 0 4 0 0 0 0 0 0 0 0 
19731 0 2 0 0 0 0 0 4 0 0 0 0 0 0 0 0 0 0 0 0 0 0 
19743 0 9 0 0 0 0 0 9 0 0 0 0 0 0 0 0 0 0 0 0 0 0 
19758 0 5 0 0 0 0 0 5 0 0 0 0 0 0 0 0 0 0 0 0 0 0 
19773 0 10 0 0 0 0 0 10 0 0 0 0 0 0 0 0 0 0 0 0 0 0 
19788 0 0 0 0 0 0 0 0 0 0 0 0 0 0 0 0 0 0 0 0 0 0 
20064 0 8 0 0 0 0 0 0 0 0 0 0 0 0 0 0 0 0 0 8 0 0 
20079 0 5 0 0 0 0 0 0 0 0 0 0 0 0 0 0 0 0 0 5 0 0 
20094 0 14 0 0 0 0 0 0 0 0 0 0 0 0 0 0 0 0 0 14 0 0 
20109 0 7 0 0 0 0 0 0 0 0 0 0 0 0 0 0 0 0 0 7 0 0 
20124 0 4 0 0 0 0 0 0 0 0 0 0 0 0 0 0 0 0 0 4 0 0 
20139 0 11 0 0 0 0 0 0 0 0 0 0 0 0 0 0 0 0 0 11 0 0 
20154 0 7 0 0 0 0 0 0 0 0 0 0 0 0 0 0 0 0 0 7 0 0 
20169 0 3 0 0 0 0 0 0 0 0 0 0 0 0 0 0 0 0 0 3 0 0 
20184 0 4 0 0 0 0 0 0 0 0 0 0 0 0 0 0 0 0 0 4 0 0 
20199 0 5 0 0 0 0 0 0 0 0 0 0 0 0 0 0 0 0 0 5 0 0 
20214 0 4 0 0 0 0 0 0 0 0 0 0 0 0 0 0 0 0 0 4 0 0 
20244 0 2 0 0 0 0 0 0 0 0 0 0 0 0 0 0 0 0 0 2 0 0 
20259 0 5 0 0 0 0 0 0 0 0 0 0 0 0 0 0 0 0 0 5 0 0 
20274 0 4 0 0 0 0 0 0 0 0 0 0 0 0 0 0 0 0 0 4 0 0 
20289 0 6 0 0 0 0 0 0 0 0 0 0 0 0 0 0 0 0 0 6 0 0 
20304 0 5 0 0 0 0 0 0 0 0 0 0 0 0 0 0 0 0 0 5 0 0 
20319 0 0 0 0 0 0 0 0 0 0 0 0 0 0 0 0 0 0 0 0 0 0 
20330 3 0 0 0 0 0 0 0 0 0 3 0 0 0 0 0 0 0 0 0 0 0 
20345 0 0 0 0 0 0 0 0 0 0 0 0 0 0 0 0 0 0 0 0 0 0 
20360 6 0 0 0 0 0 0 0 0 0 6 0 0 0 0 0 0 0 0 0 0 0 
20375 2 0 0 0 0 0 0 0 0 0 2 0 0 0 0 0 0 0 0 0 0 0 
20390 0 0 0 0 0 0 0 0 0 0 0 0 0 0 0 0 0 0 0 0 0 0 
20845 1 0 0 0 0 0 0 0 0 0 0 0 0 0 0 0 0 0 0 0 1 0 
20890 4 0 0 0 0 0 0 0 0 0 0 0 0 0 0 0 0 0 0 0 4 0 
20905 0 0 0 0 0 0 0 0 0 0 0 0 0 0 0 0 0 0 0 0 0 0 
22608 0 2 0 0 0 0 0 2 0 0 0 0 0 0 0 0 0 0 0 0 0 0 
22623 0 3 0 0 0 0 0 3 0 0 0 0 0 0 0 0 0 0 0 0 0 0 
22638 0 4 0 0 0 0 0 4 0 0 0 0 0 0 0 0 0 0 0 0 0 0 
22683 0 3 0 0 0 0 0 3 0 0 0 0 0 0 0 0 0 0 0 0 0 0 
22698 0 4 0 0 0 0 0 4 0 0 0 0 0 0 0 0 0 0 0 0 0 0 
22743 0 3 0 0 0 0 0 3 0 0 0 0 0 0 0 0 0 0 0 0 0 0 
22758 0 6 0 0 0 0 0 6 0 0 0 0 0 0 0 0 0 0 0 0 0 0 
22773 0 4 0 0 0 0 0 4 0 0 0 0 0 0 0 0 0 0 0 0 0 0 
22788 0 5 0 0 0 0 0 5 0 0 0 0 0 0 0 0 0 0 0 0 0 0 
22803 0 0 0 0 0 0 0 0 0 0 0 0 0 0 0 0 0 0 0 0 0 0 
23044 0 8 0 0 0 0 0 0 0 8 0 0 0 0 0 0 0 0 0 0 0 0 
23059 0 5 0 0 0 0 0 0 0 5 0 0 0 0 0 0 0 0 0 0 0 0 
23074 0 14 0 0 0 0 0 0 0 14 0 0 0 0 0 0 0 0 0 0 0 0 
23089 0 1 0 0 0 0 0 0 0 1 0 0 0 0 0 0 0 0 0 0 0 0 
23104 0 6 0 0 0 0 0 0 0 6 0 0 0 0 0 0 0 0 0 0 0 0 
23117 0 1 0 0 0 1 0 0 0 6 0 0 0 0 0 0 0 0 0 0 0 0 
23119 0 5 0 0 0 1 0 0 0 5 0 0 0 0 0 0 0 0 0 0 0 0 
23132 0 4 0 0 0 4 0 0 0 5 0 0 0 0 0 0 0 0 0 0 0 0 
23134 0 12 0 0 0 4 0 0 0 12 0 0 0 0 0 0 0 0 0 0 0 0 
23147 0 5 0 0 0 5 0 0 0 12 0 0 0 0 0 0 0 0 0 0 0 0 
23149 0 7 0 0 0 5 0 0 0 7 0 0 0 0 0 0 0 0 0 0 0 0 
23162 0 4 0 0 0 4 0 0 0 7 0 0 0 0 0 0 0 0 0 0 0 0 
23164 0 3 0 0 0 4 0 0 0 3 0 0 0 0 0 0 0 0 0 0 0 0 
23192 0 6 0 0 0 6 0 0 0 3 0 0 0 0 0 0 0 0 0 0 0 0 
23207 0 4.5 0 0 0 3 0 0 0 6 0 0 0 0 0 0 0 0 0 0 0 0 
23222 0 4 0 0 0 4 0 0 0 6 0 0 0 0 0 0 0 0 0 0 0 0 
23239 0 1 0 0 0 4 0 0 0 1 0 0 0 0 0 0 0 0 0 0 0 0 
23252 0 3 0 0 0 3 0 0 0 1 0 0 0 0 0 0 0 0 0 0 0 0 
23254 0 4 0 0 0 3 0 0 0 4 0 0 0 0 0 0 0 0 0 0 0 0 
23267 0 0 0 0 0 0 0 0 0 4 0 0 0 0 0 0 0 0 0 0 0 0 
23284 0 6 0 0 0 0 0 0 0 6 0 0 0 0 0 0 0 0 0 0 0 0 
23299 0 5 0 0 0 0 0 0 0 5 0 0 0 0 0 0 0 0 0 0 0 0 
23314 0 0 0 0 0 0 0 0 0 0 0 0 0 0 0 0 0 0 0 0 0 0 
23514 0 1 0 0 0 0 0 0 0 0 0 0 0 0 0 0 0 0 0 1 0 0 
23529 0 26 0 0 0 0 0 0 0 0 0 0 0 0 0 0 0 0 0 26 0 0 
23544 0 4 0 0 0 0 0 0 0 0 0 0 0 0 0 0 0 0 0 4 0 0 
23559 0 3 0 0 0 0 0 0 0 0 0 0 0 0 0 0 0 0 0 3 0 0 
23574 0 4 0 0 0 0 0 0 0 0 0 0 0 0 0 0 0 0 0 4 0 0 
23604 0 5 0 0 0 0 0 0 0 0 0 0 0 0 0 0 0 0 0 5 0 0 
23619 0 0 0 0 0 0 0 0 0 0 0 0 0 0 0 0 0 0 0 0 0 0 
23764 0 1 0 0 0 0 0 0 0 1 0 0 0 0 0 0 0 0 0 0 0 0 
23779 0 3 0 0 0 0 0 0 0 3 0 0 0 0 0 0 0 0 0 0 0 0 
23794 0 4 0 0 0 0 0 0 0 4 0 0 0 0 0 0 0 0 0 0 0 0 
23824 0 15 0 0 0 0 0 0 0 15 0 0 0 0 0 0 0 0 0 0 0 0 
23839 0 3 0 0 0 0 0 0 0 3 0 0 0 0 0 0 0 0 0 0 0 0 
23854 0 4 0 0 0 0 0 0 0 4 0 0 0 0 0 0 0 0 0 0 0 0 
23869 0 0 0 0 0 0 0 0 0 0 0 0 0 0 0 0 0 0 0 0 0 0 
23964 0 2 0 0 0 0 0 0 0 0 0 0 0 0 0 0 0 0 0 2 0 0 
23979 0 3 0 0 0 0 0 0 0 0 0 0 0 0 0 0 0 0 0 3 0 0 
23994 0 4 0 0 0 0 0 0 0 0 0 0 0 0 0 0 0 0 0 4 0 0 
24024 0 17 0 0 0 0 0 0 0 0 0 0 0 0 0 0 0 0 0 17 0 0 
24039 0 3 0 0 0 0 0 0 0 0 0 0 0 0 0 0 0 0 0 3 0 0 
24054 0 4 0 0 0 0 0 0 0 0 0 0 0 0 0 0 0 0 0 4 0 0 
24069 0 3 0 0 0 0 0 0 0 0 0 0 0 0 0 0 0 0 0 3 0 0 
24084 0 0 0 0 0 0 0 0 0 0 0 0 0 0 0 0 0 0 0 0 0 0 
24406 0 9 0 9 0 0 0 0 0 0 0 0 0 0 0 0 0 0 0 0 0 0 
24421 0 12 0 12 0 0 0 0 0 0 0 0 0 0 0 0 0 0 0 0 0 0 
24436 0 7 0 7 0 0 0 0 0 0 0 0 0 0 0 0 0 0 0 0 0 0 
24451 0 0 0 0 0 0 0 0 0 0 0 0 0 0 0 0 0 0 0 0 0 0 
24466 0 6 0 6 0 0 0 0 0 0 0 0 0 0 0 0 0 0 0 0 0 0 
24496 0 16 0 16 0 0 0 0 0 0 0 0 0 0 0 0 0 0 0 0 0 0 
24511 0 2 0 2 0 0 0 0 0 0 0 0 0 0 0 0 0 0 0 0 0 0 
24526 0 3 0 3 0 0 0 0 0 0 0 0 0 0 0 0 0 0 0 0 0 0 
24541 0 4 0 4 0 0 0 0 0 0 0 0 0 0 0 0 0 0 0 0 0 0 
24556 0 6 0 6 0 0 0 0 0 0 0 0 0 0 0 0 0 0 0 0 0 0 
24571 0 3 0 3 0 0 0 0 0 0 0 0 0 0 0 0 0 0 0 0 0 0 
24586 0 4 0 4 0 0 0 0 0 0 0 0 0 0 0 0 0 0 0 0 0 0 
24601 0 2 0 2 0 0 0 0 0 0 0 0 0 0 0 0 0 0 0 0 0 0 
24616 0 4 0 4 0 0 0 0 0 0 0 0 0 0 0 0 0 0 0 0 0 0 
24631 0 3 0 3 0 0 0 0 0 0 0 0 0 0 0 0 0 0 0 0 0 0 
24646 0 6 0 6 0 0 0 0 0 0 0 0 0 0 0 0 0 0 0 0 0 0 
24661 0 5 0 5 0 0 0 0 0 0 0 0 0 0 0 0 0 0 0 0 0 0 
24676 0 0 0 0 0 0 0 0 0 0 0 0 0 0 0 0 0 0 0 0 0 0 
25205 0 8 0 0 0 0 0 0 0 0 0 8 0 0 0 0 0 0 0 0 0 0 
25235 0 11 0 0 0 0 0 0 0 0 0 11 0 0 0 0 0 0 0 0 0 0 
25250 0 7 0 0 0 0 0 0 0 0 0 7 0 0 0 0 0 0 0 0 0 0 
25265 0 4 0 0 0 0 0 0 0 0 0 4 0 0 0 0 0 0 0 0 0 0 
25280 0 16 0 0 0 0 0 0 0 0 0 16 0 0 0 0 0 0 0 0 0 0 
25295 0 2 0 0 0 0 0 0 0 0 0 2 0 0 0 0 0 0 0 0 0 0 
25310 0 3 0 0 0 0 0 0 0 0 0 3 0 0 0 0 0 0 0 0 0 0 
25325 0 6 0 0 0 0 0 0 0 0 0 6 0 0 0 0 0 0 0 0 0 0 
25344 0 2 0 0 0 0 0 0 0 0 0 6 0 0 0 0 0 0 0 2 0 0 
25355 0 3 0 0 0 0 0 0 0 0 0 3 0 0 0 0 0 0 0 2 0 0 
25370 0 3.5 0 0 0 0 0 0 0 0 0 4 0 0 0 0 0 0 0 3 0 0 
25374 0 4 0 0 0 0 0 0 0 0 0 4 0 0 0 0 0 0 0 4 0 0 
25385 0 2 0 0 0 0 0 0 0 0 0 2 0 0 0 0 0 0 0 4 0 0 
25400 0 4 0 0 0 0 0 0 0 0 0 4 0 0 0 0 0 0 0 4 0 0 
25404 0 15 0 0 0 0 0 0 0 0 0 4 0 0 0 0 0 0 0 15 0 0 
25415 0 3 0 0 0 0 0 0 0 0 0 3 0 0 0 0 0 0 0 15 0 0 
25419 0 5 0 0 0 0 0 0 0 0 0 3 0 0 0 0 0 0 0 5 0 0 
25430 0 6 0 0 0 0 0 0 0 0 0 6 0 0 0 0 0 0 0 5 0 0 
25434 0 4 0 0 0 0 0 0 0 0 0 6 0 0 0 0 0 0 0 4 0 0 
25445 0 7 0 0 0 0 0 0 0 0 0 7 0 0 0 0 0 0 0 4 0 0 
25449 0 2 0 0 0 0 0 0 0 0 0 7 0 0 0 0 0 0 0 2 0 0 
25459 0 5 0 0 0 0 0 0 0 5 0 7 0 0 0 0 0 0 0 2 0 0 
25460 0 0 0 0 0 0 0 0 0 5 0 0 0 0 0 0 0 0 0 2 0 0 
25474 0 2 0 0 0 0 0 0 0 4 0 0 0 0 0 0 0 0 0 0 0 0 
25489 0 6 0 0 0 0 0 0 0 6 0 0 0 0 0 0 0 0 0 0 0 0 
25504 0 19 0 0 0 0 0 0 0 19 0 0 0 0 0 0 0 0 0 0 0 0 
25519 0 3 0 0 0 0 0 0 0 3 0 0 0 0 0 0 0 0 0 0 0 0 
25534 0 4 0 0 0 0 0 0 0 4 0 0 0 0 0 0 0 0 0 0 0 0 
25579 0 3 0 0 0 0 0 0 0 3 0 0 0 0 0 0 0 0 0 0 0 0 
25609 0 0 0 0 0 0 0 0 0 0 0 0 0 0 0 0 0 0 0 0 0 0 
25835 0 3 0 0 0 0 0 0 0 0 0 3 0 0 0 0 0 0 0 0 0 0 
25850 0 4 0 0 0 0 0 0 0 0 0 4 0 0 0 0 0 0 0 0 0 0 
25895 0 3 0 0 0 0 0 0 0 0 0 3 0 0 0 0 0 0 0 0 0 0 
25910 0 4 0 0 0 0 0 0 0 0 0 4 0 0 0 0 0 0 0 0 0 0 
25940 0 2 0 0 0 0 0 0 0 0 0 2 0 0 0 0 0 0 0 0 0 0 
25955 0 0 0 0 0 0 0 0 0 0 0 0 0 0 0 0 0 0 0 0 0 0 
26155 0 4 0 0 0 0 0 0 0 0 0 0 0 0 0 0 0 0 0 0 0 4 
26170 0 10 0 0 0 0 0 0 0 0 0 0 0 0 0 0 0 0 0 0 0 10 
26185 0 7 0 0 0 0 0 0 0 0 0 0 0 0 0 0 0 0 0 0 0 7 
26215 0 0 0 0 0 0 0 0 0 0 0 0 0 0 0 0 0 0 0 0 0 0 
26241 1 0 0 0 0 0 0 0 0 0 0 0 1 0 0 0 0 0 0 0 0 0 
26256 4 0 0 0 0 0 0 0 0 0 0 0 4 0 0 0 0 0 0 0 0 0 
26271 1 0 0 0 0 0 0 0 0 0 0 0 1 0 0 0 0 0 0 0 0 0 
26301 0 0 0 0 0 0 0 0 0 0 0 0 0 0 0 0 0 0 0 0 0 0 
26333 1 0 0 0 0 0 0 0 0 0 0 0 0 0 0 0 1 0 0 0 0 0 
26378 6 0 0 0 0 0 0 0 0 0 0 0 0 0 0 0 6 0 0 0 0 0 
26393 0 0 0 0 0 0 0 0 0 0 0 0 0 0 0 0 0 0 0 0 0 0 
26435 0 1 0 0 0 0 0 0 0 0 0 1 0 0 0 0 0 0 0 0 0 0 
26450 0 4 0 0 0 0 0 0 0 0 0 4 0 0 0 0 0 0 0 0 0 0 
26495 0 3 0 0 0 0 0 0 0 0 0 3 0 0 0 0 0 0 0 0 0 0 
26510 0 4 0 0 0 0 0 0 0 0 0 4 0 0 0 0 0 0 0 0 0 0 
26540 0 2 0 0 0 0 0 0 0 0 0 2 0 0 0 0 0 0 0 0 0 0 
26555 0 0 0 0 0 0 0 0 0 0 0 0 0 0 0 0 0 0 0 0 0 0 
