# ValueCount deltaRailways
10 0 0 0 0 0 0 0 0 0 0 0 0 0 0 0 0 0 0 0 0 0 0 
123 1 8 1 0 1 0 1 8 1 0 1 0 1 0 1 0 1 0 1 0 1 0 
124 2 9 2 0 2 0 2 8 2 9 2 0 2 0 2 0 2 0 2 0 2 0 
126 3 8 3 0 3 0 3 8 3 9 3 0 3 8 3 0 3 0 3 0 3 0 
128 4 8.5 4 0 4 0 4 8 4 9 4 0 4 8 4 8 4 9 4 0 4 0 
139 5 7 5 0 5 0 5 8 5 7 5 0 5 8 5 8 5 9 5 0 5 0 
145 6 6.5 6 0 6 0 6 8 6 7 6 0 6 8 6 8 6 7 6 0 6 6 
153 7 12 7 0 7 0 7 12 7 7 7 0 7 8 7 8 7 7 7 0 7 6 
160 8 10.4 8 0 8 0 8 12 8 12 8 0 8 12 8 12 8 12 8 0 8 4 
168 9 7 9 0 9 0 9 7 9 12 9 0 9 12 9 12 9 12 9 0 9 4 
171 10 6.5 10 0 10 0 10 7 10 7 10 0 10 6 10 12 10 12 10 0 10 4 
172 11 7 11 0 11 0 11 7 11 7 11 0 11 6 11 7 11 12 11 0 11 4 
175 12 9 12 0 12 0 12 7 12 7 12 0 12 6 12 7 12 7 12 0 12 11 
183 13 3 13 0 13 0 13 3 13 7 13 0 13 6 13 7 13 7 13 0 13 11 
184 14 6 14 0 14 0 14 3 14 6 14 0 14 6 14 7 14 7 14 0 14 11 
186 15 4 15 0 15 0 15 3 15 6 15 0 15 4 15 7 15 7 15 0 15 11 
187 16 3 16 0 16 0 16 3 16 6 16 0 16 4 16 3 16 7 16 0 16 11 
190 17 7 17 0 17 0 17 3 17 6 17 0 17 4 17 3 17 7 17 0 17 7 
198 18 16 18 0 18 0 18 16 18 6 18 0 18 4 18 3 18 7 18 0 18 7 
199 19 13 19 0 19 0 19 16 19 13 19 0 19 4 19 3 19 7 19 0 19 7 
201 20 16 20 0 20 0 20 16 20 13 20 0 20 16 20 3 20 7 20 0 20 7 
203 21 14.5 21 0 21 0 21 16 21 13 21 0 21 16 21 16 21 13 21 0 21 7 
205 22 0 22 0 22 0 22 16 22 13 22 0 22 16 22 16 22 13 22 0 22 0 
213 23 2 23 0 23 0 23 2 23 13 23 0 23 16 23 16 23 13 23 0 23 0 
220 24 3.2 24 0 24 0 24 2 24 2 24 0 24 2 24 2 24 2 24 0 24 8 
228 25 4 25 0 25 0 25 4 25 2 25 0 25 2 25 2 25 2 25 0 25 8 
231 26 3.5 26 0 26 0 26 4 26 4 26 0 26 3 26 2 26 2 26 0 26 8 
232 27 4 27 0 27 0 27 4 27 4 27 0 27 3 27 4 27 2 27 0 27 8 
235 28 4.5 28 0 28 0 28 4 28 4 28 0 28 3 28 4 28 4 28 0 28 5 
243 29 3 29 0 29 0 29 3 29 4 29 0 29 3 29 4 29 4 29 0 29 5 
246 30 4 30 0 30 0 30 3 30 4 30 0 30 4 30 4 30 4 30 0 30 5 
247 31 3 31 0 31 0 31 3 31 4 31 0 31 4 31 3 31 4 31 0 31 5 
250 32 14 32 0 32 0 32 3 32 4 32 0 32 4 32 3 32 4 32 0 32 14 
258 33 6 33 0 33 0 33 6 33 4 33 0 33 4 33 3 33 4 33 0 33 14 
259 34 5 34 0 34 0 34 6 34 5 34 0 34 4 34 3 34 4 34 0 34 14 
261 35 6 35 0 35 0 35 6 35 5 35 0 35 6 35 3 35 4 35 0 35 14 
263 36 5.5 36 0 36 0 36 6 36 5 36 0 36 6 36 6 36 5 36 0 36 14 
265 37 2 37 0 37 0 37 6 37 5 37 0 37 6 37 6 37 5 37 0 37 2 
273 38 4 38 0 38 0 38 4 38 5 38 0 38 6 38 6 38 5 38 0 38 2 
280 39 4.2 39 0 39 0 39 4 39 4 39 0 39 4 39 4 39 4 39 0 39 5 
288 40 3 40 0 40 0 40 3 40 4 40 0 40 4 40 4 40 4 40 0 40 5 
303 41 2.83333 41 0 41 0 41 2 41 3 41 0 41 3 41 3 41 3 41 0 41 3 
306 42 2 42 0 42 0 42 2 42 3 42 0 42 2 42 3 42 3 42 0 42 3 
310 43 4 43 0 43 0 43 2 43 3 43 0 43 2 43 2 43 3 43 0 43 6 
333 44 4.66667 44 0 44 0 44 6 44 3 44 0 44 4 44 4 44 3 44 0 44 6 
334 45 6 45 0 45 0 45 6 45 6 45 0 45 4 45 4 45 3 45 0 45 6 
340 46 4.5 46 0 46 0 46 6 46 6 46 0 46 6 46 6 46 6 46 0 46 0 
348 47 4 47 0 47 0 47 4 47 6 47 0 47 6 47 6 47 6 47 0 47 0 
351 48 3.5 48 0 48 0 48 4 48 4 48 0 48 3 48 6 48 6 48 0 48 0 
352 49 4 49 0 49 0 49 4 49 4 49 0 49 3 49 4 49 6 49 0 49 0 
355 50 3.5 50 0 50 0 50 4 50 4 50 0 50 3 50 4 50 4 50 0 50 3 
366 51 5 51 0 51 0 51 4 51 4 51 0 51 5 51 4 51 4 51 0 51 3 
370 52 4 52 0 52 0 52 4 52 4 52 0 52 5 52 4 52 4 52 0 52 4 
378 53 0 53 0 53 0 53 0 53 4 53 0 53 5 53 4 53 4 53 0 53 4 
385 54 1.2 54 0 54 0 54 0 54 0 54 0 54 0 54 0 54 0 54 0 54 6 
393 55 2 55 0 55 0 55 2 55 0 55 0 55 0 55 0 55 0 55 0 55 6 
400 56 4 56 0 56 0 56 2 56 0 56 0 56 0 56 0 56 0 56 0 56 4 
415 57 3.5 57 0 57 0 57 4 57 0 57 0 57 0 57 0 57 0 57 0 57 3 
423 58 3 58 0 58 0 58 3 58 0 58 0 58 0 58 0 58 0 58 0 58 3 
430 59 0 59 0 59 0 59 3 59 0 59 0 59 0 59 0 59 0 59 0 59 0 
473 60 2 60 0 60 0 60 0 60 0 60 0 60 0 60 0 60 4 60 0 60 0 
503 61 3 61 0 61 0 61 0 61 0 61 0 61 0 61 0 61 3 61 0 61 0 
518 62 4 62 0 62 0 62 0 62 0 62 0 62 0 62 0 62 4 62 0 62 0 
533 63 2 63 0 63 0 63 0 63 0 63 0 63 0 63 0 63 2 63 0 63 0 
548 64 0 64 0 64 0 64 0 64 0 64 0 64 0 64 0 64 0 64 0 64 0 
603 65 2 65 0 65 0 65 2 65 0 65 0 65 0 65 0 65 0 65 0 65 0 
618 66 4 66 0 66 0 66 4 66 0 66 0 66 0 66 0 66 0 66 0 66 0 
633 67 5 67 0 67 0 67 5 67 0 67 0 67 0 67 0 67 0 67 0 67 0 
638 68 2 68 0 68 0 68 5 68 0 68 0 68 0 68 0 68 2 68 0 68 0 
648 69 3 69 0 69 0 69 3 69 0 69 0 69 0 69 0 69 2 69 0 69 0 
653 70 4 70 0 70 0 70 3 70 0 70 0 70 0 70 0 70 4 70 0 70 0 
663 71 0 71 0 71 0 71 0 71 0 71 0 71 0 71 0 71 4 71 0 71 0 
668 72 5 72 0 72 0 72 0 72 0 72 0 72 0 72 0 72 5 72 0 72 0 
678 73 1 73 0 73 0 73 1 73 0 73 0 73 0 73 0 73 5 73 0 73 0 
683 74 3 74 0 74 0 74 1 74 0 74 0 74 0 74 0 74 3 74 0 74 0 
693 75 4 75 0 75 0 75 4 75 0 75 0 75 0 75 0 75 3 75 0 75 0 
698 76 2 76 0 76 0 76 4 76 0 76 0 76 0 76 0 76 2 76 0 76 0 
712 77 3 77 0 77 0 77 4 77 0 77 0 77 0 77 3 77 2 77 0 77 0 
713 78 4 78 0 78 0 78 4 78 0 78 0 78 0 78 3 78 4 78 0 78 0 
723 79 3 79 0 79 0 79 3 79 0 79 0 79 0 79 3 79 4 79 0 79 0 
738 80 1 80 0 80 0 80 1 80 0 80 0 80 0 80 3 80 4 80 0 80 0 
742 81 4 81 0 81 0 81 1 81 0 81 0 81 0 81 4 81 4 81 0 81 0 
743 82 1 82 0 82 0 82 1 82 0 82 0 82 0 82 4 82 1 82 0 82 0 
753 83 0 83 0 83 0 83 0 83 0 83 0 83 0 83 4 83 1 83 0 83 0 
787 84 1.5 84 0 84 0 84 0 84 0 84 0 84 0 84 3 84 0 84 0 84 0 
817 85 2 85 0 85 0 85 0 85 0 85 0 85 0 85 2 85 0 85 0 85 0 
832 86 4 86 0 86 0 86 0 86 0 86 0 86 0 86 4 86 0 86 0 86 0 
847 87 3 87 0 87 0 87 0 87 0 87 0 87 0 87 3 87 0 87 0 87 0 
862 88 4 88 0 88 0 88 0 88 0 88 0 88 0 88 4 88 0 88 0 88 0 
906 89 2 89 0 89 0 89 0 89 0 89 0 89 2 89 4 89 0 89 0 89 0 
907 90 1 90 0 90 0 90 0 90 0 90 0 90 2 90 1 90 0 90 0 90 0 
921 91 5 91 0 91 0 91 0 91 0 91 0 91 5 91 1 91 0 91 0 91 0 
922 92 0 92 0 92 0 92 0 92 0 92 0 92 5 92 0 92 0 92 0 92 0 
936 93 4 93 0 93 0 93 0 93 0 93 0 93 4 93 0 93 0 93 0 93 0 
951 94 3 94 0 94 0 94 0 94 0 94 0 94 3 94 0 94 0 94 0 94 0 
966 95 4 95 0 95 0 95 0 95 0 95 0 95 4 95 0 95 0 95 0 95 0 
996 96 -2 96 0 96 0 96 0 96 0 96 0 96 -2 96 0 96 0 96 0 96 0 
1011 97 0 97 0 97 0 97 0 97 0 97 0 97 0 97 0 97 0 97 0 97 0 
1056 98 2 98 0 98 0 98 0 98 0 98 0 98 2 98 0 98 0 98 0 98 0 
1071 99 3 99 0 99 0 99 0 99 0 99 0 99 3 99 0 99 0 99 0 99 0 
1086 100 1 100 0 100 0 100 0 100 0 100 0 100 1 100 0 100 0 100 0 100 0 
1101 101 0 101 0 101 0 101 0 101 0 101 0 101 0 101 0 101 0 101 0 101 0 
1132 102 3 102 0 102 0 102 0 102 0 102 0 102 0 102 3 102 0 102 0 102 0 
1162 103 4 103 0 103 0 103 0 103 0 103 0 103 0 103 4 103 0 103 0 103 0 
1192 104 5 104 0 104 0 104 0 104 0 104 0 104 0 104 5 104 0 104 0 104 0 
1207 105 3 105 0 105 0 105 0 105 0 105 0 105 0 105 3 105 0 105 0 105 0 
1222 106 0 106 0 106 0 106 0 106 0 106 0 106 0 106 0 106 0 106 0 106 0 
1345 107 4 107 0 107 0 107 0 107 0 107 0 107 0 107 0 107 0 107 0 107 4 
1360 108 5 108 0 108 0 108 0 108 0 108 0 108 0 108 0 108 0 108 0 108 5 
1375 109 3 109 0 109 0 109 0 109 0 109 0 109 0 109 0 109 0 109 0 109 3 
1390 110 4 110 0 110 0 110 0 110 0 110 0 110 0 110 0 110 0 110 0 110 4 
1435 111 3 111 0 111 0 111 0 111 0 111 0 111 0 111 0 111 0 111 0 111 3 
1450 112 4 112 0 112 0 112 0 112 0 112 0 112 0 112 0 112 0 112 0 112 4 
1465 113 1 113 0 113 0 113 0 113 0 113 0 113 0 113 0 113 0 113 0 113 1 
1474 114 3 114 0 114 0 114 0 114 3 114 0 114 0 114 0 114 0 114 0 114 1 
1480 115 0 115 0 115 0 115 0 115 3 115 0 115 0 115 0 115 0 115 0 115 0 
1489 116 67 116 0 116 0 116 0 116 67 116 0 116 0 116 0 116 0 116 0 116 0 
1504 117 4 117 0 117 0 117 0 117 4 117 0 117 0 117 0 117 0 117 0 117 0 
1519 118 1 118 0 118 0 118 0 118 1 118 0 118 0 118 0 118 0 118 0 118 0 
1534 119 0 119 0 119 0 119 0 119 0 119 0 119 0 119 0 119 0 119 0 119 0 
1549 120 3 120 0 120 0 120 0 120 3 120 0 120 0 120 0 120 0 120 0 120 0 
1564 121 4 121 0 121 0 121 0 121 4 121 0 121 0 121 0 121 0 121 0 121 0 
1579 122 3 122 0 122 0 122 0 122 3 122 0 122 0 122 0 122 0 122 0 122 0 
1594 123 4 123 0 123 0 123 0 123 4 123 0 123 0 123 0 123 0 123 0 123 0 
1624 124 0 124 0 124 0 124 0 124 0 124 0 124 0 124 0 124 0 124 0 124 0 
1656 125 3 125 0 125 0 125 0 125 0 125 0 125 3 125 0 125 0 125 0 125 0 
1686 126 4 126 0 126 0 126 0 126 0 126 0 126 4 126 0 126 0 126 0 126 0 
1731 127 3 127 0 127 0 127 0 127 0 127 0 127 3 127 0 127 0 127 0 127 0 
1746 128 4 128 0 128 0 128 0 128 0 128 0 128 4 128 0 128 0 128 0 128 0 
1761 129 0 129 0 129 0 129 0 129 0 129 0 129 0 129 0 129 0 129 0 129 0 
2631 130 3 130 0 130 0 130 0 130 0 130 0 130 3 130 0 130 0 130 0 130 0 
2646 131 4 131 0 131 0 131 0 131 0 131 0 131 4 131 0 131 0 131 0 131 0 
2676 132 23 132 0 132 0 132 0 132 0 132 0 132 23 132 0 132 0 132 0 132 0 
2691 133 3 133 0 133 0 133 0 133 0 133 0 133 3 133 0 133 0 133 0 133 0 
2706 134 4 134 0 134 0 134 0 134 0 134 0 134 4 134 0 134 0 134 0 134 0 
2736 135 0 135 0 135 0 135 0 135 0 135 0 135 0 135 0 135 0 135 0 135 0 
3424 136 1 136 0 136 0 136 0 136 1 136 0 136 0 136 0 136 0 136 0 136 0 
3439 137 3 137 0 137 0 137 0 137 3 137 0 137 0 137 0 137 0 137 0 137 0 
3454 138 4 138 0 138 0 138 0 138 4 138 0 138 0 138 0 138 0 138 0 138 0 
3499 139 3 139 0 139 0 139 0 139 3 139 0 139 0 139 0 139 0 139 0 139 0 
3514 140 4 140 0 140 0 140 0 140 4 140 0 140 0 140 0 140 0 140 0 140 0 
3574 141 0 141 0 141 0 141 0 141 0 141 0 141 0 141 0 141 0 141 0 141 0 
3589 142 -1 142 0 142 0 142 0 142 -1 142 0 142 0 142 0 142 0 142 0 142 0 
3604 143 0 143 0 143 0 143 0 143 0 143 0 143 0 143 0 143 0 143 0 143 0 
3709 144 3 144 0 144 0 144 0 144 3 144 0 144 0 144 0 144 0 144 0 144 0 
3724 145 4 145 0 145 0 145 0 145 4 145 0 145 0 145 0 145 0 145 0 145 0 
3739 146 13 146 0 146 0 146 0 146 13 146 0 146 0 146 0 146 0 146 0 146 0 
3754 147 0 147 0 147 0 147 0 147 0 147 0 147 0 147 0 147 0 147 0 147 0 
4900 148 13 148 0 148 0 148 0 148 0 148 0 148 0 148 0 148 0 148 0 148 13 
4915 149 3 149 0 149 0 149 0 149 0 149 0 149 0 149 0 149 0 149 0 149 3 
4930 150 4 150 0 150 0 150 0 150 0 150 0 150 0 150 0 150 0 150 0 150 4 
4945 151 5 151 0 151 0 151 0 151 0 151 0 151 0 151 0 151 0 151 0 151 5 
4960 152 4 152 0 152 0 152 0 152 0 152 0 152 0 152 0 152 0 152 0 152 4 
4975 153 3 153 0 153 0 153 0 153 0 153 0 153 0 153 0 153 0 153 0 153 3 
4990 154 4 154 0 154 0 154 0 154 0 154 0 154 0 154 0 154 0 154 0 154 4 
5020 155 5 155 0 155 0 155 0 155 0 155 0 155 0 155 0 155 0 155 0 155 5 
5035 156 3 156 0 156 0 156 0 156 0 156 0 156 0 156 0 156 0 156 0 156 3 
5050 157 0 157 0 157 0 157 0 157 0 157 0 157 0 157 0 157 0 157 0 157 0 
5140 158 3 158 0 158 0 158 0 158 0 158 0 158 0 158 0 158 0 158 0 158 3 
5170 159 4 159 0 159 0 159 0 159 0 159 0 159 0 159 0 159 0 159 0 159 4 
5215 160 3 160 0 160 0 160 0 160 0 160 0 160 0 160 0 160 0 160 0 160 3 
5230 161 4 161 0 161 0 161 0 161 0 161 0 161 0 161 0 161 0 161 0 161 4 
5260 162 3 162 0 162 0 162 0 162 0 162 0 162 0 162 0 162 0 162 0 162 3 
5275 163 0 163 0 163 0 163 0 163 0 163 0 163 0 163 0 163 0 163 0 163 0 
5387 164 4 164 0 164 4 164 0 164 0 164 0 164 0 164 0 164 0 164 0 164 0 
5402 165 10 165 0 165 10 165 0 165 0 165 0 165 0 165 0 165 0 165 0 165 0 
5417 166 12 166 0 166 12 166 0 166 0 166 0 166 0 166 0 166 0 166 0 166 0 
5432 167 2 167 0 167 2 167 0 167 0 167 0 167 0 167 0 167 0 167 0 167 0 
5447 168 0 168 0 168 0 168 0 168 0 168 0 168 0 168 0 168 0 168 0 168 0 
5613 169 7 169 0 169 0 169 7 169 0 169 0 169 0 169 0 169 0 169 0 169 0 
5618 170 3 170 0 170 0 170 7 170 0 170 0 170 0 170 0 170 3 170 0 170 0 
5628 171 10 171 0 171 0 171 10 171 0 171 0 171 0 171 0 171 3 171 0 171 0 
5643 172 9.5 172 0 172 0 172 9 172 0 172 0 172 0 172 0 172 10 172 0 172 0 
5648 173 4 173 0 173 0 173 9 173 0 173 0 173 0 173 0 173 4 173 0 173 0 
5658 174 2 174 0 174 0 174 2 174 0 174 0 174 0 174 0 174 4 174 0 174 0 
5663 175 9 175 0 175 0 175 2 175 0 175 0 175 0 175 0 175 9 175 0 175 0 
5673 176 0 176 0 176 0 176 0 176 0 176 0 176 0 176 0 176 9 176 0 176 0 
5678 177 2 177 0 177 0 177 0 177 0 177 0 177 0 177 0 177 2 177 0 177 0 
5693 178 0 178 0 178 0 178 0 178 0 178 0 178 0 178 0 178 0 178 0 178 0 
6602 179 2 179 0 179 2 179 0 179 0 179 0 179 0 179 0 179 0 179 0 179 0 
6617 180 4 180 0 180 4 180 0 180 0 180 0 180 0 180 0 180 0 180 0 180 0 
6647 181 3 181 0 181 3 181 0 181 0 181 0 181 0 181 0 181 0 181 0 181 0 
6662 182 4 182 0 182 4 182 0 182 0 182 0 182 0 182 0 182 0 182 0 182 0 
6683 183 3 183 0 183 4 183 0 183 0 183 0 183 0 183 0 183 3 183 0 183 0 
6698 184 4 184 0 184 4 184 0 184 0 184 0 184 0 184 0 184 4 184 0 184 0 
6707 185 3 185 0 185 3 185 0 185 0 185 0 185 0 185 0 185 4 185 0 185 0 
6722 186 4 186 0 186 4 186 0 186 0 186 0 186 0 186 0 186 4 186 0 186 0 
6743 187 3 187 0 187 4 187 0 187 0 187 0 187 0 187 0 187 3 187 0 187 0 
6758 188 4 188 0 188 4 188 0 188 0 188 0 188 0 188 0 188 4 188 0 188 0 
6767 189 3 189 0 189 3 189 0 189 0 189 0 189 0 189 0 189 4 189 0 189 0 
6782 190 4 190 0 190 4 190 0 190 0 190 0 190 0 190 0 190 4 190 0 190 0 
6803 191 42 191 0 191 4 191 0 191 0 191 0 191 0 191 0 191 42 191 0 191 0 
6812 192 2 192 0 192 2 192 0 192 0 192 0 192 0 192 0 192 42 192 0 192 0 
6818 193 4 193 0 193 2 193 0 193 0 193 0 193 0 193 0 193 4 193 0 193 0 
6827 194 0 194 0 194 0 194 0 194 0 194 0 194 0 194 0 194 4 194 0 194 0 
6863 195 2 195 0 195 0 195 0 195 0 195 0 195 0 195 0 195 2 195 0 195 0 
6878 196 0 196 0 196 0 196 0 196 0 196 0 196 0 196 0 196 0 196 0 196 0 
7098 197 4 197 0 197 0 197 4 197 0 197 0 197 0 197 0 197 0 197 0 197 0 
7128 198 15 198 0 198 0 198 15 198 0 198 0 198 0 198 0 198 0 198 0 198 0 
7143 199 3 199 0 199 0 199 3 199 0 199 0 199 0 199 0 199 0 199 0 199 0 
7158 200 4 200 0 200 0 200 4 200 0 200 0 200 0 200 0 200 0 200 0 200 0 
7188 201 5 201 0 201 0 201 5 201 0 201 0 201 0 201 0 201 0 201 0 201 0 
7203 202 1 202 0 202 0 202 1 202 0 202 0 202 0 202 0 202 0 202 0 202 0 
7218 203 0 203 0 203 0 203 0 203 0 203 0 203 0 203 0 203 0 203 0 203 0 
9109 204 3 204 0 204 0 204 0 204 3 204 0 204 0 204 0 204 0 204 0 204 0 
9124 205 10 205 0 205 0 205 0 205 10 205 0 205 0 205 0 205 0 205 0 205 0 
9139 206 5 206 0 206 0 206 0 206 5 206 0 206 0 206 0 206 0 206 0 206 0 
9154 207 10 207 0 207 0 207 0 207 10 207 0 207 0 207 0 207 0 207 0 207 0 
9169 208 0 208 0 208 0 208 0 208 0 208 0 208 0 208 0 208 0 208 0 208 0 
11165 209 7 209 0 209 0 209 0 209 0 209 7 209 0 209 0 209 0 209 0 209 0 
11180 210 6 210 0 210 0 210 0 210 0 210 6 210 0 210 0 210 0 210 0 210 0 
11195 211 13 211 0 211 0 211 0 211 0 211 13 211 0 211 0 211 0 211 0 211 0 
11210 212 2 212 0 212 0 212 0 212 0 212 2 212 0 212 0 212 0 212 0 212 0 
11225 213 9 213 0 213 0 213 0 213 0 213 9 213 0 213 0 213 0 213 0 213 0 
11240 214 12 214 0 214 0 214 0 214 0 214 12 214 0 214 0 214 0 214 0 214 0 
11255 215 7 215 0 215 0 215 0 215 0 215 7 215 0 215 0 215 0 215 0 215 0 
11270 216 2 216 0 216 0 216 0 216 0 216 2 216 0 216 0 216 0 216 0 216 0 
11285 217 4 217 0 217 0 217 0 217 0 217 4 217 0 217 0 217 0 217 0 217 0 
11300 218 6 218 0 218 0 218 0 218 0 218 6 218 0 218 0 218 0 218 0 218 0 
11315 219 4 219 0 219 0 219 0 219 0 219 4 219 0 219 0 219 0 219 0 219 0 
11330 220 5 220 0 220 0 220 0 220 0 220 5 220 0 220 0 220 0 220 0 220 0 
11345 221 1 221 0 221 0 221 0 221 0 221 1 221 0 221 0 221 0 221 0 221 0 
11360 222 4 222 0 222 0 222 0 222 0 222 4 222 0 222 0 222 0 222 0 222 0 
11375 223 3 223 0 223 0 223 0 223 0 223 3 223 0 223 0 223 0 223 0 223 0 
11390 224 6 224 0 224 0 224 0 224 0 224 6 224 0 224 0 224 0 224 0 224 0 
11420 225 0 225 0 225 0 225 0 225 0 225 0 225 0 225 0 225 0 225 0 225 0 
11465 226 2 226 0 226 0 226 0 226 0 226 2 226 0 226 0 226 0 226 0 226 0 
11480 227 4 227 0 227 0 227 0 227 0 227 4 227 0 227 0 227 0 227 0 227 0 
11495 228 3 228 0 228 0 228 0 228 0 228 3 228 0 228 0 228 0 228 0 228 0 
11510 229 6 229 0 229 0 229 0 229 0 229 6 229 0 229 0 229 0 229 0 229 0 
11525 230 4 230 0 230 0 230 0 230 0 230 4 230 0 230 0 230 0 230 0 230 0 
11540 231 5 231 0 231 0 231 0 231 0 231 5 231 0 231 0 231 0 231 0 231 0 
11555 232 0 232 0 232 0 232 0 232 0 232 0 232 0 232 0 232 0 232 0 232 0 
11753 233 9 233 0 233 0 233 0 233 0 233 0 233 0 233 0 233 9 233 0 233 0 
11768 234 12 234 0 234 0 234 0 234 0 234 0 234 0 234 0 234 12 234 0 234 0 
11778 235 1 235 0 235 0 235 1 235 0 235 0 235 0 235 0 235 12 235 0 235 0 
11783 236 7 236 0 236 0 236 1 236 0 236 0 236 0 236 0 236 7 236 0 236 0 
11793 237 0 237 0 237 0 237 0 237 0 237 0 237 0 237 0 237 7 237 0 237 0 
11828 238 6 238 0 238 0 238 0 238 0 238 0 238 0 238 0 238 6 238 0 238 0 
11843 239 13 239 0 239 0 239 0 239 0 239 0 239 0 239 0 239 13 239 0 239 0 
11858 240 2 240 0 240 0 240 0 240 0 240 0 240 0 240 0 240 2 240 0 240 0 
11873 241 4 241 0 241 0 241 0 241 0 241 0 241 0 241 0 241 4 241 0 241 0 
11903 242 5 242 0 242 0 242 0 242 0 242 0 242 0 242 0 242 5 242 0 242 0 
11918 243 4 243 0 243 0 243 0 243 0 243 0 243 0 243 0 243 4 243 0 243 0 
11933 244 3 244 0 244 0 244 0 244 0 244 0 244 0 244 0 244 3 244 0 244 0 
11978 245 6 245 0 245 0 245 0 245 0 245 0 245 0 245 0 245 6 245 0 245 0 
11993 246 5 246 0 246 0 246 0 246 0 246 0 246 0 246 0 246 5 246 0 246 0 
12008 247 4 247 0 247 0 247 0 247 0 247 0 247 0 247 0 247 4 247 0 247 0 
12023 248 0 248 0 248 0 248 0 248 0 248 0 248 0 248 0 248 0 248 0 248 0 
12143 249 3 249 0 249 0 249 0 249 0 249 0 249 0 249 0 249 3 249 0 249 0 
12158 250 4 250 0 250 0 250 0 250 0 250 0 250 0 250 0 250 4 250 0 250 0 
12169 251 2 251 0 251 0 251 0 251 2 251 0 251 0 251 0 251 4 251 0 251 0 
12173 252 15 252 0 252 0 252 0 252 2 252 0 252 0 252 0 252 15 252 0 252 0 
12184 253 4 253 0 253 0 253 0 253 4 253 0 253 0 253 0 253 15 253 0 253 0 
12188 254 3 254 0 254 0 254 0 254 4 254 0 254 0 254 0 254 3 254 0 254 0 
12203 255 2 255 0 255 0 255 0 255 3 255 0 255 0 255 0 255 1 255 0 255 0 
12214 256 4 256 0 256 0 256 0 256 4 256 0 256 0 256 0 256 1 256 0 256 0 
12244 257 4.5 257 0 257 0 257 0 257 5 257 0 257 0 257 0 257 4 257 0 257 0 
12248 258 2 258 0 258 0 258 0 258 5 258 0 258 0 258 0 258 2 258 0 258 0 
12259 259 3 259 0 259 0 259 0 259 3 259 0 259 0 259 0 259 2 259 0 259 0 
12263 260 0 260 0 260 0 260 0 260 3 260 0 260 0 260 0 260 0 260 0 260 0 
12274 261 4 261 0 261 0 261 0 261 4 261 0 261 0 261 0 261 0 261 0 261 0 
12278 262 2 262 0 262 0 262 0 262 4 262 0 262 0 262 0 262 2 262 0 262 0 
12293 263 4 263 0 263 0 263 0 263 4 263 0 263 0 263 0 263 4 263 0 263 0 
12308 264 14 264 0 264 0 264 0 264 4 264 0 264 0 264 0 264 14 264 0 264 0 
12319 265 3 265 0 265 0 265 0 265 3 265 0 265 0 265 0 265 14 265 0 265 0 
12323 266 0 266 0 266 0 266 0 266 3 266 0 266 0 266 0 266 0 266 0 266 0 
12334 267 4 267 0 267 0 267 0 267 4 267 0 267 0 267 0 267 0 267 0 267 0 
12364 268 19 268 0 268 0 268 0 268 19 268 0 268 0 268 0 268 0 268 0 268 0 
12379 269 0 269 0 269 0 269 0 269 0 269 0 269 0 269 0 269 0 269 0 269 0 
15590 270 5 270 0 270 0 270 0 270 0 270 5 270 0 270 0 270 0 270 0 270 0 
15605 271 4 271 0 271 0 271 0 271 0 271 4 271 0 271 0 271 0 271 0 271 0 
15635 272 3 272 0 272 0 272 0 272 0 272 3 272 0 272 0 272 0 272 0 272 0 
15650 273 19 273 0 273 0 273 0 273 0 273 19 273 0 273 0 273 0 273 0 273 0 
15665 274 4 274 0 274 0 274 0 274 0 274 4 274 0 274 0 274 0 274 0 274 0 
15695 275 3 275 0 275 0 275 0 275 0 275 3 275 0 275 0 275 0 275 0 275 0 
15710 276 1 276 0 276 0 276 0 276 0 276 1 276 0 276 0 276 0 276 0 276 0 
15725 277 0 277 0 277 0 277 0 277 0 277 0 277 0 277 0 277 0 277 0 277 0 
15905 278 4 278 0 278 0 278 0 278 0 278 4 278 0 278 0 278 0 278 0 278 0 
15935 279 3 279 0 279 0 279 0 279 0 279 3 279 0 279 0 279 0 279 0 279 0 
15950 280 4 280 0 280 0 280 0 280 0 280 4 280 0 280 0 280 0 280 0 280 0 
15995 281 3 281 0 281 0 281 0 281 0 281 3 281 0 281 0 281 0 281 0 281 0 
16025 282 0 282 0 282 0 282 0 282 0 282 0 282 0 282 0 282 0 282 0 282 0 
17198 283 12 283 0 283 0 283 0 283 0 283 0 283 0 283 0 283 12 283 0 283 0 
17213 284 6 284 0 284 0 284 0 284 0 284 0 284 0 284 0 284 6 284 0 284 0 
17228 285 10 285 0 285 0 285 0 285 0 285 0 285 0 285 0 285 10 285 0 285 0 
17239 286 7 286 0 286 0 286 0 286 7 286 0 286 0 286 0 286 10 286 0 286 0 
17243 287 0 287 0 287 0 287 0 287 7 287 0 287 0 287 0 287 0 287 0 287 0 
17254 288 6 288 0 288 0 288 0 288 6 288 0 288 0 288 0 288 0 288 0 288 0 
17269 289 14 289 0 289 0 289 0 289 14 289 0 289 0 289 0 289 0 289 0 289 0 
17284 290 7 290 0 290 0 290 0 290 7 290 0 290 0 290 0 290 0 290 0 290 0 
17299 291 3 291 0 291 0 291 0 291 3 291 0 291 0 291 0 291 0 291 0 291 0 
17314 292 12 292 0 292 0 292 0 292 12 292 0 292 0 292 0 292 0 292 0 292 0 
17329 293 7 293 0 293 0 293 0 293 7 293 0 293 0 293 0 293 0 293 0 293 0 
17344 294 3 294 0 294 0 294 0 294 3 294 0 294 0 294 0 294 0 294 0 294 0 
17374 295 6 295 0 295 0 295 0 295 6 295 0 295 0 295 0 295 0 295 0 295 0 
17389 296 4 296 0 296 0 296 0 296 4 296 0 296 0 296 0 296 0 296 0 296 0 
17419 297 1 297 0 297 0 297 0 297 1 297 0 297 0 297 0 297 0 297 0 297 0 
17434 298 5 298 0 298 0 298 0 298 5 298 0 298 0 298 0 298 0 298 0 298 0 
17449 299 4 299 0 299 0 299 0 299 4 299 0 299 0 299 0 299 0 299 0 299 0 
17464 300 6 300 0 300 0 300 0 300 6 300 0 300 0 300 0 300 0 300 0 300 0 
17494 301 0 301 0 301 0 301 0 301 0 301 0 301 0 301 0 301 0 301 0 301 0 
17884 302 3 302 0 302 0 302 0 302 3 302 0 302 0 302 0 302 0 302 0 302 0 
17914 303 4 303 0 303 0 303 0 303 4 303 0 303 0 303 0 303 0 303 0 303 0 
17959 304 3 304 0 304 0 304 0 304 3 304 0 304 0 304 0 304 0 304 0 304 0 
17974 305 4 305 0 305 0 305 0 305 4 305 0 305 0 305 0 305 0 305 0 305 0 
18004 306 0 306 0 306 0 306 0 306 0 306 0 306 0 306 0 306 0 306 0 306 0 
19277 307 4 307 0 307 4 307 0 307 0 307 0 307 0 307 0 307 0 307 0 307 0 
19292 308 10 308 0 308 10 308 0 308 0 308 0 308 0 308 0 308 0 308 0 308 0 
19307 309 7 309 0 309 7 309 0 309 0 309 0 309 0 309 0 309 0 309 0 309 0 
19337 310 0 310 0 310 0 310 0 310 0 310 0 310 0 310 0 310 0 310 0 310 0 
19834 311 1 311 0 311 0 311 0 311 1 311 0 311 0 311 0 311 0 311 0 311 0 
19849 312 4 312 0 312 0 312 0 312 4 312 0 312 0 312 0 312 0 312 0 312 0 
19879 313 3 313 0 313 0 313 0 313 3 313 0 313 0 313 0 313 0 313 0 313 0 
19894 314 4 314 0 314 0 314 0 314 4 314 0 314 0 314 0 314 0 314 0 314 0 
19939 315 2 315 0 315 0 315 0 315 2 315 0 315 0 315 0 315 0 315 0 315 0 
19954 316 0 316 0 316 0 316 0 316 0 316 0 316 0 316 0 316 0 316 0 316 0 
20344 317 1 317 0 317 0 317 0 317 1 317 0 317 0 317 0 317 0 317 0 317 0 
20359 318 3 318 0 318 0 318 0 318 3 318 0 318 0 318 0 318 0 318 0 318 0 
20374 319 4 319 0 319 0 319 0 319 4 319 0 319 0 319 0 319 0 319 0 319 0 
20419 320 3 320 0 320 0 320 0 320 3 320 0 320 0 320 0 320 0 320 0 320 0 
20434 321 5 321 0 321 0 321 0 321 5 321 0 321 0 321 0 321 0 321 0 321 0 
20449 322 0 322 0 322 0 322 0 322 0 322 0 322 0 322 0 322 0 322 0 322 0 
21670 323 12 323 0 323 0 323 0 323 0 323 0 323 0 323 0 323 0 323 0 323 12 
21685 324 5 324 0 324 0 324 0 324 0 324 0 324 0 324 0 324 0 324 0 324 5 
21700 325 10 325 0 325 0 325 0 325 0 325 0 325 0 325 0 325 0 325 0 325 10 
21715 326 1 326 0 326 0 326 0 326 0 326 0 326 0 326 0 326 0 326 0 326 1 
21730 327 0 327 0 327 0 327 0 327 0 327 0 327 0 327 0 327 0 327 0 327 0 
22698 328 6 328 0 328 0 328 6 328 0 328 0 328 0 328 0 328 0 328 0 328 0 
22713 329 4 329 0 329 0 329 4 329 0 329 0 329 0 329 0 329 0 329 0 329 0 
22728 330 16 330 0 330 0 330 16 330 0 330 0 330 0 330 0 330 0 330 0 330 0 
22743 331 2 331 0 331 0 331 2 331 0 331 0 331 0 331 0 331 0 331 0 331 0 
22758 332 0 332 0 332 0 332 0 332 0 332 0 332 0 332 0 332 0 332 0 332 0 
22773 333 8 333 0 333 0 333 8 333 0 333 0 333 0 333 0 333 0 333 0 333 0 
22803 334 11 334 0 334 0 334 11 334 0 334 0 334 0 334 0 334 0 334 0 334 0 
22818 335 2 335 0 335 0 335 2 335 0 335 0 335 0 335 0 335 0 335 0 335 0 
22833 336 5 336 0 336 0 336 5 336 0 336 0 336 0 336 0 336 0 336 0 336 0 
22848 337 4 337 0 337 0 337 4 337 0 337 0 337 0 337 0 337 0 337 0 337 0 
22863 338 5 338 0 338 0 338 5 338 0 338 0 338 0 338 0 338 0 338 0 338 0 
22878 339 6 339 0 339 0 339 6 339 0 339 0 339 0 339 0 339 0 339 0 339 0 
22893 340 0 340 0 340 0 340 0 340 0 340 0 340 0 340 0 340 0 340 0 340 0 
22908 341 4 341 0 341 0 341 4 341 0 341 0 341 0 341 0 341 0 341 0 341 0 
22923 342 3 342 0 342 0 342 3 342 0 342 0 342 0 342 0 342 0 342 0 342 0 
22938 343 7 343 0 343 0 343 7 343 0 343 0 343 0 343 0 343 0 343 0 343 0 
22953 344 4 344 0 344 0 344 4 344 0 344 0 344 0 344 0 344 0 344 0 344 0 
22968 345 3 345 0 345 0 345 3 345 0 345 0 345 0 345 0 345 0 345 0 345 0 
22983 346 0 346 0 346 0 346 0 346 0 346 0 346 0 346 0 346 0 346 0 346 0 
23288 347 2 347 0 347 0 347 0 347 0 347 0 347 0 347 0 347 2 347 0 347 0 
23303 348 3 348 0 348 0 348 0 348 0 348 0 348 0 348 0 348 3 348 0 348 0 
23318 349 4 349 0 349 0 349 0 349 0 349 0 349 0 349 0 349 4 349 0 349 0 
23363 350 3 350 0 350 0 350 0 350 0 350 0 350 0 350 0 350 3 350 0 350 0 
23378 351 4 351 0 351 0 351 0 351 0 351 0 351 0 351 0 351 4 351 0 351 0 
23388 352 3 352 0 352 0 352 3 352 0 352 0 352 0 352 0 352 4 352 0 352 0 
23418 353 4 353 0 353 0 353 4 353 0 353 0 353 0 353 0 353 4 353 0 353 0 
23423 354 3 354 0 354 0 354 4 354 0 354 0 354 0 354 0 354 3 354 0 354 0 
23438 355 5 355 0 355 0 355 4 355 0 355 0 355 0 355 0 355 5 355 0 355 0 
23453 356 4 356 0 356 0 356 4 356 0 356 0 356 0 356 0 356 4 356 0 356 0 
23463 357 3 357 0 357 0 357 3 357 0 357 0 357 0 357 0 357 4 357 0 357 0 
23478 358 4 358 0 358 0 358 4 358 0 358 0 358 0 358 0 358 4 358 0 358 0 
23483 359 3 359 0 359 0 359 4 359 0 359 0 359 0 359 0 359 3 359 0 359 0 
23498 360 4 360 0 360 0 360 4 360 0 360 0 360 0 360 0 360 4 360 0 360 0 
23508 361 0 361 0 361 0 361 0 361 0 361 0 361 0 361 0 361 4 361 0 361 0 
23528 362 15 362 0 362 0 362 0 362 0 362 0 362 0 362 0 362 15 362 0 362 0 
23543 363 3 363 0 363 0 363 0 363 0 363 0 363 0 363 0 363 3 363 0 363 0 
23558 364 2 364 0 364 0 364 0 364 0 364 0 364 0 364 0 364 2 364 0 364 0 
23573 365 0 365 0 365 0 365 0 365 0 365 0 365 0 365 0 365 0 365 0 365 0 
23860 366 1 366 0 366 0 366 0 366 0 366 0 366 0 366 0 366 0 366 0 366 1 
23875 367 3 367 0 367 0 367 0 367 0 367 0 367 0 367 0 367 0 367 0 367 3 
23890 368 -2 368 0 368 0 368 0 368 0 368 0 368 0 368 0 368 0 368 0 368 -2 
23905 369 0 369 0 369 0 369 0 369 0 369 0 369 0 369 0 369 0 369 0 369 0 
24850 370 3 370 0 370 0 370 0 370 0 370 0 370 0 370 0 370 0 370 0 370 3 
24865 371 4 371 0 371 0 371 0 371 0 371 0 371 0 371 0 371 0 371 0 371 4 
24895 372 3 372 0 372 0 372 0 372 0 372 0 372 0 372 0 372 0 372 0 372 3 
24910 373 4 373 0 373 0 373 0 373 0 373 0 373 0 373 0 373 0 373 0 373 4 
24955 374 3 374 0 374 0 374 0 374 0 374 0 374 0 374 0 374 0 374 0 374 3 
24970 375 23 375 0 375 0 375 0 375 0 375 0 375 0 375 0 375 0 375 0 375 23 
24985 376 4 376 0 376 0 376 0 376 0 376 0 376 0 376 0 376 0 376 0 376 4 
25015 377 3 377 0 377 0 377 0 377 0 377 0 377 0 377 0 377 0 377 0 377 3 
25030 378 0 378 0 378 0 378 0 378 0 378 0 378 0 378 0 378 0 378 0 378 0 
25083 379 3 379 0 379 0 379 3 379 0 379 0 379 0 379 0 379 0 379 0 379 0 
25098 380 4 380 0 380 0 380 4 380 0 380 0 380 0 380 0 380 0 380 0 380 0 
25113 381 51 381 0 381 0 381 51 381 0 381 0 381 0 381 0 381 0 381 0 381 0 
25128 382 4 382 0 382 0 382 4 382 0 382 0 382 0 382 0 382 0 382 0 382 0 
25143 383 2 383 0 383 0 383 2 383 0 383 0 383 0 383 0 383 0 383 0 383 0 
25158 384 0 384 0 384 0 384 0 384 0 384 0 384 0 384 0 384 0 384 0 384 0 
25547 385 4 385 0 385 4 385 0 385 0 385 0 385 0 385 0 385 0 385 0 385 0 
25592 386 5 386 0 386 5 386 0 386 0 386 0 386 0 386 0 386 0 386 0 386 0 
25607 387 3 387 0 387 3 387 0 387 0 387 0 387 0 387 0 387 0 387 0 387 0 
25622 388 4 388 0 388 4 388 0 388 0 388 0 388 0 388 0 388 0 388 0 388 0 
25667 389 3 389 0 389 3 389 0 389 0 389 0 389 0 389 0 389 0 389 0 389 0 
25682 390 4 390 0 390 4 390 0 390 0 390 0 390 0 390 0 390 0 390 0 390 0 
25727 391 14 391 0 391 14 391 0 391 0 391 0 391 0 391 0 391 0 391 0 391 0 
25742 392 3 392 0 392 3 392 0 392 0 392 0 392 0 392 0 392 0 392 0 392 0 
25757 393 0 393 0 393 0 393 0 393 0 393 0 393 0 393 0 393 0 393 0 393 0 
26917 394 3 394 0 394 0 394 0 394 0 394 0 394 0 394 3 394 0 394 0 394 0 
26932 395 10 395 0 395 0 395 0 395 0 395 0 395 0 395 10 395 0 395 0 395 0 
26947 396 5 396 0 396 0 396 0 396 0 396 0 396 0 396 5 396 0 396 0 396 0 
26962 397 10 397 0 397 0 397 0 397 0 397 0 397 0 397 10 397 0 397 0 397 0 
26977 398 -13 398 0 398 0 398 0 398 0 398 0 398 0 398 -13 398 0 398 0 398 0 
26992 399 -14 399 0 399 0 399 0 399 0 399 0 399 0 399 -14 399 0 399 0 399 0 
