# ValueCount deltaRailways
10 0 0 0 0 0 0 0 0 0 0 0 0 0 0 0 0 0 0 0 0 0 0 
123 1 8 1 0 1 0 1 8 1 0 1 0 1 0 1 0 1 0 1 0 1 0 
124 2 9 2 0 2 0 2 8 2 9 2 0 2 0 2 0 2 0 2 0 2 0 
126 3 7 3 0 3 0 3 8 3 9 3 0 3 7 3 0 3 0 3 0 3 0 
136 4 6.5 4 6 4 0 4 8 4 9 4 0 4 7 4 0 4 0 4 7 4 0 
139 5 7 5 6 5 0 5 8 5 7 5 0 5 7 5 0 5 0 5 7 5 0 
141 6 10 6 6 6 0 6 8 6 7 6 0 6 10 6 0 6 0 6 7 6 0 
151 7 6.5 7 3 7 0 7 8 7 7 7 0 7 10 7 0 7 0 7 10 7 0 
153 8 12 8 3 8 0 8 12 8 7 8 0 8 10 8 0 8 0 8 10 8 0 
159 9 10.5 9 3 9 0 9 12 9 12 9 0 9 10 9 0 9 0 9 9 9 0 
166 10 12 10 12 10 0 10 12 10 12 10 0 10 10 10 0 10 0 10 9 10 0 
168 11 7 11 12 11 0 11 7 11 12 11 0 11 10 11 0 11 0 11 9 11 0 
171 12 4 12 12 12 0 12 7 12 7 12 0 12 1 12 0 12 0 12 9 12 0 
174 13 2 13 12 13 0 13 7 13 7 13 0 13 1 13 0 13 0 13 2 13 0 
181 14 7 14 7 14 0 14 7 14 7 14 0 14 1 14 0 14 0 14 2 14 0 
183 15 3 15 7 15 0 15 3 15 7 15 0 15 1 15 0 15 0 15 2 15 0 
184 16 6 16 7 16 0 16 3 16 6 16 0 16 1 16 0 16 0 16 2 16 0 
186 17 0 17 7 17 0 17 3 17 6 17 0 17 0 17 0 17 0 17 2 17 0 
198 18 5.33333 18 0 18 0 18 16 18 6 18 0 18 0 18 0 18 0 18 0 18 0 
199 19 13 19 0 19 0 19 16 19 13 19 0 19 0 19 0 19 0 19 0 19 0 
211 20 7 20 7 20 0 20 16 20 13 20 0 20 0 20 0 20 0 20 0 20 0 
213 21 2 21 7 21 0 21 2 21 13 21 0 21 0 21 0 21 0 21 0 21 0 
214 22 12 22 7 22 0 22 2 22 12 22 0 22 0 22 0 22 0 22 0 22 0 
226 23 6 23 6 23 0 23 2 23 12 23 0 23 0 23 0 23 0 23 0 23 0 
228 24 4 24 6 24 0 24 4 24 12 24 0 24 0 24 0 24 0 24 0 24 0 
241 25 9 25 14 25 0 25 4 25 4 25 0 25 0 25 0 25 0 25 0 25 0 
243 26 3 26 14 26 0 26 3 26 4 26 0 26 0 26 0 26 0 26 0 26 0 
256 27 2 27 2 27 0 27 3 27 4 27 0 27 0 27 0 27 0 27 0 27 0 
258 28 6 28 2 28 0 28 6 28 4 28 0 28 0 28 0 28 0 28 0 28 0 
259 29 5 29 2 29 0 29 6 29 5 29 0 29 0 29 0 29 0 29 0 29 0 
271 30 3 30 3 30 0 30 6 30 5 30 0 30 0 30 0 30 0 30 0 30 0 
273 31 4 31 3 31 0 31 4 31 5 31 0 31 0 31 0 31 0 31 0 31 0 
288 32 3.66667 32 4 32 0 32 3 32 4 32 0 32 0 32 0 32 0 32 0 32 0 
289 33 3 33 4 33 0 33 3 33 3 33 0 33 0 33 0 33 0 33 0 33 0 
301 34 6 34 6 34 0 34 3 34 3 34 0 34 0 34 0 34 0 34 0 34 0 
303 35 2 35 6 35 0 35 2 35 3 35 0 35 0 35 0 35 0 35 0 35 0 
318 36 4 36 6 36 0 36 4 36 3 36 0 36 0 36 0 36 0 36 0 36 0 
331 37 0 37 0 37 0 37 4 37 3 37 0 37 0 37 0 37 0 37 0 37 0 
333 38 6 38 0 38 0 38 6 38 3 38 0 38 0 38 0 38 0 38 0 38 0 
346 39 4.5 39 3 39 0 39 6 39 6 39 0 39 0 39 0 39 0 39 0 39 0 
348 40 4 40 3 40 0 40 4 40 6 40 0 40 0 40 0 40 0 40 0 40 0 
349 41 14 41 3 41 0 41 4 41 14 41 0 41 0 41 0 41 0 41 0 41 0 
351 42 3 42 3 42 0 42 4 42 14 42 0 42 3 42 0 42 0 42 0 42 0 
361 43 4 43 4 43 0 43 4 43 14 43 0 43 3 43 0 43 0 43 0 43 0 
376 44 4.66667 44 6 44 0 44 4 44 4 44 0 44 4 44 0 44 0 44 0 44 0 
378 45 0 45 6 45 0 45 0 45 4 45 0 45 4 45 0 45 0 45 0 45 0 
391 46 1.5 46 3 46 0 46 0 46 0 46 0 46 4 46 0 46 0 46 0 46 0 
406 47 4 47 4 47 0 47 0 47 0 47 0 47 4 47 0 47 0 47 0 47 0 
409 48 3 48 4 48 0 48 0 48 3 48 0 48 4 48 0 48 0 48 0 48 0 
421 49 1.5 49 0 49 0 49 0 49 3 49 0 49 3 49 0 49 0 49 0 49 0 
424 50 4 50 0 50 0 50 0 50 4 50 0 50 3 50 0 50 0 50 0 50 0 
439 51 8.5 51 0 51 0 51 0 51 13 51 0 51 4 51 0 51 0 51 0 51 0 
454 52 4 52 0 52 0 52 0 52 4 52 0 52 4 52 0 52 0 52 0 52 0 
456 53 1 53 0 53 0 53 0 53 4 53 0 53 1 53 0 53 0 53 0 53 0 
471 54 0 54 0 54 0 54 0 54 4 54 0 54 0 54 0 54 0 54 0 54 0 
483 55 3 55 0 55 0 55 3 55 4 55 0 55 0 55 0 55 0 55 0 55 0 
498 56 4 56 0 56 0 56 4 56 4 56 0 56 0 56 0 56 0 56 0 56 0 
499 57 3 57 0 57 0 57 4 57 3 57 0 57 0 57 0 57 0 57 0 57 0 
514 58 4 58 0 58 0 58 4 58 4 58 0 58 0 58 0 58 0 58 0 58 0 
529 59 2 59 0 59 0 59 4 59 2 59 0 59 0 59 0 59 0 59 0 59 0 
543 60 3 60 0 60 0 60 3 60 2 60 0 60 0 60 0 60 0 60 0 60 0 
544 61 0 61 0 61 0 61 3 61 0 61 0 61 0 61 0 61 0 61 0 61 0 
558 62 4 62 0 62 0 62 4 62 0 62 0 62 0 62 0 62 0 62 0 62 0 
588 63 0 63 0 63 0 63 0 63 0 63 0 63 0 63 0 63 0 63 0 63 0 
603 64 2 64 0 64 0 64 2 64 0 64 0 64 0 64 0 64 0 64 0 64 0 
618 65 4 65 0 65 0 65 4 65 0 65 0 65 0 65 0 65 0 65 0 65 0 
663 66 3 66 0 66 0 66 3 66 0 66 0 66 0 66 0 66 0 66 0 66 0 
678 67 4 67 0 67 0 67 4 67 0 67 0 67 0 67 0 67 0 67 0 67 0 
693 68 3 68 0 68 0 68 3 68 0 68 0 68 0 68 0 68 0 68 0 68 0 
708 69 1 69 0 69 0 69 1 69 0 69 0 69 0 69 0 69 0 69 0 69 0 
721 70 2 70 2 70 0 70 1 70 0 70 0 70 0 70 0 70 0 70 0 70 0 
723 71 3 71 2 71 0 71 3 71 0 71 0 71 0 71 0 71 0 71 0 71 0 
736 72 4 72 4 72 0 72 3 72 0 72 0 72 0 72 0 72 0 72 0 72 0 
751 73 3.5 73 3 73 0 73 4 73 0 73 0 73 0 73 0 73 0 73 0 73 0 
766 74 4 74 4 74 0 74 4 74 0 74 0 74 0 74 0 74 0 74 0 74 0 
783 75 3 75 4 75 0 75 3 75 0 75 0 75 0 75 0 75 0 75 0 75 0 
798 76 2 76 4 76 0 76 2 76 0 76 0 76 0 76 0 76 0 76 0 76 0 
811 77 1 77 1 77 0 77 2 77 0 77 0 77 0 77 0 77 0 77 0 77 0 
813 78 0 78 1 78 0 78 0 78 0 78 0 78 0 78 0 78 0 78 0 78 0 
886 79 4 79 4 79 0 79 0 79 0 79 0 79 0 79 0 79 0 79 0 79 0 
909 80 3 80 4 80 0 80 0 80 0 80 0 80 0 80 0 80 0 80 3 80 0 
924 81 3.5 81 4 81 0 81 0 81 3 81 0 81 0 81 0 81 0 81 4 81 0 
931 82 3 82 3 82 0 82 0 82 3 82 0 82 0 82 0 82 0 82 4 82 0 
934 83 4 83 3 83 0 83 0 83 4 83 0 83 0 83 0 83 0 83 4 83 0 
939 84 3 84 3 84 0 84 0 84 4 84 0 84 0 84 0 84 0 84 3 84 0 
946 85 4 85 4 85 0 85 0 85 4 85 0 85 0 85 0 85 0 85 3 85 0 
961 86 3 86 2 86 0 86 0 86 4 86 0 86 0 86 0 86 0 86 4 86 0 
976 87 0 87 0 87 0 87 0 87 4 87 0 87 0 87 0 87 0 87 4 87 0 
979 88 3 88 0 88 0 88 0 88 3 88 0 88 0 88 0 88 0 88 4 88 0 
994 89 4 89 0 89 0 89 0 89 4 89 0 89 0 89 0 89 0 89 4 89 0 
999 90 3 90 0 90 0 90 0 90 4 90 0 90 0 90 0 90 0 90 3 90 0 
1014 91 4 91 0 91 0 91 0 91 4 91 0 91 0 91 0 91 0 91 4 91 0 
1029 92 1 92 0 92 0 92 0 92 4 92 0 92 0 92 0 92 0 92 1 92 0 
1044 93 0.5 93 0 93 0 93 0 93 1 93 0 93 0 93 0 93 0 93 0 93 0 
1051 94 2 94 2 94 0 94 0 94 1 94 0 94 0 94 0 94 0 94 0 94 0 
1054 95 0 95 2 95 0 95 0 95 0 95 0 95 0 95 0 95 0 95 0 95 0 
1066 96 4 96 4 96 0 96 0 96 0 96 0 96 0 96 0 96 0 96 0 96 0 
1111 97 3 97 3 97 0 97 0 97 0 97 0 97 0 97 0 97 0 97 0 97 0 
1126 98 2 98 2 98 0 98 0 98 0 98 0 98 0 98 0 98 0 98 0 98 0 
1141 99 0 99 0 99 0 99 0 99 0 99 0 99 0 99 0 99 0 99 0 99 0 
1219 100 2 100 0 100 0 100 0 100 2 100 0 100 0 100 0 100 0 100 0 100 0 
1234 101 4 101 0 101 0 101 0 101 4 101 0 101 0 101 0 101 0 101 0 101 0 
1279 102 26 102 0 102 0 102 0 102 26 102 0 102 0 102 0 102 0 102 0 102 0 
1294 103 0 103 0 103 0 103 0 103 0 103 0 103 0 103 0 103 0 103 0 103 0 
5316 104 13 104 0 104 0 104 0 104 0 104 0 104 13 104 0 104 0 104 0 104 0 
5331 105 9 105 0 105 0 105 0 105 0 105 0 105 9 105 0 105 0 105 0 105 0 
5346 106 7 106 0 106 0 106 0 106 0 106 0 106 7 106 0 106 0 106 0 106 0 
5376 107 0 107 0 107 0 107 0 107 0 107 0 107 0 107 0 107 0 107 0 107 0 
5466 108 2 108 0 108 0 108 0 108 0 108 0 108 2 108 0 108 0 108 0 108 0 
5481 109 4 109 0 109 0 109 0 109 0 109 0 109 4 109 0 109 0 109 0 109 0 
5511 110 3 110 0 110 0 110 0 110 0 110 0 110 3 110 0 110 0 110 0 110 0 
5526 111 2 111 0 111 0 111 0 111 0 111 0 111 2 111 0 111 0 111 0 111 0 
5541 112 0 112 0 112 0 112 0 112 0 112 0 112 0 112 0 112 0 112 0 112 0 
6154 113 7 113 0 113 0 113 0 113 7 113 0 113 0 113 0 113 0 113 0 113 0 
6169 114 6 114 0 114 0 114 0 114 6 114 0 114 0 114 0 114 0 114 0 114 0 
6184 115 14 115 0 115 0 115 0 115 14 115 0 115 0 115 0 115 0 115 0 115 0 
6199 116 1 116 0 116 0 116 0 116 1 116 0 116 0 116 0 116 0 116 0 116 0 
6214 117 9 117 0 117 0 117 0 117 9 117 0 117 0 117 0 117 0 117 0 117 0 
6229 118 12 118 0 118 0 118 0 118 12 118 0 118 0 118 0 118 0 118 0 118 0 
6244 119 7 119 0 119 0 119 0 119 7 119 0 119 0 119 0 119 0 119 0 119 0 
6259 120 2 120 0 120 0 120 0 120 2 120 0 120 0 120 0 120 0 120 0 120 0 
6274 121 4 121 0 121 0 121 0 121 4 121 0 121 0 121 0 121 0 121 0 121 0 
6289 122 6 122 0 122 0 122 0 122 6 122 0 122 0 122 0 122 0 122 0 122 0 
6304 123 4 123 0 123 0 123 0 123 4 123 0 123 0 123 0 123 0 123 0 123 0 
6334 124 1 124 0 124 0 124 0 124 1 124 0 124 0 124 0 124 0 124 0 124 0 
6349 125 4 125 0 125 0 125 0 125 4 125 0 125 0 125 0 125 0 125 0 125 0 
6379 126 15 126 0 126 0 126 0 126 15 126 0 126 0 126 0 126 0 126 0 126 0 
6394 127 6 127 0 127 0 127 0 127 6 127 0 127 0 127 0 127 0 127 0 127 0 
6409 128 0 128 0 128 0 128 0 128 0 128 0 128 0 128 0 128 0 128 0 128 0 
6499 129 3 129 0 129 0 129 0 129 3 129 0 129 0 129 0 129 0 129 0 129 0 
6514 130 4 130 0 130 0 130 0 130 4 130 0 130 0 130 0 130 0 130 0 130 0 
6559 131 3 131 0 131 0 131 0 131 3 131 0 131 0 131 0 131 0 131 0 131 0 
6574 132 0 132 0 132 0 132 0 132 0 132 0 132 0 132 0 132 0 132 0 132 0 
7984 133 2 133 0 133 0 133 0 133 2 133 0 133 0 133 0 133 0 133 0 133 0 
7999 134 3 134 0 134 0 134 0 134 3 134 0 134 0 134 0 134 0 134 0 134 0 
8014 135 4 135 0 135 0 135 0 135 4 135 0 135 0 135 0 135 0 135 0 135 0 
8044 136 39 136 0 136 0 136 0 136 39 136 0 136 0 136 0 136 0 136 0 136 0 
8059 137 3 137 0 137 0 137 0 137 3 137 0 137 0 137 0 137 0 137 0 137 0 
8074 138 4 138 0 138 0 138 0 138 4 138 0 138 0 138 0 138 0 138 0 138 0 
8089 139 0 139 0 139 0 139 0 139 0 139 0 139 0 139 0 139 0 139 0 139 0 
8209 140 4 140 0 140 0 140 0 140 4 140 0 140 0 140 0 140 0 140 0 140 0 
8239 141 3 141 0 141 0 141 0 141 3 141 0 141 0 141 0 141 0 141 0 141 0 
8254 142 4 142 0 142 0 142 0 142 4 142 0 142 0 142 0 142 0 142 0 142 0 
8284 143 2 143 0 143 0 143 0 143 2 143 0 143 0 143 0 143 0 143 0 143 0 
8299 144 0 144 0 144 0 144 0 144 0 144 0 144 0 144 0 144 0 144 0 144 0 
8513 145 7 145 0 145 0 145 0 145 0 145 0 145 0 145 0 145 7 145 0 145 0 
8528 146 6 146 0 146 0 146 0 146 0 146 0 146 0 146 0 146 6 146 0 146 0 
8543 147 13 147 0 147 0 147 0 147 0 147 0 147 0 147 0 147 13 147 0 147 0 
8558 148 2 148 0 148 0 148 0 148 0 148 0 148 0 148 0 148 2 148 0 148 0 
8573 149 9 149 0 149 0 149 0 149 0 149 0 149 0 149 0 149 9 149 0 149 0 
8588 150 12 150 0 150 0 150 0 150 0 150 0 150 0 150 0 150 12 150 0 150 0 
8603 151 7 151 0 151 0 151 0 151 0 151 0 151 0 151 0 151 7 151 0 151 0 
8618 152 2 152 0 152 0 152 0 152 0 152 0 152 0 152 0 152 2 152 0 152 0 
8633 153 4 153 0 153 0 153 0 153 0 153 0 153 0 153 0 153 4 153 0 153 0 
8648 154 6 154 0 154 0 154 0 154 0 154 0 154 0 154 0 154 6 154 0 154 0 
8663 155 3 155 0 155 0 155 0 155 0 155 0 155 0 155 0 155 3 155 0 155 0 
8678 156 5 156 0 156 0 156 0 156 0 156 0 156 0 156 0 156 5 156 0 156 0 
8693 157 0 157 0 157 0 157 0 157 0 157 0 157 0 157 0 157 0 157 0 157 0 
8708 158 4 158 0 158 0 158 0 158 0 158 0 158 0 158 0 158 4 158 0 158 0 
8723 159 3 159 0 159 0 159 0 159 0 159 0 159 0 159 0 159 3 159 0 159 0 
8738 160 6 160 0 160 0 160 0 160 0 160 0 160 0 160 0 160 6 160 0 160 0 
8753 161 4 161 0 161 0 161 0 161 0 161 0 161 0 161 0 161 4 161 0 161 0 
8768 162 3 162 0 162 0 162 0 162 0 162 0 162 0 162 0 162 3 162 0 162 0 
8783 163 0 163 0 163 0 163 0 163 0 163 0 163 0 163 0 163 0 163 0 163 0 
8873 164 1 164 0 164 0 164 0 164 0 164 0 164 0 164 0 164 1 164 0 164 0 
8888 165 4 165 0 165 0 165 0 165 0 165 0 165 0 165 0 165 4 165 0 165 0 
8903 166 3 166 0 166 0 166 0 166 0 166 0 166 0 166 0 166 3 166 0 166 0 
8918 167 4 167 0 167 0 167 0 167 0 167 0 167 0 167 0 167 4 167 0 167 0 
8963 168 3 168 0 168 0 168 0 168 0 168 0 168 0 168 0 168 3 168 0 168 0 
8978 169 2 169 0 169 0 169 0 169 0 169 0 169 0 169 0 169 2 169 0 169 0 
8993 170 0 170 0 170 0 170 0 170 0 170 0 170 0 170 0 170 0 170 0 170 0 
10386 171 8 171 0 171 0 171 0 171 0 171 0 171 8 171 0 171 0 171 0 171 0 
10416 172 12 172 0 172 0 172 0 172 0 172 0 172 12 172 0 172 0 172 0 172 0 
10431 173 6 173 0 173 0 173 0 173 0 173 0 173 6 173 0 173 0 173 0 173 0 
10446 174 4 174 0 174 0 174 0 174 0 174 0 174 4 174 0 174 0 174 0 174 0 
10461 175 16 175 0 175 0 175 0 175 0 175 0 175 16 175 0 175 0 175 0 175 0 
10476 176 2 176 0 176 0 176 0 176 0 176 0 176 2 176 0 176 0 176 0 176 0 
10491 177 3 177 0 177 0 177 0 177 0 177 0 177 3 177 0 177 0 177 0 177 0 
10506 178 4 178 0 178 0 178 0 178 0 178 0 178 4 178 0 178 0 178 0 178 0 
10521 179 6 179 0 179 0 179 0 179 0 179 0 179 6 179 0 179 0 179 0 179 0 
10536 180 4 180 0 180 0 180 0 180 0 180 0 180 4 180 0 180 0 180 0 180 0 
10551 181 3 181 0 181 0 181 0 181 0 181 0 181 3 181 0 181 0 181 0 181 0 
10566 182 2 182 0 182 0 182 0 182 0 182 0 182 2 182 0 182 0 182 0 182 0 
10581 183 4 183 0 183 0 183 0 183 0 183 0 183 4 183 0 183 0 183 0 183 0 
10596 184 6 184 0 184 0 184 0 184 0 184 0 184 6 184 0 184 0 184 0 184 0 
10611 185 3 185 0 185 0 185 0 185 0 185 0 185 3 185 0 185 0 185 0 185 0 
10626 186 5 186 0 186 0 186 0 186 0 186 0 186 5 186 0 186 0 186 0 186 0 
10641 187 0 187 0 187 0 187 0 187 0 187 0 187 0 187 0 187 0 187 0 187 0 
10731 188 2 188 0 188 0 188 0 188 0 188 0 188 2 188 0 188 0 188 0 188 0 
10746 189 4 189 0 189 0 189 0 189 0 189 0 189 4 189 0 189 0 189 0 189 0 
10776 190 14 190 0 190 0 190 0 190 0 190 0 190 14 190 0 190 0 190 0 190 0 
10791 191 2 191 0 191 0 191 0 191 0 191 0 191 2 191 0 191 0 191 0 191 0 
10806 192 0 192 0 192 0 192 0 192 0 192 0 192 0 192 0 192 0 192 0 192 0 
10836 193 4 193 0 193 0 193 0 193 0 193 0 193 4 193 0 193 0 193 0 193 0 
10851 194 3 194 0 194 0 194 0 194 0 194 0 194 3 194 0 194 0 194 0 194 0 
10866 195 4 195 0 195 0 195 0 195 0 195 0 195 4 195 0 195 0 195 0 195 0 
10881 196 1 196 0 196 0 196 0 196 0 196 0 196 1 196 0 196 0 196 0 196 0 
10896 197 0 197 0 197 0 197 0 197 0 197 0 197 0 197 0 197 0 197 0 197 0 
10898 198 1 198 0 198 0 198 0 198 0 198 0 198 0 198 0 198 1 198 0 198 0 
10913 199 4 199 0 199 0 199 0 199 0 199 0 199 0 199 0 199 4 199 0 199 0 
10943 200 3 200 0 200 0 200 0 200 0 200 0 200 0 200 0 200 3 200 0 200 0 
10958 201 35 201 0 201 0 201 0 201 0 201 0 201 0 201 0 201 35 201 0 201 0 
10973 202 4 202 0 202 0 202 0 202 0 202 0 202 0 202 0 202 4 202 0 202 0 
11003 203 3 203 0 203 0 203 0 203 0 203 0 203 0 203 0 203 3 203 0 203 0 
11018 204 4 204 0 204 0 204 0 204 0 204 0 204 0 204 0 204 4 204 0 204 0 
11033 205 1 205 0 205 0 205 0 205 0 205 0 205 0 205 0 205 1 205 0 205 0 
11048 206 0 206 0 206 0 206 0 206 0 206 0 206 0 206 0 206 0 206 0 206 0 
11196 207 2 207 0 207 0 207 0 207 0 207 0 207 2 207 0 207 0 207 0 207 0 
11211 208 3 208 0 208 0 208 0 208 0 208 0 208 3 208 0 208 0 208 0 208 0 
11226 209 3.5 209 0 209 0 209 0 209 0 209 0 209 4 209 0 209 3 209 0 209 0 
11228 210 4 210 0 210 0 210 0 210 0 210 0 210 4 210 0 210 4 210 0 210 0 
11243 211 3 211 0 211 0 211 0 211 0 211 0 211 4 211 0 211 3 211 0 211 0 
11258 212 4 212 0 212 0 212 0 212 0 212 0 212 4 212 0 212 4 212 0 212 0 
11271 213 3 213 0 213 0 213 0 213 0 213 0 213 3 213 0 213 4 213 0 213 0 
11286 214 2 214 0 214 0 214 0 214 0 214 0 214 2 214 0 214 4 214 0 214 0 
11301 215 0 215 0 215 0 215 0 215 0 215 0 215 0 215 0 215 4 215 0 215 0 
11303 216 2 216 0 216 0 216 0 216 0 216 0 216 0 216 0 216 2 216 0 216 0 
11318 217 0 217 0 217 0 217 0 217 0 217 0 217 0 217 0 217 0 217 0 217 0 
11641 218 7 218 7 218 0 218 0 218 0 218 0 218 0 218 0 218 0 218 0 218 0 
11656 219 6 219 6 219 0 219 0 219 0 219 0 219 0 219 0 219 0 219 0 219 0 
11671 220 13 220 13 220 0 220 0 220 0 220 0 220 0 220 0 220 0 220 0 220 0 
11686 221 2 221 2 221 0 221 0 221 0 221 0 221 0 221 0 221 0 221 0 221 0 
11701 222 9 222 9 222 0 222 0 222 0 222 0 222 0 222 0 222 0 222 0 222 0 
11716 223 12 223 12 223 0 223 0 223 0 223 0 223 0 223 0 223 0 223 0 223 0 
11731 224 7 224 7 224 0 224 0 224 0 224 0 224 0 224 0 224 0 224 0 224 0 
11746 225 2 225 2 225 0 225 0 225 0 225 0 225 0 225 0 225 0 225 0 225 0 
11761 226 4 226 4 226 0 226 0 226 0 226 0 226 0 226 0 226 0 226 0 226 0 
11776 227 6 227 6 227 0 227 0 227 0 227 0 227 0 227 0 227 0 227 0 227 0 
11791 228 3 228 3 228 0 228 0 228 0 228 0 228 0 228 0 228 0 228 0 228 0 
11806 229 5 229 5 229 0 229 0 229 0 229 0 229 0 229 0 229 0 229 0 229 0 
11821 230 1 230 1 230 0 230 0 230 0 230 0 230 0 230 0 230 0 230 0 230 0 
11836 231 4 231 4 231 0 231 0 231 0 231 0 231 0 231 0 231 0 231 0 231 0 
11851 232 3 232 3 232 0 232 0 232 0 232 0 232 0 232 0 232 0 232 0 232 0 
11866 233 6 233 6 233 0 233 0 233 0 233 0 233 0 233 0 233 0 233 0 233 0 
11881 234 16 234 16 234 0 234 0 234 0 234 0 234 0 234 0 234 0 234 0 234 0 
11884 235 1 235 16 235 0 235 0 235 1 235 0 235 0 235 0 235 0 235 0 235 0 
11896 236 0 236 0 236 0 236 0 236 1 236 0 236 0 236 0 236 0 236 0 236 0 
12796 237 0.5 237 1 237 0 237 0 237 0 237 0 237 0 237 0 237 0 237 0 237 0 
12811 238 3 238 3 238 0 238 0 238 0 238 0 238 0 238 0 238 0 238 0 238 0 
12826 239 4 239 4 239 0 239 0 239 0 239 0 239 0 239 0 239 0 239 0 239 0 
12871 240 3 240 3 240 0 240 0 240 0 240 0 240 0 240 0 240 0 240 0 240 0 
12886 241 4 241 4 241 0 241 0 241 0 241 0 241 0 241 0 241 0 241 0 241 0 
12901 242 1 242 1 242 0 242 0 242 0 242 0 242 0 242 0 242 0 242 0 242 0 
12916 243 0 243 0 243 0 243 0 243 0 243 0 243 0 243 0 243 0 243 0 243 0 
13412 244 9 244 0 244 9 244 0 244 0 244 0 244 0 244 0 244 0 244 0 244 0 
13427 245 7 245 0 245 7 245 0 245 0 245 0 245 0 245 0 245 0 245 0 245 0 
13442 246 12 246 0 246 12 246 0 246 0 246 0 246 0 246 0 246 0 246 0 246 0 
13457 247 7 247 0 247 7 247 0 247 0 247 0 247 0 247 0 247 0 247 0 247 0 
13472 248 6 248 0 248 6 248 0 248 0 248 0 248 0 248 0 248 0 248 0 248 0 
13487 249 13 249 0 249 13 249 0 249 0 249 0 249 0 249 0 249 0 249 0 249 0 
13502 250 2 250 0 250 2 250 0 250 0 250 0 250 0 250 0 250 0 250 0 250 0 
13517 251 -16 251 0 251 -16 251 0 251 0 251 0 251 0 251 0 251 0 251 0 251 0 
13532 252 -12 252 0 252 -12 252 0 252 0 252 0 252 0 252 0 252 0 252 0 252 0 
13547 253 -16 253 0 253 -16 253 0 253 0 253 0 253 0 253 0 253 0 253 0 253 0 
13562 254 -12 254 0 254 -12 254 0 254 0 254 0 254 0 254 0 254 0 254 0 254 0 
13577 255 0 255 0 255 0 255 0 255 0 255 0 255 0 255 0 255 0 255 0 255 0 
15076 256 1 256 1 256 0 256 0 256 0 256 0 256 0 256 0 256 0 256 0 256 0 
15091 257 3 257 3 257 0 257 0 257 0 257 0 257 0 257 0 257 0 257 0 257 0 
15106 258 23 258 23 258 0 258 0 258 0 258 0 258 0 258 0 258 0 258 0 258 0 
15121 259 4 259 4 259 0 259 0 259 0 259 0 259 0 259 0 259 0 259 0 259 0 
15151 260 3 260 3 260 0 260 0 260 0 260 0 260 0 260 0 260 0 260 0 260 0 
15166 261 0 261 0 261 0 261 0 261 0 261 0 261 0 261 0 261 0 261 0 261 0 
15391 262 2 262 2 262 0 262 0 262 0 262 0 262 0 262 0 262 0 262 0 262 0 
15406 263 4 263 4 263 0 263 0 263 0 263 0 263 0 263 0 263 0 263 0 263 0 
15451 264 3 264 3 264 0 264 0 264 0 264 0 264 0 264 0 264 0 264 0 264 0 
15466 265 4 265 4 265 0 265 0 265 0 265 0 265 0 265 0 265 0 265 0 265 0 
15481 266 2 266 2 266 0 266 0 266 0 266 0 266 0 266 0 266 0 266 0 266 0 
15496 267 0 267 0 267 0 267 0 267 0 267 0 267 0 267 0 267 0 267 0 267 0 
16161 268 8 268 0 268 0 268 0 268 0 268 0 268 8 268 0 268 0 268 0 268 0 
16178 269 7 269 0 269 0 269 0 269 0 269 0 269 8 269 0 269 7 269 0 269 0 
16191 270 11 270 0 270 0 270 0 270 0 270 0 270 11 270 0 270 7 270 0 270 0 
16193 271 6 271 0 271 0 271 0 271 0 271 0 271 11 271 0 271 6 271 0 271 0 
16206 272 7 272 0 272 0 272 0 272 0 272 0 272 7 272 0 272 6 272 0 272 0 
16208 273 14 273 0 273 0 273 0 273 0 273 0 273 7 273 0 273 14 273 0 273 0 
16221 274 4 274 0 274 0 274 0 274 0 274 0 274 4 274 0 274 14 274 0 274 0 
16223 275 1 275 0 275 0 275 0 275 0 275 0 275 4 275 0 275 1 275 0 275 0 
16236 276 16 276 0 276 0 276 0 276 0 276 0 276 16 276 0 276 1 276 0 276 0 
16238 277 9 277 0 277 0 277 0 277 0 277 0 277 16 277 0 277 9 277 0 277 0 
16251 278 2 278 0 278 0 278 0 278 0 278 0 278 2 278 0 278 9 278 0 278 0 
16253 279 12 279 0 279 0 279 0 279 0 279 0 279 2 279 0 279 12 279 0 279 0 
16266 280 3 280 0 280 0 280 0 280 0 280 0 280 3 280 0 280 12 280 0 280 0 
16268 281 7 281 0 281 0 281 0 281 0 281 0 281 3 281 0 281 7 281 0 281 0 
16281 282 4 282 0 282 0 282 0 282 0 282 0 282 4 282 0 282 7 282 0 282 0 
16283 283 2 283 0 283 0 283 0 283 0 283 0 283 4 283 0 283 2 283 0 283 0 
16296 284 6 284 0 284 0 284 0 284 0 284 0 284 6 284 0 284 2 284 0 284 0 
16298 285 4 285 0 285 0 285 0 285 0 285 0 285 6 285 0 285 4 285 0 285 0 
16311 286 3 286 0 286 0 286 0 286 0 286 0 286 3 286 0 286 4 286 0 286 0 
16313 287 6 287 0 287 0 287 0 287 0 287 0 287 3 287 0 287 6 287 0 287 0 
16326 288 4 288 0 288 0 288 0 288 0 288 0 288 4 288 0 288 6 288 0 288 0 
16341 289 3 289 0 289 0 289 0 289 0 289 0 289 2 289 0 289 4 289 0 289 0 
16356 290 4 290 0 290 0 290 0 290 0 290 0 290 4 290 0 290 4 290 0 290 0 
16358 291 1 291 0 291 0 291 0 291 0 291 0 291 4 291 0 291 1 291 0 291 0 
16371 292 3 292 0 292 0 292 0 292 0 292 0 292 3 292 0 292 1 292 0 292 0 
16373 293 4 293 0 293 0 293 0 293 0 293 0 293 3 293 0 293 4 293 0 293 0 
16386 294 6 294 0 294 0 294 0 294 0 294 0 294 6 294 0 294 4 294 0 294 0 
16401 295 5 295 0 295 0 295 0 295 0 295 0 295 5 295 0 295 4 295 0 295 0 
16416 296 2.5 296 0 296 0 296 0 296 0 296 0 296 0 296 0 296 5 296 0 296 0 
16418 297 6 297 0 297 0 297 0 297 0 297 0 297 0 297 0 297 6 297 0 297 0 
16433 298 0 298 0 298 0 298 0 298 0 298 0 298 0 298 0 298 0 298 0 298 0 
16596 299 4 299 0 299 0 299 0 299 0 299 0 299 4 299 0 299 0 299 0 299 0 
16611 300 3 300 0 300 0 300 0 300 0 300 0 300 3 300 0 300 0 300 0 300 0 
16626 301 4 301 0 301 0 301 0 301 0 301 0 301 4 301 0 301 0 301 0 301 0 
16671 302 1 302 0 302 0 302 0 302 0 302 0 302 1 302 0 302 0 302 0 302 0 
16686 303 0 303 0 303 0 303 0 303 0 303 0 303 0 303 0 303 0 303 0 303 0 
16731 304 1 304 0 304 0 304 0 304 0 304 0 304 1 304 0 304 0 304 0 304 0 
16746 305 4 305 0 305 0 305 0 305 0 305 0 305 4 305 0 305 0 305 0 305 0 
16791 306 3 306 0 306 0 306 0 306 0 306 0 306 3 306 0 306 0 306 0 306 0 
16806 307 1 307 0 307 0 307 0 307 0 307 0 307 1 307 0 307 0 307 0 307 0 
16821 308 0 308 0 308 0 308 0 308 0 308 0 308 0 308 0 308 0 308 0 308 0 
16928 309 4 309 0 309 0 309 0 309 0 309 0 309 0 309 0 309 4 309 0 309 0 
16943 310 3 310 0 310 0 310 0 310 0 310 0 310 0 310 0 310 3 310 0 310 0 
16958 311 4 311 0 311 0 311 0 311 0 311 0 311 0 311 0 311 4 311 0 311 0 
17003 312 3 312 0 312 0 312 0 312 0 312 0 312 0 312 0 312 3 312 0 312 0 
17018 313 4 313 0 313 0 313 0 313 0 313 0 313 0 313 0 313 4 313 0 313 0 
17048 314 1 314 0 314 0 314 0 314 0 314 0 314 0 314 0 314 1 314 0 314 0 
17063 315 0 315 0 315 0 315 0 315 0 315 0 315 0 315 0 315 0 315 0 315 0 
17155 316 6 316 0 316 0 316 0 316 0 316 0 316 0 316 0 316 0 316 0 316 6 
17170 317 14 317 0 317 0 317 0 317 0 317 0 317 0 317 0 317 0 317 0 317 14 
17185 318 16 318 0 318 0 318 0 318 0 318 0 318 0 318 0 318 0 318 0 318 16 
17200 319 2 319 0 319 0 319 0 319 0 319 0 319 0 319 0 319 0 319 0 319 2 
17215 320 0 320 0 320 0 320 0 320 0 320 0 320 0 320 0 320 0 320 0 320 0 
17230 321 8 321 0 321 0 321 0 321 0 321 0 321 0 321 0 321 0 321 0 321 8 
17260 322 12 322 0 322 0 322 0 322 0 322 0 322 0 322 0 322 0 322 0 322 12 
17275 323 1 323 0 323 0 323 0 323 0 323 0 323 0 323 0 323 0 323 0 323 1 
17290 324 4 324 0 324 0 324 0 324 0 324 0 324 0 324 0 324 0 324 0 324 4 
17320 325 6 325 0 325 0 325 0 325 0 325 0 325 0 325 0 325 0 325 0 325 6 
17335 326 5 326 0 326 0 326 0 326 0 326 0 326 0 326 0 326 0 326 0 326 5 
17350 327 0 327 0 327 0 327 0 327 0 327 0 327 0 327 0 327 0 327 0 327 0 
17365 328 4 328 0 328 0 328 0 328 0 328 0 328 0 328 0 328 0 328 0 328 4 
17380 329 14 329 0 329 0 329 0 329 0 329 0 329 0 329 0 329 0 329 0 329 14 
17395 330 5 330 0 330 0 330 0 330 0 330 0 330 0 330 0 330 0 330 0 330 5 
17410 331 4 331 0 331 0 331 0 331 0 331 0 331 0 331 0 331 0 331 0 331 4 
17425 332 3 332 0 332 0 332 0 332 0 332 0 332 0 332 0 332 0 332 0 332 3 
17440 333 0 333 0 333 0 333 0 333 0 333 0 333 0 333 0 333 0 333 0 333 0 
17485 334 4 334 0 334 0 334 0 334 0 334 0 334 0 334 0 334 0 334 0 334 4 
17515 335 3 335 0 335 0 335 0 335 0 335 0 335 0 335 0 335 0 335 0 335 3 
17530 336 4 336 0 336 0 336 0 336 0 336 0 336 0 336 0 336 0 336 0 336 4 
17575 337 1 337 0 337 0 337 0 337 0 337 0 337 0 337 0 337 0 337 0 337 1 
17590 338 0 338 0 338 0 338 0 338 0 338 0 338 0 338 0 338 0 338 0 338 0 
17633 339 4 339 0 339 0 339 0 339 0 339 0 339 0 339 0 339 4 339 0 339 0 
17663 340 3 340 0 340 0 340 0 340 0 340 0 340 0 340 0 340 3 340 0 340 0 
17678 341 4 341 0 341 0 341 0 341 0 341 0 341 0 341 0 341 4 341 0 341 0 
17738 342 0 342 0 342 0 342 0 342 0 342 0 342 0 342 0 342 0 342 0 342 0 
18081 343 2 343 0 343 0 343 0 343 0 343 0 343 2 343 0 343 0 343 0 343 0 
18096 344 14 344 0 344 0 344 0 344 0 344 0 344 14 344 0 344 0 344 0 344 0 
18100 345 2 345 0 345 0 345 0 345 0 345 0 345 14 345 0 345 0 345 0 345 2 
18111 346 18 346 0 346 0 346 0 346 0 346 0 346 18 346 0 346 0 346 0 346 2 
18115 347 3 347 0 347 0 347 0 347 0 347 0 347 18 347 0 347 0 347 0 347 3 
18126 348 14 348 0 348 0 348 0 348 0 348 0 348 14 348 0 348 0 348 0 348 3 
18130 349 4 349 0 349 0 349 0 349 0 349 0 349 14 349 0 349 0 349 0 349 4 
18141 350 19 350 0 350 0 350 0 350 0 350 0 350 19 350 0 350 0 350 0 350 4 
18156 351 3 351 0 351 0 351 0 351 0 351 0 351 3 351 0 351 0 351 0 351 4 
18171 352 0 352 0 352 0 352 0 352 0 352 0 352 0 352 0 352 0 352 0 352 4 
18175 353 3 353 0 353 0 353 0 353 0 353 0 353 0 353 0 353 0 353 0 353 3 
18190 354 14 354 0 354 0 354 0 354 0 354 0 354 0 354 0 354 0 354 0 354 14 
18205 355 19 355 0 355 0 355 0 355 0 355 0 355 0 355 0 355 0 355 0 355 19 
18220 356 14 356 0 356 0 356 0 356 0 356 0 356 0 356 0 356 0 356 0 356 14 
18235 357 1 357 0 357 0 357 0 357 0 357 0 357 0 357 0 357 0 357 0 357 1 
18250 358 0 358 0 358 0 358 0 358 0 358 0 358 0 358 0 358 0 358 0 358 0 
19285 359 17 359 0 359 0 359 0 359 0 359 0 359 0 359 0 359 0 359 0 359 17 
19300 360 4 360 0 360 0 360 0 360 0 360 0 360 0 360 0 360 0 360 0 360 4 
19315 361 3 361 0 361 0 361 0 361 0 361 0 361 0 361 0 361 0 361 0 361 3 
19330 362 4 362 0 362 0 362 0 362 0 362 0 362 0 362 0 362 0 362 0 362 4 
19345 363 12 363 0 363 0 363 0 363 0 363 0 363 0 363 0 363 0 363 0 363 12 
19360 364 0 364 0 364 0 364 0 364 0 364 0 364 0 364 0 364 0 364 0 364 0 
20356 365 7 365 7 365 0 365 0 365 0 365 0 365 0 365 0 365 0 365 0 365 0 
20371 366 3 366 3 366 0 366 0 366 0 366 0 366 0 366 0 366 0 366 0 366 0 
20386 367 16 367 16 367 0 367 0 367 0 367 0 367 0 367 0 367 0 367 0 367 0 
20401 368 2 368 2 368 0 368 0 368 0 368 0 368 0 368 0 368 0 368 0 368 0 
20416 369 9 369 9 369 0 369 0 369 0 369 0 369 0 369 0 369 0 369 0 369 0 
20431 370 7 370 7 370 0 370 0 370 0 370 0 370 0 370 0 370 0 370 0 370 0 
20446 371 12 371 12 371 0 371 0 371 0 371 0 371 0 371 0 371 0 371 0 371 0 
20461 372 -6 372 -6 372 0 372 0 372 0 372 0 372 0 372 0 372 0 372 0 372 0 
20476 373 -20 373 -20 373 0 373 0 373 0 373 0 373 0 373 0 373 0 373 0 373 0 
20491 374 -8 374 -8 374 0 374 0 374 0 374 0 374 0 374 0 374 0 374 0 374 0 
20506 375 -20 375 -20 375 0 375 0 375 0 375 0 375 0 375 0 375 0 375 0 375 0 
20521 376 -2 376 -2 376 0 376 0 376 0 376 0 376 0 376 0 376 0 376 0 376 0 
20536 377 0 377 0 377 0 377 0 377 0 377 0 377 0 377 0 377 0 377 0 377 0 
20926 378 6 378 6 378 0 378 0 378 0 378 0 378 0 378 0 378 0 378 0 378 0 
20941 379 4 379 4 379 0 379 0 379 0 379 0 379 0 379 0 379 0 379 0 379 0 
20956 380 16 380 16 380 0 380 0 380 0 380 0 380 0 380 0 380 0 380 0 380 0 
20971 381 2 381 2 381 0 381 0 381 0 381 0 381 0 381 0 381 0 381 0 381 0 
20986 382 8 382 8 382 0 382 0 382 0 382 0 382 0 382 0 382 0 382 0 382 0 
21016 383 12 383 12 383 0 383 0 383 0 383 0 383 0 383 0 383 0 383 0 383 0 
21031 384 1 384 1 384 0 384 0 384 0 384 0 384 0 384 0 384 0 384 0 384 0 
21046 385 4 385 4 385 0 385 0 385 0 385 0 385 0 385 0 385 0 385 0 385 0 
21076 386 6 386 6 386 0 386 0 386 0 386 0 386 0 386 0 386 0 386 0 386 0 
21091 387 5 387 5 387 0 387 0 387 0 387 0 387 0 387 0 387 0 387 0 387 0 
21106 388 0 388 0 388 0 388 0 388 0 388 0 388 0 388 0 388 0 388 0 388 0 
21121 389 4 389 4 389 0 389 0 389 0 389 0 389 0 389 0 389 0 389 0 389 0 
21151 390 5 390 5 390 0 390 0 390 0 390 0 390 0 390 0 390 0 390 0 390 0 
21166 391 4 391 4 391 0 391 0 391 0 391 0 391 0 391 0 391 0 391 0 391 0 
21181 392 3 392 3 392 0 392 0 392 0 392 0 392 0 392 0 392 0 392 0 392 0 
21196 393 0 393 0 393 0 393 0 393 0 393 0 393 0 393 0 393 0 393 0 393 0 
21256 394 4 394 4 394 0 394 0 394 0 394 0 394 0 394 0 394 0 394 0 394 0 
21271 395 3 395 3 395 0 395 0 395 0 395 0 395 0 395 0 395 0 395 0 395 0 
21286 396 4 396 4 396 0 396 0 396 0 396 0 396 0 396 0 396 0 396 0 396 0 
21308 397 23 397 4 397 0 397 0 397 0 397 0 397 0 397 0 397 23 397 0 397 0 
21323 398 3 398 4 398 0 398 0 398 0 398 0 398 0 398 0 398 3 398 0 398 0 
21331 399 0 399 0 399 0 399 0 399 0 399 0 399 0 399 0 399 3 399 0 399 0 
21332 400 7 400 0 400 7 400 0 400 0 400 0 400 0 400 0 400 3 400 0 400 0 
21338 401 4 401 0 401 7 401 0 401 0 401 0 401 0 401 0 401 4 401 0 401 0 
21346 402 1 402 1 402 7 402 0 402 0 402 0 402 0 402 0 402 4 402 0 402 0 
21347 403 3 403 1 403 3 403 0 403 0 403 0 403 0 403 0 403 4 403 0 403 0 
21361 404 4 404 4 404 3 404 0 404 0 404 0 404 0 404 0 404 4 404 0 404 0 
21362 405 16 405 4 405 16 405 0 405 0 405 0 405 0 405 0 405 4 405 0 405 0 
21377 406 2 406 4 406 2 406 0 406 0 406 0 406 0 406 0 406 4 406 0 406 0 
21383 407 3 407 4 407 2 407 0 407 0 407 0 407 0 407 0 407 3 407 0 407 0 
21392 408 6 408 3 408 9 408 0 408 0 408 0 408 0 408 0 408 3 408 0 408 0 
21398 409 4 409 3 409 9 409 0 409 0 409 0 409 0 409 0 409 4 409 0 409 0 
21406 410 2 410 2 410 9 410 0 410 0 410 0 410 0 410 0 410 4 410 0 410 0 
21407 411 7 411 2 411 7 411 0 411 0 411 0 411 0 411 0 411 4 411 0 411 0 
21421 412 3 412 3 412 7 412 0 412 0 412 0 412 0 412 0 412 4 412 0 412 0 
21422 413 12 413 3 413 12 413 0 413 0 413 0 413 0 413 0 413 4 413 0 413 0 
21428 414 0 414 3 414 12 414 0 414 0 414 0 414 0 414 0 414 0 414 0 414 0 
21436 415 4 415 4 415 12 415 0 415 0 415 0 415 0 415 0 415 0 415 0 415 0 
21437 416 2 416 4 416 2 416 0 416 0 416 0 416 0 416 0 416 0 416 0 416 0 
21451 417 3 417 3 417 2 417 0 417 0 417 0 417 0 417 0 417 0 417 0 417 0 
21452 418 4 418 3 418 4 418 0 418 0 418 0 418 0 418 0 418 0 418 0 418 0 
21466 419 2 419 2 419 4 419 0 419 0 419 0 419 0 419 0 419 0 419 0 419 0 
21467 420 3 420 2 420 3 420 0 420 0 420 0 420 0 420 0 420 0 420 0 420 0 
21481 421 0 421 0 421 3 421 0 421 0 421 0 421 0 421 0 421 0 421 0 421 0 
21482 422 6 422 0 422 6 422 0 422 0 422 0 422 0 422 0 422 0 422 0 422 0 
21497 423 5 423 0 423 5 423 0 423 0 423 0 423 0 423 0 423 0 423 0 423 0 
21512 424 1 424 0 424 1 424 0 424 0 424 0 424 0 424 0 424 0 424 0 424 0 
21527 425 3 425 0 425 3 425 0 425 0 425 0 425 0 425 0 425 0 425 0 425 0 
21542 426 4 426 0 426 4 426 0 426 0 426 0 426 0 426 0 426 0 426 0 426 0 
21557 427 6 427 0 427 6 427 0 427 0 427 0 427 0 427 0 427 0 427 0 427 0 
21587 428 0 428 0 428 0 428 0 428 0 428 0 428 0 428 0 428 0 428 0 428 0 
21890 429 8 429 0 429 0 429 0 429 0 429 8 429 0 429 0 429 0 429 0 429 0 
21920 430 12 430 0 430 0 430 0 430 0 430 12 430 0 430 0 430 0 430 0 430 0 
21935 431 6 431 0 431 0 431 0 431 0 431 6 431 0 431 0 431 0 431 0 431 0 
21950 432 4 432 0 432 0 432 0 432 0 432 4 432 0 432 0 432 0 432 0 432 0 
21965 433 16 433 0 433 0 433 0 433 0 433 16 433 0 433 0 433 0 433 0 433 0 
21980 434 2 434 0 434 0 434 0 434 0 434 2 434 0 434 0 434 0 434 0 434 0 
21995 435 3 435 0 435 0 435 0 435 0 435 3 435 0 435 0 435 0 435 0 435 0 
22010 436 4 436 0 436 0 436 0 436 0 436 4 436 0 436 0 436 0 436 0 436 0 
22025 437 6 437 0 437 0 437 0 437 0 437 6 437 0 437 0 437 0 437 0 437 0 
22040 438 14 438 0 438 0 438 0 438 0 438 14 438 0 438 0 438 0 438 0 438 0 
22055 439 3 439 0 439 0 439 0 439 0 439 3 439 0 439 0 439 0 439 0 439 0 
22070 440 2 440 0 440 0 440 0 440 0 440 2 440 0 440 0 440 0 440 0 440 0 
22085 441 4 441 0 441 0 441 0 441 0 441 4 441 0 441 0 441 0 441 0 441 0 
22100 442 6 442 0 442 0 442 0 442 0 442 6 442 0 442 0 442 0 442 0 442 0 
22115 443 3 443 0 443 0 443 0 443 0 443 3 443 0 443 0 443 0 443 0 443 0 
22130 444 5 444 0 444 0 444 0 444 0 444 5 444 0 444 0 444 0 444 0 444 0 
22145 445 0 445 0 445 0 445 0 445 0 445 0 445 0 445 0 445 0 445 0 445 0 
22267 446 7 446 0 446 0 446 0 446 0 446 0 446 0 446 7 446 0 446 0 446 0 
22282 447 6 447 0 447 0 447 0 447 0 447 0 447 0 447 6 447 0 447 0 447 0 
22297 448 14 448 0 448 0 448 0 448 0 448 0 448 0 448 14 448 0 448 0 448 0 
22312 449 7 449 0 449 0 449 0 449 0 449 0 449 0 449 7 449 0 449 0 449 0 
22327 450 3 450 0 450 0 450 0 450 0 450 0 450 0 450 3 450 0 450 0 450 0 
22342 451 12 451 0 451 0 451 0 451 0 451 0 451 0 451 12 451 0 451 0 451 0 
22357 452 7 452 0 452 0 452 0 452 0 452 0 452 0 452 7 452 0 452 0 452 0 
22372 453 2 453 0 453 0 453 0 453 0 453 0 453 0 453 2 453 0 453 0 453 0 
22387 454 3 454 0 454 0 454 0 454 0 454 0 454 0 454 3 454 0 454 0 454 0 
22402 455 4 455 0 455 0 455 0 455 0 455 0 455 0 455 4 455 0 455 0 455 0 
22417 456 6 456 0 456 0 456 0 456 0 456 0 456 0 456 6 456 0 456 0 456 0 
22432 457 5 457 0 457 0 457 0 457 0 457 0 457 0 457 5 457 0 457 0 457 0 
22447 458 0 458 0 458 0 458 0 458 0 458 0 458 0 458 0 458 0 458 0 458 0 
22462 459 4 459 0 459 0 459 0 459 0 459 0 459 0 459 4 459 0 459 0 459 0 
22492 460 6 460 0 460 0 460 0 460 0 460 0 460 0 460 6 460 0 460 0 460 0 
22507 461 3 461 0 461 0 461 0 461 0 461 0 461 0 461 3 461 0 461 0 461 0 
22537 462 0 462 0 462 0 462 0 462 0 462 0 462 0 462 0 462 0 462 0 462 0 
22777 463 3 463 0 463 0 463 0 463 0 463 0 463 0 463 3 463 0 463 0 463 0 
22792 464 4 464 0 464 0 464 0 464 0 464 0 464 0 464 4 464 0 464 0 464 0 
22807 465 13 465 0 465 0 465 0 465 0 465 0 465 0 465 13 465 0 465 0 465 0 
22822 466 4 466 0 466 0 466 0 466 0 466 0 466 0 466 4 466 0 466 0 466 0 
22867 467 3 467 0 467 0 467 0 467 0 467 0 467 0 467 3 467 0 467 0 467 0 
22897 468 0 468 0 468 0 468 0 468 0 468 0 468 0 468 0 468 0 468 0 468 0 
22912 469 1 469 0 469 0 469 0 469 0 469 0 469 0 469 1 469 0 469 0 469 0 
22927 470 3 470 0 470 0 470 0 470 0 470 0 470 0 470 3 470 0 470 0 470 0 
22942 471 63 471 0 471 0 471 0 471 0 471 0 471 0 471 63 471 0 471 0 471 0 
22957 472 1 472 0 472 0 472 0 472 0 472 0 472 0 472 1 472 0 472 0 472 0 
22972 473 0 473 0 473 0 473 0 473 0 473 0 473 0 473 0 473 0 473 0 473 0 
23252 474 3 474 0 474 3 474 0 474 0 474 0 474 0 474 0 474 0 474 0 474 0 
23267 475 14 475 0 475 14 475 0 475 0 475 0 475 0 475 0 475 0 475 0 475 0 
23282 476 4 476 0 476 4 476 0 476 0 476 0 476 0 476 0 476 0 476 0 476 0 
23312 477 14 477 0 477 14 477 0 477 0 477 0 477 0 477 0 477 0 477 0 477 0 
23327 478 3 478 0 478 3 478 0 478 0 478 0 478 0 478 0 478 0 478 0 478 0 
23342 479 2 479 0 479 2 479 0 479 0 479 0 479 0 479 0 479 0 479 0 479 0 
23357 480 0 480 0 480 0 480 0 480 0 480 0 480 0 480 0 480 0 480 0 480 0 
23567 481 1 481 0 481 1 481 0 481 0 481 0 481 0 481 0 481 0 481 0 481 0 
23582 482 4 482 0 482 4 482 0 482 0 482 0 482 0 482 0 482 0 482 0 482 0 
23627 483 14 483 0 483 14 483 0 483 0 483 0 483 0 483 0 483 0 483 0 483 0 
23642 484 4 484 0 484 4 484 0 484 0 484 0 484 0 484 0 484 0 484 0 484 0 
23657 485 2 485 0 485 2 485 0 485 0 485 0 485 0 485 0 485 0 485 0 485 0 
23672 486 0 486 0 486 0 486 0 486 0 486 0 486 0 486 0 486 0 486 0 486 0 
24112 487 11 487 0 487 0 487 0 487 0 487 0 487 0 487 11 487 0 487 0 487 0 
24127 488 18 488 0 488 0 488 0 488 0 488 0 488 0 488 18 488 0 488 0 488 0 
24142 489 4 489 0 489 0 489 0 489 0 489 0 489 0 489 4 489 0 489 0 489 0 
24157 490 15 490 0 490 0 490 0 490 0 490 0 490 0 490 15 490 0 490 0 490 0 
24172 491 19 491 0 491 0 491 0 491 0 491 0 491 0 491 19 491 0 491 0 491 0 
24187 492 1 492 0 492 0 492 0 492 0 492 0 492 0 492 1 492 0 492 0 492 0 
24202 493 0 493 0 493 0 493 0 493 0 493 0 493 0 493 0 493 0 493 0 493 0 
24302 494 1 494 0 494 1 494 0 494 0 494 0 494 0 494 0 494 0 494 0 494 0 
24317 495 4 495 0 495 4 495 0 495 0 495 0 495 0 495 0 495 0 495 0 495 0 
24347 496 3 496 0 496 3 496 0 496 0 496 0 496 0 496 0 496 0 496 0 496 0 
24362 497 54 497 0 497 54 497 0 497 0 497 0 497 0 497 0 497 0 497 0 497 0 
24377 498 0 498 0 498 0 498 0 498 0 498 0 498 0 498 0 498 0 498 0 498 0 
26240 499 4 499 0 499 0 499 0 499 0 499 4 499 0 499 0 499 0 499 0 499 0 
26255 500 3 500 0 500 0 500 0 500 0 500 3 500 0 500 0 500 0 500 0 500 0 
26270 501 4 501 0 501 0 501 0 501 0 501 4 501 0 501 0 501 0 501 0 501 0 
26315 502 3 502 0 502 0 502 0 502 0 502 3 502 0 502 0 502 0 502 0 502 0 
26330 503 4 503 0 503 0 503 0 503 0 503 4 503 0 503 0 503 0 503 0 503 0 
26375 504 3 504 0 504 0 504 0 504 0 504 3 504 0 504 0 504 0 504 0 504 0 
26390 505 -2 505 0 505 0 505 0 505 0 505 -2 505 0 505 0 505 0 505 0 505 0 
26405 506 0 506 0 506 0 506 0 506 0 506 0 506 0 506 0 506 0 506 0 506 0 
