# deltaRailways deltaRailVehicles
10 0 0 0 0 0 0 0 0 0 0 0 0 0 0 0 0 0 0 0 0 0 0 
123 8 0 0 0 0 0 8 0 0 0 0 0 0 0 0 0 0 0 0 0 0 0 
124 9 0 0 0 0 0 8 0 9 0 0 0 0 0 0 0 0 0 0 0 0 0 
125 8 0 0 0 0 0 8 0 9 0 8 0 0 0 0 0 0 0 0 0 0 0 
128 8.33333 0 0 0 0 0 8 0 9 0 8 0 8 0 8 0 9 0 0 0 0 0 
130 8 0 0 0 0 0 8 0 9 0 8 0 8 0 8 0 9 0 0 0 8 0 
136 7 0 7 0 0 0 8 0 9 0 8 0 8 0 8 0 9 0 0 0 8 0 
153 8.66667 0 7 0 0 0 12 0 7 0 8 0 8 0 8 0 7 0 0 0 8 0 
154 12 0 7 0 0 0 12 0 12 0 8 0 8 0 8 0 7 0 0 0 8 0 
155 11 0 7 0 0 0 12 0 12 0 11 0 8 0 8 0 7 0 0 0 8 0 
156 12 0 7 0 0 0 12 0 12 0 11 0 12 0 8 0 7 0 0 0 8 0 
168 10.75 0 7 0 0 0 7 0 12 0 11 0 12 0 12 0 12 0 0 0 12 0 
169 7 0 7 0 0 0 7 0 7 0 11 0 12 0 12 0 12 0 0 0 12 0 
171 6.5 0 7 0 0 0 7 0 7 0 7 0 6 0 12 0 12 0 0 0 12 0 
172 7 0 7 0 0 0 7 0 7 0 7 0 6 0 7 0 12 0 0 0 12 0 
175 6.5 0 7 0 0 0 7 0 7 0 7 0 6 0 7 0 7 0 0 0 6 0 
183 3 0 7 0 0 0 3 0 7 0 7 0 6 0 7 0 7 0 0 0 6 0 
184 6 0 7 0 0 0 3 0 6 0 7 0 6 0 7 0 7 0 0 0 6 0 
185 4 0 7 0 0 0 3 0 6 0 4 0 6 0 7 0 7 0 0 0 6 0 
188 4.66667 0 7 0 0 0 3 0 6 0 4 0 4 0 4 0 6 0 0 0 6 0 
190 4 0 7 0 0 0 3 0 6 0 4 0 4 0 4 0 6 0 0 0 4 0 
196 0 0 0 0 0 0 3 0 6 0 4 0 4 0 4 0 6 0 0 0 4 0 
198 16 0 0 0 0 0 16 0 6 0 4 0 4 0 4 0 6 0 0 0 4 0 
199 13 0 0 0 0 0 16 0 13 0 4 0 4 0 4 0 6 0 0 0 4 0 
200 16 0 0 0 0 0 16 0 13 0 16 0 4 0 4 0 6 0 0 0 4 0 
203 15 0 0 0 0 0 16 0 13 0 16 0 16 0 16 0 13 0 0 0 4 0 
205 16 0 0 0 0 0 16 0 13 0 16 0 16 0 16 0 13 0 0 0 16 0 
213 2 0 0 0 0 0 2 0 13 0 16 0 16 0 16 0 13 0 0 0 16 0 
228 2.14286 0 0 0 0 0 3 0 2 0 2 0 2 0 2 0 2 0 0 0 2 0 
229 4 0 0 0 0 0 3 0 4 0 2 0 2 0 2 0 2 0 0 0 2 0 
230 3 0 0 0 0 0 3 0 4 0 3 0 2 0 2 0 2 0 0 0 2 0 
232 3.5 0 0 0 0 0 3 0 4 0 3 0 3 0 4 0 2 0 0 0 2 0 
233 4 0 0 0 0 0 3 0 4 0 3 0 3 0 4 0 4 0 0 0 2 0 
235 3 0 0 0 0 0 3 0 4 0 3 0 3 0 4 0 4 0 0 0 3 0 
245 4 0 0 0 0 0 3 0 4 0 4 0 3 0 4 0 4 0 0 0 3 0 
247 3.5 0 0 0 0 0 3 0 4 0 4 0 4 0 3 0 4 0 0 0 3 0 
250 4 0 0 0 0 0 3 0 4 0 4 0 4 0 3 0 4 0 0 0 4 0 
258 6 0 0 0 0 0 6 0 4 0 4 0 4 0 3 0 4 0 0 0 4 0 
259 5 0 0 0 0 0 6 0 5 0 4 0 4 0 3 0 4 0 0 0 4 0 
260 6 0 0 0 0 0 6 0 5 0 6 0 4 0 3 0 4 0 0 0 4 0 
263 5.66667 0 0 0 0 0 6 0 5 0 6 0 6 0 6 0 5 0 0 0 4 0 
265 6 0 0 0 0 0 6 0 5 0 6 0 6 0 6 0 5 0 0 0 6 0 
273 4 0 0 0 0 0 4 0 5 0 6 0 6 0 6 0 5 0 0 0 6 0 
275 3.5 0 0 0 0 0 4 0 4 0 3 0 6 0 6 0 5 0 0 0 6 0 
276 4 0 0 0 0 0 4 0 4 0 3 0 4 0 6 0 5 0 0 0 6 0 
289 3.66667 0 0 0 0 0 4 0 3 0 3 0 4 0 4 0 5 0 0 0 4 0 
290 4 0 0 0 0 0 4 0 3 0 4 0 4 0 4 0 5 0 0 0 4 0 
291 3 0 0 0 0 0 4 0 3 0 4 0 3 0 4 0 5 0 0 0 4 0 
303 2.5 0 0 0 0 0 1 0 3 0 4 0 3 0 3 0 3 0 0 0 3 0 
305 2 0 0 0 0 0 1 0 3 0 2 0 3 0 3 0 3 0 0 0 3 0 
318 2.5 0 0 0 0 0 4 0 3 0 2 0 2 0 2 0 3 0 0 0 2 0 
320 4 0 0 0 0 0 4 0 3 0 4 0 2 0 2 0 3 0 0 0 2 0 
334 4.5 0 0 0 0 0 4 0 6 0 4 0 4 0 4 0 3 0 0 0 4 0 
335 3 0 0 0 0 0 4 0 6 0 3 0 4 0 4 0 3 0 0 0 4 0 
336 6 0 0 0 0 0 4 0 6 0 3 0 6 0 4 0 3 0 0 0 4 0 
349 5.6 0 0 0 0 0 6 0 4 0 3 0 6 0 6 0 6 0 0 0 6 0 
350 6 0 0 0 0 0 6 0 4 0 6 0 6 0 6 0 6 0 0 0 6 0 
351 3 0 0 0 0 0 6 0 4 0 6 0 3 0 6 0 6 0 0 0 6 0 
352 4 0 0 0 0 0 6 0 4 0 6 0 3 0 4 0 6 0 0 0 6 0 
355 3.5 0 0 0 0 0 6 0 4 0 6 0 3 0 4 0 4 0 0 0 3 0 
363 5 0 0 0 0 0 5 0 4 0 6 0 3 0 4 0 4 0 0 0 3 0 
378 3.75 0 0 0 0 0 0 0 4 0 5 0 5 0 4 0 4 0 0 0 5 0 
379 0 0 0 0 0 0 0 0 0 0 5 0 5 0 4 0 4 0 0 0 5 0 
440 0.2 0 0 0 0 0 0 0 0 0 1 0 0 0 0 0 0 0 0 0 0 0 
455 3 0 0 0 0 0 0 0 0 0 3 0 0 0 0 0 0 0 0 0 0 0 
460 2 0 0 0 0 0 0 0 0 0 3 0 0 0 0 0 0 0 0 0 2 0 
470 4 0 0 0 0 0 0 0 0 0 4 0 0 0 0 0 0 0 0 0 2 0 
475 3 0 0 0 0 0 0 0 0 0 4 0 0 0 0 0 0 0 0 0 3 0 
490 4 0 0 0 0 0 0 0 0 0 4 0 0 0 0 0 0 0 0 0 4 0 
502 2 0 0 0 0 0 0 0 0 0 4 0 0 0 2 0 0 0 0 0 4 0 
515 3 0 0 0 0 0 0 0 0 0 3 0 0 0 2 0 0 0 0 0 4 0 
517 4 0 0 0 0 0 0 0 0 0 3 0 0 0 4 0 0 0 0 0 4 0 
520 43 0 0 0 0 0 0 0 0 0 3 0 0 0 4 0 0 0 0 0 43 0 
530 4 0 0 0 0 0 0 0 0 0 4 0 0 0 4 0 0 0 0 0 43 0 
535 2 0 0 0 0 0 0 0 0 0 4 0 0 0 4 0 0 0 0 0 2 0 
542 6 0 0 0 6 0 0 0 0 0 4 0 0 0 4 0 0 0 0 0 2 0 
547 3 0 0 0 6 0 0 0 0 0 4 0 0 0 3 0 0 0 0 0 2 0 
550 0 0 0 0 6 0 0 0 0 0 4 0 0 0 3 0 0 0 0 0 0 0 
557 4 0 0 0 4 0 0 0 0 0 4 0 0 0 3 0 0 0 0 0 0 0 
560 0 0 0 0 4 0 0 0 0 0 0 0 0 0 3 0 0 0 0 0 0 0 
562 -16 0 0 0 4 0 0 0 0 0 0 0 0 0 -16 0 0 0 0 0 0 0 
572 16 0 0 0 16 0 0 0 0 0 0 0 0 0 -16 0 0 0 0 0 0 0 
576 2 0 0 0 16 0 0 0 0 0 0 0 2 0 -16 0 0 0 0 0 0 0 
577 -12 0 0 0 16 0 0 0 0 0 0 0 2 0 -12 0 0 0 0 0 0 0 
587 3 0 0 0 3 0 0 0 0 0 0 0 2 0 -12 0 0 0 0 0 0 0 
592 -7 0 0 0 3 0 0 0 0 0 0 0 3 0 -17 0 0 0 0 0 0 0 
602 8 0 0 0 8 0 0 0 0 0 0 0 3 0 -17 0 0 0 0 0 0 0 
606 5 0 0 0 8 0 0 0 0 0 0 0 5 0 -17 0 0 0 0 0 0 0 
607 -11 0 0 0 8 0 0 0 0 0 0 0 5 0 -11 0 0 0 0 0 0 0 
621 4 0 0 0 8 0 0 0 0 0 0 0 4 0 -11 0 0 0 0 0 0 0 
622 -4 0 0 0 8 0 0 0 0 0 0 0 4 0 -4 0 0 0 0 0 0 0 
632 12 0 0 0 12 0 0 0 0 0 0 0 4 0 -4 0 0 0 0 0 0 0 
647 1 0 0 0 1 0 0 0 0 0 0 0 4 0 -4 0 0 0 0 0 0 0 
651 3 0 0 0 1 0 0 0 0 0 0 0 3 0 -4 0 0 0 0 0 0 0 
662 4 0 0 0 4 0 0 0 0 0 0 0 3 0 -4 0 0 0 0 0 0 0 
667 -1 0 0 0 4 0 0 0 0 0 0 0 4 0 -6 0 0 0 0 0 0 0 
678 4 0 0 0 4 0 4 0 0 0 0 0 4 0 -6 0 0 0 0 0 0 0 
681 2 0 0 0 4 0 4 0 0 0 0 0 2 0 -6 0 0 0 0 0 0 0 
682 -4 0 0 0 4 0 4 0 0 0 0 0 2 0 -4 0 0 0 0 0 0 0 
692 6 0 0 0 6 0 4 0 0 0 0 0 2 0 -4 0 0 0 0 0 0 0 
696 0 0 0 0 6 0 4 0 0 0 0 0 0 0 -4 0 0 0 0 0 0 0 
697 -7 0 0 0 6 0 4 0 0 0 0 0 0 0 -7 0 0 0 0 0 0 0 
707 5 0 0 0 5 0 4 0 0 0 0 0 0 0 -7 0 0 0 0 0 0 0 
712 -3 0 0 0 5 0 4 0 0 0 0 0 0 0 -3 0 0 0 0 0 0 0 
722 0 0 0 0 0 0 4 0 0 0 0 0 0 0 -3 0 0 0 0 0 0 0 
723 3 0 0 0 0 0 3 0 0 0 0 0 0 0 -3 0 0 0 0 0 0 0 
727 -6 0 0 0 0 0 3 0 0 0 0 0 0 0 -6 0 0 0 0 0 0 0 
737 5 0 0 0 5 0 3 0 0 0 0 0 0 0 -6 0 0 0 0 0 0 0 
738 4 0 0 0 5 0 4 0 0 0 0 0 0 0 -6 0 0 0 0 0 0 0 
742 -4 0 0 0 5 0 4 0 0 0 0 0 0 0 -4 0 0 0 0 0 0 0 
752 4 0 0 0 4 0 4 0 0 0 0 0 0 0 -4 0 0 0 0 0 0 0 
757 -7 0 0 0 4 0 4 0 0 0 0 0 0 0 -7 0 0 0 0 0 0 0 
767 5 0 0 0 5 0 4 0 0 0 0 0 0 0 -7 0 0 0 0 0 0 0 
768 1 0 0 0 5 0 1 0 0 0 0 0 0 0 -7 0 0 0 0 0 0 0 
772 -4 0 0 0 5 0 1 0 0 0 0 0 0 0 -4 0 0 0 0 0 0 0 
782 4 0 0 0 4 0 1 0 0 0 0 0 0 0 -4 0 0 0 0 0 0 0 
783 0 0 0 0 4 0 0 0 0 0 0 0 0 0 -4 0 0 0 0 0 0 0 
797 1.5 0 0 0 3 0 0 0 0 0 0 0 0 0 0 0 0 0 0 0 0 0 
812 0 0 0 0 0 0 0 0 0 0 0 0 0 0 0 0 0 0 0 0 0 0 
863 2 0 0 0 0 0 0 0 0 0 0 0 0 0 0 0 2 0 0 0 0 0 
878 19 0 0 0 0 0 0 0 0 0 0 0 0 0 0 0 19 0 0 0 0 0 
893 4 0 0 0 0 0 0 0 0 0 0 0 0 0 0 0 4 0 0 0 0 0 
908 1 0 0 0 0 0 0 0 0 0 0 0 0 0 0 0 1 0 0 0 0 0 
923 0 0 0 0 0 0 0 0 0 0 0 0 0 0 0 0 0 0 0 0 0 0 
1082 3 0 0 0 3 0 0 0 0 0 0 0 0 0 0 0 0 0 0 0 0 0 
1097 5 0 0 0 5 0 0 0 0 0 0 0 0 0 0 0 0 0 0 0 0 0 
1112 4 0 0 0 4 0 0 0 0 0 0 0 0 0 0 0 0 0 0 0 0 0 
1157 1 0 0 0 1 0 0 0 0 0 0 0 0 0 0 0 0 0 0 0 0 0 
1172 0 0 0 0 0 0 0 0 0 0 0 0 0 0 0 0 0 0 0 0 0 0 
1192 7 0 0 0 0 0 0 0 0 0 0 0 0 0 7 0 0 0 0 0 0 0 
1207 3 0 0 0 0 0 0 0 0 0 0 0 0 0 3 0 0 0 0 0 0 0 
1222 16 0 0 0 0 0 0 0 0 0 0 0 0 0 16 0 0 0 0 0 0 0 
1237 2 0 0 0 0 0 0 0 0 0 0 0 0 0 2 0 0 0 0 0 0 0 
1252 9 0 0 0 0 0 0 0 0 0 0 0 0 0 9 0 0 0 0 0 0 0 
1267 7 0 0 0 0 0 0 0 0 0 0 0 0 0 7 0 0 0 0 0 0 0 
1282 12 0 0 0 0 0 0 0 0 0 0 0 0 0 12 0 0 0 0 0 0 0 
1291 1 0 1 0 0 0 0 0 0 0 0 0 0 0 12 0 0 0 0 0 0 0 
1297 2 0 1 0 0 0 0 0 0 0 0 0 0 0 2 0 0 0 0 0 0 0 
1306 4 0 4 0 0 0 0 0 0 0 0 0 0 0 2 0 0 0 0 0 0 0 
1327 3 0 4 0 0 0 0 0 0 0 0 0 0 0 3 0 0 0 0 0 0 0 
1342 6 0 4 0 0 0 0 0 0 0 0 0 0 0 6 0 0 0 0 0 0 0 
1351 3 0 3 0 0 0 0 0 0 0 0 0 0 0 6 0 0 0 0 0 0 0 
1357 5 0 3 0 0 0 0 0 0 0 0 0 0 0 5 0 0 0 0 0 0 0 
1366 4 0 4 0 0 0 0 0 0 0 0 0 0 0 5 0 0 0 0 0 0 0 
1372 1 0 4 0 0 0 0 0 0 0 0 0 0 0 1 0 0 0 0 0 0 0 
1387 3 0 4 0 0 0 0 0 0 0 0 0 0 0 3 0 0 0 0 0 0 0 
1396 5 0 5 0 0 0 0 0 0 0 0 0 0 0 3 0 0 0 0 0 0 0 
1411 4 0 3 0 0 0 0 0 0 0 0 0 0 0 5 0 0 0 0 0 0 0 
1417 6 0 3 0 0 0 0 0 0 0 0 0 0 0 6 0 0 0 0 0 0 0 
1426 4 0 4 0 0 0 0 0 0 0 0 0 0 0 6 0 0 0 0 0 0 0 
1435 2 0 4 0 0 0 0 0 0 0 0 0 0 0 6 0 0 0 0 0 2 0 
1447 0 0 4 0 0 0 0 0 0 0 0 0 0 0 0 0 0 0 0 0 2 0 
1450 4 0 4 0 0 0 0 0 0 0 0 0 0 0 0 0 0 0 0 0 4 0 
1465 15 0 4 0 0 0 0 0 0 0 0 0 0 0 0 0 0 0 0 0 15 0 
1471 3 0 3 0 0 0 0 0 0 0 0 0 0 0 0 0 0 0 0 0 15 0 
1480 4 0 3 0 0 0 0 0 0 0 0 0 0 0 0 0 0 0 0 0 4 0 
1495 3.5 0 4 0 0 0 0 0 0 0 0 0 0 0 0 0 0 0 0 0 3 0 
1510 4 0 4 0 0 0 0 0 0 0 0 0 0 0 0 0 0 0 0 0 4 0 
1516 0 1 0 1 0 0 0 0 0 0 0 0 0 0 0 0 0 0 0 0 4 0 
1525 3 0 0 1 0 0 0 0 0 0 0 0 0 0 0 0 0 0 0 0 3 0 
1531 0 0 0 0 0 0 0 0 0 0 0 0 0 0 0 0 0 0 0 0 3 0 
1881 7 0 0 0 0 0 0 0 0 0 0 0 14 0 0 0 0 0 0 0 0 0 
1896 4 0 0 0 0 0 0 0 0 0 0 0 4 0 0 0 0 0 0 0 0 0 
1911 3 0 0 0 0 0 0 0 0 0 0 0 3 0 0 0 0 0 0 0 0 0 
1926 4 0 0 0 0 0 0 0 0 0 0 0 4 0 0 0 0 0 0 0 0 0 
1941 15 0 0 0 0 0 0 0 0 0 0 0 15 0 0 0 0 0 0 0 0 0 
1956 1 0 0 0 0 0 0 0 0 0 0 0 1 0 0 0 0 0 0 0 0 0 
1971 0 0 0 0 0 0 0 0 0 0 0 0 0 0 0 0 0 0 0 0 0 0 
2075 1 0 0 0 0 0 0 0 0 0 1 0 0 0 0 0 0 0 0 0 0 0 
2090 4 0 0 0 0 0 0 0 0 0 4 0 0 0 0 0 0 0 0 0 0 0 
2104 15 0 0 0 0 0 0 0 15 0 4 0 0 0 0 0 0 0 0 0 0 0 
2119 9 0 0 0 0 0 0 0 3 0 15 0 0 0 0 0 0 0 0 0 0 0 
2120 5 0 0 0 0 0 0 0 3 0 5 0 0 0 0 0 0 0 0 0 0 0 
2134 4 0 0 0 0 0 0 0 4 0 5 0 0 0 0 0 0 0 0 0 0 0 
2135 3 0 0 0 0 0 0 0 4 0 3 0 0 0 0 0 0 0 0 0 0 0 
2136 2 0 0 0 0 0 0 0 4 0 3 0 2 0 0 0 0 0 0 0 0 0 
2150 4 0 0 0 0 0 0 0 4 0 4 0 2 0 0 0 0 0 0 0 0 0 
2151 3 0 0 0 0 0 0 0 4 0 4 0 3 0 0 0 0 0 0 0 0 0 
2166 4 0 0 0 0 0 0 0 4 0 4 0 4 0 0 0 0 0 0 0 0 0 
2179 3 0 0 0 0 0 0 0 3 0 4 0 4 0 0 0 0 0 0 0 0 0 
2180 2 0 0 0 0 0 0 0 3 0 2 0 4 0 0 0 0 0 0 0 0 0 
2181 19 0 0 0 0 0 0 0 3 0 2 0 19 0 0 0 0 0 0 0 0 0 
2194 1 0 0 0 0 0 0 0 1 0 2 0 19 0 0 0 0 0 0 0 0 0 
2195 0 0 0 0 0 0 0 0 1 0 0 0 19 0 0 0 0 0 0 0 0 0 
2196 4 0 0 0 0 0 0 0 1 0 0 0 4 0 0 0 0 0 0 0 0 0 
2209 0 0 0 0 0 0 0 0 0 0 0 0 4 0 0 0 0 0 0 0 0 0 
2211 1 0 0 0 0 0 0 0 0 0 0 0 1 0 0 0 0 0 0 0 0 0 
2225 4 0 0 0 0 0 0 0 0 0 4 0 1 0 0 0 0 0 0 0 0 0 
2226 0 1 0 0 0 0 0 0 0 0 4 0 0 1 0 0 0 0 0 0 0 0 
2241 0 0 0 0 0 0 0 0 0 0 4 0 0 0 0 0 0 0 0 0 0 0 
2255 3 0 0 0 0 0 0 0 0 0 3 0 0 0 0 0 0 0 0 0 0 0 
2270 4 0 0 0 0 0 0 0 0 0 4 0 0 0 0 0 0 0 0 0 0 0 
2271 0 1 0 0 0 0 0 0 0 0 4 0 0 1 0 0 0 0 0 0 0 0 
2286 0 0 0 0 0 0 0 0 0 0 4 0 0 0 0 0 0 0 0 0 0 0 
2315 3 0 0 0 0 0 0 0 0 0 3 0 0 0 0 0 0 0 0 0 0 0 
2345 0 1 0 0 0 0 0 0 0 0 0 1 0 0 0 0 0 0 0 0 0 0 
2360 0 0 0 0 0 0 0 0 0 0 0 0 0 0 0 0 0 0 0 0 0 0 
2390 0 1 0 0 0 0 0 0 0 0 0 1 0 0 0 0 0 0 0 0 0 0 
2405 0 0 0 0 0 0 0 0 0 0 0 0 0 0 0 0 0 0 0 0 0 0 
2707 3 0 0 0 0 0 0 0 0 0 0 0 0 0 3 0 0 0 0 0 0 0 
2722 4 0 0 0 0 0 0 0 0 0 0 0 0 0 4 0 0 0 0 0 0 0 
2767 3 0 0 0 0 0 0 0 0 0 0 0 0 0 3 0 0 0 0 0 0 0 
2782 4 0 0 0 0 0 0 0 0 0 0 0 0 0 4 0 0 0 0 0 0 0 
2827 3 0 0 0 0 0 0 0 0 0 0 0 0 0 3 0 0 0 0 0 0 0 
2842 5 0 0 0 0 0 0 0 0 0 0 0 0 0 5 0 0 0 0 0 0 0 
2857 0 0 0 0 0 0 0 0 0 0 0 0 0 0 0 0 0 0 0 0 0 0 
2995 1 0 0 0 0 0 0 0 0 0 0 0 0 0 0 0 0 0 0 0 1 0 
3010 4 0 0 0 0 0 0 0 0 0 0 0 0 0 0 0 0 0 0 0 4 0 
3025 5 0 0 0 0 0 0 0 0 0 0 0 0 0 0 0 0 0 0 0 5 0 
3040 4 0 0 0 0 0 0 0 0 0 0 0 0 0 0 0 0 0 0 0 4 0 
3055 3 0 0 0 0 0 0 0 0 0 0 0 0 0 0 0 0 0 0 0 3 0 
3070 3.5 0 0 0 3 0 0 0 0 0 0 0 0 0 0 0 0 0 0 0 4 0 
3077 4 0 0 0 4 0 0 0 0 0 0 0 0 0 0 0 0 0 0 0 4 0 
3107 3 0 0 0 3 0 0 0 0 0 0 0 0 0 0 0 0 0 0 0 4 0 
3122 29 0 0 0 55 0 0 0 0 0 0 0 0 0 0 0 0 0 0 0 3 0 
3130 4 0 0 0 55 0 0 0 0 0 0 0 0 0 0 0 0 0 0 0 4 0 
3137 2 0 0 0 2 0 0 0 0 0 0 0 0 0 0 0 0 0 0 0 4 0 
3152 0 0 0 0 0 0 0 0 0 0 0 0 0 0 0 0 0 0 0 0 4 0 
3160 5 0 0 0 0 0 0 0 0 0 0 0 0 0 0 0 0 0 0 0 5 0 
3175 3 0 0 0 0 0 0 0 0 0 0 0 0 0 0 0 0 0 0 0 3 0 
3205 0 1 0 0 0 0 0 0 0 0 0 0 0 0 0 0 0 0 0 0 0 1 
3220 0 0 0 0 0 0 0 0 0 0 0 0 0 0 0 0 0 0 0 0 0 0 
3250 0 1 0 0 0 0 0 0 0 0 0 0 0 0 0 0 0 0 0 0 0 1 
3265 0 0 0 0 0 0 0 0 0 0 0 0 0 0 0 0 0 0 0 0 0 0 
3682 2 0 0 0 0 0 0 0 0 0 0 0 0 0 2 0 0 0 0 0 0 0 
3697 4 0 0 0 0 0 0 0 0 0 0 0 0 0 4 0 0 0 0 0 0 0 
3727 3 0 0 0 0 0 0 0 0 0 0 0 0 0 3 0 0 0 0 0 0 0 
3742 4 0 0 0 0 0 0 0 0 0 0 0 0 0 4 0 0 0 0 0 0 0 
3757 15 0 0 0 0 0 0 0 0 0 0 0 0 0 15 0 0 0 0 0 0 0 
3772 4 0 0 0 0 0 0 0 0 0 0 0 0 0 4 0 0 0 0 0 0 0 
3787 0 0 0 0 0 0 0 0 0 0 0 0 0 0 0 0 0 0 0 0 0 0 
4204 1 0 0 0 0 0 0 0 1 0 0 0 0 0 0 0 0 0 0 0 0 0 
4219 2 0 0 0 1 0 0 0 3 0 0 0 0 0 0 0 0 0 0 0 0 0 
4232 4 0 0 0 4 0 0 0 3 0 0 0 0 0 0 0 0 0 0 0 0 0 
4247 3.5 0 0 0 3 0 0 0 4 0 0 0 0 0 0 0 0 0 0 0 0 0 
4262 43 0 0 0 43 0 0 0 4 0 0 0 0 0 0 0 0 0 0 0 0 0 
4277 4 0 0 0 4 0 0 0 4 0 0 0 0 0 0 0 0 0 0 0 0 0 
4279 3 0 0 0 4 0 0 0 3 0 0 0 0 0 0 0 0 0 0 0 0 0 
4292 0 2 0 0 0 2 0 0 3 0 0 0 0 0 0 0 0 0 0 0 0 0 
4294 4 0 0 0 0 2 0 0 4 0 0 0 0 0 0 0 0 0 0 0 0 0 
4307 0 0 0 0 0 0 0 0 4 0 0 0 0 0 0 0 0 0 0 0 0 0 
4337 0 1 0 0 0 1 0 0 4 0 0 0 0 0 0 0 0 0 0 0 0 0 
4339 0 0 0 0 0 1 0 0 0 0 0 0 0 0 0 0 0 0 0 0 0 0 
4372 1.5 0 0 0 0 0 0 0 0 0 0 0 0 0 3 0 0 0 0 0 0 0 
4402 4 0 0 0 0 0 0 0 0 0 0 0 0 0 4 0 0 0 0 0 0 0 
4447 14 0 0 0 0 0 0 0 0 0 0 0 0 0 14 0 0 0 0 0 0 0 
4462 5 0 0 0 0 0 0 0 0 0 0 0 0 0 5 0 0 0 0 0 0 0 
4477 0 1 0 0 0 0 0 0 0 0 0 0 0 0 0 1 0 0 0 0 0 0 
4492 0 0 0 0 0 0 0 0 0 0 0 0 0 0 0 0 0 0 0 0 0 0 
4537 0 1 0 0 0 0 0 0 0 0 0 0 0 0 0 1 0 0 0 0 0 0 
4552 0 0 0 0 0 0 0 0 0 0 0 0 0 0 0 0 0 0 0 0 0 0 
5043 3 0 0 0 0 0 3 0 0 0 0 0 0 0 0 0 0 0 0 0 0 0 
5058 83 0 0 0 0 0 83 0 0 0 0 0 0 0 0 0 0 0 0 0 0 0 
5073 4 0 0 0 0 0 4 0 0 0 0 0 0 0 0 0 0 0 0 0 0 0 
5103 3 0 0 0 0 0 3 0 0 0 0 0 0 0 0 0 0 0 0 0 0 0 
5118 0 0 0 0 0 0 0 0 0 0 0 0 0 0 0 0 0 0 0 0 0 0 
5963 3 0 0 0 0 0 0 0 0 0 0 0 0 0 0 0 3 0 0 0 0 0 
5978 4 0 0 0 0 0 0 0 0 0 0 0 0 0 0 0 4 0 0 0 0 0 
6023 3 0 0 0 0 0 0 0 0 0 0 0 0 0 0 0 3 0 0 0 0 0 
6038 4 0 0 0 0 0 0 0 0 0 0 0 0 0 0 0 4 0 0 0 0 0 
6053 5 0 0 0 0 0 0 0 0 0 0 0 0 0 0 0 5 0 0 0 0 0 
6068 15 0 0 0 0 0 0 0 0 0 0 0 0 0 0 0 15 0 0 0 0 0 
6083 3 0 0 0 0 0 0 0 0 0 0 0 0 0 0 0 3 0 0 0 0 0 
6098 1 0 0 0 0 0 0 0 0 0 0 0 0 0 0 0 1 0 0 0 0 0 
6113 0 0 0 0 0 0 0 0 0 0 0 0 0 0 0 0 0 0 0 0 0 0 
6158 3 0 0 0 0 0 0 0 0 0 0 0 0 0 0 0 3 0 0 0 0 0 
6173 4 0 0 0 0 0 0 0 0 0 0 0 0 0 0 0 4 0 0 0 0 0 
6188 1 1 0 0 0 0 0 0 0 0 0 0 0 0 0 0 1 1 0 0 0 0 
6203 0 0 0 0 0 0 0 0 0 0 0 0 0 0 0 0 0 0 0 0 0 0 
6243 2 0 0 0 0 0 2 0 0 0 0 0 0 0 0 0 0 0 0 0 0 0 
6248 0 2 0 0 0 0 2 0 0 0 0 0 0 0 0 0 0 2 0 0 0 0 
6258 4 0 0 0 0 0 4 0 0 0 0 0 0 0 0 0 0 2 0 0 0 0 
6263 0 0 0 0 0 0 4 0 0 0 0 0 0 0 0 0 0 0 0 0 0 0 
6303 26 0 0 0 0 0 26 0 0 0 0 0 0 0 0 0 0 0 0 0 0 0 
6318 4 0 0 0 0 0 4 0 0 0 0 0 0 0 0 0 0 0 0 0 0 0 
6333 3 0 0 0 0 0 3 0 0 0 0 0 0 0 0 0 0 0 0 0 0 0 
6348 0 1 0 0 0 0 0 1 0 0 0 0 0 0 0 0 0 0 0 0 0 0 
6363 0 0 0 0 0 0 0 0 0 0 0 0 0 0 0 0 0 0 0 0 0 0 
6393 0 2 0 0 0 0 0 2 0 0 0 0 0 0 0 0 0 0 0 0 0 0 
6408 0 0 0 0 0 0 0 0 0 0 0 0 0 0 0 0 0 0 0 0 0 0 
7086 8 0 0 0 0 0 0 0 0 0 0 0 8 0 0 0 0 0 0 0 0 0 
7116 12 0 0 0 0 0 0 0 0 0 0 0 12 0 0 0 0 0 0 0 0 0 
7131 6 0 0 0 0 0 0 0 0 0 0 0 6 0 0 0 0 0 0 0 0 0 
7146 4 0 0 0 0 0 0 0 0 0 0 0 4 0 0 0 0 0 0 0 0 0 
7161 16 0 0 0 0 0 0 0 0 0 0 0 16 0 0 0 0 0 0 0 0 0 
7176 2 0 0 0 0 0 0 0 0 0 0 0 2 0 0 0 0 0 0 0 0 0 
7191 4 0 0 0 0 0 0 0 0 0 0 0 4 0 0 0 0 0 0 0 0 0 
7221 6 0 0 0 0 0 0 0 0 0 0 0 6 0 0 0 0 0 0 0 0 0 
7236 4 0 0 0 0 0 0 0 0 0 0 0 4 0 0 0 0 0 0 0 0 0 
7251 3 0 0 0 0 0 0 0 0 0 0 0 3 0 0 0 0 0 0 0 0 0 
7266 2 0 0 0 0 0 0 0 0 0 0 0 2 0 0 0 0 0 0 0 0 0 
7281 4 0 0 0 0 0 0 0 0 0 0 0 4 0 0 0 0 0 0 0 0 0 
7296 6 0 0 0 0 0 0 0 0 0 0 0 6 0 0 0 0 0 0 0 0 0 
7311 3 0 0 0 0 0 0 0 0 0 0 0 3 0 0 0 0 0 0 0 0 0 
7326 5 0 0 0 0 0 0 0 0 0 0 0 5 0 0 0 0 0 0 0 0 0 
7341 0 0 0 0 0 0 0 0 0 0 0 0 0 0 0 0 0 0 0 0 0 0 
8346 51 0 0 0 0 0 0 0 0 0 0 0 51 0 0 0 0 0 0 0 0 0 
8361 4 0 0 0 0 0 0 0 0 0 0 0 4 0 0 0 0 0 0 0 0 0 
8391 3 0 0 0 0 0 0 0 0 0 0 0 3 0 0 0 0 0 0 0 0 0 
8406 2 0 0 0 0 0 0 0 0 0 0 0 2 0 0 0 0 0 0 0 0 0 
8421 0 0 0 0 0 0 0 0 0 0 0 0 0 0 0 0 0 0 0 0 0 0 
10431 3 0 0 0 0 0 0 0 0 0 0 0 3 0 0 0 0 0 0 0 0 0 
10446 4 0 0 0 0 0 0 0 0 0 0 0 4 0 0 0 0 0 0 0 0 0 
10476 19 0 0 0 0 0 0 0 0 0 0 0 19 0 0 0 0 0 0 0 0 0 
10491 3 0 0 0 0 0 0 0 0 0 0 0 3 0 0 0 0 0 0 0 0 0 
10506 5 0 0 0 0 0 0 0 0 0 0 0 5 0 0 0 0 0 0 0 0 0 
10521 4 0 0 0 0 0 0 0 0 0 0 0 4 0 0 0 0 0 0 0 0 0 
10551 3 0 0 0 0 0 0 0 0 0 0 0 3 0 0 0 0 0 0 0 0 0 
10566 5 0 0 0 0 0 0 0 0 0 0 0 5 0 0 0 0 0 0 0 0 0 
10581 0 0 0 0 0 0 0 0 0 0 0 0 0 0 0 0 0 0 0 0 0 0 
10776 1 0 0 0 0 0 0 0 0 0 0 0 1 0 0 0 0 0 0 0 0 0 
10791 3 0 0 0 0 0 0 0 0 0 0 0 3 0 0 0 0 0 0 0 0 0 
10806 4 0 0 0 0 0 0 0 0 0 0 0 4 0 0 0 0 0 0 0 0 0 
10821 5 0 0 0 0 0 0 0 0 0 0 0 5 0 0 0 0 0 0 0 0 0 
10836 4 0 0 0 0 0 0 0 0 0 0 0 4 0 0 0 0 0 0 0 0 0 
10851 3 0 0 0 0 0 0 0 0 0 0 0 3 0 0 0 0 0 0 0 0 0 
10866 15 0 0 0 0 0 0 0 0 0 0 0 15 0 0 0 0 0 0 0 0 0 
10881 5 0 0 0 0 0 0 0 0 0 0 0 5 0 0 0 0 0 0 0 0 0 
10896 2 0 0 0 0 0 0 0 0 0 0 0 2 0 0 0 0 0 0 0 0 0 
10911 0 1 0 0 0 0 0 0 0 0 0 0 0 1 0 0 0 0 0 0 0 0 
10926 0 0 0 0 0 0 0 0 0 0 0 0 0 0 0 0 0 0 0 0 0 0 
10956 0 4 0 0 0 0 0 0 0 0 0 0 0 4 0 0 0 0 0 0 0 0 
10971 0 0 0 0 0 0 0 0 0 0 0 0 0 0 0 0 0 0 0 0 0 0 
15775 7 0 0 0 0 0 0 0 0 0 0 0 0 0 0 0 0 0 0 0 7 0 
15790 6 0 0 0 0 0 0 0 0 0 0 0 0 0 0 0 0 0 0 0 6 0 
15805 14 0 0 0 0 0 0 0 0 0 0 0 0 0 0 0 0 0 0 0 14 0 
15820 7 0 0 0 0 0 0 0 0 0 0 0 0 0 0 0 0 0 0 0 7 0 
15835 3 0 0 0 0 0 0 0 0 0 0 0 0 0 0 0 0 0 0 0 3 0 
15850 12 0 0 0 0 0 0 0 0 0 0 0 0 0 0 0 0 0 0 0 12 0 
15865 7 0 0 0 0 0 0 0 0 0 0 0 0 0 0 0 0 0 0 0 7 0 
15880 3 0 0 0 0 0 0 0 0 0 0 0 0 0 0 0 0 0 0 0 3 0 
15910 6 0 0 0 0 0 0 0 0 0 0 0 0 0 0 0 0 0 0 0 6 0 
15925 4 0 0 0 0 0 0 0 0 0 0 0 0 0 0 0 0 0 0 0 4 0 
15955 1 0 0 0 0 0 0 0 0 0 0 0 0 0 0 0 0 0 0 0 1 0 
15970 5 0 0 0 0 0 0 0 0 0 0 0 0 0 0 0 0 0 0 0 5 0 
15985 4 0 0 0 0 0 0 0 0 0 0 0 0 0 0 0 0 0 0 0 4 0 
16000 7 0 0 0 0 0 0 0 0 0 0 0 0 0 0 0 0 0 0 0 7 0 
16015 5 0 0 0 0 0 0 0 0 0 0 0 0 0 0 0 0 0 0 0 5 0 
16030 0 0 0 0 0 0 0 0 0 0 0 0 0 0 0 0 0 0 0 0 0 0 
16120 3 0 0 0 0 0 0 0 0 0 0 0 0 0 0 0 0 0 0 0 3 0 
16150 4 0 0 0 0 0 0 0 0 0 0 0 0 0 0 0 0 0 0 0 4 0 
16195 3 0 0 0 0 0 0 0 0 0 0 0 0 0 0 0 0 0 0 0 3 0 
16210 4 0 0 0 0 0 0 0 0 0 0 0 0 0 0 0 0 0 0 0 4 0 
16225 0 0 0 0 0 0 0 0 0 0 0 0 0 0 0 0 0 0 0 0 0 0 
17035 3 0 0 0 0 0 0 0 0 0 0 0 0 0 0 0 0 0 0 0 3 0 
17050 4 0 0 0 0 0 0 0 0 0 0 0 0 0 0 0 0 0 0 0 4 0 
17095 3 0 0 0 0 0 0 0 0 0 0 0 0 0 0 0 0 0 0 0 3 0 
17110 4 0 0 0 0 0 0 0 0 0 0 0 0 0 0 0 0 0 0 0 4 0 
17155 1 0 0 0 0 0 0 0 0 0 0 0 0 0 0 0 0 0 0 0 1 0 
17162 8 0 0 0 8 0 0 0 0 0 0 0 0 0 0 0 0 0 0 0 1 0 
17170 0 0 0 0 8 0 0 0 0 0 0 0 0 0 0 0 0 0 0 0 0 0 
17177 9 0 0 0 9 0 0 0 0 0 0 0 0 0 0 0 0 0 0 0 0 0 
17192 12 0 0 0 12 0 0 0 0 0 0 0 0 0 0 0 0 0 0 0 0 0 
17207 6 0 0 0 6 0 0 0 0 0 0 0 0 0 0 0 0 0 0 0 0 0 
17222 4 0 0 0 4 0 0 0 0 0 0 0 0 0 0 0 0 0 0 0 0 0 
17237 16 0 0 0 16 0 0 0 0 0 0 0 0 0 0 0 0 0 0 0 0 0 
17252 2 0 0 0 2 0 0 0 0 0 0 0 0 0 0 0 0 0 0 0 0 0 
17267 3 0 0 0 3 0 0 0 0 0 0 0 0 0 0 0 0 0 0 0 0 0 
17282 4 0 0 0 4 0 0 0 0 0 0 0 0 0 0 0 0 0 0 0 0 0 
17297 6 0 0 0 6 0 0 0 0 0 0 0 0 0 0 0 0 0 0 0 0 0 
17312 4 0 0 0 4 0 0 0 0 0 0 0 0 0 0 0 0 0 0 0 0 0 
17327 3 0 0 0 3 0 0 0 0 0 0 0 0 0 0 0 0 0 0 0 0 0 
17342 2 0 0 0 2 0 0 0 0 0 0 0 0 0 0 0 0 0 0 0 0 0 
17357 4 0 0 0 4 0 0 0 0 0 0 0 0 0 0 0 0 0 0 0 0 0 
17372 6 0 0 0 6 0 0 0 0 0 0 0 0 0 0 0 0 0 0 0 0 0 
17387 3 0 0 0 3 0 0 0 0 0 0 0 0 0 0 0 0 0 0 0 0 0 
17402 5 0 0 0 5 0 0 0 0 0 0 0 0 0 0 0 0 0 0 0 0 0 
17417 0 0 0 0 0 0 0 0 0 0 0 0 0 0 0 0 0 0 0 0 0 0 
18144 9 0 0 0 0 0 0 0 0 0 0 0 0 0 0 0 0 0 9 0 0 0 
18159 7 0 0 0 0 0 0 0 0 0 0 0 0 0 0 0 0 0 7 0 0 0 
18174 12 0 0 0 0 0 0 0 0 0 0 0 0 0 0 0 0 0 12 0 0 0 
18189 7 0 0 0 0 0 0 0 0 0 0 0 0 0 0 0 0 0 7 0 0 0 
18204 6 0 0 0 0 0 0 0 0 0 0 0 0 0 0 0 0 0 6 0 0 0 
18219 13 0 0 0 0 0 0 0 0 0 0 0 0 0 0 0 0 0 13 0 0 0 
18234 2 0 0 0 0 0 0 0 0 0 0 0 0 0 0 0 0 0 2 0 0 0 
18249 4 0 0 0 0 0 0 0 0 0 0 0 0 0 0 0 0 0 4 0 0 0 
18279 5 0 0 0 0 0 0 0 0 0 0 0 0 0 0 0 0 0 5 0 0 0 
18294 4 0 0 0 0 0 0 0 0 0 0 0 0 0 0 0 0 0 4 0 0 0 
18309 3 0 0 0 0 0 0 0 0 0 0 0 0 0 0 0 0 0 3 0 0 0 
18340 2 0 0 0 0 0 0 0 0 0 0 0 0 0 0 0 0 0 3 0 2 0 
18354 6 0 0 0 0 0 0 0 0 0 0 0 0 0 0 0 0 0 6 0 2 0 
18355 3 0 0 0 0 0 0 0 0 0 0 0 0 0 0 0 0 0 6 0 3 0 
18369 4 0 0 0 0 0 0 0 0 0 0 0 0 0 0 0 0 0 4 0 3 0 
18370 35 0 0 0 0 0 0 0 0 0 0 0 0 0 0 0 0 0 4 0 35 0 
18385 4 0 0 0 0 0 0 0 0 0 0 0 0 0 0 0 0 0 4 0 4 0 
18399 0 0 0 0 0 0 0 0 0 0 0 0 0 0 0 0 0 0 0 0 4 0 
18430 2 0 0 0 0 0 0 0 0 0 0 0 0 0 0 0 0 0 0 0 2 0 
18445 0 1 0 0 0 0 0 0 0 0 0 0 0 0 0 0 0 0 0 0 0 1 
18452 4 0 0 0 4 0 0 0 0 0 0 0 0 0 0 0 0 0 0 0 0 1 
18460 0 0 0 0 4 0 0 0 0 0 0 0 0 0 0 0 0 0 0 0 0 0 
18467 3 0 0 0 3 0 0 0 0 0 0 0 0 0 0 0 0 0 0 0 0 0 
18482 4 0 0 0 4 0 0 0 0 0 0 0 0 0 0 0 0 0 0 0 0 0 
18490 0 1 0 0 4 0 0 0 0 0 0 0 0 0 0 0 0 0 0 0 0 1 
18505 0 0 0 0 4 0 0 0 0 0 0 0 0 0 0 0 0 0 0 0 0 0 
18527 3 0 0 0 3 0 0 0 0 0 0 0 0 0 0 0 0 0 0 0 0 0 
18542 4 0 0 0 4 0 0 0 0 0 0 0 0 0 0 0 0 0 0 0 0 0 
18572 0 0 0 0 0 0 0 0 0 0 0 0 0 0 0 0 0 0 0 0 0 0 
18862 7 0 0 0 0 0 0 0 0 0 0 0 0 0 7 0 0 0 0 0 0 0 
18877 6 0 0 0 0 0 0 0 0 0 0 0 0 0 6 0 0 0 0 0 0 0 
18892 14 0 0 0 0 0 0 0 0 0 0 0 0 0 14 0 0 0 0 0 0 0 
18907 1 0 0 0 0 0 0 0 0 0 0 0 0 0 1 0 0 0 0 0 0 0 
18922 9 0 0 0 0 0 0 0 0 0 0 0 0 0 9 0 0 0 0 0 0 0 
18937 12 0 0 0 0 0 0 0 0 0 0 0 0 0 12 0 0 0 0 0 0 0 
18952 7 0 0 0 0 0 0 0 0 0 0 0 0 0 7 0 0 0 0 0 0 0 
18967 2 0 0 0 0 0 0 0 0 0 0 0 0 0 2 0 0 0 0 0 0 0 
18982 4 0 0 0 0 0 0 0 0 0 0 0 0 0 4 0 0 0 0 0 0 0 
18997 6 0 0 0 0 0 0 0 0 0 0 0 0 0 6 0 0 0 0 0 0 0 
19012 4 0 0 0 0 0 0 0 0 0 0 0 0 0 4 0 0 0 0 0 0 0 
19042 1 0 0 0 0 0 0 0 0 0 0 0 0 0 1 0 0 0 0 0 0 0 
19057 4 0 0 0 0 0 0 0 0 0 0 0 0 0 4 0 0 0 0 0 0 0 
19087 5 0 0 0 0 0 0 0 0 0 0 0 0 0 5 0 0 0 0 0 0 0 
19102 6 0 0 0 0 0 0 0 0 0 0 0 0 0 6 0 0 0 0 0 0 0 
19117 0 0 0 0 0 0 0 0 0 0 0 0 0 0 0 0 0 0 0 0 0 0 
19313 9 0 0 0 0 0 0 0 0 0 0 0 0 0 0 0 9 0 0 0 0 0 
19328 12 0 0 0 0 0 0 0 0 0 0 0 0 0 0 0 12 0 0 0 0 0 
19343 7 0 0 0 0 0 0 0 0 0 0 0 0 0 0 0 7 0 0 0 0 0 
19358 0 0 0 0 0 0 0 0 0 0 0 0 0 0 0 0 0 0 0 0 0 0 
19373 7 0 0 0 0 0 0 0 0 0 0 0 0 0 0 0 7 0 0 0 0 0 
19388 6 0 0 0 0 0 0 0 0 0 0 0 0 0 0 0 6 0 0 0 0 0 
19403 13 0 0 0 0 0 0 0 0 0 0 0 0 0 0 0 13 0 0 0 0 0 
19418 3 0 0 0 0 0 0 0 0 0 0 0 0 0 0 0 3 0 0 0 0 0 
19433 4 0 0 0 0 0 0 0 0 0 0 0 0 0 0 0 4 0 0 0 0 0 
19463 5 0 0 0 0 0 0 0 0 0 0 0 0 0 0 0 5 0 0 0 0 0 
19478 4 0 0 0 0 0 0 0 0 0 0 0 0 0 0 0 4 0 0 0 0 0 
19493 3 0 0 0 0 0 0 0 0 0 0 0 0 0 0 0 3 0 0 0 0 0 
19538 6 0 0 0 0 0 0 0 0 0 0 0 0 0 0 0 6 0 0 0 0 0 
19553 4 0 0 0 0 0 0 0 0 0 0 0 0 0 0 0 4 0 0 0 0 0 
19583 0 0 0 0 0 0 0 0 0 0 0 0 0 0 0 0 0 0 0 0 0 0 
19912 1 0 0 0 0 0 0 0 0 0 0 0 0 0 1 0 0 0 0 0 0 0 
19927 3 0 0 0 0 0 0 0 0 0 0 0 0 0 3 0 0 0 0 0 0 0 
19942 15 0 0 0 0 0 0 0 0 0 0 0 0 0 15 0 0 0 0 0 0 0 
19957 4 0 0 0 0 0 0 0 0 0 0 0 0 0 4 0 0 0 0 0 0 0 
19972 5 0 0 0 0 0 0 0 0 0 0 0 0 0 5 0 0 0 0 0 0 0 
19987 2 0 0 0 0 0 0 0 0 0 0 0 0 0 2 0 0 0 0 0 0 0 
20002 0 0 0 0 0 0 0 0 0 0 0 0 0 0 0 0 0 0 0 0 0 0 
20702 2 0 0 0 2 0 0 0 0 0 0 0 0 0 0 0 0 0 0 0 0 0 
20717 4 0 0 0 4 0 0 0 0 0 0 0 0 0 0 0 0 0 0 0 0 0 
20732 71 0 0 0 71 0 0 0 0 0 0 0 0 0 0 0 0 0 0 0 0 0 
20747 4 0 0 0 4 0 0 0 0 0 0 0 0 0 0 0 0 0 0 0 0 0 
20777 2 0 0 0 2 0 0 0 0 0 0 0 0 0 0 0 0 0 0 0 0 0 
20792 0 0 0 0 0 0 0 0 0 0 0 0 0 0 0 0 0 0 0 0 0 0 
21094 -17 0 0 0 0 0 0 0 -17 0 0 0 0 0 0 0 0 0 0 0 0 0 
21124 -20 0 0 0 0 0 0 0 -20 0 0 0 0 0 0 0 0 0 0 0 0 0 
21129 2 0 0 0 0 0 0 0 -20 0 0 0 0 0 0 0 0 0 2 0 0 0 
21139 -14 0 0 0 0 0 0 0 -14 0 0 0 0 0 0 0 0 0 2 0 0 0 
21144 4 0 0 0 0 0 0 0 -14 0 0 0 0 0 0 0 0 0 4 0 0 0 
21154 -4 0 0 0 0 0 0 0 -4 0 0 0 0 0 0 0 0 0 4 0 0 0 
21159 3 0 0 0 0 0 0 0 -4 0 0 0 0 0 0 0 0 0 3 0 0 0 
21174 4 0 0 0 0 0 0 0 -4 0 0 0 0 0 0 0 0 0 4 0 0 0 
21199 -3 0 0 0 0 0 0 0 -3 0 0 0 0 0 0 0 0 0 4 0 0 0 
21201 9 0 0 0 0 0 0 0 -3 0 0 0 9 0 0 0 0 0 4 0 0 0 
21214 -4 0 0 0 0 0 0 0 -4 0 0 0 9 0 0 0 0 0 4 0 0 0 
21216 12 0 0 0 0 0 0 0 -4 0 0 0 12 0 0 0 0 0 4 0 0 0 
21219 18 0 0 0 0 0 0 0 -4 0 0 0 12 0 0 0 0 0 18 0 0 0 
21229 -7 0 0 0 0 0 0 0 -7 0 0 0 12 0 0 0 0 0 18 0 0 0 
21231 7 0 0 0 0 0 0 0 -7 0 0 0 7 0 0 0 0 0 18 0 0 0 
21234 4 0 0 0 0 0 0 0 -7 0 0 0 7 0 0 0 0 0 4 0 0 0 
21244 -4 0 0 0 0 0 0 0 -4 0 0 0 7 0 0 0 0 0 4 0 0 0 
21259 -6 0 0 0 0 0 0 0 -6 0 0 0 7 0 0 0 0 0 4 0 0 0 
21261 6 0 0 0 0 0 0 0 -6 0 0 0 6 0 0 0 0 0 4 0 0 0 
21274 -4 0 0 0 0 0 0 0 -4 0 0 0 6 0 0 0 0 0 4 0 0 0 
21276 14 0 0 0 0 0 0 0 -4 0 0 0 14 0 0 0 0 0 4 0 0 0 
21279 1 0 0 0 0 0 0 0 -4 0 0 0 14 0 0 0 0 0 1 0 0 0 
21306 4 0 0 0 0 0 0 0 -4 0 0 0 4 0 0 0 0 0 1 0 0 0 
21319 0.5 0 0 0 0 0 0 0 -3 0 0 0 4 0 0 0 0 0 4 0 0 0 
21321 5 0 0 0 0 0 0 0 -3 0 0 0 5 0 0 0 0 0 4 0 0 0 
21334 -4 0 0 0 0 0 0 0 -4 0 0 0 5 0 0 0 0 0 4 0 0 0 
21336 6 0 0 0 0 0 0 0 -4 0 0 0 6 0 0 0 0 0 4 0 0 0 
21339 3 0 0 0 0 0 0 0 -4 0 0 0 6 0 0 0 0 0 3 0 0 0 
21354 2.5 0 0 0 0 0 0 0 -4 0 0 0 3 0 0 0 0 0 2 0 0 0 
21369 1 0 0 0 0 0 0 0 -4 0 0 0 3 0 0 0 0 0 1 0 0 0 
21379 -3 0 0 0 0 0 0 0 -3 0 0 0 3 0 0 0 0 0 1 0 0 0 
21384 4 0 0 0 0 0 0 0 -3 0 0 0 3 0 0 0 0 0 4 0 0 0 
21394 -4 0 0 0 0 0 0 0 -4 0 0 0 3 0 0 0 0 0 4 0 0 0 
21396 4 0 0 0 0 0 0 0 -4 0 0 0 4 0 0 0 0 0 4 0 0 0 
21399 3 0 0 0 0 0 0 0 -4 0 0 0 4 0 0 0 0 0 3 0 0 0 
21409 -7 0 0 0 0 0 0 0 -7 0 0 0 4 0 0 0 0 0 3 0 0 0 
21411 5 0 0 0 0 0 0 0 -7 0 0 0 5 0 0 0 0 0 3 0 0 0 
21414 4 0 0 0 0 0 0 0 -7 0 0 0 5 0 0 0 0 0 4 0 0 0 
21424 -4 0 0 0 0 0 0 0 -4 0 0 0 5 0 0 0 0 0 4 0 0 0 
21426 4 0 0 0 0 0 0 0 -4 0 0 0 4 0 0 0 0 0 4 0 0 0 
21439 -6 0 0 0 0 0 0 0 -6 0 0 0 4 0 0 0 0 0 4 0 0 0 
21454 -4 0 0 0 0 0 0 0 -4 0 0 0 4 0 0 0 0 0 4 0 0 0 
21456 0 0 0 0 0 0 0 0 -4 0 0 0 0 0 0 0 0 0 4 0 0 0 
21459 3 0 0 0 0 0 0 0 -4 0 0 0 0 0 0 0 0 0 3 0 0 0 
21469 -1 0 0 0 0 0 0 0 -1 0 0 0 0 0 0 0 0 0 3 0 0 0 
21474 0 1 0 0 0 0 0 0 -1 0 0 0 0 0 0 0 0 0 0 1 0 0 
21484 0 0 0 0 0 0 0 0 0 0 0 0 0 0 0 0 0 0 0 1 0 0 
21693 6 0 0 0 0 0 12 0 0 0 0 0 0 0 0 0 0 0 0 0 0 0 
21723 9 0 0 0 0 0 9 0 0 0 0 0 0 0 0 0 0 0 0 0 0 0 
21738 1 0 0 0 0 0 1 0 0 0 0 0 0 0 0 0 0 0 0 0 0 0 
21753 0 0 0 0 0 0 0 0 0 0 0 0 0 0 0 0 0 0 0 0 0 0 
21921 3 0 0 0 0 0 0 0 0 0 0 0 3 0 0 0 0 0 0 0 0 0 
21936 4 0 0 0 0 0 0 0 0 0 0 0 4 0 0 0 0 0 0 0 0 0 
21951 3 0 0 0 0 0 0 0 0 0 0 0 3 0 0 0 0 0 0 0 0 0 
21966 4 0 0 0 0 0 0 0 0 0 0 0 4 0 0 0 0 0 0 0 0 0 
21981 2 0 0 0 0 0 0 0 0 0 0 0 2 0 0 0 0 0 0 0 0 0 
21996 0 0 0 0 0 0 0 0 0 0 0 0 0 0 0 0 0 0 0 0 0 0 
22161 2 0 0 0 0 0 0 0 0 0 0 0 2 0 0 0 0 0 0 0 0 0 
22176 4 0 0 0 0 0 0 0 0 0 0 0 4 0 0 0 0 0 0 0 0 0 
22191 3 0 0 0 0 0 0 0 0 0 0 0 3 0 0 0 0 0 0 0 0 0 
22206 4 0 0 0 0 0 0 0 0 0 0 0 4 0 0 0 0 0 0 0 0 0 
22251 0 0 0 0 0 0 0 0 0 0 0 0 0 0 0 0 0 0 0 0 0 0 
22476 1 0 0 0 0 0 0 0 0 0 0 0 1 0 0 0 0 0 0 0 0 0 
22491 3 0 0 0 0 0 0 0 0 0 0 0 3 0 0 0 0 0 0 0 0 0 
22506 4 0 0 0 0 0 0 0 0 0 0 0 4 0 0 0 0 0 0 0 0 0 
22551 0 2 0 0 0 0 0 0 0 0 0 0 0 2 0 0 0 0 0 0 0 0 
22566 0 0 0 0 0 0 0 0 0 0 0 0 0 0 0 0 0 0 0 0 0 0 
22744 6 0 0 0 0 0 0 0 6 0 0 0 0 0 0 0 0 0 0 0 0 0 
22759 3 0 0 0 0 0 0 0 3 0 0 0 0 0 0 0 0 0 0 0 0 0 
22774 12 0 0 0 0 0 0 0 12 0 0 0 0 0 0 0 0 0 0 0 0 0 
22789 7 0 0 0 0 0 0 0 7 0 0 0 0 0 0 0 0 0 0 0 0 0 
22804 8 0 0 0 0 0 0 0 8 0 0 0 0 0 0 0 0 0 0 0 0 0 
22819 5 0 0 0 0 0 0 0 5 0 0 0 0 0 0 0 0 0 0 0 0 0 
22834 14 0 0 0 0 0 0 0 14 0 0 0 0 0 0 0 0 0 0 0 0 0 
22849 2 0 0 0 0 0 0 0 2 0 0 0 0 0 0 0 0 0 0 0 0 0 
22864 4 0 0 0 0 0 0 0 4 0 0 0 0 0 0 0 0 0 0 0 0 0 
22879 3 0 0 0 0 0 0 0 3 0 0 0 0 0 0 0 0 0 0 0 0 0 
22894 6 0 0 0 0 0 0 0 6 0 0 0 0 0 0 0 0 0 0 0 0 0 
22924 0 0 0 0 0 0 0 0 0 0 0 0 0 0 0 0 0 0 0 0 0 0 
22939 3 0 0 0 0 0 0 0 3 0 0 0 0 0 0 0 0 0 0 0 0 0 
22954 4 0 0 0 0 0 0 0 4 0 0 0 0 0 0 0 0 0 0 0 0 0 
22969 6 0 0 0 0 0 0 0 6 0 0 0 0 0 0 0 0 0 0 0 0 0 
22984 4 0 0 0 0 0 0 0 4 0 0 0 0 0 0 0 0 0 0 0 0 0 
22999 3 0 0 0 0 0 0 0 3 0 0 0 0 0 0 0 0 0 0 0 0 0 
23014 0 0 0 0 0 0 0 0 0 0 0 0 0 0 0 0 0 0 0 0 0 0 
23305 6 0 0 0 0 0 0 0 0 0 0 0 0 0 0 0 0 0 0 0 6 0 
23320 4 0 0 0 0 0 0 0 0 0 0 0 0 0 0 0 0 0 0 0 4 0 
23335 11 0 0 0 0 0 0 0 0 0 0 0 0 0 0 0 0 0 0 0 11 0 
23350 7 0 0 0 0 0 0 0 0 0 0 0 0 0 0 0 0 0 0 0 7 0 
23365 8 0 0 0 0 0 0 0 0 0 0 0 0 0 0 0 0 0 0 0 8 0 
23395 11 0 0 0 0 0 0 0 0 0 0 0 0 0 0 0 0 0 0 0 11 0 
23410 2 0 0 0 0 0 0 0 0 0 0 0 0 0 0 0 0 0 0 0 2 0 
23425 4 0 0 0 0 0 0 0 0 0 0 0 0 0 0 0 0 0 0 0 4 0 
23455 5 0 0 0 0 0 0 0 0 0 0 0 0 0 0 0 0 0 0 0 5 0 
23470 6 0 0 0 0 0 0 0 0 0 0 0 0 0 0 0 0 0 0 0 6 0 
23485 0 0 0 0 0 0 0 0 0 0 0 0 0 0 0 0 0 0 0 0 0 0 
23500 4 0 0 0 0 0 0 0 0 0 0 0 0 0 0 0 0 0 0 0 4 0 
23515 3 0 0 0 0 0 0 0 0 0 0 0 0 0 0 0 0 0 0 0 3 0 
23530 6 0 0 0 0 0 0 0 0 0 0 0 0 0 0 0 0 0 0 0 6 0 
23545 4 0 0 0 0 0 0 0 0 0 0 0 0 0 0 0 0 0 0 0 4 0 
23560 3.5 0 0 0 0 0 0 0 0 0 0 0 0 0 0 0 4 0 0 0 3 0 
23573 15 0 0 0 0 0 0 0 0 0 0 0 0 0 0 0 15 0 0 0 3 0 
23575 0 0 0 0 0 0 0 0 0 0 0 0 0 0 0 0 15 0 0 0 0 0 
23588 4 0 0 0 0 0 0 0 0 0 0 0 0 0 0 0 4 0 0 0 0 0 
23603 3 0 0 0 0 0 0 0 0 0 0 0 0 0 0 0 3 0 0 0 0 0 
23618 4 0 0 0 0 0 0 0 0 0 0 0 0 0 0 0 4 0 0 0 0 0 
23663 3 0 0 0 0 0 0 0 0 0 0 0 0 0 0 0 3 0 0 0 0 0 
23678 1 0 0 0 0 0 0 0 0 0 0 0 0 0 0 0 1 0 0 0 0 0 
23693 0 0 0 0 0 0 0 0 0 0 0 0 0 0 0 0 0 0 0 0 0 0 
23708 3 0 0 0 0 0 0 0 0 0 0 0 0 0 0 0 3 0 0 0 0 0 
23738 5 0 0 0 0 0 0 0 0 0 0 0 0 0 0 0 5 0 0 0 0 0 
23753 4 0 0 0 0 0 0 0 0 0 0 0 0 0 0 0 4 0 0 0 0 0 
23813 2 0 0 0 0 0 0 0 0 0 0 0 0 0 0 0 2 0 0 0 0 0 
23828 0 0 0 0 0 0 0 0 0 0 0 0 0 0 0 0 0 0 0 0 0 0 
24023 1 0 0 0 0 0 0 0 0 0 0 0 0 0 0 0 1 0 0 0 0 0 
24038 4 0 0 0 0 0 0 0 0 0 0 0 0 0 0 0 4 0 0 0 0 0 
24083 3 0 0 0 0 0 0 0 0 0 0 0 0 0 0 0 3 0 0 0 0 0 
24098 5 0 0 0 0 0 0 0 0 0 0 0 0 0 0 0 5 0 0 0 0 0 
24113 4 0 0 0 0 0 0 0 0 0 0 0 0 0 0 0 4 0 0 0 0 0 
24128 3 0 0 0 0 0 0 0 0 0 0 0 0 0 0 0 3 0 0 0 0 0 
24143 0 1 0 0 0 0 0 0 0 0 0 0 0 0 0 0 0 1 0 0 0 0 
24158 0 0 0 0 0 0 0 0 0 0 0 0 0 0 0 0 0 0 0 0 0 0 
24188 0 3 0 0 0 0 0 0 0 0 0 0 0 0 0 0 0 3 0 0 0 0 
24203 0 0 0 0 0 0 0 0 0 0 0 0 0 0 0 0 0 0 0 0 0 0 
24392 3 0 0 0 3 0 0 0 0 0 0 0 0 0 0 0 0 0 0 0 0 0 
24422 4 0 0 0 4 0 0 0 0 0 0 0 0 0 0 0 0 0 0 0 0 0 
24467 3 0 0 0 3 0 0 0 0 0 0 0 0 0 0 0 0 0 0 0 0 0 
24482 4 0 0 0 4 0 0 0 0 0 0 0 0 0 0 0 0 0 0 0 0 0 
24512 5 0 0 0 5 0 0 0 0 0 0 0 0 0 0 0 0 0 0 0 0 0 
24527 3 0 0 0 3 0 0 0 0 0 0 0 0 0 0 0 0 0 0 0 0 0 
24542 4 0 0 0 4 0 0 0 0 0 0 0 0 0 0 0 0 0 0 0 0 0 
24572 3 0 0 0 3 0 0 0 0 0 0 0 0 0 0 0 0 0 0 0 0 0 
24587 0 1 0 0 0 1 0 0 0 0 0 0 0 0 0 0 0 0 0 0 0 0 
24602 0 0 0 0 0 0 0 0 0 0 0 0 0 0 0 0 0 0 0 0 0 0 
24632 0 4 0 0 0 4 0 0 0 0 0 0 0 0 0 0 0 0 0 0 0 0 
24647 0 0 0 0 0 0 0 0 0 0 0 0 0 0 0 0 0 0 0 0 0 0 
24664 1 0 0 0 0 0 0 0 1 0 0 0 0 0 0 0 0 0 0 0 0 0 
24679 3 0 0 0 0 0 0 0 3 0 0 0 0 0 0 0 0 0 0 0 0 0 
24694 4 0 0 0 0 0 0 0 4 0 0 0 0 0 0 0 0 0 0 0 0 0 
24709 20 0 0 0 0 0 0 0 20 0 0 0 0 0 0 0 0 0 0 0 0 0 
24724 4 0 0 0 0 0 0 0 4 0 0 0 0 0 0 0 0 0 0 0 0 0 
24739 3 0 0 0 0 0 0 0 3 0 0 0 0 0 0 0 0 0 0 0 0 0 
24769 0 0 0 0 0 0 0 0 0 0 0 0 0 0 0 0 0 0 0 0 0 0 
24889 4 0 0 0 0 0 0 0 4 0 0 0 0 0 0 0 0 0 0 0 0 0 
24919 3 0 0 0 0 0 0 0 3 0 0 0 0 0 0 0 0 0 0 0 0 0 
24934 4 0 0 0 0 0 0 0 4 0 0 0 0 0 0 0 0 0 0 0 0 0 
24964 18 0 0 0 0 0 0 0 18 0 0 0 0 0 0 0 0 0 0 0 0 0 
24979 0 0 0 0 0 0 0 0 0 0 0 0 0 0 0 0 0 0 0 0 0 0 
25045 1 0 0 0 0 0 0 0 0 0 0 0 0 0 0 0 0 0 0 0 1 0 
25060 4 0 0 0 0 0 0 0 0 0 0 0 0 0 0 0 0 0 0 0 4 0 
25075 3 0 0 0 0 0 0 0 0 0 0 0 0 0 0 0 0 0 0 0 3 0 
25090 4 0 0 0 0 0 0 0 0 0 0 0 0 0 0 0 0 0 0 0 4 0 
25105 39 0 0 0 0 0 0 0 0 0 0 0 0 0 0 0 0 0 0 0 39 0 
25120 4 0 0 0 0 0 0 0 0 0 0 0 0 0 0 0 0 0 0 0 4 0 
25135 0 0 0 0 0 0 0 0 0 0 0 0 0 0 0 0 0 0 0 0 0 0 
25846 4 0 4 0 0 0 0 0 0 0 0 0 0 0 0 0 0 0 0 0 0 0 
25861 10 0 10 0 0 0 0 0 0 0 0 0 0 0 0 0 0 0 0 0 0 0 
25876 7 0 7 0 0 0 0 0 0 0 0 0 0 0 0 0 0 0 0 0 0 0 
25906 0 0 0 0 0 0 0 0 0 0 0 0 0 0 0 0 0 0 0 0 0 0 
26209 3 0 0 0 0 0 0 0 3 0 0 0 0 0 0 0 0 0 0 0 0 0 
26224 4 0 0 0 0 0 0 0 4 0 0 0 0 0 0 0 0 0 0 0 0 0 
26239 3 0 0 0 0 0 0 0 3 0 0 0 0 0 0 0 0 0 0 0 0 0 
26254 4 0 0 0 0 0 0 0 4 0 0 0 0 0 0 0 0 0 0 0 0 0 
26299 3 0 0 0 0 0 0 0 3 0 0 0 0 0 0 0 0 0 0 0 0 0 
26314 0 1 0 0 0 0 0 0 0 1 0 0 0 0 0 0 0 0 0 0 0 0 
26329 0 0 0 0 0 0 0 0 0 0 0 0 0 0 0 0 0 0 0 0 0 0 
26359 0 1 0 0 0 0 0 0 0 1 0 0 0 0 0 0 0 0 0 0 0 0 
26374 0 0 0 0 0 0 0 0 0 0 0 0 0 0 0 0 0 0 0 0 0 0 
