# deltaRoadVehicles deltaRailways
10 0 0 0 0 0 0 0 0 0 0 0 0 0 0 0 0 0 0 0 0 0 0 
123 0 8 0 0 0 0 0 8 0 0 0 0 0 0 0 0 0 0 0 0 0 0 
124 0 9 0 0 0 0 0 8 0 9 0 0 0 0 0 0 0 0 0 0 0 0 
125 0 8 0 0 0 0 0 8 0 9 0 8 0 0 0 0 0 0 0 0 0 0 
128 0 8.33333 0 0 0 0 0 8 0 9 0 8 0 8 0 8 0 9 0 0 0 0 
130 0 8 0 0 0 0 0 8 0 9 0 8 0 8 0 8 0 9 0 0 0 8 
136 0 7 0 7 0 0 0 8 0 9 0 8 0 8 0 8 0 9 0 0 0 8 
153 0 8.66667 0 7 0 0 0 12 0 7 0 8 0 8 0 8 0 7 0 0 0 8 
154 0 12 0 7 0 0 0 12 0 12 0 8 0 8 0 8 0 7 0 0 0 8 
155 0 11 0 7 0 0 0 12 0 12 0 11 0 8 0 8 0 7 0 0 0 8 
156 0 12 0 7 0 0 0 12 0 12 0 11 0 12 0 8 0 7 0 0 0 8 
168 0 10.75 0 7 0 0 0 7 0 12 0 11 0 12 0 12 0 12 0 0 0 12 
169 0 7 0 7 0 0 0 7 0 7 0 11 0 12 0 12 0 12 0 0 0 12 
171 0 6.5 0 7 0 0 0 7 0 7 0 7 0 6 0 12 0 12 0 0 0 12 
172 0 7 0 7 0 0 0 7 0 7 0 7 0 6 0 7 0 12 0 0 0 12 
175 0 6.5 0 7 0 0 0 7 0 7 0 7 0 6 0 7 0 7 0 0 0 6 
183 0 3 0 7 0 0 0 3 0 7 0 7 0 6 0 7 0 7 0 0 0 6 
184 0 6 0 7 0 0 0 3 0 6 0 7 0 6 0 7 0 7 0 0 0 6 
185 0 4 0 7 0 0 0 3 0 6 0 4 0 6 0 7 0 7 0 0 0 6 
188 0 4.66667 0 7 0 0 0 3 0 6 0 4 0 4 0 4 0 6 0 0 0 6 
190 0 4 0 7 0 0 0 3 0 6 0 4 0 4 0 4 0 6 0 0 0 4 
196 0 0 0 0 0 0 0 3 0 6 0 4 0 4 0 4 0 6 0 0 0 4 
198 0 16 0 0 0 0 0 16 0 6 0 4 0 4 0 4 0 6 0 0 0 4 
199 0 13 0 0 0 0 0 16 0 13 0 4 0 4 0 4 0 6 0 0 0 4 
200 0 16 0 0 0 0 0 16 0 13 0 16 0 4 0 4 0 6 0 0 0 4 
203 0 15 0 0 0 0 0 16 0 13 0 16 0 16 0 16 0 13 0 0 0 4 
205 0 16 0 0 0 0 0 16 0 13 0 16 0 16 0 16 0 13 0 0 0 16 
213 0 2 0 0 0 0 0 2 0 13 0 16 0 16 0 16 0 13 0 0 0 16 
228 0 2.14286 0 0 0 0 0 3 0 2 0 2 0 2 0 2 0 2 0 0 0 2 
229 0 4 0 0 0 0 0 3 0 4 0 2 0 2 0 2 0 2 0 0 0 2 
230 0 3 0 0 0 0 0 3 0 4 0 3 0 2 0 2 0 2 0 0 0 2 
232 0 3.5 0 0 0 0 0 3 0 4 0 3 0 3 0 4 0 2 0 0 0 2 
233 0 4 0 0 0 0 0 3 0 4 0 3 0 3 0 4 0 4 0 0 0 2 
235 0 3 0 0 0 0 0 3 0 4 0 3 0 3 0 4 0 4 0 0 0 3 
245 0 4 0 0 0 0 0 3 0 4 0 4 0 3 0 4 0 4 0 0 0 3 
247 0 3.5 0 0 0 0 0 3 0 4 0 4 0 4 0 3 0 4 0 0 0 3 
250 0 4 0 0 0 0 0 3 0 4 0 4 0 4 0 3 0 4 0 0 0 4 
258 0 6 0 0 0 0 0 6 0 4 0 4 0 4 0 3 0 4 0 0 0 4 
259 0 5 0 0 0 0 0 6 0 5 0 4 0 4 0 3 0 4 0 0 0 4 
260 0 6 0 0 0 0 0 6 0 5 0 6 0 4 0 3 0 4 0 0 0 4 
263 0 5.66667 0 0 0 0 0 6 0 5 0 6 0 6 0 6 0 5 0 0 0 4 
265 0 6 0 0 0 0 0 6 0 5 0 6 0 6 0 6 0 5 0 0 0 6 
273 0 4 0 0 0 0 0 4 0 5 0 6 0 6 0 6 0 5 0 0 0 6 
275 0 3.5 0 0 0 0 0 4 0 4 0 3 0 6 0 6 0 5 0 0 0 6 
276 0 4 0 0 0 0 0 4 0 4 0 3 0 4 0 6 0 5 0 0 0 6 
289 0 3.66667 0 0 0 0 0 4 0 3 0 3 0 4 0 4 0 5 0 0 0 4 
290 0 4 0 0 0 0 0 4 0 3 0 4 0 4 0 4 0 5 0 0 0 4 
291 0 3 0 0 0 0 0 4 0 3 0 4 0 3 0 4 0 5 0 0 0 4 
303 0 2.5 0 0 0 0 0 1 0 3 0 4 0 3 0 3 0 3 0 0 0 3 
305 0 2 0 0 0 0 0 1 0 3 0 2 0 3 0 3 0 3 0 0 0 3 
318 0 2.5 0 0 0 0 0 4 0 3 0 2 0 2 0 2 0 3 0 0 0 2 
320 0 4 0 0 0 0 0 4 0 3 0 4 0 2 0 2 0 3 0 0 0 2 
334 0 4.5 0 0 0 0 0 4 0 6 0 4 0 4 0 4 0 3 0 0 0 4 
335 0 3 0 0 0 0 0 4 0 6 0 3 0 4 0 4 0 3 0 0 0 4 
336 0 6 0 0 0 0 0 4 0 6 0 3 0 6 0 4 0 3 0 0 0 4 
349 0 5.6 0 0 0 0 0 6 0 4 0 3 0 6 0 6 0 6 0 0 0 6 
350 0 6 0 0 0 0 0 6 0 4 0 6 0 6 0 6 0 6 0 0 0 6 
351 0 3 0 0 0 0 0 6 0 4 0 6 0 3 0 6 0 6 0 0 0 6 
352 0 4 0 0 0 0 0 6 0 4 0 6 0 3 0 4 0 6 0 0 0 6 
355 0 3.5 0 0 0 0 0 6 0 4 0 6 0 3 0 4 0 4 0 0 0 3 
363 0 5 0 0 0 0 0 5 0 4 0 6 0 3 0 4 0 4 0 0 0 3 
378 0 3.75 0 0 0 0 0 0 0 4 0 5 0 5 0 4 0 4 0 0 0 5 
379 0 0 0 0 0 0 0 0 0 0 0 5 0 5 0 4 0 4 0 0 0 5 
440 0 0.2 0 0 0 0 0 0 0 0 0 1 0 0 0 0 0 0 0 0 0 0 
455 0 3 0 0 0 0 0 0 0 0 0 3 0 0 0 0 0 0 0 0 0 0 
460 0 2 0 0 0 0 0 0 0 0 0 3 0 0 0 0 0 0 0 0 0 2 
470 0 4 0 0 0 0 0 0 0 0 0 4 0 0 0 0 0 0 0 0 0 2 
475 0 3 0 0 0 0 0 0 0 0 0 4 0 0 0 0 0 0 0 0 0 3 
490 0 4 0 0 0 0 0 0 0 0 0 4 0 0 0 0 0 0 0 0 0 4 
502 0 2 0 0 0 0 0 0 0 0 0 4 0 0 0 2 0 0 0 0 0 4 
515 0 3 0 0 0 0 0 0 0 0 0 3 0 0 0 2 0 0 0 0 0 4 
517 0 4 0 0 0 0 0 0 0 0 0 3 0 0 0 4 0 0 0 0 0 4 
520 0 43 0 0 0 0 0 0 0 0 0 3 0 0 0 4 0 0 0 0 0 43 
530 0 4 0 0 0 0 0 0 0 0 0 4 0 0 0 4 0 0 0 0 0 43 
535 0 2 0 0 0 0 0 0 0 0 0 4 0 0 0 4 0 0 0 0 0 2 
542 0 6 0 0 0 6 0 0 0 0 0 4 0 0 0 4 0 0 0 0 0 2 
547 0 3 0 0 0 6 0 0 0 0 0 4 0 0 0 3 0 0 0 0 0 2 
550 0 0 0 0 0 6 0 0 0 0 0 4 0 0 0 3 0 0 0 0 0 0 
557 0 4 0 0 0 4 0 0 0 0 0 4 0 0 0 3 0 0 0 0 0 0 
560 0 0 0 0 0 4 0 0 0 0 0 0 0 0 0 3 0 0 0 0 0 0 
562 0 -16 0 0 0 4 0 0 0 0 0 0 0 0 0 -16 0 0 0 0 0 0 
572 0 16 0 0 0 16 0 0 0 0 0 0 0 0 0 -16 0 0 0 0 0 0 
576 0 2 0 0 0 16 0 0 0 0 0 0 0 2 0 -16 0 0 0 0 0 0 
577 0 -12 0 0 0 16 0 0 0 0 0 0 0 2 0 -12 0 0 0 0 0 0 
587 0 3 0 0 0 3 0 0 0 0 0 0 0 2 0 -12 0 0 0 0 0 0 
592 0 -7 0 0 0 3 0 0 0 0 0 0 0 3 0 -17 0 0 0 0 0 0 
602 0 8 0 0 0 8 0 0 0 0 0 0 0 3 0 -17 0 0 0 0 0 0 
606 0 5 0 0 0 8 0 0 0 0 0 0 0 5 0 -17 0 0 0 0 0 0 
607 0 -11 0 0 0 8 0 0 0 0 0 0 0 5 0 -11 0 0 0 0 0 0 
621 0 4 0 0 0 8 0 0 0 0 0 0 0 4 0 -11 0 0 0 0 0 0 
622 0 -4 0 0 0 8 0 0 0 0 0 0 0 4 0 -4 0 0 0 0 0 0 
632 0 12 0 0 0 12 0 0 0 0 0 0 0 4 0 -4 0 0 0 0 0 0 
647 0 1 0 0 0 1 0 0 0 0 0 0 0 4 0 -4 0 0 0 0 0 0 
651 0 3 0 0 0 1 0 0 0 0 0 0 0 3 0 -4 0 0 0 0 0 0 
662 0 4 0 0 0 4 0 0 0 0 0 0 0 3 0 -4 0 0 0 0 0 0 
667 0 -1 0 0 0 4 0 0 0 0 0 0 0 4 0 -6 0 0 0 0 0 0 
678 0 4 0 0 0 4 0 4 0 0 0 0 0 4 0 -6 0 0 0 0 0 0 
681 0 2 0 0 0 4 0 4 0 0 0 0 0 2 0 -6 0 0 0 0 0 0 
682 0 -4 0 0 0 4 0 4 0 0 0 0 0 2 0 -4 0 0 0 0 0 0 
692 0 6 0 0 0 6 0 4 0 0 0 0 0 2 0 -4 0 0 0 0 0 0 
696 0 0 0 0 0 6 0 4 0 0 0 0 0 0 0 -4 0 0 0 0 0 0 
697 0 -7 0 0 0 6 0 4 0 0 0 0 0 0 0 -7 0 0 0 0 0 0 
707 0 5 0 0 0 5 0 4 0 0 0 0 0 0 0 -7 0 0 0 0 0 0 
712 0 -3 0 0 0 5 0 4 0 0 0 0 0 0 0 -3 0 0 0 0 0 0 
722 0 0 0 0 0 0 0 4 0 0 0 0 0 0 0 -3 0 0 0 0 0 0 
723 0 3 0 0 0 0 0 3 0 0 0 0 0 0 0 -3 0 0 0 0 0 0 
727 0 -6 0 0 0 0 0 3 0 0 0 0 0 0 0 -6 0 0 0 0 0 0 
737 0 5 0 0 0 5 0 3 0 0 0 0 0 0 0 -6 0 0 0 0 0 0 
738 0 4 0 0 0 5 0 4 0 0 0 0 0 0 0 -6 0 0 0 0 0 0 
742 0 -4 0 0 0 5 0 4 0 0 0 0 0 0 0 -4 0 0 0 0 0 0 
752 0 4 0 0 0 4 0 4 0 0 0 0 0 0 0 -4 0 0 0 0 0 0 
757 0 -7 0 0 0 4 0 4 0 0 0 0 0 0 0 -7 0 0 0 0 0 0 
767 0 5 0 0 0 5 0 4 0 0 0 0 0 0 0 -7 0 0 0 0 0 0 
768 0 1 0 0 0 5 0 1 0 0 0 0 0 0 0 -7 0 0 0 0 0 0 
772 0 -4 0 0 0 5 0 1 0 0 0 0 0 0 0 -4 0 0 0 0 0 0 
782 0 4 0 0 0 4 0 1 0 0 0 0 0 0 0 -4 0 0 0 0 0 0 
783 0 0 0 0 0 4 0 0 0 0 0 0 0 0 0 -4 0 0 0 0 0 0 
797 0 1.5 0 0 0 3 0 0 0 0 0 0 0 0 0 0 0 0 0 0 0 0 
812 0 0 0 0 0 0 0 0 0 0 0 0 0 0 0 0 0 0 0 0 0 0 
863 0 2 0 0 0 0 0 0 0 0 0 0 0 0 0 0 0 2 0 0 0 0 
878 0 19 0 0 0 0 0 0 0 0 0 0 0 0 0 0 0 19 0 0 0 0 
893 0 4 0 0 0 0 0 0 0 0 0 0 0 0 0 0 0 4 0 0 0 0 
908 0 1 0 0 0 0 0 0 0 0 0 0 0 0 0 0 0 1 0 0 0 0 
923 0 0 0 0 0 0 0 0 0 0 0 0 0 0 0 0 0 0 0 0 0 0 
1082 0 3 0 0 0 3 0 0 0 0 0 0 0 0 0 0 0 0 0 0 0 0 
1097 0 5 0 0 0 5 0 0 0 0 0 0 0 0 0 0 0 0 0 0 0 0 
1112 0 4 0 0 0 4 0 0 0 0 0 0 0 0 0 0 0 0 0 0 0 0 
1157 0 1 0 0 0 1 0 0 0 0 0 0 0 0 0 0 0 0 0 0 0 0 
1172 0 0 0 0 0 0 0 0 0 0 0 0 0 0 0 0 0 0 0 0 0 0 
1192 0 7 0 0 0 0 0 0 0 0 0 0 0 0 0 7 0 0 0 0 0 0 
1207 0 3 0 0 0 0 0 0 0 0 0 0 0 0 0 3 0 0 0 0 0 0 
1222 0 16 0 0 0 0 0 0 0 0 0 0 0 0 0 16 0 0 0 0 0 0 
1237 0 2 0 0 0 0 0 0 0 0 0 0 0 0 0 2 0 0 0 0 0 0 
1252 0 9 0 0 0 0 0 0 0 0 0 0 0 0 0 9 0 0 0 0 0 0 
1267 0 7 0 0 0 0 0 0 0 0 0 0 0 0 0 7 0 0 0 0 0 0 
1282 0 12 0 0 0 0 0 0 0 0 0 0 0 0 0 12 0 0 0 0 0 0 
1291 0 1 0 1 0 0 0 0 0 0 0 0 0 0 0 12 0 0 0 0 0 0 
1297 0 2 0 1 0 0 0 0 0 0 0 0 0 0 0 2 0 0 0 0 0 0 
1306 0 4 0 4 0 0 0 0 0 0 0 0 0 0 0 2 0 0 0 0 0 0 
1327 0 3 0 4 0 0 0 0 0 0 0 0 0 0 0 3 0 0 0 0 0 0 
1342 0 6 0 4 0 0 0 0 0 0 0 0 0 0 0 6 0 0 0 0 0 0 
1351 0 3 0 3 0 0 0 0 0 0 0 0 0 0 0 6 0 0 0 0 0 0 
1357 0 5 0 3 0 0 0 0 0 0 0 0 0 0 0 5 0 0 0 0 0 0 
1366 0 4 0 4 0 0 0 0 0 0 0 0 0 0 0 5 0 0 0 0 0 0 
1372 0 1 0 4 0 0 0 0 0 0 0 0 0 0 0 1 0 0 0 0 0 0 
1387 0 3 0 4 0 0 0 0 0 0 0 0 0 0 0 3 0 0 0 0 0 0 
1396 0 5 0 5 0 0 0 0 0 0 0 0 0 0 0 3 0 0 0 0 0 0 
1411 0 4 0 3 0 0 0 0 0 0 0 0 0 0 0 5 0 0 0 0 0 0 
1417 0 6 0 3 0 0 0 0 0 0 0 0 0 0 0 6 0 0 0 0 0 0 
1426 0 4 0 4 0 0 0 0 0 0 0 0 0 0 0 6 0 0 0 0 0 0 
1435 0 2 0 4 0 0 0 0 0 0 0 0 0 0 0 6 0 0 0 0 0 2 
1447 0 0 0 4 0 0 0 0 0 0 0 0 0 0 0 0 0 0 0 0 0 2 
1450 0 4 0 4 0 0 0 0 0 0 0 0 0 0 0 0 0 0 0 0 0 4 
1465 0 15 0 4 0 0 0 0 0 0 0 0 0 0 0 0 0 0 0 0 0 15 
1471 0 3 0 3 0 0 0 0 0 0 0 0 0 0 0 0 0 0 0 0 0 15 
1480 0 4 0 3 0 0 0 0 0 0 0 0 0 0 0 0 0 0 0 0 0 4 
1495 0 3.5 0 4 0 0 0 0 0 0 0 0 0 0 0 0 0 0 0 0 0 3 
1510 0 4 0 4 0 0 0 0 0 0 0 0 0 0 0 0 0 0 0 0 0 4 
1516 0 0 0 0 0 0 0 0 0 0 0 0 0 0 0 0 0 0 0 0 0 4 
1525 0 3 0 0 0 0 0 0 0 0 0 0 0 0 0 0 0 0 0 0 0 3 
1540 0 0 0 0 0 0 0 0 0 0 0 0 0 0 0 0 0 0 0 0 0 0 
1881 0 14 0 0 0 0 0 0 0 0 0 0 0 14 0 0 0 0 0 0 0 0 
1896 0 4 0 0 0 0 0 0 0 0 0 0 0 4 0 0 0 0 0 0 0 0 
1911 0 3 0 0 0 0 0 0 0 0 0 0 0 3 0 0 0 0 0 0 0 0 
1926 0 4 0 0 0 0 0 0 0 0 0 0 0 4 0 0 0 0 0 0 0 0 
1941 0 15 0 0 0 0 0 0 0 0 0 0 0 15 0 0 0 0 0 0 0 0 
1956 0 1 0 0 0 0 0 0 0 0 0 0 0 1 0 0 0 0 0 0 0 0 
1971 0 0 0 0 0 0 0 0 0 0 0 0 0 0 0 0 0 0 0 0 0 0 
2075 0 1 0 0 0 0 0 0 0 0 0 1 0 0 0 0 0 0 0 0 0 0 
2090 0 4 0 0 0 0 0 0 0 0 0 4 0 0 0 0 0 0 0 0 0 0 
2104 0 15 0 0 0 0 0 0 0 15 0 4 0 0 0 0 0 0 0 0 0 0 
2119 0 9 0 0 0 0 0 0 0 3 0 15 0 0 0 0 0 0 0 0 0 0 
2120 0 5 0 0 0 0 0 0 0 3 0 5 0 0 0 0 0 0 0 0 0 0 
2134 0 4 0 0 0 0 0 0 0 4 0 5 0 0 0 0 0 0 0 0 0 0 
2135 0 3 0 0 0 0 0 0 0 4 0 3 0 0 0 0 0 0 0 0 0 0 
2136 0 2 0 0 0 0 0 0 0 4 0 3 0 2 0 0 0 0 0 0 0 0 
2150 0 4 0 0 0 0 0 0 0 4 0 4 0 2 0 0 0 0 0 0 0 0 
2151 0 3 0 0 0 0 0 0 0 4 0 4 0 3 0 0 0 0 0 0 0 0 
2166 0 4 0 0 0 0 0 0 0 4 0 4 0 4 0 0 0 0 0 0 0 0 
2179 0 3 0 0 0 0 0 0 0 3 0 4 0 4 0 0 0 0 0 0 0 0 
2180 0 2 0 0 0 0 0 0 0 3 0 2 0 4 0 0 0 0 0 0 0 0 
2181 0 19 0 0 0 0 0 0 0 3 0 2 0 19 0 0 0 0 0 0 0 0 
2194 0 1 0 0 0 0 0 0 0 1 0 2 0 19 0 0 0 0 0 0 0 0 
2195 0 0 0 0 0 0 0 0 0 1 0 0 0 19 0 0 0 0 0 0 0 0 
2196 0 4 0 0 0 0 0 0 0 1 0 0 0 4 0 0 0 0 0 0 0 0 
2209 0 0 0 0 0 0 0 0 0 0 0 0 0 4 0 0 0 0 0 0 0 0 
2211 0 1 0 0 0 0 0 0 0 0 0 0 0 1 0 0 0 0 0 0 0 0 
2225 0 4 0 0 0 0 0 0 0 0 0 4 0 1 0 0 0 0 0 0 0 0 
2226 0 0 0 0 0 0 0 0 0 0 0 4 0 0 0 0 0 0 0 0 0 0 
2255 0 3 0 0 0 0 0 0 0 0 0 3 0 0 0 0 0 0 0 0 0 0 
2270 0 4 0 0 0 0 0 0 0 0 0 4 0 0 0 0 0 0 0 0 0 0 
2315 0 3 0 0 0 0 0 0 0 0 0 3 0 0 0 0 0 0 0 0 0 0 
2345 0 0 0 0 0 0 0 0 0 0 0 0 0 0 0 0 0 0 0 0 0 0 
2634 1 0 0 0 0 0 0 0 0 0 0 0 0 0 0 0 0 0 1 0 0 0 
2649 4 0 0 0 0 0 0 0 0 0 0 0 0 0 0 0 0 0 4 0 0 0 
2664 2 0 0 0 0 0 0 0 0 0 0 0 0 0 0 0 0 0 2 0 0 0 
2679 0 0 0 0 0 0 0 0 0 0 0 0 0 0 0 0 0 0 0 0 0 0 
2707 0 3 0 0 0 0 0 0 0 0 0 0 0 0 0 3 0 0 0 0 0 0 
2722 0 4 0 0 0 0 0 0 0 0 0 0 0 0 0 4 0 0 0 0 0 0 
2767 0 3 0 0 0 0 0 0 0 0 0 0 0 0 0 3 0 0 0 0 0 0 
2782 0 4 0 0 0 0 0 0 0 0 0 0 0 0 0 4 0 0 0 0 0 0 
2827 0 3 0 0 0 0 0 0 0 0 0 0 0 0 0 3 0 0 0 0 0 0 
2842 0 5 0 0 0 0 0 0 0 0 0 0 0 0 0 5 0 0 0 0 0 0 
2857 0 0 0 0 0 0 0 0 0 0 0 0 0 0 0 0 0 0 0 0 0 0 
2995 0 1 0 0 0 0 0 0 0 0 0 0 0 0 0 0 0 0 0 0 0 1 
3010 0 4 0 0 0 0 0 0 0 0 0 0 0 0 0 0 0 0 0 0 0 4 
3025 0 5 0 0 0 0 0 0 0 0 0 0 0 0 0 0 0 0 0 0 0 5 
3040 0 4 0 0 0 0 0 0 0 0 0 0 0 0 0 0 0 0 0 0 0 4 
3055 0 3 0 0 0 0 0 0 0 0 0 0 0 0 0 0 0 0 0 0 0 3 
3070 0 3.5 0 0 0 3 0 0 0 0 0 0 0 0 0 0 0 0 0 0 0 4 
3077 0 4 0 0 0 4 0 0 0 0 0 0 0 0 0 0 0 0 0 0 0 4 
3107 0 3 0 0 0 3 0 0 0 0 0 0 0 0 0 0 0 0 0 0 0 4 
3122 0 29 0 0 0 55 0 0 0 0 0 0 0 0 0 0 0 0 0 0 0 3 
3130 0 4 0 0 0 55 0 0 0 0 0 0 0 0 0 0 0 0 0 0 0 4 
3137 0 2 0 0 0 2 0 0 0 0 0 0 0 0 0 0 0 0 0 0 0 4 
3152 0 0 0 0 0 0 0 0 0 0 0 0 0 0 0 0 0 0 0 0 0 4 
3160 0 5 0 0 0 0 0 0 0 0 0 0 0 0 0 0 0 0 0 0 0 5 
3175 0 3 0 0 0 0 0 0 0 0 0 0 0 0 0 0 0 0 0 0 0 3 
3205 0 0 0 0 0 0 0 0 0 0 0 0 0 0 0 0 0 0 0 0 0 0 
3682 0 2 0 0 0 0 0 0 0 0 0 0 0 0 0 2 0 0 0 0 0 0 
3697 0 4 0 0 0 0 0 0 0 0 0 0 0 0 0 4 0 0 0 0 0 0 
3727 0 3 0 0 0 0 0 0 0 0 0 0 0 0 0 3 0 0 0 0 0 0 
3742 0 4 0 0 0 0 0 0 0 0 0 0 0 0 0 4 0 0 0 0 0 0 
3757 0 15 0 0 0 0 0 0 0 0 0 0 0 0 0 15 0 0 0 0 0 0 
3772 0 4 0 0 0 0 0 0 0 0 0 0 0 0 0 4 0 0 0 0 0 0 
3787 0 0 0 0 0 0 0 0 0 0 0 0 0 0 0 0 0 0 0 0 0 0 
4204 0 1 0 0 0 0 0 0 0 1 0 0 0 0 0 0 0 0 0 0 0 0 
4219 0 2 0 0 0 1 0 0 0 3 0 0 0 0 0 0 0 0 0 0 0 0 
4232 0 4 0 0 0 4 0 0 0 3 0 0 0 0 0 0 0 0 0 0 0 0 
4247 0 3.5 0 0 0 3 0 0 0 4 0 0 0 0 0 0 0 0 0 0 0 0 
4262 0 43 0 0 0 43 0 0 0 4 0 0 0 0 0 0 0 0 0 0 0 0 
4277 0 4 0 0 0 4 0 0 0 4 0 0 0 0 0 0 0 0 0 0 0 0 
4279 0 3 0 0 0 4 0 0 0 3 0 0 0 0 0 0 0 0 0 0 0 0 
4292 0 0 0 0 0 0 0 0 0 3 0 0 0 0 0 0 0 0 0 0 0 0 
4294 0 4 0 0 0 0 0 0 0 4 0 0 0 0 0 0 0 0 0 0 0 0 
4339 0 0 0 0 0 0 0 0 0 0 0 0 0 0 0 0 0 0 0 0 0 0 
4372 0 3 0 0 0 0 0 0 0 0 0 0 0 0 0 3 0 0 0 0 0 0 
4402 0 4 0 0 0 0 0 0 0 0 0 0 0 0 0 4 0 0 0 0 0 0 
4447 0 14 0 0 0 0 0 0 0 0 0 0 0 0 0 14 0 0 0 0 0 0 
4462 0 5 0 0 0 0 0 0 0 0 0 0 0 0 0 5 0 0 0 0 0 0 
4477 0 0 0 0 0 0 0 0 0 0 0 0 0 0 0 0 0 0 0 0 0 0 
5043 0 3 0 0 0 0 0 3 0 0 0 0 0 0 0 0 0 0 0 0 0 0 
5058 0 83 0 0 0 0 0 83 0 0 0 0 0 0 0 0 0 0 0 0 0 0 
5073 0 4 0 0 0 0 0 4 0 0 0 0 0 0 0 0 0 0 0 0 0 0 
5103 0 3 0 0 0 0 0 3 0 0 0 0 0 0 0 0 0 0 0 0 0 0 
5118 0 0 0 0 0 0 0 0 0 0 0 0 0 0 0 0 0 0 0 0 0 0 
5963 0 3 0 0 0 0 0 0 0 0 0 0 0 0 0 0 0 3 0 0 0 0 
5978 0 4 0 0 0 0 0 0 0 0 0 0 0 0 0 0 0 4 0 0 0 0 
6023 0 3 0 0 0 0 0 0 0 0 0 0 0 0 0 0 0 3 0 0 0 0 
6038 0 4 0 0 0 0 0 0 0 0 0 0 0 0 0 0 0 4 0 0 0 0 
6053 0 5 0 0 0 0 0 0 0 0 0 0 0 0 0 0 0 5 0 0 0 0 
6068 0 15 0 0 0 0 0 0 0 0 0 0 0 0 0 0 0 15 0 0 0 0 
6083 0 3 0 0 0 0 0 0 0 0 0 0 0 0 0 0 0 3 0 0 0 0 
6098 0 1 0 0 0 0 0 0 0 0 0 0 0 0 0 0 0 1 0 0 0 0 
6113 0 0 0 0 0 0 0 0 0 0 0 0 0 0 0 0 0 0 0 0 0 0 
6158 0 3 0 0 0 0 0 0 0 0 0 0 0 0 0 0 0 3 0 0 0 0 
6173 0 4 0 0 0 0 0 0 0 0 0 0 0 0 0 0 0 4 0 0 0 0 
6188 0 1 0 0 0 0 0 0 0 0 0 0 0 0 0 0 0 1 0 0 0 0 
6203 0 0 0 0 0 0 0 0 0 0 0 0 0 0 0 0 0 0 0 0 0 0 
6243 0 2 0 0 0 0 0 2 0 0 0 0 0 0 0 0 0 0 0 0 0 0 
6258 0 4 0 0 0 0 0 4 0 0 0 0 0 0 0 0 0 0 0 0 0 0 
6303 0 26 0 0 0 0 0 26 0 0 0 0 0 0 0 0 0 0 0 0 0 0 
6318 0 4 0 0 0 0 0 4 0 0 0 0 0 0 0 0 0 0 0 0 0 0 
6333 0 3 0 0 0 0 0 3 0 0 0 0 0 0 0 0 0 0 0 0 0 0 
6348 0 0 0 0 0 0 0 0 0 0 0 0 0 0 0 0 0 0 0 0 0 0 
7086 0 8 0 0 0 0 0 0 0 0 0 0 0 8 0 0 0 0 0 0 0 0 
7116 0 12 0 0 0 0 0 0 0 0 0 0 0 12 0 0 0 0 0 0 0 0 
7131 0 6 0 0 0 0 0 0 0 0 0 0 0 6 0 0 0 0 0 0 0 0 
7146 0 4 0 0 0 0 0 0 0 0 0 0 0 4 0 0 0 0 0 0 0 0 
7161 0 16 0 0 0 0 0 0 0 0 0 0 0 16 0 0 0 0 0 0 0 0 
7176 0 2 0 0 0 0 0 0 0 0 0 0 0 2 0 0 0 0 0 0 0 0 
7191 0 4 0 0 0 0 0 0 0 0 0 0 0 4 0 0 0 0 0 0 0 0 
7221 0 6 0 0 0 0 0 0 0 0 0 0 0 6 0 0 0 0 0 0 0 0 
7236 0 4 0 0 0 0 0 0 0 0 0 0 0 4 0 0 0 0 0 0 0 0 
7251 0 3 0 0 0 0 0 0 0 0 0 0 0 3 0 0 0 0 0 0 0 0 
7266 0 2 0 0 0 0 0 0 0 0 0 0 0 2 0 0 0 0 0 0 0 0 
7281 0 4 0 0 0 0 0 0 0 0 0 0 0 4 0 0 0 0 0 0 0 0 
7296 0 6 0 0 0 0 0 0 0 0 0 0 0 6 0 0 0 0 0 0 0 0 
7311 0 3 0 0 0 0 0 0 0 0 0 0 0 3 0 0 0 0 0 0 0 0 
7326 0 5 0 0 0 0 0 0 0 0 0 0 0 5 0 0 0 0 0 0 0 0 
7341 0 0 0 0 0 0 0 0 0 0 0 0 0 0 0 0 0 0 0 0 0 0 
8346 0 51 0 0 0 0 0 0 0 0 0 0 0 51 0 0 0 0 0 0 0 0 
8361 0 4 0 0 0 0 0 0 0 0 0 0 0 4 0 0 0 0 0 0 0 0 
8391 0 3 0 0 0 0 0 0 0 0 0 0 0 3 0 0 0 0 0 0 0 0 
8406 0 2 0 0 0 0 0 0 0 0 0 0 0 2 0 0 0 0 0 0 0 0 
8421 0 0 0 0 0 0 0 0 0 0 0 0 0 0 0 0 0 0 0 0 0 0 
9035 1 0 0 0 0 0 0 0 0 0 1 0 0 0 0 0 0 0 0 0 0 0 
9050 2 0 0 0 0 0 0 0 0 0 2 0 0 0 0 0 0 0 0 0 0 0 
9080 1 0 0 0 0 0 0 0 0 0 1 0 0 0 0 0 0 0 0 0 0 0 
9095 0 0 0 0 0 0 0 0 0 0 0 0 0 0 0 0 0 0 0 0 0 0 
9265 1 0 0 0 0 0 0 0 0 0 0 0 0 0 0 0 0 0 0 0 1 0 
9280 2 0 0 0 0 0 0 0 0 0 0 0 0 0 0 0 0 0 0 0 2 0 
9295 4 0 0 0 0 0 0 0 0 0 0 0 0 0 0 0 0 0 0 0 4 0 
9310 1 0 0 0 0 0 0 0 0 0 0 0 0 0 0 0 0 0 0 0 1 0 
9325 0 0 0 0 0 0 0 0 0 0 0 0 0 0 0 0 0 0 0 0 0 0 
10431 0 3 0 0 0 0 0 0 0 0 0 0 0 3 0 0 0 0 0 0 0 0 
10446 0 4 0 0 0 0 0 0 0 0 0 0 0 4 0 0 0 0 0 0 0 0 
10476 0 19 0 0 0 0 0 0 0 0 0 0 0 19 0 0 0 0 0 0 0 0 
10491 0 3 0 0 0 0 0 0 0 0 0 0 0 3 0 0 0 0 0 0 0 0 
10506 0 5 0 0 0 0 0 0 0 0 0 0 0 5 0 0 0 0 0 0 0 0 
10521 0 4 0 0 0 0 0 0 0 0 0 0 0 4 0 0 0 0 0 0 0 0 
10551 0 3 0 0 0 0 0 0 0 0 0 0 0 3 0 0 0 0 0 0 0 0 
10566 0 5 0 0 0 0 0 0 0 0 0 0 0 5 0 0 0 0 0 0 0 0 
10581 0 0 0 0 0 0 0 0 0 0 0 0 0 0 0 0 0 0 0 0 0 0 
10776 0 1 0 0 0 0 0 0 0 0 0 0 0 1 0 0 0 0 0 0 0 0 
10791 0 3 0 0 0 0 0 0 0 0 0 0 0 3 0 0 0 0 0 0 0 0 
10806 0 4 0 0 0 0 0 0 0 0 0 0 0 4 0 0 0 0 0 0 0 0 
10821 0 5 0 0 0 0 0 0 0 0 0 0 0 5 0 0 0 0 0 0 0 0 
10836 0 4 0 0 0 0 0 0 0 0 0 0 0 4 0 0 0 0 0 0 0 0 
10851 0 3 0 0 0 0 0 0 0 0 0 0 0 3 0 0 0 0 0 0 0 0 
10866 0 15 0 0 0 0 0 0 0 0 0 0 0 15 0 0 0 0 0 0 0 0 
10881 0 5 0 0 0 0 0 0 0 0 0 0 0 5 0 0 0 0 0 0 0 0 
10896 0 2 0 0 0 0 0 0 0 0 0 0 0 2 0 0 0 0 0 0 0 0 
10911 0 0 0 0 0 0 0 0 0 0 0 0 0 0 0 0 0 0 0 0 0 0 
12302 1 0 0 0 1 0 0 0 0 0 0 0 0 0 0 0 0 0 0 0 0 0 
12317 2 0 0 0 2 0 0 0 0 0 0 0 0 0 0 0 0 0 0 0 0 0 
12347 0 0 0 0 0 0 0 0 0 0 0 0 0 0 0 0 0 0 0 0 0 0 
13284 1 0 0 0 0 0 0 0 0 0 0 0 0 0 0 0 0 0 1 0 0 0 
13314 2 0 0 0 0 0 0 0 0 0 0 0 0 0 0 0 0 0 2 0 0 0 
13329 1 0 0 0 0 0 0 0 0 0 0 0 0 0 0 0 0 0 1 0 0 0 
13344 0 0 0 0 0 0 0 0 0 0 0 0 0 0 0 0 0 0 0 0 0 0 
13598 1 0 0 0 0 0 0 0 0 0 0 0 0 0 0 0 1 0 0 0 0 0 
13628 3 0 0 0 0 0 0 0 0 0 0 0 0 0 0 0 3 0 0 0 0 0 
13643 1 0 0 0 0 0 0 0 0 0 0 0 0 0 0 0 1 0 0 0 0 0 
13658 0 0 0 0 0 0 0 0 0 0 0 0 0 0 0 0 0 0 0 0 0 0 
14002 1 0 0 0 0 0 0 0 0 0 0 0 0 0 1 0 0 0 0 0 0 0 
14032 2 0 0 0 0 0 0 0 0 0 0 0 0 0 2 0 0 0 0 0 0 0 
14047 1 0 0 0 0 0 0 0 0 0 0 0 0 0 1 0 0 0 0 0 0 0 
14062 0 0 0 0 0 0 0 0 0 0 0 0 0 0 0 0 0 0 0 0 0 0 
14716 1 0 1 0 0 0 0 0 0 0 0 0 0 0 0 0 0 0 0 0 0 0 
14731 0 0 0 0 0 0 0 0 0 0 0 0 0 0 0 0 0 0 0 0 0 0 
14746 2 0 2 0 0 0 0 0 0 0 0 0 0 0 0 0 0 0 0 0 0 0 
14776 0 0 0 0 0 0 0 0 0 0 0 0 0 0 0 0 0 0 0 0 0 0 
15775 0 7 0 0 0 0 0 0 0 0 0 0 0 0 0 0 0 0 0 0 0 7 
15790 0 6 0 0 0 0 0 0 0 0 0 0 0 0 0 0 0 0 0 0 0 6 
15805 0 14 0 0 0 0 0 0 0 0 0 0 0 0 0 0 0 0 0 0 0 14 
15820 0 7 0 0 0 0 0 0 0 0 0 0 0 0 0 0 0 0 0 0 0 7 
15835 0 3 0 0 0 0 0 0 0 0 0 0 0 0 0 0 0 0 0 0 0 3 
15850 0 12 0 0 0 0 0 0 0 0 0 0 0 0 0 0 0 0 0 0 0 12 
15865 0 7 0 0 0 0 0 0 0 0 0 0 0 0 0 0 0 0 0 0 0 7 
15880 0 3 0 0 0 0 0 0 0 0 0 0 0 0 0 0 0 0 0 0 0 3 
15910 0 6 0 0 0 0 0 0 0 0 0 0 0 0 0 0 0 0 0 0 0 6 
15925 0 4 0 0 0 0 0 0 0 0 0 0 0 0 0 0 0 0 0 0 0 4 
15950 1 0 0 0 0 0 0 0 0 0 1 0 0 0 0 0 0 0 0 0 0 4 
15955 0 1 0 0 0 0 0 0 0 0 1 0 0 0 0 0 0 0 0 0 0 1 
15970 0 5 0 0 0 0 0 0 0 0 1 0 0 0 0 0 0 0 0 0 0 5 
15980 2 0 0 0 0 0 0 0 0 0 2 0 0 0 0 0 0 0 0 0 0 5 
15985 0 4 0 0 0 0 0 0 0 0 2 0 0 0 0 0 0 0 0 0 0 4 
15995 1 0 0 0 0 0 0 0 0 0 1 0 0 0 0 0 0 0 0 0 0 4 
16000 0 7 0 0 0 0 0 0 0 0 1 0 0 0 0 0 0 0 0 0 0 7 
16010 0 0 0 0 0 0 0 0 0 0 0 0 0 0 0 0 0 0 0 0 0 7 
16015 0 5 0 0 0 0 0 0 0 0 0 0 0 0 0 0 0 0 0 0 0 5 
16030 0 0 0 0 0 0 0 0 0 0 0 0 0 0 0 0 0 0 0 0 0 0 
16120 0 3 0 0 0 0 0 0 0 0 0 0 0 0 0 0 0 0 0 0 0 3 
16150 0 4 0 0 0 0 0 0 0 0 0 0 0 0 0 0 0 0 0 0 0 4 
16195 0 3 0 0 0 0 0 0 0 0 0 0 0 0 0 0 0 0 0 0 0 3 
16210 0 4 0 0 0 0 0 0 0 0 0 0 0 0 0 0 0 0 0 0 0 4 
16225 0 0 0 0 0 0 0 0 0 0 0 0 0 0 0 0 0 0 0 0 0 0 
16326 1 0 0 0 0 0 0 0 0 0 0 0 1 0 0 0 0 0 0 0 0 0 
16341 0.5 0 0 0 0 0 1 0 0 0 0 0 0 0 0 0 0 0 0 0 0 0 
16353 0 0 0 0 0 0 0 0 0 0 0 0 0 0 0 0 0 0 0 0 0 0 
16356 2 0 0 0 0 0 0 0 0 0 0 0 2 0 0 0 0 0 0 0 0 0 
16371 2.5 0 0 0 0 0 2 0 0 0 0 0 3 0 0 0 0 0 0 0 0 0 
16386 0 0 0 0 0 0 2 0 0 0 0 0 0 0 0 0 0 0 0 0 0 0 
17035 0 1.5 0 0 0 0 0 0 0 0 0 0 0 0 0 0 0 0 0 0 0 3 
17050 0 4 0 0 0 0 0 0 0 0 0 0 0 0 0 0 0 0 0 0 0 4 
17095 0 3 0 0 0 0 0 0 0 0 0 0 0 0 0 0 0 0 0 0 0 3 
17110 0 4 0 0 0 0 0 0 0 0 0 0 0 0 0 0 0 0 0 0 0 4 
17155 0 1 0 0 0 0 0 0 0 0 0 0 0 0 0 0 0 0 0 0 0 1 
17162 0 8 0 0 0 8 0 0 0 0 0 0 0 0 0 0 0 0 0 0 0 1 
17170 0 0 0 0 0 8 0 0 0 0 0 0 0 0 0 0 0 0 0 0 0 0 
17177 0 9 0 0 0 9 0 0 0 0 0 0 0 0 0 0 0 0 0 0 0 0 
17192 0 12 0 0 0 12 0 0 0 0 0 0 0 0 0 0 0 0 0 0 0 0 
17207 0 6 0 0 0 6 0 0 0 0 0 0 0 0 0 0 0 0 0 0 0 0 
17222 0 4 0 0 0 4 0 0 0 0 0 0 0 0 0 0 0 0 0 0 0 0 
17237 0 16 0 0 0 16 0 0 0 0 0 0 0 0 0 0 0 0 0 0 0 0 
17252 0 2 0 0 0 2 0 0 0 0 0 0 0 0 0 0 0 0 0 0 0 0 
17267 0 3 0 0 0 3 0 0 0 0 0 0 0 0 0 0 0 0 0 0 0 0 
17282 0 4 0 0 0 4 0 0 0 0 0 0 0 0 0 0 0 0 0 0 0 0 
17297 0 6 0 0 0 6 0 0 0 0 0 0 0 0 0 0 0 0 0 0 0 0 
17312 0 4 0 0 0 4 0 0 0 0 0 0 0 0 0 0 0 0 0 0 0 0 
17327 0 3 0 0 0 3 0 0 0 0 0 0 0 0 0 0 0 0 0 0 0 0 
17342 0 2 0 0 0 2 0 0 0 0 0 0 0 0 0 0 0 0 0 0 0 0 
17357 0 4 0 0 0 4 0 0 0 0 0 0 0 0 0 0 0 0 0 0 0 0 
17372 0 6 0 0 0 6 0 0 0 0 0 0 0 0 0 0 0 0 0 0 0 0 
17387 0 3 0 0 0 3 0 0 0 0 0 0 0 0 0 0 0 0 0 0 0 0 
17402 0 5 0 0 0 5 0 0 0 0 0 0 0 0 0 0 0 0 0 0 0 0 
17417 0 0 0 0 0 0 0 0 0 0 0 0 0 0 0 0 0 0 0 0 0 0 
18144 0 9 0 0 0 0 0 0 0 0 0 0 0 0 0 0 0 0 0 9 0 0 
18159 0 7 0 0 0 0 0 0 0 0 0 0 0 0 0 0 0 0 0 7 0 0 
18174 0 12 0 0 0 0 0 0 0 0 0 0 0 0 0 0 0 0 0 12 0 0 
18189 0 7 0 0 0 0 0 0 0 0 0 0 0 0 0 0 0 0 0 7 0 0 
18204 0 6 0 0 0 0 0 0 0 0 0 0 0 0 0 0 0 0 0 6 0 0 
18219 0 13 0 0 0 0 0 0 0 0 0 0 0 0 0 0 0 0 0 13 0 0 
18234 0 2 0 0 0 0 0 0 0 0 0 0 0 0 0 0 0 0 0 2 0 0 
18249 0 4 0 0 0 0 0 0 0 0 0 0 0 0 0 0 0 0 0 4 0 0 
18279 0 5 0 0 0 0 0 0 0 0 0 0 0 0 0 0 0 0 0 5 0 0 
18294 0 4 0 0 0 0 0 0 0 0 0 0 0 0 0 0 0 0 0 4 0 0 
18309 0 3 0 0 0 0 0 0 0 0 0 0 0 0 0 0 0 0 0 3 0 0 
18340 0 2 0 0 0 0 0 0 0 0 0 0 0 0 0 0 0 0 0 3 0 2 
18354 0 6 0 0 0 0 0 0 0 0 0 0 0 0 0 0 0 0 0 6 0 2 
18355 0 3 0 0 0 0 0 0 0 0 0 0 0 0 0 0 0 0 0 6 0 3 
18369 0 4 0 0 0 0 0 0 0 0 0 0 0 0 0 0 0 0 0 4 0 3 
18370 0 35 0 0 0 0 0 0 0 0 0 0 0 0 0 0 0 0 0 4 0 35 
18385 0 4 0 0 0 0 0 0 0 0 0 0 0 0 0 0 0 0 0 4 0 4 
18399 0 0 0 0 0 0 0 0 0 0 0 0 0 0 0 0 0 0 0 0 0 4 
18430 0 2 0 0 0 0 0 0 0 0 0 0 0 0 0 0 0 0 0 0 0 2 
18445 0 0 0 0 0 0 0 0 0 0 0 0 0 0 0 0 0 0 0 0 0 0 
18452 0 4 0 0 0 4 0 0 0 0 0 0 0 0 0 0 0 0 0 0 0 0 
18467 0 3 0 0 0 3 0 0 0 0 0 0 0 0 0 0 0 0 0 0 0 0 
18482 0 4 0 0 0 4 0 0 0 0 0 0 0 0 0 0 0 0 0 0 0 0 
18527 0 3 0 0 0 3 0 0 0 0 0 0 0 0 0 0 0 0 0 0 0 0 
18542 0 4 0 0 0 4 0 0 0 0 0 0 0 0 0 0 0 0 0 0 0 0 
18572 0 0 0 0 0 0 0 0 0 0 0 0 0 0 0 0 0 0 0 0 0 0 
18862 0 7 0 0 0 0 0 0 0 0 0 0 0 0 0 7 0 0 0 0 0 0 
18877 0 6 0 0 0 0 0 0 0 0 0 0 0 0 0 6 0 0 0 0 0 0 
18892 0 14 0 0 0 0 0 0 0 0 0 0 0 0 0 14 0 0 0 0 0 0 
18907 0 1 0 0 0 0 0 0 0 0 0 0 0 0 0 1 0 0 0 0 0 0 
18922 0 9 0 0 0 0 0 0 0 0 0 0 0 0 0 9 0 0 0 0 0 0 
18937 0 12 0 0 0 0 0 0 0 0 0 0 0 0 0 12 0 0 0 0 0 0 
18952 0 7 0 0 0 0 0 0 0 0 0 0 0 0 0 7 0 0 0 0 0 0 
18967 0 2 0 0 0 0 0 0 0 0 0 0 0 0 0 2 0 0 0 0 0 0 
18982 0 4 0 0 0 0 0 0 0 0 0 0 0 0 0 4 0 0 0 0 0 0 
18997 0 6 0 0 0 0 0 0 0 0 0 0 0 0 0 6 0 0 0 0 0 0 
19012 0 4 0 0 0 0 0 0 0 0 0 0 0 0 0 4 0 0 0 0 0 0 
19042 0 1 0 0 0 0 0 0 0 0 0 0 0 0 0 1 0 0 0 0 0 0 
19057 0 4 0 0 0 0 0 0 0 0 0 0 0 0 0 4 0 0 0 0 0 0 
19087 0 5 0 0 0 0 0 0 0 0 0 0 0 0 0 5 0 0 0 0 0 0 
19102 0 6 0 0 0 0 0 0 0 0 0 0 0 0 0 6 0 0 0 0 0 0 
19117 0 0 0 0 0 0 0 0 0 0 0 0 0 0 0 0 0 0 0 0 0 0 
19313 0 9 0 0 0 0 0 0 0 0 0 0 0 0 0 0 0 9 0 0 0 0 
19328 0 12 0 0 0 0 0 0 0 0 0 0 0 0 0 0 0 12 0 0 0 0 
19343 0 7 0 0 0 0 0 0 0 0 0 0 0 0 0 0 0 7 0 0 0 0 
19358 0 0 0 0 0 0 0 0 0 0 0 0 0 0 0 0 0 0 0 0 0 0 
19373 0 7 0 0 0 0 0 0 0 0 0 0 0 0 0 0 0 7 0 0 0 0 
19388 0 6 0 0 0 0 0 0 0 0 0 0 0 0 0 0 0 6 0 0 0 0 
19403 0 13 0 0 0 0 0 0 0 0 0 0 0 0 0 0 0 13 0 0 0 0 
19418 0 3 0 0 0 0 0 0 0 0 0 0 0 0 0 0 0 3 0 0 0 0 
19433 0 4 0 0 0 0 0 0 0 0 0 0 0 0 0 0 0 4 0 0 0 0 
19463 0 5 0 0 0 0 0 0 0 0 0 0 0 0 0 0 0 5 0 0 0 0 
19478 0 4 0 0 0 0 0 0 0 0 0 0 0 0 0 0 0 4 0 0 0 0 
19493 0 3 0 0 0 0 0 0 0 0 0 0 0 0 0 0 0 3 0 0 0 0 
19538 0 6 0 0 0 0 0 0 0 0 0 0 0 0 0 0 0 6 0 0 0 0 
19553 0 4 0 0 0 0 0 0 0 0 0 0 0 0 0 0 0 4 0 0 0 0 
19583 0 0 0 0 0 0 0 0 0 0 0 0 0 0 0 0 0 0 0 0 0 0 
19912 0 1 0 0 0 0 0 0 0 0 0 0 0 0 0 1 0 0 0 0 0 0 
19927 0 3 0 0 0 0 0 0 0 0 0 0 0 0 0 3 0 0 0 0 0 0 
19942 0 15 0 0 0 0 0 0 0 0 0 0 0 0 0 15 0 0 0 0 0 0 
19957 0 4 0 0 0 0 0 0 0 0 0 0 0 0 0 4 0 0 0 0 0 0 
19972 0 5 0 0 0 0 0 0 0 0 0 0 0 0 0 5 0 0 0 0 0 0 
19987 0 2 0 0 0 0 0 0 0 0 0 0 0 0 0 2 0 0 0 0 0 0 
20002 0 0 0 0 0 0 0 0 0 0 0 0 0 0 0 0 0 0 0 0 0 0 
20581 1 0 1 0 0 0 0 0 0 0 0 0 0 0 0 0 0 0 0 0 0 0 
20596 3 0 3 0 0 0 0 0 0 0 0 0 0 0 0 0 0 0 0 0 0 0 
20611 1 0 1 0 0 0 0 0 0 0 0 0 0 0 0 0 0 0 0 0 0 0 
20641 0 0 0 0 0 0 0 0 0 0 0 0 0 0 0 0 0 0 0 0 0 0 
20702 0 2 0 0 0 2 0 0 0 0 0 0 0 0 0 0 0 0 0 0 0 0 
20717 0 4 0 0 0 4 0 0 0 0 0 0 0 0 0 0 0 0 0 0 0 0 
20732 0 71 0 0 0 71 0 0 0 0 0 0 0 0 0 0 0 0 0 0 0 0 
20747 0 4 0 0 0 4 0 0 0 0 0 0 0 0 0 0 0 0 0 0 0 0 
20777 0 2 0 0 0 2 0 0 0 0 0 0 0 0 0 0 0 0 0 0 0 0 
20792 0 0 0 0 0 0 0 0 0 0 0 0 0 0 0 0 0 0 0 0 0 0 
21094 0 -17 0 0 0 0 0 0 0 -17 0 0 0 0 0 0 0 0 0 0 0 0 
21124 0 -20 0 0 0 0 0 0 0 -20 0 0 0 0 0 0 0 0 0 0 0 0 
21129 0 2 0 0 0 0 0 0 0 -20 0 0 0 0 0 0 0 0 0 2 0 0 
21139 0 -14 0 0 0 0 0 0 0 -14 0 0 0 0 0 0 0 0 0 2 0 0 
21144 0 4 0 0 0 0 0 0 0 -14 0 0 0 0 0 0 0 0 0 4 0 0 
21154 0 -4 0 0 0 0 0 0 0 -4 0 0 0 0 0 0 0 0 0 4 0 0 
21159 0 3 0 0 0 0 0 0 0 -4 0 0 0 0 0 0 0 0 0 3 0 0 
21174 0 4 0 0 0 0 0 0 0 -4 0 0 0 0 0 0 0 0 0 4 0 0 
21199 0 -3 0 0 0 0 0 0 0 -3 0 0 0 0 0 0 0 0 0 4 0 0 
21201 0 9 0 0 0 0 0 0 0 -3 0 0 0 9 0 0 0 0 0 4 0 0 
21214 0 -4 0 0 0 0 0 0 0 -4 0 0 0 9 0 0 0 0 0 4 0 0 
21216 0 12 0 0 0 0 0 0 0 -4 0 0 0 12 0 0 0 0 0 4 0 0 
21219 0 18 0 0 0 0 0 0 0 -4 0 0 0 12 0 0 0 0 0 18 0 0 
21229 0 -7 0 0 0 0 0 0 0 -7 0 0 0 12 0 0 0 0 0 18 0 0 
21231 0 7 0 0 0 0 0 0 0 -7 0 0 0 7 0 0 0 0 0 18 0 0 
21234 0 4 0 0 0 0 0 0 0 -7 0 0 0 7 0 0 0 0 0 4 0 0 
21244 0 -4 0 0 0 0 0 0 0 -4 0 0 0 7 0 0 0 0 0 4 0 0 
21259 0 -6 0 0 0 0 0 0 0 -6 0 0 0 7 0 0 0 0 0 4 0 0 
21261 0 6 0 0 0 0 0 0 0 -6 0 0 0 6 0 0 0 0 0 4 0 0 
21274 0 -4 0 0 0 0 0 0 0 -4 0 0 0 6 0 0 0 0 0 4 0 0 
21276 0 14 0 0 0 0 0 0 0 -4 0 0 0 14 0 0 0 0 0 4 0 0 
21279 0 1 0 0 0 0 0 0 0 -4 0 0 0 14 0 0 0 0 0 1 0 0 
21306 0 4 0 0 0 0 0 0 0 -4 0 0 0 4 0 0 0 0 0 1 0 0 
21319 0 0.5 0 0 0 0 0 0 0 -3 0 0 0 4 0 0 0 0 0 4 0 0 
21321 0 5 0 0 0 0 0 0 0 -3 0 0 0 5 0 0 0 0 0 4 0 0 
21334 0 -4 0 0 0 0 0 0 0 -4 0 0 0 5 0 0 0 0 0 4 0 0 
21336 0 6 0 0 0 0 0 0 0 -4 0 0 0 6 0 0 0 0 0 4 0 0 
21339 0 3 0 0 0 0 0 0 0 -4 0 0 0 6 0 0 0 0 0 3 0 0 
21354 0 2.5 0 0 0 0 0 0 0 -4 0 0 0 3 0 0 0 0 0 2 0 0 
21369 0 1 0 0 0 0 0 0 0 -4 0 0 0 3 0 0 0 0 0 1 0 0 
21379 0 -3 0 0 0 0 0 0 0 -3 0 0 0 3 0 0 0 0 0 1 0 0 
21384 0 4 0 0 0 0 0 0 0 -3 0 0 0 3 0 0 0 0 0 4 0 0 
21394 0 -4 0 0 0 0 0 0 0 -4 0 0 0 3 0 0 0 0 0 4 0 0 
21396 0 4 0 0 0 0 0 0 0 -4 0 0 0 4 0 0 0 0 0 4 0 0 
21399 0 3 0 0 0 0 0 0 0 -4 0 0 0 4 0 0 0 0 0 3 0 0 
21409 0 -7 0 0 0 0 0 0 0 -7 0 0 0 4 0 0 0 0 0 3 0 0 
21411 0 5 0 0 0 0 0 0 0 -7 0 0 0 5 0 0 0 0 0 3 0 0 
21414 0 4 0 0 0 0 0 0 0 -7 0 0 0 5 0 0 0 0 0 4 0 0 
21424 0 -4 0 0 0 0 0 0 0 -4 0 0 0 5 0 0 0 0 0 4 0 0 
21426 0 4 0 0 0 0 0 0 0 -4 0 0 0 4 0 0 0 0 0 4 0 0 
21439 0 -6 0 0 0 0 0 0 0 -6 0 0 0 4 0 0 0 0 0 4 0 0 
21454 0 -4 0 0 0 0 0 0 0 -4 0 0 0 4 0 0 0 0 0 4 0 0 
21456 0 0 0 0 0 0 0 0 0 -4 0 0 0 0 0 0 0 0 0 4 0 0 
21459 0 3 0 0 0 0 0 0 0 -4 0 0 0 0 0 0 0 0 0 3 0 0 
21469 0 -1 0 0 0 0 0 0 0 -1 0 0 0 0 0 0 0 0 0 3 0 0 
21474 0 0 0 0 0 0 0 0 0 -1 0 0 0 0 0 0 0 0 0 0 0 0 
21680 0.5 0 0 0 0 0 0 0 0 0 1 0 0 0 0 0 0 0 0 0 0 0 
21693 0 12 0 0 0 0 0 12 0 0 1 0 0 0 0 0 0 0 0 0 0 0 
21695 0 0 0 0 0 0 0 12 0 0 0 0 0 0 0 0 0 0 0 0 0 0 
21708 0 6 0 0 0 0 0 6 0 0 0 0 0 0 0 0 0 0 0 0 0 0 
21710 2 0 0 0 0 0 0 6 0 0 2 0 0 0 0 0 0 0 0 0 0 0 
21723 0 9 0 0 0 0 0 9 0 0 2 0 0 0 0 0 0 0 0 0 0 0 
21738 0 1 0 0 0 0 0 1 0 0 2 0 0 0 0 0 0 0 0 0 0 0 
21740 0 0 0 0 0 0 0 1 0 0 0 0 0 0 0 0 0 0 0 0 0 0 
21921 0 1.5 0 0 0 0 0 0 0 0 0 0 0 3 0 0 0 0 0 0 0 0 
21936 0 4 0 0 0 0 0 0 0 0 0 0 0 4 0 0 0 0 0 0 0 0 
21951 0 3 0 0 0 0 0 0 0 0 0 0 0 3 0 0 0 0 0 0 0 0 
21966 0 4 0 0 0 0 0 0 0 0 0 0 0 4 0 0 0 0 0 0 0 0 
21981 0 2 0 0 0 0 0 0 0 0 0 0 0 2 0 0 0 0 0 0 0 0 
21996 0 0 0 0 0 0 0 0 0 0 0 0 0 0 0 0 0 0 0 0 0 0 
22161 0 2 0 0 0 0 0 0 0 0 0 0 0 2 0 0 0 0 0 0 0 0 
22176 0 4 0 0 0 0 0 0 0 0 0 0 0 4 0 0 0 0 0 0 0 0 
22191 0 3 0 0 0 0 0 0 0 0 0 0 0 3 0 0 0 0 0 0 0 0 
22206 0 4 0 0 0 0 0 0 0 0 0 0 0 4 0 0 0 0 0 0 0 0 
22251 0 0 0 0 0 0 0 0 0 0 0 0 0 0 0 0 0 0 0 0 0 0 
22476 0 1 0 0 0 0 0 0 0 0 0 0 0 1 0 0 0 0 0 0 0 0 
22491 0 3 0 0 0 0 0 0 0 0 0 0 0 3 0 0 0 0 0 0 0 0 
22506 0 4 0 0 0 0 0 0 0 0 0 0 0 4 0 0 0 0 0 0 0 0 
22551 0 0 0 0 0 0 0 0 0 0 0 0 0 0 0 0 0 0 0 0 0 0 
22744 0 6 0 0 0 0 0 0 0 6 0 0 0 0 0 0 0 0 0 0 0 0 
22759 0 3 0 0 0 0 0 0 0 3 0 0 0 0 0 0 0 0 0 0 0 0 
22774 0 12 0 0 0 0 0 0 0 12 0 0 0 0 0 0 0 0 0 0 0 0 
22789 0 7 0 0 0 0 0 0 0 7 0 0 0 0 0 0 0 0 0 0 0 0 
22804 0 8 0 0 0 0 0 0 0 8 0 0 0 0 0 0 0 0 0 0 0 0 
22819 0 5 0 0 0 0 0 0 0 5 0 0 0 0 0 0 0 0 0 0 0 0 
22834 0 14 0 0 0 0 0 0 0 14 0 0 0 0 0 0 0 0 0 0 0 0 
22849 0 2 0 0 0 0 0 0 0 2 0 0 0 0 0 0 0 0 0 0 0 0 
22864 0 4 0 0 0 0 0 0 0 4 0 0 0 0 0 0 0 0 0 0 0 0 
22879 0 3 0 0 0 0 0 0 0 3 0 0 0 0 0 0 0 0 0 0 0 0 
22894 0 6 0 0 0 0 0 0 0 6 0 0 0 0 0 0 0 0 0 0 0 0 
22924 0 0 0 0 0 0 0 0 0 0 0 0 0 0 0 0 0 0 0 0 0 0 
22939 0 3 0 0 0 0 0 0 0 3 0 0 0 0 0 0 0 0 0 0 0 0 
22954 0 4 0 0 0 0 0 0 0 4 0 0 0 0 0 0 0 0 0 0 0 0 
22969 0 6 0 0 0 0 0 0 0 6 0 0 0 0 0 0 0 0 0 0 0 0 
22984 0 4 0 0 0 0 0 0 0 4 0 0 0 0 0 0 0 0 0 0 0 0 
22999 0 3 0 0 0 0 0 0 0 3 0 0 0 0 0 0 0 0 0 0 0 0 
23014 0 0 0 0 0 0 0 0 0 0 0 0 0 0 0 0 0 0 0 0 0 0 
23305 0 6 0 0 0 0 0 0 0 0 0 0 0 0 0 0 0 0 0 0 0 6 
23320 0 4 0 0 0 0 0 0 0 0 0 0 0 0 0 0 0 0 0 0 0 4 
23335 0 11 0 0 0 0 0 0 0 0 0 0 0 0 0 0 0 0 0 0 0 11 
23350 0 7 0 0 0 0 0 0 0 0 0 0 0 0 0 0 0 0 0 0 0 7 
23365 0 8 0 0 0 0 0 0 0 0 0 0 0 0 0 0 0 0 0 0 0 8 
23395 0 11 0 0 0 0 0 0 0 0 0 0 0 0 0 0 0 0 0 0 0 11 
23410 0 2 0 0 0 0 0 0 0 0 0 0 0 0 0 0 0 0 0 0 0 2 
23425 0 4 0 0 0 0 0 0 0 0 0 0 0 0 0 0 0 0 0 0 0 4 
23455 0 5 0 0 0 0 0 0 0 0 0 0 0 0 0 0 0 0 0 0 0 5 
23470 0 6 0 0 0 0 0 0 0 0 0 0 0 0 0 0 0 0 0 0 0 6 
23485 0 0 0 0 0 0 0 0 0 0 0 0 0 0 0 0 0 0 0 0 0 0 
23500 0 4 0 0 0 0 0 0 0 0 0 0 0 0 0 0 0 0 0 0 0 4 
23515 0 3 0 0 0 0 0 0 0 0 0 0 0 0 0 0 0 0 0 0 0 3 
23530 0 6 0 0 0 0 0 0 0 0 0 0 0 0 0 0 0 0 0 0 0 6 
23545 0 4 0 0 0 0 0 0 0 0 0 0 0 0 0 0 0 0 0 0 0 4 
23560 0 3.5 0 0 0 0 0 0 0 0 0 0 0 0 0 0 0 4 0 0 0 3 
23573 0 15 0 0 0 0 0 0 0 0 0 0 0 0 0 0 0 15 0 0 0 3 
23575 0 0 0 0 0 0 0 0 0 0 0 0 0 0 0 0 0 15 0 0 0 0 
23588 0 4 0 0 0 0 0 0 0 0 0 0 0 0 0 0 0 4 0 0 0 0 
23603 0 3 0 0 0 0 0 0 0 0 0 0 0 0 0 0 0 3 0 0 0 0 
23618 0 4 0 0 0 0 0 0 0 0 0 0 0 0 0 0 0 4 0 0 0 0 
23663 0 3 0 0 0 0 0 0 0 0 0 0 0 0 0 0 0 3 0 0 0 0 
23678 0 1 0 0 0 0 0 0 0 0 0 0 0 0 0 0 0 1 0 0 0 0 
23693 0 0 0 0 0 0 0 0 0 0 0 0 0 0 0 0 0 0 0 0 0 0 
23708 0 3 0 0 0 0 0 0 0 0 0 0 0 0 0 0 0 3 0 0 0 0 
23738 0 5 0 0 0 0 0 0 0 0 0 0 0 0 0 0 0 5 0 0 0 0 
23753 0 4 0 0 0 0 0 0 0 0 0 0 0 0 0 0 0 4 0 0 0 0 
23813 0 2 0 0 0 0 0 0 0 0 0 0 0 0 0 0 0 2 0 0 0 0 
23828 0 0 0 0 0 0 0 0 0 0 0 0 0 0 0 0 0 0 0 0 0 0 
24023 0 1 0 0 0 0 0 0 0 0 0 0 0 0 0 0 0 1 0 0 0 0 
24038 0 4 0 0 0 0 0 0 0 0 0 0 0 0 0 0 0 4 0 0 0 0 
24083 0 3 0 0 0 0 0 0 0 0 0 0 0 0 0 0 0 3 0 0 0 0 
24098 0 5 0 0 0 0 0 0 0 0 0 0 0 0 0 0 0 5 0 0 0 0 
24113 0 4 0 0 0 0 0 0 0 0 0 0 0 0 0 0 0 4 0 0 0 0 
24128 0 3 0 0 0 0 0 0 0 0 0 0 0 0 0 0 0 3 0 0 0 0 
24143 0 0 0 0 0 0 0 0 0 0 0 0 0 0 0 0 0 0 0 0 0 0 
24392 0 3 0 0 0 3 0 0 0 0 0 0 0 0 0 0 0 0 0 0 0 0 
24422 0 4 0 0 0 4 0 0 0 0 0 0 0 0 0 0 0 0 0 0 0 0 
24467 0 3 0 0 0 3 0 0 0 0 0 0 0 0 0 0 0 0 0 0 0 0 
24482 0 4 0 0 0 4 0 0 0 0 0 0 0 0 0 0 0 0 0 0 0 0 
24512 0 5 0 0 0 5 0 0 0 0 0 0 0 0 0 0 0 0 0 0 0 0 
24527 0 3 0 0 0 3 0 0 0 0 0 0 0 0 0 0 0 0 0 0 0 0 
24542 0 4 0 0 0 4 0 0 0 0 0 0 0 0 0 0 0 0 0 0 0 0 
24572 0 3 0 0 0 3 0 0 0 0 0 0 0 0 0 0 0 0 0 0 0 0 
24587 0 0 0 0 0 0 0 0 0 0 0 0 0 0 0 0 0 0 0 0 0 0 
24664 0 1 0 0 0 0 0 0 0 1 0 0 0 0 0 0 0 0 0 0 0 0 
24679 0 3 0 0 0 0 0 0 0 3 0 0 0 0 0 0 0 0 0 0 0 0 
24694 0 4 0 0 0 0 0 0 0 4 0 0 0 0 0 0 0 0 0 0 0 0 
24709 0 20 0 0 0 0 0 0 0 20 0 0 0 0 0 0 0 0 0 0 0 0 
24724 0 4 0 0 0 0 0 0 0 4 0 0 0 0 0 0 0 0 0 0 0 0 
24739 0 3 0 0 0 0 0 0 0 3 0 0 0 0 0 0 0 0 0 0 0 0 
24769 0 0 0 0 0 0 0 0 0 0 0 0 0 0 0 0 0 0 0 0 0 0 
24889 0 4 0 0 0 0 0 0 0 4 0 0 0 0 0 0 0 0 0 0 0 0 
24919 0 3 0 0 0 0 0 0 0 3 0 0 0 0 0 0 0 0 0 0 0 0 
24934 0 4 0 0 0 0 0 0 0 4 0 0 0 0 0 0 0 0 0 0 0 0 
24964 0 18 0 0 0 0 0 0 0 18 0 0 0 0 0 0 0 0 0 0 0 0 
24979 0 0 0 0 0 0 0 0 0 0 0 0 0 0 0 0 0 0 0 0 0 0 
25045 0 1 0 0 0 0 0 0 0 0 0 0 0 0 0 0 0 0 0 0 0 1 
25060 0 4 0 0 0 0 0 0 0 0 0 0 0 0 0 0 0 0 0 0 0 4 
25075 0 3 0 0 0 0 0 0 0 0 0 0 0 0 0 0 0 0 0 0 0 3 
25090 0 4 0 0 0 0 0 0 0 0 0 0 0 0 0 0 0 0 0 0 0 4 
25105 0 39 0 0 0 0 0 0 0 0 0 0 0 0 0 0 0 0 0 0 0 39 
25120 0 4 0 0 0 0 0 0 0 0 0 0 0 0 0 0 0 0 0 0 0 4 
25135 0 0 0 0 0 0 0 0 0 0 0 0 0 0 0 0 0 0 0 0 0 0 
25846 0 4 0 4 0 0 0 0 0 0 0 0 0 0 0 0 0 0 0 0 0 0 
25861 0 10 0 10 0 0 0 0 0 0 0 0 0 0 0 0 0 0 0 0 0 0 
25876 0 7 0 7 0 0 0 0 0 0 0 0 0 0 0 0 0 0 0 0 0 0 
25906 0 0 0 0 0 0 0 0 0 0 0 0 0 0 0 0 0 0 0 0 0 0 
26209 0 3 0 0 0 0 0 0 0 3 0 0 0 0 0 0 0 0 0 0 0 0 
26224 0 4 0 0 0 0 0 0 0 4 0 0 0 0 0 0 0 0 0 0 0 0 
26239 0 3 0 0 0 0 0 0 0 3 0 0 0 0 0 0 0 0 0 0 0 0 
26254 0 4 0 0 0 0 0 0 0 4 0 0 0 0 0 0 0 0 0 0 0 0 
26299 0 3 0 0 0 0 0 0 0 3 0 0 0 0 0 0 0 0 0 0 0 0 
26314 0 0 0 0 0 0 0 0 0 0 0 0 0 0 0 0 0 0 0 0 0 0 
