# ValueCount deltaRoads
10 0 0 0 0 0 0 0 0 0 0 0 0 0 0 0 0 0 0 0 0 0 0 
121 1 6 1 6 1 0 1 0 1 0 1 0 1 0 1 0 1 0 1 0 1 0 
144 2 5.66667 2 6 2 6 2 0 2 0 2 6 2 0 2 0 2 0 2 5 2 0 
151 3 4 3 4 3 6 3 0 3 0 3 6 3 0 3 0 3 0 3 5 3 0 
159 4 3.66667 4 4 4 4 4 0 4 0 4 4 4 0 4 0 4 0 4 3 4 0 
166 5 0 5 0 5 4 5 0 5 0 5 4 5 0 5 0 5 0 5 3 5 0 
174 6 2 6 0 6 0 6 0 6 0 6 0 6 0 6 0 6 0 6 6 6 0 
189 7 0 7 0 7 0 7 0 7 0 7 0 7 0 7 0 7 0 7 0 7 0 
407 8 2 8 0 8 2 8 0 8 0 8 0 8 0 8 0 8 0 8 0 8 0 
422 9 8 9 0 9 8 9 0 9 0 9 0 9 0 9 0 9 0 9 0 9 0 
467 10 6 10 0 10 6 10 0 10 0 10 0 10 0 10 0 10 0 10 0 10 0 
482 11 8 11 0 11 8 11 0 11 0 11 0 11 0 11 0 11 0 11 0 11 0 
512 12 6 12 0 12 6 12 0 12 0 12 0 12 0 12 0 12 0 12 0 12 0 
527 13 0 13 0 13 0 13 0 13 0 13 0 13 0 13 0 13 0 13 0 13 0 
2424 14 1 14 0 14 0 14 0 14 0 14 0 14 0 14 0 14 0 14 1 14 0 
2439 15 6 15 0 15 0 15 0 15 0 15 0 15 0 15 0 15 0 15 6 15 0 
2454 16 8 16 0 16 0 16 0 16 0 16 0 16 0 16 0 16 0 16 8 16 0 
2499 17 6 17 0 17 0 17 0 17 0 17 0 17 0 17 0 17 0 17 6 17 0 
2514 18 8 18 0 18 0 18 0 18 0 18 0 18 0 18 0 18 0 18 8 18 0 
2559 19 6 19 0 19 0 19 0 19 0 19 0 19 0 19 0 19 0 19 6 19 0 
2574 20 9 20 0 20 0 20 0 20 0 20 0 20 0 20 0 20 0 20 9 20 0 
2589 21 7 21 0 21 0 21 0 21 0 21 0 21 0 21 0 21 0 21 7 21 0 
2604 22 8 22 0 22 0 22 0 22 0 22 0 22 0 22 0 22 0 22 8 22 0 
2619 23 16 23 0 23 0 23 0 23 0 23 0 23 0 23 0 23 0 23 16 23 0 
2634 24 8 24 0 24 0 24 0 24 0 24 0 24 0 24 0 24 0 24 8 24 0 
2649 25 6 25 0 25 0 25 0 25 0 25 0 25 0 25 0 25 0 25 6 25 0 
2664 26 4 26 0 26 0 26 0 26 0 26 0 26 0 26 0 26 0 26 4 26 0 
2679 27 0 27 0 27 0 27 0 27 0 27 0 27 0 27 0 27 0 27 0 27 0 
3046 28 6 28 6 28 0 28 0 28 0 28 0 28 0 28 0 28 0 28 0 28 0 
3061 29 9 29 9 29 0 29 0 29 0 29 0 29 0 29 0 29 0 29 0 29 0 
3076 30 7 30 7 30 0 30 0 30 0 30 0 30 0 30 0 30 0 30 0 30 0 
3091 31 6 31 6 31 0 31 0 31 0 31 0 31 0 31 0 31 0 31 0 31 0 
3106 32 18 32 18 32 0 32 0 32 0 32 0 32 0 32 0 32 0 32 0 32 0 
3136 33 8 33 8 33 0 33 0 33 0 33 0 33 0 33 0 33 0 33 0 33 0 
3151 34 89 34 89 34 0 34 0 34 0 34 0 34 0 34 0 34 0 34 0 34 0 
3166 35 17 35 17 35 0 35 0 35 0 35 0 35 0 35 0 35 0 35 0 35 0 
3181 36 8 36 8 36 0 36 0 36 0 36 0 36 0 36 0 36 0 36 0 36 0 
3211 37 6 37 6 37 0 37 0 37 0 37 0 37 0 37 0 37 0 37 0 37 0 
3226 38 8 38 8 38 0 38 0 38 0 38 0 38 0 38 0 38 0 38 0 38 0 
3271 39 6 39 6 39 0 39 0 39 0 39 0 39 0 39 0 39 0 39 0 39 0 
3286 40 8 40 8 40 0 40 0 40 0 40 0 40 0 40 0 40 0 40 0 40 0 
3316 41 6 41 6 41 0 41 0 41 0 41 0 41 0 41 0 41 0 41 0 41 0 
3331 42 0 42 0 42 0 42 0 42 0 42 0 42 0 42 0 42 0 42 0 42 0 
5960 43 6 43 0 43 0 43 0 43 0 43 6 43 0 43 0 43 0 43 0 43 0 
5990 44 8 44 0 44 0 44 0 44 0 44 8 44 0 44 0 44 0 44 0 44 0 
6035 45 6 45 0 45 0 45 0 45 0 45 6 45 0 45 0 45 0 45 0 45 0 
6050 46 8 46 0 46 0 46 0 46 0 46 8 46 0 46 0 46 0 46 0 46 0 
6080 47 28 47 0 47 0 47 0 47 0 47 28 47 0 47 0 47 0 47 0 47 0 
6082 48 4 48 0 48 0 48 0 48 0 48 28 48 0 48 4 48 0 48 0 48 0 
6095 49 6 49 0 49 0 49 0 49 0 49 6 49 0 49 4 49 0 49 0 49 0 
6110 50 7 50 0 50 0 50 0 50 0 50 8 50 0 50 6 50 0 50 0 50 0 
6125 51 18 51 0 51 0 51 0 51 0 51 18 51 0 51 6 51 0 51 0 51 0 
6127 52 0 52 0 52 0 52 0 52 0 52 18 52 0 52 0 52 0 52 0 52 0 
6140 53 43 53 0 53 0 53 0 53 0 53 43 53 0 53 0 53 0 53 0 53 0 
6155 54 5 54 0 54 0 54 0 54 0 54 5 54 0 54 0 54 0 54 0 54 0 
6170 55 8 55 0 55 0 55 0 55 0 55 8 55 0 55 0 55 0 55 0 55 0 
6215 56 6 56 0 56 0 56 0 56 0 56 6 56 0 56 0 56 0 56 0 56 0 
6230 57 18 57 0 57 0 57 0 57 0 57 18 57 0 57 0 57 0 57 0 57 0 
6256 58 2 58 2 58 0 58 0 58 0 58 18 58 0 58 0 58 0 58 0 58 0 
6260 59 6 59 2 59 0 59 0 59 0 59 6 59 0 59 0 59 0 59 0 59 0 
6271 60 0 60 0 60 0 60 0 60 0 60 6 60 0 60 0 60 0 60 0 60 0 
6290 61 8 61 0 61 0 61 0 61 0 61 8 61 0 61 0 61 0 61 0 61 0 
6305 62 0 62 0 62 0 62 0 62 0 62 0 62 0 62 0 62 0 62 0 62 0 
7539 63 2 63 0 63 0 63 0 63 0 63 0 63 0 63 0 63 0 63 2 63 0 
7554 64 6 64 0 64 0 64 0 64 0 64 0 64 0 64 0 64 0 64 6 64 0 
7584 65 2 65 0 65 0 65 0 65 0 65 0 65 0 65 0 65 0 65 2 65 0 
7599 66 0 66 0 66 0 66 0 66 0 66 0 66 0 66 0 66 0 66 0 66 0 
7611 67 16 67 0 67 0 67 0 67 0 67 0 67 16 67 0 67 0 67 0 67 0 
7626 68 14 68 0 68 0 68 0 68 0 68 0 68 14 68 0 68 0 68 0 68 0 
7641 69 4 69 0 69 0 69 0 69 0 69 0 69 4 69 0 69 0 69 0 69 0 
7656 70 0 70 0 70 0 70 0 70 0 70 0 70 0 70 0 70 0 70 0 70 0 
8191 71 4 71 4 71 0 71 0 71 0 71 0 71 0 71 0 71 0 71 0 71 0 
8206 72 6 72 6 72 0 72 0 72 0 72 0 72 0 72 0 72 0 72 0 72 0 
8236 73 0 73 0 73 0 73 0 73 0 73 0 73 0 73 0 73 0 73 0 73 0 
8244 74 2 74 0 74 0 74 0 74 0 74 0 74 0 74 0 74 0 74 2 74 0 
8259 75 104 75 0 75 0 75 0 75 0 75 0 75 0 75 0 75 0 75 104 75 0 
8274 76 18 76 0 76 0 76 0 76 0 76 0 76 0 76 0 76 0 76 18 76 0 
8289 77 8 77 0 77 0 77 0 77 0 77 0 77 0 77 0 77 0 77 8 77 0 
8304 78 18 78 0 78 0 78 0 78 0 78 0 78 0 78 0 78 0 78 18 78 0 
8319 79 65 79 0 79 0 79 0 79 0 79 0 79 0 79 0 79 0 79 65 79 0 
8349 80 8 80 0 80 0 80 0 80 0 80 0 80 0 80 0 80 0 80 8 80 0 
8364 81 0 81 0 81 0 81 0 81 0 81 0 81 0 81 0 81 0 81 0 81 0 
8629 82 16 82 0 82 0 82 0 82 16 82 0 82 0 82 0 82 0 82 0 82 0 
8644 83 4 83 0 83 0 83 0 83 4 83 0 83 0 83 0 83 0 83 0 83 0 
8659 84 15 84 0 84 0 84 0 84 15 84 0 84 0 84 0 84 0 84 0 84 0 
8674 85 -3 85 0 85 0 85 0 85 -3 85 0 85 0 85 0 85 0 85 0 85 0 
8689 86 -8 86 0 86 0 86 0 86 -8 86 0 86 0 86 0 86 0 86 0 86 0 
8704 87 -4 87 0 87 0 87 0 87 -4 87 0 87 0 87 0 87 0 87 0 87 0 
8719 88 0 88 0 88 0 88 0 88 0 88 0 88 0 88 0 88 0 88 0 88 0 
8886 89 2 89 0 89 0 89 0 89 0 89 0 89 2 89 0 89 0 89 0 89 0 
8901 90 130 90 0 90 0 90 0 90 0 90 0 90 130 90 0 90 0 90 0 90 0 
8916 91 8 91 0 91 0 91 0 91 0 91 0 91 8 91 0 91 0 91 0 91 0 
8931 92 6 92 0 92 0 92 0 92 0 92 0 92 6 92 0 92 0 92 0 92 0 
8946 93 8 93 0 93 0 93 0 93 0 93 0 93 8 93 0 93 0 93 0 93 0 
8976 94 18 94 0 94 0 94 0 94 0 94 0 94 18 94 0 94 0 94 0 94 0 
8991 95 6 95 0 95 0 95 0 95 0 95 0 95 6 95 0 95 0 95 0 95 0 
9006 96 162 96 0 96 0 96 0 96 0 96 0 96 162 96 0 96 0 96 0 96 0 
9021 97 3 97 0 97 0 97 0 97 0 97 0 97 3 97 0 97 0 97 0 97 0 
9036 98 0 98 0 98 0 98 0 98 0 98 0 98 0 98 0 98 0 98 0 98 0 
10150 99 4 99 0 99 0 99 0 99 0 99 0 99 0 99 0 99 0 99 0 99 4 
10165 100 14 100 0 100 0 100 0 100 0 100 0 100 0 100 0 100 0 100 0 100 14 
10180 101 7 101 0 101 0 101 0 101 0 101 0 101 0 101 0 101 0 101 0 101 7 
10195 102 1 102 0 102 0 102 0 102 0 102 0 102 0 102 0 102 0 102 0 102 1 
10210 103 0 103 0 103 0 103 0 103 0 103 0 103 0 103 0 103 0 103 0 103 0 
10990 104 4 104 0 104 0 104 0 104 0 104 0 104 0 104 0 104 0 104 0 104 4 
11004 105 2 105 0 105 0 105 0 105 0 105 0 105 0 105 0 105 0 105 2 105 4 
11005 106 3 106 0 106 0 106 0 106 0 106 0 106 0 106 0 106 0 106 2 106 3 
11019 107 0 107 0 107 0 107 0 107 0 107 0 107 0 107 0 107 0 107 0 107 3 
11020 108 29 108 0 108 0 108 0 108 0 108 0 108 0 108 0 108 0 108 0 108 29 
11034 109 2 109 0 109 0 109 0 109 0 109 0 109 0 109 0 109 0 109 2 109 29 
11035 110 4 110 0 110 0 110 0 110 0 110 0 110 0 110 0 110 0 110 2 110 4 
11049 111 0 111 0 111 0 111 0 111 0 111 0 111 0 111 0 111 0 111 0 111 4 
11050 112 6 112 0 112 0 112 0 112 0 112 0 112 0 112 0 112 0 112 0 112 6 
11065 113 0 113 0 113 0 113 0 113 0 113 0 113 0 113 0 113 0 113 0 113 0 
11512 114 4 114 0 114 0 114 0 114 0 114 0 114 0 114 4 114 0 114 0 114 0 
11527 115 6 115 0 115 0 115 0 115 0 115 0 115 0 115 6 115 0 115 0 115 0 
11542 116 8 116 0 116 0 116 0 116 0 116 0 116 0 116 8 116 0 116 0 116 0 
11587 117 16 117 0 117 0 117 0 117 0 117 0 117 0 117 16 117 0 117 0 117 0 
11602 118 8 118 0 118 0 118 0 118 0 118 0 118 0 118 8 118 0 118 0 118 0 
11611 119 6 119 6 119 0 119 0 119 0 119 0 119 0 119 8 119 0 119 0 119 0 
11617 120 106 120 6 120 0 120 0 120 0 120 0 120 0 120 106 120 0 120 0 120 0 
11626 121 18 121 18 121 0 121 0 121 0 121 0 121 0 121 106 121 0 121 0 121 0 
11632 122 8 122 18 122 0 122 0 122 0 122 0 122 0 122 8 122 0 122 0 122 0 
11647 123 12 123 8 123 0 123 0 123 0 123 0 123 0 123 16 123 0 123 0 123 0 
11662 124 8 124 8 124 0 124 0 124 0 124 0 124 0 124 8 124 0 124 0 124 0 
11671 125 6 125 6 125 0 125 0 125 0 125 0 125 0 125 8 125 0 125 0 125 0 
11672 126 2 126 6 126 2 126 0 126 0 126 0 126 0 126 8 126 0 126 0 126 0 
11677 127 5 127 6 127 2 127 0 127 0 127 0 127 0 127 5 127 0 127 0 127 0 
11686 128 8 128 8 128 2 128 0 128 0 128 0 128 0 128 5 128 0 128 0 128 0 
11687 129 5 129 8 129 5 129 0 129 0 129 0 129 0 129 5 129 0 129 0 129 0 
11692 130 63 130 8 130 5 130 0 130 0 130 0 130 0 130 63 130 0 130 0 130 0 
11701 131 3 131 3 131 5 131 0 131 0 131 0 131 0 131 63 131 0 131 0 131 0 
11702 132 7 132 3 132 7 132 0 132 0 132 0 132 0 132 63 132 0 132 0 132 0 
11707 133 6 133 3 133 7 133 0 133 0 133 0 133 0 133 6 133 0 133 0 133 0 
11716 134 29 134 29 134 7 134 0 134 0 134 0 134 0 134 6 134 0 134 0 134 0 
11717 135 2 135 29 135 2 135 0 135 0 135 0 135 0 135 6 135 0 135 0 135 0 
11722 136 8 136 29 136 2 136 0 136 0 136 0 136 0 136 8 136 0 136 0 136 0 
11731 137 6 137 6 137 2 137 0 137 0 137 0 137 0 137 8 137 0 137 0 137 0 
11732 138 0 138 6 138 0 138 0 138 0 138 0 138 0 138 8 138 0 138 0 138 0 
11746 139 8 139 8 139 0 139 0 139 0 139 0 139 0 139 8 139 0 139 0 139 0 
11752 140 7 140 8 140 0 140 0 140 0 140 0 140 0 140 7 140 0 140 0 140 0 
11767 141 5 141 8 141 0 141 0 141 0 141 0 141 0 141 5 141 0 141 0 141 0 
11782 142 8 142 8 142 0 142 0 142 0 142 0 142 0 142 8 142 0 142 0 142 0 
11791 143 48 143 48 143 0 143 0 143 0 143 0 143 0 143 8 143 0 143 0 143 0 
11806 144 8 144 8 144 0 144 0 144 0 144 0 144 0 144 8 144 0 144 0 144 0 
11827 145 6 145 8 145 0 145 0 145 0 145 0 145 0 145 6 145 0 145 0 145 0 
11836 146 4 146 4 146 0 146 0 146 0 146 0 146 0 146 6 146 0 146 0 146 0 
11851 147 0 147 0 147 0 147 0 147 0 147 0 147 0 147 6 147 0 147 0 147 0 
12078 148 3 148 0 148 0 148 6 148 0 148 0 148 0 148 0 148 0 148 0 148 0 
12093 149 4 149 0 149 0 149 4 149 0 149 0 149 0 149 0 149 0 149 0 149 0 
12108 150 6 150 0 150 0 150 6 150 0 150 0 150 0 150 0 150 0 150 0 150 0 
12123 151 0 151 0 151 0 151 0 151 0 151 0 151 0 151 0 151 0 151 0 151 0 
13224 152 2 152 0 152 0 152 0 152 0 152 0 152 0 152 0 152 0 152 2 152 0 
13239 153 5 153 0 153 0 153 0 153 0 153 0 153 0 153 0 153 0 153 5 153 0 
13254 154 4 154 0 154 0 154 0 154 0 154 0 154 0 154 0 154 0 154 4 154 0 
13269 155 3 155 0 155 0 155 0 155 0 155 0 155 0 155 0 155 0 155 3 155 0 
13284 156 0 156 0 156 0 156 0 156 0 156 0 156 0 156 0 156 0 156 0 156 0 
13689 157 2 157 0 157 0 157 0 157 0 157 0 157 0 157 0 157 0 157 2 157 0 
13704 158 26 158 0 158 0 158 0 158 0 158 0 158 0 158 0 158 0 158 26 158 0 
13719 159 6 159 0 159 0 159 0 159 0 159 0 159 0 159 0 159 0 159 6 159 0 
13734 160 8 160 0 160 0 160 0 160 0 160 0 160 0 160 0 160 0 160 8 160 0 
13749 161 7 161 0 161 0 161 0 161 0 161 0 161 0 161 0 161 0 161 7 161 0 
13764 162 0 162 0 162 0 162 0 162 0 162 0 162 0 162 0 162 0 162 0 162 0 
13896 163 6 163 0 163 0 163 0 163 0 163 0 163 6 163 0 163 0 163 0 163 0 
13911 164 4 164 0 164 0 164 0 164 0 164 0 164 4 164 0 164 0 164 0 164 0 
13926 165 6 165 0 165 0 165 0 165 0 165 0 165 6 165 0 165 0 165 0 165 0 
13941 166 0 166 0 166 0 166 0 166 0 166 0 166 0 166 0 166 0 166 0 166 0 
14162 167 8 167 0 167 8 167 0 167 0 167 0 167 0 167 0 167 0 167 0 167 0 
14207 168 6 168 0 168 6 168 0 168 0 168 0 168 0 168 0 168 0 168 0 168 0 
14222 169 8 169 0 169 8 169 0 169 0 169 0 169 0 169 0 169 0 169 0 169 0 
14267 170 16 170 0 170 16 170 0 170 0 170 0 170 0 170 0 170 0 170 0 170 0 
14282 171 8 171 0 171 8 171 0 171 0 171 0 171 0 171 0 171 0 171 0 171 0 
14297 172 18 172 0 172 18 172 0 172 0 172 0 172 0 172 0 172 0 172 0 172 0 
14312 173 6 173 0 173 6 173 0 173 0 173 0 173 0 173 0 173 0 173 0 173 0 
14342 174 26 174 0 174 26 174 0 174 0 174 0 174 0 174 0 174 0 174 0 174 0 
14357 175 18 175 0 175 18 175 0 175 0 175 0 175 0 175 0 175 0 175 0 175 0 
14372 176 8 176 0 176 8 176 0 176 0 176 0 176 0 176 0 176 0 176 0 176 0 
14387 177 6 177 0 177 6 177 0 177 0 177 0 177 0 177 0 177 0 177 0 177 0 
14402 178 4 178 0 178 4 178 0 178 0 178 0 178 0 178 0 178 0 178 0 178 0 
14417 179 0 179 0 179 0 179 0 179 0 179 0 179 0 179 0 179 0 179 0 179 0 
15925 180 12 180 0 180 0 180 0 180 0 180 0 180 0 180 0 180 0 180 0 180 12 
15940 181 6 181 0 181 0 181 0 181 0 181 0 181 0 181 0 181 0 181 0 181 6 
15970 182 2 182 0 182 0 182 0 182 0 182 0 182 0 182 0 182 0 182 0 182 2 
15985 183 0 183 0 183 0 183 0 183 0 183 0 183 0 183 0 183 0 183 0 183 0 
16281 184 8 184 0 184 0 184 0 184 0 184 0 184 8 184 0 184 0 184 0 184 0 
16311 185 3 185 0 185 0 185 0 185 0 185 0 185 3 185 0 185 0 185 0 185 0 
16326 186 29 186 0 186 0 186 0 186 0 186 0 186 29 186 0 186 0 186 0 186 0 
16341 187 18 187 0 187 0 187 0 187 0 187 0 187 18 187 0 187 0 187 0 187 0 
16356 188 26 188 0 188 0 188 0 188 0 188 0 188 26 188 0 188 0 188 0 188 0 
16371 189 6 189 0 189 0 189 0 189 0 189 0 189 6 189 0 189 0 189 0 189 0 
16386 190 18 190 0 190 0 190 0 190 0 190 0 190 18 190 0 190 0 190 0 190 0 
16401 191 6 191 0 191 0 191 0 191 0 191 0 191 6 191 0 191 0 191 0 191 0 
16416 192 8 192 0 192 0 192 0 192 0 192 0 192 8 192 0 192 0 192 0 192 0 
16431 193 6 193 0 193 0 193 0 193 0 193 0 193 6 193 0 193 0 193 0 193 0 
16446 194 8 194 0 194 0 194 0 194 0 194 0 194 8 194 0 194 0 194 0 194 0 
16491 195 0 195 0 195 0 195 0 195 0 195 0 195 0 195 0 195 0 195 0 195 0 
16600 196 2 196 0 196 0 196 0 196 0 196 0 196 0 196 0 196 0 196 0 196 2 
16615 197 6 197 0 197 0 197 0 197 0 197 0 197 0 197 0 197 0 197 0 197 6 
16630 198 9 198 0 198 0 198 0 198 0 198 0 198 0 198 0 198 0 198 0 198 9 
16642 199 2 199 0 199 0 199 0 199 0 199 0 199 0 199 2 199 0 199 0 199 9 
16645 200 5 200 0 200 0 200 0 200 0 200 0 200 0 200 2 200 0 200 0 200 5 
16657 201 0 201 0 201 0 201 0 201 0 201 0 201 0 201 0 201 0 201 0 201 5 
16660 202 8 202 0 202 0 202 0 202 0 202 0 202 0 202 0 202 0 202 0 202 8 
16675 203 6 203 0 203 0 203 0 203 0 203 0 203 0 203 0 203 0 203 0 203 6 
16690 204 8 204 0 204 0 204 0 204 0 204 0 204 0 204 0 204 0 204 0 204 8 
16711 205 16 205 16 205 0 205 0 205 0 205 0 205 0 205 0 205 0 205 0 205 8 
16720 206 18 206 16 206 0 206 0 206 0 206 0 206 0 206 0 206 0 206 0 206 18 
16726 207 6 207 6 207 0 207 0 207 0 207 0 207 0 207 0 207 0 207 0 207 18 
16732 208 7 208 6 208 0 208 0 208 0 208 0 208 0 208 7 208 0 208 0 208 18 
16735 209 6 209 6 209 0 209 0 209 0 209 0 209 0 209 7 209 0 209 0 209 6 
16741 210 14 210 14 210 0 210 0 210 0 210 0 210 0 210 7 210 0 210 0 210 6 
16747 211 3 211 14 211 0 211 0 211 0 211 0 211 0 211 3 211 0 211 0 211 6 
16750 212 8 212 14 212 0 212 0 212 0 212 0 212 0 212 3 212 0 212 0 212 8 
16756 213 0 213 0 213 0 213 0 213 0 213 0 213 0 213 3 213 0 213 0 213 8 
16762 214 6 214 0 214 0 214 0 214 0 214 0 214 0 214 6 214 0 214 0 214 8 
16777 215 0 215 0 215 0 215 0 215 0 215 0 215 0 215 0 215 0 215 0 215 8 
16921 216 1 216 2 216 0 216 0 216 0 216 0 216 0 216 0 216 0 216 0 216 0 
16936 217 7 217 7 217 0 217 0 217 0 217 0 217 0 217 0 217 0 217 0 217 0 
16951 218 5 218 5 218 0 218 0 218 0 218 0 218 0 218 0 218 0 218 0 218 0 
16966 219 8 219 8 219 0 219 0 219 0 219 0 219 0 219 0 219 0 219 0 219 0 
16996 220 18 220 18 220 0 220 0 220 0 220 0 220 0 220 0 220 0 220 0 220 0 
17011 221 0 221 0 221 0 221 0 221 0 221 0 221 0 221 0 221 0 221 0 221 0 
17508 222 4 222 0 222 0 222 4 222 0 222 0 222 0 222 0 222 0 222 0 222 0 
17523 223 6 223 0 223 0 223 6 223 0 223 0 223 0 223 0 223 0 223 0 223 0 
17538 224 8 224 0 224 0 224 8 224 0 224 0 224 0 224 0 224 0 224 0 224 0 
17583 225 6 225 0 225 0 225 6 225 0 225 0 225 0 225 0 225 0 225 0 225 0 
17598 226 8 226 0 226 0 226 8 226 0 226 0 226 0 226 0 226 0 226 0 226 0 
17643 227 6 227 0 227 0 227 6 227 0 227 0 227 0 227 0 227 0 227 0 227 0 
17658 228 8 228 0 228 0 228 8 228 0 228 0 228 0 228 0 228 0 228 0 228 0 
17703 229 4 229 0 229 0 229 4 229 0 229 0 229 0 229 0 229 0 229 0 229 0 
17718 230 8 230 0 230 0 230 8 230 0 230 0 230 0 230 0 230 0 230 0 230 0 
17733 231 18 231 0 231 0 231 18 231 0 231 0 231 0 231 0 231 0 231 0 231 0 
17763 232 6 232 0 232 0 232 6 232 0 232 0 232 0 232 0 232 0 232 0 232 0 
17778 233 8 233 0 233 0 233 8 233 0 233 0 233 0 233 0 233 0 233 0 233 0 
17793 234 9 234 0 234 0 234 9 234 0 234 0 234 0 234 0 234 0 234 0 234 0 
17808 235 34 235 0 235 0 235 34 235 0 235 0 235 0 235 0 235 0 235 0 235 0 
17823 236 5 236 0 236 0 236 5 236 0 236 0 236 0 236 0 236 0 236 0 236 0 
17838 237 2 237 0 237 0 237 2 237 0 237 0 237 0 237 0 237 0 237 0 237 0 
17853 238 0 238 0 238 0 238 0 238 0 238 0 238 0 238 0 238 0 238 0 238 0 
18624 239 4 239 0 239 0 239 0 239 0 239 0 239 0 239 0 239 0 239 4 239 0 
18654 240 7 240 0 240 0 240 0 240 0 240 0 240 0 240 0 240 0 240 7 240 0 
18669 241 1 241 0 241 0 241 0 241 0 241 0 241 0 241 0 241 0 241 1 241 0 
18684 242 0 242 0 242 0 242 0 242 0 242 0 242 0 242 0 242 0 242 0 242 0 
19419 243 6 243 0 243 0 243 0 243 0 243 0 243 0 243 0 243 0 243 6 243 0 
19434 244 8 244 0 244 0 244 0 244 0 244 0 244 0 244 0 244 0 244 8 244 0 
19479 245 6 245 0 245 0 245 0 245 0 245 0 245 0 245 0 245 0 245 6 245 0 
19494 246 8 246 0 246 0 246 0 246 0 246 0 246 0 246 0 246 0 246 8 246 0 
19518 247 2 247 0 247 0 247 2 247 0 247 0 247 0 247 0 247 0 247 8 247 0 
19524 248 6 248 0 248 0 248 2 248 0 248 0 248 0 248 0 248 0 248 6 248 0 
19533 249 0 249 0 249 0 249 0 249 0 249 0 249 0 249 0 249 0 249 6 249 0 
19554 250 8 250 0 250 0 250 0 250 0 250 0 250 0 250 0 250 0 250 8 250 0 
19569 251 18 251 0 251 0 251 0 251 0 251 0 251 0 251 0 251 0 251 18 251 0 
19599 252 2 252 0 252 0 252 0 252 0 252 0 252 0 252 0 252 0 252 2 252 0 
19614 253 0 253 0 253 0 253 0 253 0 253 0 253 0 253 0 253 0 253 0 253 0 
20885 254 2 254 0 254 0 254 0 254 0 254 2 254 0 254 0 254 0 254 0 254 0 
20900 255 6 255 0 255 0 255 0 255 0 255 6 255 0 255 0 255 0 255 0 255 0 
20915 256 2 256 0 256 0 256 0 256 0 256 2 256 0 256 0 256 0 256 0 256 0 
20930 257 6 257 0 257 0 257 0 257 0 257 6 257 0 257 0 257 0 257 0 257 0 
20945 258 0 258 0 258 0 258 0 258 0 258 0 258 0 258 0 258 0 258 0 258 0 
21351 259 2 259 0 259 0 259 0 259 0 259 0 259 2 259 0 259 0 259 0 259 0 
21366 260 6 260 0 260 0 260 0 260 0 260 0 260 6 260 0 260 0 260 0 260 0 
21381 261 7 261 0 261 0 261 0 261 0 261 0 261 7 261 0 261 0 261 0 261 0 
21396 262 1 262 0 262 0 262 0 262 0 262 0 262 1 262 0 262 0 262 0 262 0 
21411 263 0 263 0 263 0 263 0 263 0 263 0 263 0 263 0 263 0 263 0 263 0 
21742 264 6 264 0 264 0 264 0 264 0 264 0 264 0 264 6 264 0 264 0 264 0 
21757 265 18 265 0 265 0 265 0 265 0 265 0 265 0 265 18 265 0 265 0 265 0 
21772 266 8 266 0 266 0 266 0 266 0 266 0 266 0 266 8 266 0 266 0 266 0 
21787 267 6 267 0 267 0 267 0 267 0 267 0 267 0 267 6 267 0 267 0 267 0 
21802 268 8 268 0 268 0 268 0 268 0 268 0 268 0 268 8 268 0 268 0 268 0 
21847 269 6 269 0 269 0 269 0 269 0 269 0 269 0 269 6 269 0 269 0 269 0 
21862 270 8 270 0 270 0 270 0 270 0 270 0 270 0 270 8 270 0 270 0 270 0 
21886 271 4 271 4 271 0 271 0 271 0 271 0 271 0 271 8 271 0 271 0 271 0 
21907 272 6 272 4 272 0 272 0 272 0 272 0 272 0 272 6 272 0 272 0 272 0 
21916 273 7 273 7 273 0 273 0 273 0 273 0 273 0 273 6 273 0 273 0 273 0 
21922 274 8 274 7 274 0 274 0 274 0 274 0 274 0 274 8 274 0 274 0 274 0 
21931 275 1 275 1 275 0 275 0 275 0 275 0 275 0 275 8 275 0 275 0 275 0 
21946 276 0 276 0 276 0 276 0 276 0 276 0 276 0 276 8 276 0 276 0 276 0 
21967 277 6 277 0 277 0 277 0 277 0 277 0 277 0 277 6 277 0 277 0 277 0 
21982 278 8 278 0 278 0 278 0 278 0 278 0 278 0 278 8 278 0 278 0 278 0 
21997 279 6 279 0 279 0 279 0 279 0 279 0 279 0 279 6 279 0 279 0 279 0 
22012 280 8 280 0 280 0 280 0 280 0 280 0 280 0 280 8 280 0 280 0 280 0 
22027 281 6 281 0 281 0 281 0 281 0 281 0 281 0 281 6 281 0 281 0 281 0 
22042 282 8 282 0 282 0 282 0 282 0 282 0 282 0 282 8 282 0 282 0 282 0 
22057 283 0 283 0 283 0 283 0 283 0 283 0 283 0 283 0 283 0 283 0 283 0 
22535 284 2 284 0 284 0 284 0 284 0 284 2 284 0 284 0 284 0 284 0 284 0 
22550 285 8 285 0 285 0 285 0 285 0 285 8 285 0 285 0 285 0 285 0 285 0 
22565 286 26 286 0 286 0 286 0 286 0 286 26 286 0 286 0 286 0 286 0 286 0 
22580 287 9 287 0 287 0 287 0 287 0 287 9 287 0 287 0 287 0 287 0 287 0 
22595 288 72 288 0 288 0 288 0 288 0 288 72 288 0 288 0 288 0 288 0 288 0 
22606 289 12 289 12 289 0 289 0 289 0 289 72 289 0 289 0 289 0 289 0 289 0 
22610 290 5 290 12 290 0 290 0 290 0 290 5 290 0 290 0 290 0 290 0 290 0 
22621 291 0 291 0 291 0 291 0 291 0 291 5 291 0 291 0 291 0 291 0 291 0 
22625 292 8 292 0 292 0 292 0 292 0 292 8 292 0 292 0 292 0 292 0 292 0 
22640 293 2 293 0 293 0 293 0 293 0 293 2 293 0 293 0 293 0 293 0 293 0 
22655 294 0 294 0 294 0 294 0 294 0 294 0 294 0 294 0 294 0 294 0 294 0 
23086 295 8 295 8 295 0 295 0 295 0 295 0 295 0 295 0 295 0 295 0 295 0 
23131 296 6 296 6 296 0 296 0 296 0 296 0 296 0 296 0 296 0 296 0 296 0 
23146 297 8 297 8 297 0 297 0 297 0 297 0 297 0 297 0 297 0 297 0 297 0 
23161 298 18 298 18 298 0 298 0 298 0 298 0 298 0 298 0 298 0 298 0 298 0 
23191 299 6 299 6 299 0 299 0 299 0 299 0 299 0 299 0 299 0 299 0 299 0 
23206 300 8 300 8 300 0 300 0 300 0 300 0 300 0 300 0 300 0 300 0 300 0 
23251 301 0 301 0 301 0 301 0 301 0 301 0 301 0 301 0 301 0 301 0 301 0 
24474 302 4 302 0 302 0 302 0 302 0 302 0 302 0 302 0 302 0 302 4 302 0 
24504 303 7 303 0 303 0 303 0 303 0 303 0 303 0 303 0 303 0 303 7 303 0 
24519 304 1 304 0 304 0 304 0 304 0 304 0 304 0 304 0 304 0 304 1 304 0 
24534 305 0 305 0 305 0 305 0 305 0 305 0 305 0 305 0 305 0 305 0 305 0 
25479 306 5 306 0 306 0 306 0 306 0 306 0 306 0 306 0 306 0 306 5 306 0 
25494 307 8 307 0 307 0 307 0 307 0 307 0 307 0 307 0 307 0 307 8 307 0 
25509 308 7 308 0 308 0 308 0 308 0 308 0 308 0 308 0 308 0 308 7 308 0 
25524 309 5 309 0 309 0 309 0 309 0 309 0 309 0 309 0 309 0 309 5 309 0 
25539 310 27 310 0 310 0 310 0 310 0 310 0 310 0 310 0 310 0 310 27 310 0 
25546 311 1 311 1 311 0 311 0 311 0 311 0 311 0 311 0 311 0 311 27 311 0 
25554 312 6 312 1 312 0 312 0 312 0 312 0 312 0 312 0 312 0 312 6 312 0 
25561 313 0 313 0 313 0 313 0 313 0 313 0 313 0 313 0 313 0 313 6 313 0 
25569 314 8 314 0 314 0 314 0 314 0 314 0 314 0 314 0 314 0 314 8 314 0 
25584 315 2 315 0 315 0 315 0 315 0 315 0 315 0 315 0 315 0 315 2 315 0 
25599 316 0 316 0 316 0 316 0 316 0 316 0 316 0 316 0 316 0 316 0 316 0 
