# deltaRoads deltaRailVehicles
10 0 0 0 0 0 0 0 0 0 0 0 0 0 0 0 0 0 0 0 0 0 0 
122 7 0 0 0 7 0 0 0 0 0 0 0 0 0 0 0 0 0 0 0 0 0 
129 3 0 0 0 7 0 0 0 0 0 0 0 0 0 0 0 0 0 3 0 0 0 
137 0 0 0 0 0 0 0 0 0 0 0 0 0 0 0 0 0 0 3 0 0 0 
144 7 0 0 0 0 0 0 0 0 0 0 0 0 0 0 0 0 0 7 0 0 0 
159 2 0 0 0 0 0 0 0 0 0 0 0 0 0 0 0 0 0 2 0 0 0 
174 0 0 0 0 0 0 0 0 0 0 0 0 0 0 0 0 0 0 0 0 0 0 
1516 0 1 0 1 0 0 0 0 0 0 0 0 0 0 0 0 0 0 0 0 0 0 
1531 0 0 0 0 0 0 0 0 0 0 0 0 0 0 0 0 0 0 0 0 0 0 
2226 0 1 0 0 0 0 0 0 0 0 0 0 0 1 0 0 0 0 0 0 0 0 
2241 0 0 0 0 0 0 0 0 0 0 0 0 0 0 0 0 0 0 0 0 0 0 
2271 0 1 0 0 0 0 0 0 0 0 0 0 0 1 0 0 0 0 0 0 0 0 
2286 0 0 0 0 0 0 0 0 0 0 0 0 0 0 0 0 0 0 0 0 0 0 
2345 0 1 0 0 0 0 0 0 0 0 0 1 0 0 0 0 0 0 0 0 0 0 
2360 0 0 0 0 0 0 0 0 0 0 0 0 0 0 0 0 0 0 0 0 0 0 
2390 0 1 0 0 0 0 0 0 0 0 0 1 0 0 0 0 0 0 0 0 0 0 
2394 1 0 0 0 0 0 0 0 0 0 0 1 0 0 0 0 0 0 1 0 0 0 
2405 0.5 0 0 0 1 0 0 0 0 0 0 0 0 0 0 0 0 0 1 0 0 0 
2409 8 0 0 0 1 0 0 0 0 0 0 0 0 0 0 0 0 0 8 0 0 0 
2417 0 0 0 0 0 0 0 0 0 0 0 0 0 0 0 0 0 0 8 0 0 0 
2439 6 0 0 0 0 0 0 0 0 0 0 0 0 0 0 0 0 0 6 0 0 0 
2454 8 0 0 0 0 0 0 0 0 0 0 0 0 0 0 0 0 0 8 0 0 0 
2499 16 0 0 0 0 0 0 0 0 0 0 0 0 0 0 0 0 0 16 0 0 0 
2514 8 0 0 0 0 0 0 0 0 0 0 0 0 0 0 0 0 0 8 0 0 0 
2544 7 0 0 0 0 0 0 0 0 0 0 0 0 0 0 0 0 0 7 0 0 0 
2559 5 0 0 0 0 0 0 0 0 0 0 0 0 0 0 0 0 0 5 0 0 0 
2574 8 0 0 0 0 0 0 0 0 0 0 0 0 0 0 0 0 0 8 0 0 0 
2619 2 0 0 0 0 0 0 0 0 0 0 0 0 0 0 0 0 0 2 0 0 0 
2634 0 0 0 0 0 0 0 0 0 0 0 0 0 0 0 0 0 0 0 0 0 0 
3205 0 1 0 0 0 0 0 0 0 0 0 0 0 0 0 0 0 0 0 0 0 1 
3220 0 0 0 0 0 0 0 0 0 0 0 0 0 0 0 0 0 0 0 0 0 0 
3250 0 1 0 0 0 0 0 0 0 0 0 0 0 0 0 0 0 0 0 0 0 1 
3265 0 0 0 0 0 0 0 0 0 0 0 0 0 0 0 0 0 0 0 0 0 0 
4292 0 11 0 0 0 11 0 0 0 0 0 0 0 0 0 0 0 0 0 0 0 0 
4307 0 0 0 0 0 0 0 0 0 0 0 0 0 0 0 0 0 0 0 0 0 0 
4337 0 1 0 0 0 1 0 0 0 0 0 0 0 0 0 0 0 0 0 0 0 0 
4352 0 0 0 0 0 0 0 0 0 0 0 0 0 0 0 0 0 0 0 0 0 0 
4477 0 1 0 0 0 0 0 0 0 0 0 0 0 0 0 1 0 0 0 0 0 0 
4492 0 0 0 0 0 0 0 0 0 0 0 0 0 0 0 0 0 0 0 0 0 0 
4537 0 1 0 0 0 0 0 0 0 0 0 0 0 0 0 1 0 0 0 0 0 0 
4552 0 0 0 0 0 0 0 0 0 0 0 0 0 0 0 0 0 0 0 0 0 0 
6188 0 1 0 0 0 0 0 0 0 0 0 0 0 0 0 0 0 1 0 0 0 0 
6203 0 0 0 0 0 0 0 0 0 0 0 0 0 0 0 0 0 0 0 0 0 0 
6248 0 11 0 0 0 0 0 0 0 0 0 0 0 0 0 0 0 11 0 0 0 0 
6263 0 0 0 0 0 0 0 0 0 0 0 0 0 0 0 0 0 0 0 0 0 0 
6348 0 1 0 0 0 0 0 1 0 0 0 0 0 0 0 0 0 0 0 0 0 0 
6363 0 0 0 0 0 0 0 0 0 0 0 0 0 0 0 0 0 0 0 0 0 0 
6391 6 0 6 0 0 0 0 0 0 0 0 0 0 0 0 0 0 0 0 0 0 0 
6393 0 11 6 0 0 0 0 11 0 0 0 0 0 0 0 0 0 0 0 0 0 0 
6406 4 0 4 0 0 0 0 11 0 0 0 0 0 0 0 0 0 0 0 0 0 0 
6408 0 0 4 0 0 0 0 0 0 0 0 0 0 0 0 0 0 0 0 0 0 0 
6421 6 0 6 0 0 0 0 0 0 0 0 0 0 0 0 0 0 0 0 0 0 0 
6436 0 0 0 0 0 0 0 0 0 0 0 0 0 0 0 0 0 0 0 0 0 0 
7205 4 0 0 0 0 0 0 0 0 0 4 0 0 0 0 0 0 0 0 0 0 0 
7220 16 0 0 0 0 0 0 0 0 0 16 0 0 0 0 0 0 0 0 0 0 0 
7235 5 0 0 0 0 0 0 0 0 0 5 0 0 0 0 0 0 0 0 0 0 0 
7250 1 0 0 0 0 0 0 0 0 0 1 0 0 0 0 0 0 0 0 0 0 0 
7265 0 0 0 0 0 0 0 0 0 0 0 0 0 0 0 0 0 0 0 0 0 0 
7899 4 0 0 0 0 0 0 0 0 0 0 0 0 0 0 0 0 0 4 0 0 0 
7929 17 0 0 0 0 0 0 0 0 0 0 0 0 0 0 0 0 0 17 0 0 0 
7944 1 0 0 0 0 0 0 0 0 0 0 0 0 0 0 0 0 0 1 0 0 0 
7959 0 0 0 0 0 0 0 0 0 0 0 0 0 0 0 0 0 0 0 0 0 0 
8065 4 0 0 0 0 0 0 0 0 0 0 0 0 0 0 0 0 0 0 0 4 0 
8080 6 0 0 0 0 0 0 0 0 0 0 0 0 0 0 0 0 0 0 0 6 0 
8095 5 0 0 0 0 0 0 0 0 0 0 0 0 0 0 0 0 0 0 0 5 0 
8110 1 0 0 0 0 0 0 0 0 0 0 0 0 0 0 0 0 0 0 0 1 0 
8125 0 0 0 0 0 0 0 0 0 0 0 0 0 0 0 0 0 0 0 0 0 0 
8840 8 0 0 0 0 0 0 0 0 0 8 0 0 0 0 0 0 0 0 0 0 0 
8855 6 0 0 0 0 0 0 0 0 0 6 0 0 0 0 0 0 0 0 0 0 0 
8870 5 0 0 0 0 0 0 0 0 0 5 0 0 0 0 0 0 0 0 0 0 0 
8885 37 0 0 0 0 0 0 0 0 0 37 0 0 0 0 0 0 0 0 0 0 0 
8900 8 0 0 0 0 0 0 0 0 0 8 0 0 0 0 0 0 0 0 0 0 0 
8915 6 0 0 0 0 0 0 0 0 0 6 0 0 0 0 0 0 0 0 0 0 0 
8930 18 0 0 0 0 0 0 0 0 0 18 0 0 0 0 0 0 0 0 0 0 0 
8945 8 0 0 0 0 0 0 0 0 0 8 0 0 0 0 0 0 0 0 0 0 0 
8975 6 0 0 0 0 0 0 0 0 0 6 0 0 0 0 0 0 0 0 0 0 0 
8990 8 0 0 0 0 0 0 0 0 0 8 0 0 0 0 0 0 0 0 0 0 0 
9020 4 0 0 0 0 0 0 0 0 0 4 0 0 0 0 0 0 0 0 0 0 0 
9035 0 0 0 0 0 0 0 0 0 0 0 0 0 0 0 0 0 0 0 0 0 0 
9130 4 0 0 0 0 0 0 0 0 0 0 0 0 0 0 0 0 0 0 0 4 0 
9145 8 0 0 0 0 0 0 0 0 0 0 0 0 0 0 0 0 0 0 0 8 0 
9167 6 0 0 0 6 0 0 0 0 0 0 0 0 0 0 0 0 0 0 0 8 0 
9182 5 0 0 0 4 0 0 0 0 0 0 0 0 0 0 0 0 0 0 0 6 0 
9190 8 0 0 0 4 0 0 0 0 0 0 0 0 0 0 0 0 0 0 0 8 0 
9197 6 0 0 0 6 0 0 0 0 0 0 0 0 0 0 0 0 0 0 0 8 0 
9212 0 0 0 0 0 0 0 0 0 0 0 0 0 0 0 0 0 0 0 0 8 0 
9235 6 0 0 0 0 0 0 0 0 0 0 0 0 0 0 0 0 0 0 0 6 0 
9265 0 0 0 0 0 0 0 0 0 0 0 0 0 0 0 0 0 0 0 0 0 0 
9352 4 0 0 0 0 0 0 0 0 0 0 0 0 0 4 0 0 0 0 0 0 0 
9397 2 0 0 0 0 0 0 0 0 0 0 0 0 0 2 0 0 0 0 0 0 0 
9412 0 0 0 0 0 0 0 0 0 0 0 0 0 0 0 0 0 0 0 0 0 0 
10911 0 1 0 0 0 0 0 0 0 0 0 0 0 1 0 0 0 0 0 0 0 0 
10926 0 0 0 0 0 0 0 0 0 0 0 0 0 0 0 0 0 0 0 0 0 0 
10956 0 31 0 0 0 0 0 0 0 0 0 0 0 31 0 0 0 0 0 0 0 0 
10971 0 0 0 0 0 0 0 0 0 0 0 0 0 0 0 0 0 0 0 0 0 0 
11063 4 0 0 0 0 0 0 0 0 0 0 0 0 0 0 0 4 0 0 0 0 0 
11093 7 0 0 0 0 0 0 0 0 0 0 0 0 0 0 0 7 0 0 0 0 0 
11108 1 0 0 0 0 0 0 0 0 0 0 0 0 0 0 0 1 0 0 0 0 0 
11123 0 0 0 0 0 0 0 0 0 0 0 0 0 0 0 0 0 0 0 0 0 0 
11223 4 0 0 0 0 0 4 0 0 0 0 0 0 0 0 0 0 0 0 0 0 0 
11268 0 0 0 0 0 0 0 0 0 0 0 0 0 0 0 0 0 0 0 0 0 0 
12047 4 0 0 0 4 0 0 0 0 0 0 0 0 0 0 0 0 0 0 0 0 0 
12062 8 0 0 0 8 0 0 0 0 0 0 0 0 0 0 0 0 0 0 0 0 0 
12107 6 0 0 0 6 0 0 0 0 0 0 0 0 0 0 0 0 0 0 0 0 0 
12122 8 0 0 0 8 0 0 0 0 0 0 0 0 0 0 0 0 0 0 0 0 0 
12152 18 0 0 0 18 0 0 0 0 0 0 0 0 0 0 0 0 0 0 0 0 0 
12167 6 0 0 0 6 0 0 0 0 0 0 0 0 0 0 0 0 0 0 0 0 0 
12182 8 0 0 0 8 0 0 0 0 0 0 0 0 0 0 0 0 0 0 0 0 0 
12197 28 0 0 0 28 0 0 0 0 0 0 0 0 0 0 0 0 0 0 0 0 0 
12212 8 0 0 0 8 0 0 0 0 0 0 0 0 0 0 0 0 0 0 0 0 0 
12227 6 0 0 0 6 0 0 0 0 0 0 0 0 0 0 0 0 0 0 0 0 0 
12242 8 0 0 0 8 0 0 0 0 0 0 0 0 0 0 0 0 0 0 0 0 0 
12257 15 0 0 0 15 0 0 0 0 0 0 0 0 0 0 0 0 0 0 0 0 0 
12272 29 0 0 0 29 0 0 0 0 0 0 0 0 0 0 0 0 0 0 0 0 0 
12287 2 0 0 0 2 0 0 0 0 0 0 0 0 0 0 0 0 0 0 0 0 0 
12302 0 0 0 0 0 0 0 0 0 0 0 0 0 0 0 0 0 0 0 0 0 0 
12999 6 0 0 0 0 0 0 0 0 0 0 0 0 0 0 0 0 0 6 0 0 0 
13014 8 0 0 0 0 0 0 0 0 0 0 0 0 0 0 0 0 0 8 0 0 0 
13044 35 0 0 0 0 0 0 0 0 0 0 0 0 0 0 0 0 0 35 0 0 0 
13059 5 0 0 0 0 0 0 0 0 0 0 0 0 0 0 0 0 0 5 0 0 0 
13074 8 0 0 0 0 0 0 0 0 0 0 0 0 0 0 0 0 0 8 0 0 0 
13089 18 0 0 0 0 0 0 0 0 0 0 0 0 0 0 0 0 0 18 0 0 0 
13104 8 0 0 0 0 0 0 0 0 0 0 0 0 0 0 0 0 0 8 0 0 0 
13119 16 0 0 0 0 0 0 0 0 0 0 0 0 0 0 0 0 0 16 0 0 0 
13134 8 0 0 0 0 0 0 0 0 0 0 0 0 0 0 0 0 0 8 0 0 0 
13149 6 0 0 0 0 0 0 0 0 0 0 0 0 0 0 0 0 0 6 0 0 0 
13164 8 0 0 0 0 0 0 0 0 0 0 0 0 0 0 0 0 0 8 0 0 0 
13179 6 0 0 0 0 0 0 0 0 0 0 0 0 0 0 0 0 0 6 0 0 0 
13194 18 0 0 0 0 0 0 0 0 0 0 0 0 0 0 0 0 0 18 0 0 0 
13209 8 0 0 0 0 0 0 0 0 0 0 0 0 0 0 0 0 0 8 0 0 0 
13239 6 0 0 0 0 0 0 0 0 0 0 0 0 0 0 0 0 0 6 0 0 0 
13269 4 0 0 0 0 0 0 0 0 0 0 0 0 0 0 0 0 0 4 0 0 0 
13284 0 0 0 0 0 0 0 0 0 0 0 0 0 0 0 0 0 0 0 0 0 0 
13328 2 0 0 0 0 0 0 0 0 0 0 0 0 0 0 0 2 0 0 0 0 0 
13343 16 0 0 0 0 0 0 0 0 0 0 0 0 0 0 0 16 0 0 0 0 0 
13358 8 0 0 0 0 0 0 0 0 0 0 0 0 0 0 0 8 0 0 0 0 0 
13388 18 0 0 0 0 0 0 0 0 0 0 0 0 0 0 0 18 0 0 0 0 0 
13403 6 0 0 0 0 0 0 0 0 0 0 0 0 0 0 0 6 0 0 0 0 0 
13418 8 0 0 0 0 0 0 0 0 0 0 0 0 0 0 0 8 0 0 0 0 0 
13433 28 0 0 0 0 0 0 0 0 0 0 0 0 0 0 0 28 0 0 0 0 0 
13447 14 0 0 0 0 0 0 0 0 0 0 0 0 0 14 0 28 0 0 0 0 0 
13448 8 0 0 0 0 0 0 0 0 0 0 0 0 0 14 0 8 0 0 0 0 0 
13463 7 0 0 0 0 0 0 0 0 0 0 0 0 0 8 0 6 0 0 0 0 0 
13478 8 0 0 0 0 0 0 0 0 0 0 0 0 0 8 0 8 0 0 0 0 0 
13492 2 0 0 0 0 0 0 0 0 0 0 0 0 0 2 0 8 0 0 0 0 0 
13507 0 0 0 0 0 0 0 0 0 0 0 0 0 0 0 0 8 0 0 0 0 0 
13523 6 0 0 0 0 0 0 0 0 0 0 0 0 0 0 0 6 0 0 0 0 0 
13538 5 0 0 0 0 0 0 0 0 0 0 0 0 0 0 0 5 0 0 0 0 0 
13553 37 0 0 0 0 0 0 0 0 0 0 0 0 0 0 0 37 0 0 0 0 0 
13568 8 0 0 0 0 0 0 0 0 0 0 0 0 0 0 0 8 0 0 0 0 0 
13583 6 0 0 0 0 0 0 0 0 0 0 0 0 0 0 0 6 0 0 0 0 0 
13598 0 0 0 0 0 0 0 0 0 0 0 0 0 0 0 0 0 0 0 0 0 0 
13787 1 0 0 0 1 0 0 0 0 0 0 0 0 0 0 0 0 0 0 0 0 0 
13792 4 0 0 0 1 0 0 0 0 0 0 0 0 0 4 0 0 0 0 0 0 0 
13807 6 0 0 0 1 0 0 0 0 0 0 0 0 0 6 0 0 0 0 0 0 0 
13817 0 0 0 0 0 0 0 0 0 0 0 0 0 0 6 0 0 0 0 0 0 0 
13822 8 0 0 0 0 0 0 0 0 0 0 0 0 0 8 0 0 0 0 0 0 0 
13862 2 0 0 0 2 0 0 0 0 0 0 0 0 0 8 0 0 0 0 0 0 0 
13867 4 0 0 0 2 0 0 0 0 0 0 0 0 0 4 0 0 0 0 0 0 0 
13877 0 0 0 0 0 0 0 0 0 0 0 0 0 0 4 0 0 0 0 0 0 0 
13882 8 0 0 0 0 0 0 0 0 0 0 0 0 0 8 0 0 0 0 0 0 0 
13910 6 0 0 0 0 0 0 0 0 0 6 0 0 0 8 0 0 0 0 0 0 0 
13922 2 0 0 0 2 0 0 0 0 0 6 0 0 0 8 0 0 0 0 0 0 0 
13925 4 0 0 0 2 0 0 0 0 0 4 0 0 0 8 0 0 0 0 0 0 0 
13927 14 0 0 0 2 0 0 0 0 0 4 0 0 0 14 0 0 0 0 0 0 0 
13937 0 0 0 0 0 0 0 0 0 0 4 0 0 0 14 0 0 0 0 0 0 0 
13942 8 0 0 0 0 0 0 0 0 0 4 0 0 0 8 0 0 0 0 0 0 0 
13955 0 0 0 0 0 0 0 0 0 0 0 0 0 0 8 0 0 0 0 0 0 0 
13957 7 0 0 0 0 0 0 0 0 0 0 0 0 0 7 0 0 0 0 0 0 0 
13967 2 0 0 0 2 0 0 0 0 0 0 0 0 0 7 0 0 0 0 0 0 0 
13972 42 0 0 0 2 0 0 0 0 0 0 0 0 0 42 0 0 0 0 0 0 0 
13982 0 0 0 0 0 0 0 0 0 0 0 0 0 0 42 0 0 0 0 0 0 0 
13987 3 0 0 0 0 0 0 0 0 0 0 0 0 0 3 0 0 0 0 0 0 0 
14002 0 0 0 0 0 0 0 0 0 0 0 0 0 0 0 0 0 0 0 0 0 0 
14341 2 0 2 0 0 0 0 0 0 0 0 0 0 0 0 0 0 0 0 0 0 0 
14356 16 0 16 0 0 0 0 0 0 0 0 0 0 0 0 0 0 0 0 0 0 0 
14371 7 0 7 0 0 0 0 0 0 0 0 0 0 0 0 0 0 0 0 0 0 0 
14386 17 0 17 0 0 0 0 0 0 0 0 0 0 0 0 0 0 0 0 0 0 0 
14401 8 0 8 0 0 0 0 0 0 0 0 0 0 0 0 0 0 0 0 0 0 0 
14431 7 0 7 0 0 0 0 0 0 0 0 0 0 0 0 0 0 0 0 0 0 0 
14461 8 0 8 0 0 0 0 0 0 0 0 0 0 0 0 0 0 0 0 0 0 0 
14491 6 0 6 0 0 0 0 0 0 0 0 0 0 0 0 0 0 0 0 0 0 0 
14506 8 0 8 0 0 0 0 0 0 0 0 0 0 0 0 0 0 0 0 0 0 0 
14551 6 0 6 0 0 0 0 0 0 0 0 0 0 0 0 0 0 0 0 0 0 0 
14566 8 0 8 0 0 0 0 0 0 0 0 0 0 0 0 0 0 0 0 0 0 0 
14611 7 0 7 0 0 0 0 0 0 0 0 0 0 0 0 0 0 0 0 0 0 0 
14626 17 0 17 0 0 0 0 0 0 0 0 0 0 0 0 0 0 0 0 0 0 0 
14641 6 0 6 0 0 0 0 0 0 0 0 0 0 0 0 0 0 0 0 0 0 0 
14656 8 0 8 0 0 0 0 0 0 0 0 0 0 0 0 0 0 0 0 0 0 0 
14671 6 0 6 0 0 0 0 0 0 0 0 0 0 0 0 0 0 0 0 0 0 0 
14686 45 0 45 0 0 0 0 0 0 0 0 0 0 0 0 0 0 0 0 0 0 0 
14701 6 0 6 0 0 0 0 0 0 0 0 0 0 0 0 0 0 0 0 0 0 0 
14716 1 0 1 0 0 0 0 0 0 0 0 0 0 0 0 0 0 0 0 0 0 0 
14731 0 0 0 0 0 0 0 0 0 0 0 0 0 0 0 0 0 0 0 0 0 0 
15786 6 0 0 0 0 0 0 0 0 0 0 0 6 0 0 0 0 0 0 0 0 0 
15801 4 0 0 0 0 0 0 0 0 0 0 0 4 0 0 0 0 0 0 0 0 0 
15816 6 0 0 0 0 0 0 0 0 0 0 0 6 0 0 0 0 0 0 0 0 0 
15831 0 0 0 0 0 0 0 0 0 0 0 0 0 0 0 0 0 0 0 0 0 0 
15860 2 0 0 0 0 0 0 0 0 0 2 0 0 0 0 0 0 0 0 0 0 0 
15872 1.5 0 0 0 1 0 0 0 0 0 2 0 0 0 2 0 0 0 0 0 0 0 
15875 3 0 0 0 1 0 0 0 0 0 3 0 0 0 2 0 0 0 0 0 0 0 
15887 1.5 0 0 0 0 0 0 0 0 0 3 0 0 0 3 0 0 0 0 0 0 0 
15890 5 0 0 0 0 0 0 0 0 0 5 0 0 0 3 0 0 0 0 0 0 0 
15892 0 0 0 0 0 0 0 0 0 0 5 0 0 0 0 0 0 0 0 0 0 0 
16038 3 0 0 0 0 0 6 0 0 0 0 0 0 0 0 0 0 0 0 0 0 0 
16053 8 0 0 0 0 0 8 0 0 0 0 0 0 0 0 0 0 0 0 0 0 0 
16083 6 0 0 0 0 0 6 0 0 0 0 0 0 0 0 0 0 0 0 0 0 0 
16098 8 0 0 0 0 0 8 0 0 0 0 0 0 0 0 0 0 0 0 0 0 0 
16143 6 0 0 0 0 0 6 0 0 0 0 0 0 0 0 0 0 0 0 0 0 0 
16158 8 0 0 0 0 0 8 0 0 0 0 0 0 0 0 0 0 0 0 0 0 0 
16203 6 0 0 0 0 0 6 0 0 0 0 0 0 0 0 0 0 0 0 0 0 0 
16218 8 0 0 0 0 0 8 0 0 0 0 0 0 0 0 0 0 0 0 0 0 0 
16248 18 0 0 0 0 0 18 0 0 0 0 0 0 0 0 0 0 0 0 0 0 0 
16263 33 0 0 0 0 0 33 0 0 0 0 0 0 0 0 0 0 0 0 0 0 0 
16266 4 0 0 0 0 0 33 0 0 0 0 0 4 0 0 0 0 0 0 0 0 0 
16278 27 0 0 0 0 0 27 0 0 0 0 0 4 0 0 0 0 0 0 0 0 0 
16281 26 0 0 0 0 0 27 0 0 0 0 0 26 0 0 0 0 0 0 0 0 0 
16293 8 0 0 0 0 0 8 0 0 0 0 0 26 0 0 0 0 0 0 0 0 0 
16296 6 0 0 0 0 0 8 0 0 0 0 0 6 0 0 0 0 0 0 0 0 0 
16306 2 0 2 0 0 0 8 0 0 0 0 0 6 0 0 0 0 0 0 0 0 0 
16321 0 0 0 0 0 0 8 0 0 0 0 0 6 0 0 0 0 0 0 0 0 0 
16323 13 0 0 0 0 0 13 0 0 0 0 0 6 0 0 0 0 0 0 0 0 0 
16326 2 0 0 0 0 0 13 0 0 0 0 0 2 0 0 0 0 0 0 0 0 0 
16338 32 0 0 0 0 0 32 0 0 0 0 0 2 0 0 0 0 0 0 0 0 0 
16341 0 0 0 0 0 0 32 0 0 0 0 0 0 0 0 0 0 0 0 0 0 0 
18445 0 0.5 0 0 0 0 0 0 0 0 0 0 0 0 0 0 0 0 0 0 0 1 
18460 0 0 0 0 0 0 0 0 0 0 0 0 0 0 0 0 0 0 0 0 0 0 
18490 0 1 0 0 0 0 0 0 0 0 0 0 0 0 0 0 0 0 0 0 0 1 
18505 0 0 0 0 0 0 0 0 0 0 0 0 0 0 0 0 0 0 0 0 0 0 
19576 2 0 2 0 0 0 0 0 0 0 0 0 0 0 0 0 0 0 0 0 0 0 
19591 5 0 5 0 0 0 0 0 0 0 0 0 0 0 0 0 0 0 0 0 0 0 
19606 7 0 7 0 0 0 0 0 0 0 0 0 0 0 0 0 0 0 0 0 0 0 
19621 2 0 2 0 0 0 0 0 0 0 0 0 0 0 0 0 0 0 0 0 0 0 
19636 0 0 0 0 0 0 0 0 0 0 0 0 0 0 0 0 0 0 0 0 0 0 
20431 2 0 2 0 0 0 0 0 0 0 0 0 0 0 0 0 0 0 0 0 0 0 
20446 6 0 6 0 0 0 0 0 0 0 0 0 0 0 0 0 0 0 0 0 0 0 
20461 26 0 26 0 0 0 0 0 0 0 0 0 0 0 0 0 0 0 0 0 0 0 
20476 8 0 8 0 0 0 0 0 0 0 0 0 0 0 0 0 0 0 0 0 0 0 
20491 6 0 6 0 0 0 0 0 0 0 0 0 0 0 0 0 0 0 0 0 0 0 
20521 8 0 8 0 0 0 0 0 0 0 0 0 0 0 0 0 0 0 0 0 0 0 
20536 18 0 18 0 0 0 0 0 0 0 0 0 0 0 0 0 0 0 0 0 0 0 
20551 6 0 6 0 0 0 0 0 0 0 0 0 0 0 0 0 0 0 0 0 0 0 
20566 4 0 4 0 0 0 0 0 0 0 0 0 0 0 0 0 0 0 0 0 0 0 
20581 0 0 0 0 0 0 0 0 0 0 0 0 0 0 0 0 0 0 0 0 0 0 
20810 16 0 0 0 0 0 0 0 0 0 16 0 0 0 0 0 0 0 0 0 0 0 
20825 6 0 0 0 0 0 0 0 0 0 6 0 0 0 0 0 0 0 0 0 0 0 
20840 4 0 0 0 0 0 0 0 0 0 4 0 0 0 0 0 0 0 0 0 0 0 
20855 0 0 0 0 0 0 0 0 0 0 0 0 0 0 0 0 0 0 0 0 0 0 
21198 2 0 0 0 0 0 2 0 0 0 0 0 0 0 0 0 0 0 0 0 0 0 
21213 6 0 0 0 0 0 6 0 0 0 0 0 0 0 0 0 0 0 0 0 0 0 
21228 7 0 0 0 0 0 7 0 0 0 0 0 0 0 0 0 0 0 0 0 0 0 
21243 -1 0 0 0 0 0 -1 0 0 0 0 0 0 0 0 0 0 0 0 0 0 0 
21258 -8 0 0 0 0 0 -8 0 0 0 0 0 0 0 0 0 0 0 0 0 0 0 
21273 -6 0 0 0 0 0 -6 0 0 0 0 0 0 0 0 0 0 0 0 0 0 0 
21288 0 0 0 0 0 0 0 0 0 0 0 0 0 0 0 0 0 0 0 0 0 0 
21474 0 1 0 0 0 0 0 0 0 0 0 0 0 0 0 0 0 0 0 1 0 0 
21489 0 0 0 0 0 0 0 0 0 0 0 0 0 0 0 0 0 0 0 0 0 0 
21519 0 1 0 0 0 0 0 0 0 0 0 0 0 0 0 0 0 0 0 1 0 0 
21534 0 0 0 0 0 0 0 0 0 0 0 0 0 0 0 0 0 0 0 0 0 0 
21560 2 0 0 0 0 0 0 0 0 0 2 0 0 0 0 0 0 0 0 0 0 0 
21575 6 0 0 0 0 0 0 0 0 0 6 0 0 0 0 0 0 0 0 0 0 0 
21605 18 0 0 0 0 0 0 0 0 0 18 0 0 0 0 0 0 0 0 0 0 0 
21620 8 0 0 0 0 0 0 0 0 0 8 0 0 0 0 0 0 0 0 0 0 0 
21635 6 0 0 0 0 0 0 0 0 0 6 0 0 0 0 0 0 0 0 0 0 0 
21650 8 0 0 0 0 0 0 0 0 0 8 0 0 0 0 0 0 0 0 0 0 0 
21680 2 0 0 0 0 0 0 0 0 0 2 0 0 0 0 0 0 0 0 0 0 0 
21695 0 0 0 0 0 0 0 0 0 0 0 0 0 0 0 0 0 0 0 0 0 0 
22309 7 0 0 0 0 0 0 0 7 0 0 0 0 0 0 0 0 0 0 0 0 0 
22324 -3 0 0 0 0 0 0 0 -3 0 0 0 0 0 0 0 0 0 0 0 0 0 
22339 -4 0 0 0 0 0 0 0 -4 0 0 0 0 0 0 0 0 0 0 0 0 0 
22354 0 0 0 0 0 0 0 0 0 0 0 0 0 0 0 0 0 0 0 0 0 0 
22551 0 11 0 0 0 0 0 0 0 0 0 0 0 11 0 0 0 0 0 0 0 0 
22566 0 0 0 0 0 0 0 0 0 0 0 0 0 0 0 0 0 0 0 0 0 0 
24143 0 1 0 0 0 0 0 0 0 0 0 0 0 0 0 0 0 1 0 0 0 0 
24158 0 0 0 0 0 0 0 0 0 0 0 0 0 0 0 0 0 0 0 0 0 0 
24188 0 21 0 0 0 0 0 0 0 0 0 0 0 0 0 0 0 21 0 0 0 0 
24203 0 0 0 0 0 0 0 0 0 0 0 0 0 0 0 0 0 0 0 0 0 0 
24587 0 1 0 0 0 1 0 0 0 0 0 0 0 0 0 0 0 0 0 0 0 0 
24602 0 0 0 0 0 0 0 0 0 0 0 0 0 0 0 0 0 0 0 0 0 0 
24632 0 31 0 0 0 31 0 0 0 0 0 0 0 0 0 0 0 0 0 0 0 0 
24647 0 0 0 0 0 0 0 0 0 0 0 0 0 0 0 0 0 0 0 0 0 0 
26314 0 1 0 0 0 0 0 0 0 1 0 0 0 0 0 0 0 0 0 0 0 0 
26329 0 0 0 0 0 0 0 0 0 0 0 0 0 0 0 0 0 0 0 0 0 0 
26359 0 1 0 0 0 0 0 0 0 1 0 0 0 0 0 0 0 0 0 0 0 0 
26374 0 0 0 0 0 0 0 0 0 0 0 0 0 0 0 0 0 0 0 0 0 0 
26555 6 0 0 0 0 0 0 0 0 0 6 0 0 0 0 0 0 0 0 0 0 0 
26585 4 0 0 0 0 0 0 0 0 0 4 0 0 0 0 0 0 0 0 0 0 0 
26600 0 0 0 0 0 0 0 0 0 0 0 0 0 0 0 0 0 0 0 0 0 0 
