# ValueCount deltaRoads
10 0 0 0 0 0 0 0 0 0 0 
137 1 7 1 0 1 7 1 0 1 0 
152 2 5 2 0 2 5 2 0 2 0 
167 3 4 3 0 3 4 3 0 3 0 
182 4 0 4 0 4 0 4 0 4 0 
6422 5 2 5 0 5 2 5 0 5 0 
6437 6 59 6 0 6 59 6 0 6 0 
6452 7 5 7 0 7 5 7 0 7 0 
6467 8 6 8 0 8 6 8 0 8 0 
6482 9 8 9 0 9 8 9 0 9 0 
6527 10 6 10 0 10 6 10 0 10 0 
6542 11 8 11 0 11 8 11 0 11 0 
6587 12 6 12 0 12 6 12 0 12 0 
6617 13 8 13 0 13 8 13 0 13 0 
6632 14 10 14 0 14 10 14 0 14 0 
6647 15 6 15 0 15 6 15 0 15 0 
6662 16 8 16 0 16 8 16 0 16 0 
6707 17 6 17 0 17 6 17 0 17 0 
6722 18 10 18 0 18 10 18 0 18 0 
6737 19 8 19 0 19 8 19 0 19 0 
6752 20 0 20 0 20 0 20 0 20 0 
8179 21 2 21 0 21 0 21 0 21 2 
8194 22 6 22 0 22 0 22 0 22 6 
8209 23 7 23 0 23 0 23 0 23 7 
8224 24 1 24 0 24 0 24 0 24 1 
8239 25 0 25 0 25 0 25 0 25 0 
10098 26 4 26 0 26 0 26 4 26 0 
10113 27 6 27 0 27 0 27 6 27 0 
10143 28 0 28 0 28 0 28 0 28 0 
10234 29 4 29 0 29 0 29 0 29 4 
10249 30 8 30 0 30 0 30 0 30 8 
10279 31 6 31 0 31 0 31 0 31 6 
10294 32 8 32 0 32 0 32 0 32 8 
10309 33 10 33 0 33 0 33 0 33 10 
10324 34 8 34 0 34 0 34 0 34 8 
10339 35 6 35 0 35 0 35 0 35 6 
10354 36 8 36 0 36 0 36 0 36 8 
10399 37 24 37 0 37 0 37 0 37 24 
10414 38 8 38 0 38 0 38 0 38 8 
10429 39 10 39 0 39 0 39 0 39 10 
10444 40 8 40 0 40 0 40 0 40 8 
10459 41 7 41 0 41 0 41 0 41 7 
10489 42 6 42 0 42 0 42 0 42 6 
10504 43 0 43 0 43 0 43 0 43 0 
11193 44 6 44 0 44 0 44 6 44 0 
11208 45 8 45 0 45 0 45 8 45 0 
11223 46 6 46 0 46 0 46 6 46 0 
11238 47 8 47 0 47 0 47 8 47 0 
11253 48 10 48 0 48 0 48 10 48 0 
11268 49 8 49 0 49 0 49 8 49 0 
11283 50 6 50 0 50 0 50 6 50 0 
11298 51 10 51 0 51 0 51 10 51 0 
11313 52 8 52 0 52 0 52 8 52 0 
11343 53 6 53 0 53 0 53 6 53 0 
11358 54 8 54 0 54 0 54 8 54 0 
11373 55 4 55 0 55 0 55 4 55 0 
11388 56 0 56 0 56 0 56 0 56 0 
11627 57 6 57 0 57 6 57 0 57 0 
11642 58 4 58 0 58 4 58 0 58 0 
11657 59 6 59 0 59 6 59 0 59 0 
11672 60 0 60 0 60 0 60 0 60 0 
12857 61 6 61 0 61 6 61 0 61 0 
12902 62 8 62 0 62 8 62 0 62 0 
12932 63 10 63 0 63 10 63 0 63 0 
12947 64 6 64 0 64 6 64 0 64 0 
12962 65 8 65 0 65 8 65 0 65 0 
12977 66 34 66 0 66 34 66 0 66 0 
12992 67 8 67 0 67 8 67 0 67 0 
13007 68 6 68 0 68 6 68 0 68 0 
13022 69 7 69 0 69 7 69 0 69 0 
13037 70 1 70 0 70 1 70 0 70 0 
13052 71 0 71 0 71 0 71 0 71 0 
14281 72 6 72 6 72 0 72 0 72 0 
14311 73 4 73 4 73 0 73 0 73 0 
14326 74 0 74 0 74 0 74 0 74 0 
15121 75 8 75 8 75 0 75 0 75 0 
15136 76 10 76 10 76 0 76 0 76 0 
15151 77 6 77 6 77 0 77 0 77 0 
15166 78 8 78 8 78 0 78 0 78 0 
15211 79 6 79 6 79 0 79 0 79 0 
15226 80 10 80 10 80 0 80 0 80 0 
15241 81 40 81 40 81 0 81 0 81 0 
15256 82 0 82 0 82 0 82 0 82 0 
15379 83 6 83 0 83 0 83 0 83 6 
15394 84 4 84 0 84 0 84 0 84 4 
15409 85 6 85 0 85 0 85 0 85 6 
15424 86 0 86 0 86 0 86 0 86 0 
16099 87 1 87 0 87 0 87 0 87 1 
16114 88 85 88 0 88 0 88 0 88 85 
16129 89 8 89 0 89 0 89 0 89 8 
16144 90 5 90 0 90 0 90 0 90 5 
16159 91 27 91 0 91 0 91 0 91 27 
16174 92 8 92 0 92 0 92 0 92 8 
16189 93 4 93 0 93 0 93 0 93 4 
16204 94 0 94 0 94 0 94 0 94 0 
16248 95 7 95 0 95 0 95 7 95 0 
16263 96 5 96 0 96 0 96 5 96 0 
16278 97 4 97 0 97 0 97 4 97 0 
16293 98 0 98 0 98 0 98 0 98 0 
20568 99 8 99 0 99 0 99 8 99 0 
20583 100 6 100 0 100 0 100 6 100 0 
20598 101 8 101 0 101 0 101 8 101 0 
20643 102 6 102 0 102 0 102 6 102 0 
20658 103 8 103 0 103 0 103 8 103 0 
20703 104 6 104 0 104 0 104 6 104 0 
20718 105 8 105 0 105 0 105 8 105 0 
20763 106 6 106 0 106 0 106 6 106 0 
20778 107 8 107 0 107 0 107 8 107 0 
20793 108 10 108 0 108 0 108 10 108 0 
20808 109 6 109 0 109 0 109 6 109 0 
20838 110 8 110 0 110 0 110 8 110 0 
20853 111 6 111 0 111 0 111 6 111 0 
20868 112 0 112 0 112 0 112 0 112 0 
25728 113 2 113 0 113 0 113 2 113 0 
25743 114 5 114 0 114 0 114 5 114 0 
25773 115 4 115 0 115 0 115 4 115 0 
25788 116 0 116 0 116 0 116 0 116 0 
26988 117 6 117 0 117 0 117 6 117 0 
