# deltaRoadVehicles deltaRailways
10 0 0 0 0 0 0 0 0 0 0 0 0 0 0 0 0 0 0 0 0 0 0 
123 0 8 0 0 0 0 0 8 0 0 0 0 0 0 0 0 0 0 0 0 0 0 
124 0 9 0 0 0 0 0 8 0 9 0 0 0 0 0 0 0 0 0 0 0 0 
126 0 8 0 0 0 0 0 8 0 9 0 0 0 8 0 0 0 0 0 0 0 0 
128 0 8.5 0 0 0 0 0 8 0 9 0 0 0 8 0 8 0 9 0 0 0 0 
139 0 7 0 0 0 0 0 8 0 7 0 0 0 8 0 8 0 9 0 0 0 0 
145 0 6.5 0 0 0 0 0 8 0 7 0 0 0 8 0 8 0 7 0 0 0 6 
153 0 12 0 0 0 0 0 12 0 7 0 0 0 8 0 8 0 7 0 0 0 6 
160 0 10.4 0 0 0 0 0 12 0 12 0 0 0 12 0 12 0 12 0 0 0 4 
168 0 7 0 0 0 0 0 7 0 12 0 0 0 12 0 12 0 12 0 0 0 4 
171 0 6.5 0 0 0 0 0 7 0 7 0 0 0 6 0 12 0 12 0 0 0 4 
172 0 7 0 0 0 0 0 7 0 7 0 0 0 6 0 7 0 12 0 0 0 4 
175 0 9 0 0 0 0 0 7 0 7 0 0 0 6 0 7 0 7 0 0 0 11 
183 0 3 0 0 0 0 0 3 0 7 0 0 0 6 0 7 0 7 0 0 0 11 
184 0 6 0 0 0 0 0 3 0 6 0 0 0 6 0 7 0 7 0 0 0 11 
186 0 4 0 0 0 0 0 3 0 6 0 0 0 4 0 7 0 7 0 0 0 11 
187 0 3 0 0 0 0 0 3 0 6 0 0 0 4 0 3 0 7 0 0 0 11 
190 0 7 0 0 0 0 0 3 0 6 0 0 0 4 0 3 0 7 0 0 0 7 
198 0 16 0 0 0 0 0 16 0 6 0 0 0 4 0 3 0 7 0 0 0 7 
199 0 13 0 0 0 0 0 16 0 13 0 0 0 4 0 3 0 7 0 0 0 7 
201 0 16 0 0 0 0 0 16 0 13 0 0 0 16 0 3 0 7 0 0 0 7 
203 0 14.5 0 0 0 0 0 16 0 13 0 0 0 16 0 16 0 13 0 0 0 7 
205 0 0 0 0 0 0 0 16 0 13 0 0 0 16 0 16 0 13 0 0 0 0 
213 0 2 0 0 0 0 0 2 0 13 0 0 0 16 0 16 0 13 0 0 0 0 
220 0 3.2 0 0 0 0 0 2 0 2 0 0 0 2 0 2 0 2 0 0 0 8 
228 0 4 0 0 0 0 0 4 0 2 0 0 0 2 0 2 0 2 0 0 0 8 
231 0 3.5 0 0 0 0 0 4 0 4 0 0 0 3 0 2 0 2 0 0 0 8 
232 0 4 0 0 0 0 0 4 0 4 0 0 0 3 0 4 0 2 0 0 0 8 
235 0 4.5 0 0 0 0 0 4 0 4 0 0 0 3 0 4 0 4 0 0 0 5 
243 0 3 0 0 0 0 0 3 0 4 0 0 0 3 0 4 0 4 0 0 0 5 
246 0 4 0 0 0 0 0 3 0 4 0 0 0 4 0 4 0 4 0 0 0 5 
247 0 3 0 0 0 0 0 3 0 4 0 0 0 4 0 3 0 4 0 0 0 5 
250 0 14 0 0 0 0 0 3 0 4 0 0 0 4 0 3 0 4 0 0 0 14 
258 0 6 0 0 0 0 0 6 0 4 0 0 0 4 0 3 0 4 0 0 0 14 
259 0 5 0 0 0 0 0 6 0 5 0 0 0 4 0 3 0 4 0 0 0 14 
261 0 6 0 0 0 0 0 6 0 5 0 0 0 6 0 3 0 4 0 0 0 14 
263 0 5.5 0 0 0 0 0 6 0 5 0 0 0 6 0 6 0 5 0 0 0 14 
265 0 2 0 0 0 0 0 6 0 5 0 0 0 6 0 6 0 5 0 0 0 2 
273 0 4 0 0 0 0 0 4 0 5 0 0 0 6 0 6 0 5 0 0 0 2 
280 0 4.2 0 0 0 0 0 4 0 4 0 0 0 4 0 4 0 4 0 0 0 5 
288 0 3 0 0 0 0 0 3 0 4 0 0 0 4 0 4 0 4 0 0 0 5 
303 0 2.83333 0 0 0 0 0 2 0 3 0 0 0 3 0 3 0 3 0 0 0 3 
306 0 2 0 0 0 0 0 2 0 3 0 0 0 2 0 3 0 3 0 0 0 3 
310 0 4 0 0 0 0 0 2 0 3 0 0 0 2 0 2 0 3 0 0 0 6 
333 0 4.66667 0 0 0 0 0 6 0 3 0 0 0 4 0 4 0 3 0 0 0 6 
334 0 6 0 0 0 0 0 6 0 6 0 0 0 4 0 4 0 3 0 0 0 6 
340 0 4.5 0 0 0 0 0 6 0 6 0 0 0 6 0 6 0 6 0 0 0 0 
348 0 4 0 0 0 0 0 4 0 6 0 0 0 6 0 6 0 6 0 0 0 0 
351 0 3.5 0 0 0 0 0 4 0 4 0 0 0 3 0 6 0 6 0 0 0 0 
352 0 4 0 0 0 0 0 4 0 4 0 0 0 3 0 4 0 6 0 0 0 0 
355 0 3.5 0 0 0 0 0 4 0 4 0 0 0 3 0 4 0 4 0 0 0 3 
366 0 5 0 0 0 0 0 4 0 4 0 0 0 5 0 4 0 4 0 0 0 3 
370 0 4 0 0 0 0 0 4 0 4 0 0 0 5 0 4 0 4 0 0 0 4 
378 0 0 0 0 0 0 0 0 0 4 0 0 0 5 0 4 0 4 0 0 0 4 
385 0 1.2 0 0 0 0 0 0 0 0 0 0 0 0 0 0 0 0 0 0 0 6 
393 0 2 0 0 0 0 0 2 0 0 0 0 0 0 0 0 0 0 0 0 0 6 
400 0 4 0 0 0 0 0 2 0 0 0 0 0 0 0 0 0 0 0 0 0 4 
415 0 3.5 0 0 0 0 0 4 0 0 0 0 0 0 0 0 0 0 0 0 0 3 
423 0 3 0 0 0 0 0 3 0 0 0 0 0 0 0 0 0 0 0 0 0 3 
430 0 0 0 0 0 0 0 3 0 0 0 0 0 0 0 0 0 0 0 0 0 0 
473 0 2 0 0 0 0 0 0 0 0 0 0 0 0 0 0 0 4 0 0 0 0 
503 0 3 0 0 0 0 0 0 0 0 0 0 0 0 0 0 0 3 0 0 0 0 
518 0 4 0 0 0 0 0 0 0 0 0 0 0 0 0 0 0 4 0 0 0 0 
527 1 0 0 0 1 0 0 0 0 0 0 0 0 0 0 0 0 4 0 0 0 0 
533 0 2 0 0 1 0 0 0 0 0 0 0 0 0 0 0 0 2 0 0 0 0 
548 0 0 0 0 1 0 0 0 0 0 0 0 0 0 0 0 0 0 0 0 0 0 
557 3 0 0 0 3 0 0 0 0 0 0 0 0 0 0 0 0 0 0 0 0 0 
572 1 0 0 0 1 0 0 0 0 0 0 0 0 0 0 0 0 0 0 0 0 0 
587 0 0 0 0 0 0 0 0 0 0 0 0 0 0 0 0 0 0 0 0 0 0 
603 0 2 0 0 0 0 0 2 0 0 0 0 0 0 0 0 0 0 0 0 0 0 
618 0 4 0 0 0 0 0 4 0 0 0 0 0 0 0 0 0 0 0 0 0 0 
633 0 5 0 0 0 0 0 5 0 0 0 0 0 0 0 0 0 0 0 0 0 0 
638 0 2 0 0 0 0 0 5 0 0 0 0 0 0 0 0 0 2 0 0 0 0 
648 0 3 0 0 0 0 0 3 0 0 0 0 0 0 0 0 0 2 0 0 0 0 
653 0 4 0 0 0 0 0 3 0 0 0 0 0 0 0 0 0 4 0 0 0 0 
663 0 0 0 0 0 0 0 0 0 0 0 0 0 0 0 0 0 4 0 0 0 0 
668 0 5 0 0 0 0 0 0 0 0 0 0 0 0 0 0 0 5 0 0 0 0 
678 0 1 0 0 0 0 0 1 0 0 0 0 0 0 0 0 0 5 0 0 0 0 
683 0 3 0 0 0 0 0 1 0 0 0 0 0 0 0 0 0 3 0 0 0 0 
693 0 4 0 0 0 0 0 4 0 0 0 0 0 0 0 0 0 3 0 0 0 0 
698 0 2 0 0 0 0 0 4 0 0 0 0 0 0 0 0 0 2 0 0 0 0 
712 0 3 0 0 0 0 0 4 0 0 0 0 0 0 0 3 0 2 0 0 0 0 
713 0 4 0 0 0 0 0 4 0 0 0 0 0 0 0 3 0 4 0 0 0 0 
723 0 3 0 0 0 0 0 3 0 0 0 0 0 0 0 3 0 4 0 0 0 0 
738 0 1 0 0 0 0 0 1 0 0 0 0 0 0 0 3 0 4 0 0 0 0 
742 0 4 0 0 0 0 0 1 0 0 0 0 0 0 0 4 0 4 0 0 0 0 
743 0 1 0 0 0 0 0 1 0 0 0 0 0 0 0 4 0 1 0 0 0 0 
753 0 0 0 0 0 0 0 0 0 0 0 0 0 0 0 4 0 1 0 0 0 0 
787 0 1.5 0 0 0 0 0 0 0 0 0 0 0 0 0 3 0 0 0 0 0 0 
817 0 2 0 0 0 0 0 0 0 0 0 0 0 0 0 2 0 0 0 0 0 0 
832 0 4 0 0 0 0 0 0 0 0 0 0 0 0 0 4 0 0 0 0 0 0 
847 0 3 0 0 0 0 0 0 0 0 0 0 0 0 0 3 0 0 0 0 0 0 
862 0 4 0 0 0 0 0 0 0 0 0 0 0 0 0 4 0 0 0 0 0 0 
906 0 2 0 0 0 0 0 0 0 0 0 0 0 2 0 4 0 0 0 0 0 0 
907 0 1 0 0 0 0 0 0 0 0 0 0 0 2 0 1 0 0 0 0 0 0 
921 0 5 0 0 0 0 0 0 0 0 0 0 0 5 0 1 0 0 0 0 0 0 
922 0 0 0 0 0 0 0 0 0 0 0 0 0 5 0 0 0 0 0 0 0 0 
936 0 4 0 0 0 0 0 0 0 0 0 0 0 4 0 0 0 0 0 0 0 0 
951 0 3 0 0 0 0 0 0 0 0 0 0 0 3 0 0 0 0 0 0 0 0 
966 0 4 0 0 0 0 0 0 0 0 0 0 0 4 0 0 0 0 0 0 0 0 
996 0 -2 0 0 0 0 0 0 0 0 0 0 0 -2 0 0 0 0 0 0 0 0 
1011 0 0 0 0 0 0 0 0 0 0 0 0 0 0 0 0 0 0 0 0 0 0 
1056 0 2 0 0 0 0 0 0 0 0 0 0 0 2 0 0 0 0 0 0 0 0 
1071 0 3 0 0 0 0 0 0 0 0 0 0 0 3 0 0 0 0 0 0 0 0 
1086 0 1 0 0 0 0 0 0 0 0 0 0 0 1 0 0 0 0 0 0 0 0 
1101 0 0 0 0 0 0 0 0 0 0 0 0 0 0 0 0 0 0 0 0 0 0 
1132 0 3 0 0 0 0 0 0 0 0 0 0 0 0 0 3 0 0 0 0 0 0 
1162 0 4 0 0 0 0 0 0 0 0 0 0 0 0 0 4 0 0 0 0 0 0 
1192 0 5 0 0 0 0 0 0 0 0 0 0 0 0 0 5 0 0 0 0 0 0 
1207 0 3 0 0 0 0 0 0 0 0 0 0 0 0 0 3 0 0 0 0 0 0 
1222 0 0 0 0 0 0 0 0 0 0 0 0 0 0 0 0 0 0 0 0 0 0 
1345 0 4 0 0 0 0 0 0 0 0 0 0 0 0 0 0 0 0 0 0 0 4 
1360 0 5 0 0 0 0 0 0 0 0 0 0 0 0 0 0 0 0 0 0 0 5 
1375 0 3 0 0 0 0 0 0 0 0 0 0 0 0 0 0 0 0 0 0 0 3 
1390 0 4 0 0 0 0 0 0 0 0 0 0 0 0 0 0 0 0 0 0 0 4 
1435 0 3 0 0 0 0 0 0 0 0 0 0 0 0 0 0 0 0 0 0 0 3 
1450 0 4 0 0 0 0 0 0 0 0 0 0 0 0 0 0 0 0 0 0 0 4 
1465 0 1 0 0 0 0 0 0 0 0 0 0 0 0 0 0 0 0 0 0 0 1 
1474 0 3 0 0 0 0 0 0 0 3 0 0 0 0 0 0 0 0 0 0 0 1 
1480 0 0 0 0 0 0 0 0 0 3 0 0 0 0 0 0 0 0 0 0 0 0 
1489 0 67 0 0 0 0 0 0 0 67 0 0 0 0 0 0 0 0 0 0 0 0 
1504 0 4 0 0 0 0 0 0 0 4 0 0 0 0 0 0 0 0 0 0 0 0 
1519 0 1 0 0 0 0 0 0 0 1 0 0 0 0 0 0 0 0 0 0 0 0 
1534 0 0 0 0 0 0 0 0 0 0 0 0 0 0 0 0 0 0 0 0 0 0 
1549 0 3 0 0 0 0 0 0 0 3 0 0 0 0 0 0 0 0 0 0 0 0 
1564 0 4 0 0 0 0 0 0 0 4 0 0 0 0 0 0 0 0 0 0 0 0 
1579 0 3 0 0 0 0 0 0 0 3 0 0 0 0 0 0 0 0 0 0 0 0 
1594 0 4 0 0 0 0 0 0 0 4 0 0 0 0 0 0 0 0 0 0 0 0 
1624 0 0 0 0 0 0 0 0 0 0 0 0 0 0 0 0 0 0 0 0 0 0 
1656 0 3 0 0 0 0 0 0 0 0 0 0 0 3 0 0 0 0 0 0 0 0 
1686 0 4 0 0 0 0 0 0 0 0 0 0 0 4 0 0 0 0 0 0 0 0 
1731 0 3 0 0 0 0 0 0 0 0 0 0 0 3 0 0 0 0 0 0 0 0 
1746 0 4 0 0 0 0 0 0 0 0 0 0 0 4 0 0 0 0 0 0 0 0 
1761 0 0 0 0 0 0 0 0 0 0 0 0 0 0 0 0 0 0 0 0 0 0 
2631 0 3 0 0 0 0 0 0 0 0 0 0 0 3 0 0 0 0 0 0 0 0 
2646 0 4 0 0 0 0 0 0 0 0 0 0 0 4 0 0 0 0 0 0 0 0 
2676 0 23 0 0 0 0 0 0 0 0 0 0 0 23 0 0 0 0 0 0 0 0 
2679 1 0 0 0 0 0 0 0 0 0 0 0 0 23 0 0 0 0 1 0 0 0 
2691 0 3 0 0 0 0 0 0 0 0 0 0 0 3 0 0 0 0 1 0 0 0 
2706 0 4 0 0 0 0 0 0 0 0 0 0 0 4 0 0 0 0 1 0 0 0 
2709 2 0 0 0 0 0 0 0 0 0 0 0 0 4 0 0 0 0 2 0 0 0 
2736 0 0 0 0 0 0 0 0 0 0 0 0 0 0 0 0 0 0 2 0 0 0 
3331 0.5 0 1 0 0 0 0 0 0 0 0 0 0 0 0 0 0 0 0 0 0 0 
3346 2 0 2 0 0 0 0 0 0 0 0 0 0 0 0 0 0 0 0 0 0 0 
3376 1 0 1 0 0 0 0 0 0 0 0 0 0 0 0 0 0 0 0 0 0 0 
3391 0 0 0 0 0 0 0 0 0 0 0 0 0 0 0 0 0 0 0 0 0 0 
3424 0 1 0 0 0 0 0 0 0 1 0 0 0 0 0 0 0 0 0 0 0 0 
3439 0 3 0 0 0 0 0 0 0 3 0 0 0 0 0 0 0 0 0 0 0 0 
3454 0 4 0 0 0 0 0 0 0 4 0 0 0 0 0 0 0 0 0 0 0 0 
3499 0 3 0 0 0 0 0 0 0 3 0 0 0 0 0 0 0 0 0 0 0 0 
3514 0 4 0 0 0 0 0 0 0 4 0 0 0 0 0 0 0 0 0 0 0 0 
3574 0 0 0 0 0 0 0 0 0 0 0 0 0 0 0 0 0 0 0 0 0 0 
3589 0 -1 0 0 0 0 0 0 0 -1 0 0 0 0 0 0 0 0 0 0 0 0 
3604 0 0 0 0 0 0 0 0 0 0 0 0 0 0 0 0 0 0 0 0 0 0 
3709 0 3 0 0 0 0 0 0 0 3 0 0 0 0 0 0 0 0 0 0 0 0 
3724 0 4 0 0 0 0 0 0 0 4 0 0 0 0 0 0 0 0 0 0 0 0 
3739 0 13 0 0 0 0 0 0 0 13 0 0 0 0 0 0 0 0 0 0 0 0 
3754 0 0 0 0 0 0 0 0 0 0 0 0 0 0 0 0 0 0 0 0 0 0 
4900 0 13 0 0 0 0 0 0 0 0 0 0 0 0 0 0 0 0 0 0 0 13 
4915 0 3 0 0 0 0 0 0 0 0 0 0 0 0 0 0 0 0 0 0 0 3 
4930 0 4 0 0 0 0 0 0 0 0 0 0 0 0 0 0 0 0 0 0 0 4 
4945 0 5 0 0 0 0 0 0 0 0 0 0 0 0 0 0 0 0 0 0 0 5 
4960 0 4 0 0 0 0 0 0 0 0 0 0 0 0 0 0 0 0 0 0 0 4 
4975 0 3 0 0 0 0 0 0 0 0 0 0 0 0 0 0 0 0 0 0 0 3 
4990 0 4 0 0 0 0 0 0 0 0 0 0 0 0 0 0 0 0 0 0 0 4 
5020 0 5 0 0 0 0 0 0 0 0 0 0 0 0 0 0 0 0 0 0 0 5 
5035 0 3 0 0 0 0 0 0 0 0 0 0 0 0 0 0 0 0 0 0 0 3 
5050 0 0 0 0 0 0 0 0 0 0 0 0 0 0 0 0 0 0 0 0 0 0 
5140 0 3 0 0 0 0 0 0 0 0 0 0 0 0 0 0 0 0 0 0 0 3 
5170 0 4 0 0 0 0 0 0 0 0 0 0 0 0 0 0 0 0 0 0 0 4 
5215 0 3 0 0 0 0 0 0 0 0 0 0 0 0 0 0 0 0 0 0 0 3 
5230 0 4 0 0 0 0 0 0 0 0 0 0 0 0 0 0 0 0 0 0 0 4 
5260 0 3 0 0 0 0 0 0 0 0 0 0 0 0 0 0 0 0 0 0 0 3 
5275 0 0 0 0 0 0 0 0 0 0 0 0 0 0 0 0 0 0 0 0 0 0 
5387 0 4 0 0 0 4 0 0 0 0 0 0 0 0 0 0 0 0 0 0 0 0 
5402 0 10 0 0 0 10 0 0 0 0 0 0 0 0 0 0 0 0 0 0 0 0 
5417 0 12 0 0 0 12 0 0 0 0 0 0 0 0 0 0 0 0 0 0 0 0 
5432 0 2 0 0 0 2 0 0 0 0 0 0 0 0 0 0 0 0 0 0 0 0 
5447 0 0 0 0 0 0 0 0 0 0 0 0 0 0 0 0 0 0 0 0 0 0 
5613 0 7 0 0 0 0 0 7 0 0 0 0 0 0 0 0 0 0 0 0 0 0 
5618 0 3 0 0 0 0 0 7 0 0 0 0 0 0 0 0 0 3 0 0 0 0 
5628 0 10 0 0 0 0 0 10 0 0 0 0 0 0 0 0 0 3 0 0 0 0 
5643 0 9.5 0 0 0 0 0 9 0 0 0 0 0 0 0 0 0 10 0 0 0 0 
5648 0 4 0 0 0 0 0 9 0 0 0 0 0 0 0 0 0 4 0 0 0 0 
5658 0 2 0 0 0 0 0 2 0 0 0 0 0 0 0 0 0 4 0 0 0 0 
5663 0 9 0 0 0 0 0 2 0 0 0 0 0 0 0 0 0 9 0 0 0 0 
5673 0 0 0 0 0 0 0 0 0 0 0 0 0 0 0 0 0 9 0 0 0 0 
5678 0 2 0 0 0 0 0 0 0 0 0 0 0 0 0 0 0 2 0 0 0 0 
5693 0 0 0 0 0 0 0 0 0 0 0 0 0 0 0 0 0 0 0 0 0 0 
6305 1 0 0 0 0 0 0 0 0 0 1 0 0 0 0 0 0 0 0 0 0 0 
6320 2 0 0 0 0 0 0 0 0 0 2 0 0 0 0 0 0 0 0 0 0 0 
6335 3 0 0 0 0 0 0 0 0 0 3 0 0 0 0 0 0 0 0 0 0 0 
6350 2 0 0 0 0 0 0 0 0 0 2 0 0 0 0 0 0 0 0 0 0 0 
6365 0 0 0 0 0 0 0 0 0 0 0 0 0 0 0 0 0 0 0 0 0 0 
6602 0 2 0 0 0 2 0 0 0 0 0 0 0 0 0 0 0 0 0 0 0 0 
6617 0 4 0 0 0 4 0 0 0 0 0 0 0 0 0 0 0 0 0 0 0 0 
6647 0 3 0 0 0 3 0 0 0 0 0 0 0 0 0 0 0 0 0 0 0 0 
6662 0 4 0 0 0 4 0 0 0 0 0 0 0 0 0 0 0 0 0 0 0 0 
6683 0 3 0 0 0 4 0 0 0 0 0 0 0 0 0 0 0 3 0 0 0 0 
6698 0 4 0 0 0 4 0 0 0 0 0 0 0 0 0 0 0 4 0 0 0 0 
6707 0 3 0 0 0 3 0 0 0 0 0 0 0 0 0 0 0 4 0 0 0 0 
6722 0 4 0 0 0 4 0 0 0 0 0 0 0 0 0 0 0 4 0 0 0 0 
6743 0 3 0 0 0 4 0 0 0 0 0 0 0 0 0 0 0 3 0 0 0 0 
6758 0 4 0 0 0 4 0 0 0 0 0 0 0 0 0 0 0 4 0 0 0 0 
6767 0 3 0 0 0 3 0 0 0 0 0 0 0 0 0 0 0 4 0 0 0 0 
6782 0 4 0 0 0 4 0 0 0 0 0 0 0 0 0 0 0 4 0 0 0 0 
6803 0 42 0 0 0 4 0 0 0 0 0 0 0 0 0 0 0 42 0 0 0 0 
6812 0 2 0 0 0 2 0 0 0 0 0 0 0 0 0 0 0 42 0 0 0 0 
6818 0 4 0 0 0 2 0 0 0 0 0 0 0 0 0 0 0 4 0 0 0 0 
6827 0 0 0 0 0 0 0 0 0 0 0 0 0 0 0 0 0 4 0 0 0 0 
6863 0 2 0 0 0 0 0 0 0 0 0 0 0 0 0 0 0 2 0 0 0 0 
6878 0 0 0 0 0 0 0 0 0 0 0 0 0 0 0 0 0 0 0 0 0 0 
7098 0 4 0 0 0 0 0 4 0 0 0 0 0 0 0 0 0 0 0 0 0 0 
7128 0 15 0 0 0 0 0 15 0 0 0 0 0 0 0 0 0 0 0 0 0 0 
7143 0 3 0 0 0 0 0 3 0 0 0 0 0 0 0 0 0 0 0 0 0 0 
7158 0 4 0 0 0 0 0 4 0 0 0 0 0 0 0 0 0 0 0 0 0 0 
7188 0 5 0 0 0 0 0 5 0 0 0 0 0 0 0 0 0 0 0 0 0 0 
7203 0 1 0 0 0 0 0 1 0 0 0 0 0 0 0 0 0 0 0 0 0 0 
7218 0 0 0 0 0 0 0 0 0 0 0 0 0 0 0 0 0 0 0 0 0 0 
8364 1 0 0 0 0 0 0 0 0 0 0 0 0 0 0 0 0 0 1 0 0 0 
8379 0 0 0 0 0 0 0 0 0 0 0 0 0 0 0 0 0 0 0 0 0 0 
8394 3 0 0 0 0 0 0 0 0 0 0 0 0 0 0 0 0 0 3 0 0 0 
8409 2 0 0 0 0 0 0 0 0 0 0 0 0 0 0 0 0 0 2 0 0 0 
8424 0 0 0 0 0 0 0 0 0 0 0 0 0 0 0 0 0 0 0 0 0 0 
9036 1 0 0 0 0 0 0 0 0 0 0 0 1 0 0 0 0 0 0 0 0 0 
9066 2 0 0 0 0 0 0 0 0 0 0 0 2 0 0 0 0 0 0 0 0 0 
9081 1 0 0 0 0 0 0 0 0 0 0 0 1 0 0 0 0 0 0 0 0 0 
9096 0 0 0 0 0 0 0 0 0 0 0 0 0 0 0 0 0 0 0 0 0 0 
9109 0 3 0 0 0 0 0 0 0 3 0 0 0 0 0 0 0 0 0 0 0 0 
9124 0 10 0 0 0 0 0 0 0 10 0 0 0 0 0 0 0 0 0 0 0 0 
9139 0 5 0 0 0 0 0 0 0 5 0 0 0 0 0 0 0 0 0 0 0 0 
9154 0 10 0 0 0 0 0 0 0 10 0 0 0 0 0 0 0 0 0 0 0 0 
9169 0 0 0 0 0 0 0 0 0 0 0 0 0 0 0 0 0 0 0 0 0 0 
11065 1 0 0 0 0 0 0 0 0 0 0 0 0 0 0 0 0 0 0 0 1 0 
11095 3 0 0 0 0 0 0 0 0 0 0 0 0 0 0 0 0 0 0 0 3 0 
11110 1 0 0 0 0 0 0 0 0 0 0 0 0 0 0 0 0 0 0 0 1 0 
11125 0 0 0 0 0 0 0 0 0 0 0 0 0 0 0 0 0 0 0 0 0 0 
11165 0 7 0 0 0 0 0 0 0 0 0 7 0 0 0 0 0 0 0 0 0 0 
11180 0 6 0 0 0 0 0 0 0 0 0 6 0 0 0 0 0 0 0 0 0 0 
11195 0 13 0 0 0 0 0 0 0 0 0 13 0 0 0 0 0 0 0 0 0 0 
11210 0 2 0 0 0 0 0 0 0 0 0 2 0 0 0 0 0 0 0 0 0 0 
11225 0 9 0 0 0 0 0 0 0 0 0 9 0 0 0 0 0 0 0 0 0 0 
11240 0 12 0 0 0 0 0 0 0 0 0 12 0 0 0 0 0 0 0 0 0 0 
11255 0 7 0 0 0 0 0 0 0 0 0 7 0 0 0 0 0 0 0 0 0 0 
11270 0 2 0 0 0 0 0 0 0 0 0 2 0 0 0 0 0 0 0 0 0 0 
11285 0 4 0 0 0 0 0 0 0 0 0 4 0 0 0 0 0 0 0 0 0 0 
11300 0 6 0 0 0 0 0 0 0 0 0 6 0 0 0 0 0 0 0 0 0 0 
11315 0 4 0 0 0 0 0 0 0 0 0 4 0 0 0 0 0 0 0 0 0 0 
11330 0 5 0 0 0 0 0 0 0 0 0 5 0 0 0 0 0 0 0 0 0 0 
11345 0 1 0 0 0 0 0 0 0 0 0 1 0 0 0 0 0 0 0 0 0 0 
11360 0 4 0 0 0 0 0 0 0 0 0 4 0 0 0 0 0 0 0 0 0 0 
11375 0 3 0 0 0 0 0 0 0 0 0 3 0 0 0 0 0 0 0 0 0 0 
11390 0 6 0 0 0 0 0 0 0 0 0 6 0 0 0 0 0 0 0 0 0 0 
11420 0 0 0 0 0 0 0 0 0 0 0 0 0 0 0 0 0 0 0 0 0 0 
11465 0 2 0 0 0 0 0 0 0 0 0 2 0 0 0 0 0 0 0 0 0 0 
11480 0 4 0 0 0 0 0 0 0 0 0 4 0 0 0 0 0 0 0 0 0 0 
11495 0 3 0 0 0 0 0 0 0 0 0 3 0 0 0 0 0 0 0 0 0 0 
11510 0 6 0 0 0 0 0 0 0 0 0 6 0 0 0 0 0 0 0 0 0 0 
11525 0 4 0 0 0 0 0 0 0 0 0 4 0 0 0 0 0 0 0 0 0 0 
11540 0 5 0 0 0 0 0 0 0 0 0 5 0 0 0 0 0 0 0 0 0 0 
11555 0 0 0 0 0 0 0 0 0 0 0 0 0 0 0 0 0 0 0 0 0 0 
11753 0 9 0 0 0 0 0 0 0 0 0 0 0 0 0 0 0 9 0 0 0 0 
11768 0 12 0 0 0 0 0 0 0 0 0 0 0 0 0 0 0 12 0 0 0 0 
11778 0 1 0 0 0 0 0 1 0 0 0 0 0 0 0 0 0 12 0 0 0 0 
11783 0 7 0 0 0 0 0 1 0 0 0 0 0 0 0 0 0 7 0 0 0 0 
11793 0 0 0 0 0 0 0 0 0 0 0 0 0 0 0 0 0 7 0 0 0 0 
11828 0 6 0 0 0 0 0 0 0 0 0 0 0 0 0 0 0 6 0 0 0 0 
11843 0 13 0 0 0 0 0 0 0 0 0 0 0 0 0 0 0 13 0 0 0 0 
11851 1 0 1 0 0 0 0 0 0 0 0 0 0 0 0 0 0 13 0 0 0 0 
11858 0.5 1 1 0 0 0 0 0 0 0 0 0 0 0 1 0 0 2 0 0 0 0 
11873 0 4 1 0 0 0 0 0 0 0 0 0 0 0 1 0 0 4 0 0 0 0 
11881 3 0 3 0 0 0 0 0 0 0 0 0 0 0 1 0 0 4 0 0 0 0 
11887 2 0 3 0 0 0 0 0 0 0 0 0 0 0 2 0 0 4 0 0 0 0 
11896 1 0 1 0 0 0 0 0 0 0 0 0 0 0 2 0 0 4 0 0 0 0 
11903 0.5 2.5 1 0 0 0 0 0 0 0 0 0 0 0 1 0 0 5 0 0 0 0 
11911 0 0 0 0 0 0 0 0 0 0 0 0 0 0 1 0 0 5 0 0 0 0 
11918 0 2 0 0 0 0 0 0 0 0 0 0 0 0 0 0 0 4 0 0 0 0 
11933 0 3 0 0 0 0 0 0 0 0 0 0 0 0 0 0 0 3 0 0 0 0 
11978 0 6 0 0 0 0 0 0 0 0 0 0 0 0 0 0 0 6 0 0 0 0 
11993 0 5 0 0 0 0 0 0 0 0 0 0 0 0 0 0 0 5 0 0 0 0 
12008 0 4 0 0 0 0 0 0 0 0 0 0 0 0 0 0 0 4 0 0 0 0 
12023 0 0 0 0 0 0 0 0 0 0 0 0 0 0 0 0 0 0 0 0 0 0 
12143 0 3 0 0 0 0 0 0 0 0 0 0 0 0 0 0 0 3 0 0 0 0 
12158 0 4 0 0 0 0 0 0 0 0 0 0 0 0 0 0 0 4 0 0 0 0 
12169 0 2 0 0 0 0 0 0 0 2 0 0 0 0 0 0 0 4 0 0 0 0 
12173 0 15 0 0 0 0 0 0 0 2 0 0 0 0 0 0 0 15 0 0 0 0 
12184 0 4 0 0 0 0 0 0 0 4 0 0 0 0 0 0 0 15 0 0 0 0 
12188 0 3 0 0 0 0 0 0 0 4 0 0 0 0 0 0 0 3 0 0 0 0 
12203 0 2 0 0 0 0 0 0 0 3 0 0 0 0 0 0 0 1 0 0 0 0 
12214 0 4 0 0 0 0 0 0 0 4 0 0 0 0 0 0 0 1 0 0 0 0 
12244 0 4.5 0 0 0 0 0 0 0 5 0 0 0 0 0 0 0 4 0 0 0 0 
12248 0 2 0 0 0 0 0 0 0 5 0 0 0 0 0 0 0 2 0 0 0 0 
12259 0 3 0 0 0 0 0 0 0 3 0 0 0 0 0 0 0 2 0 0 0 0 
12263 0 0 0 0 0 0 0 0 0 3 0 0 0 0 0 0 0 0 0 0 0 0 
12274 0 4 0 0 0 0 0 0 0 4 0 0 0 0 0 0 0 0 0 0 0 0 
12278 0 2 0 0 0 0 0 0 0 4 0 0 0 0 0 0 0 2 0 0 0 0 
12293 0 4 0 0 0 0 0 0 0 4 0 0 0 0 0 0 0 4 0 0 0 0 
12308 0 14 0 0 0 0 0 0 0 4 0 0 0 0 0 0 0 14 0 0 0 0 
12319 0 3 0 0 0 0 0 0 0 3 0 0 0 0 0 0 0 14 0 0 0 0 
12323 0 0 0 0 0 0 0 0 0 3 0 0 0 0 0 0 0 0 0 0 0 0 
12334 0 4 0 0 0 0 0 0 0 4 0 0 0 0 0 0 0 0 0 0 0 0 
12364 0 19 0 0 0 0 0 0 0 19 0 0 0 0 0 0 0 0 0 0 0 0 
12379 0 0 0 0 0 0 0 0 0 0 0 0 0 0 0 0 0 0 0 0 0 0 
13764 1 0 0 0 0 0 0 0 0 0 0 0 0 0 0 0 0 0 1 0 0 0 
13779 0 0 0 0 0 0 0 0 0 0 0 0 0 0 0 0 0 0 0 0 0 0 
13794 3 0 0 0 0 0 0 0 0 0 0 0 0 0 0 0 0 0 3 0 0 0 
13824 0 0 0 0 0 0 0 0 0 0 0 0 0 0 0 0 0 0 0 0 0 0 
14417 1 0 0 0 1 0 0 0 0 0 0 0 0 0 0 0 0 0 0 0 0 0 
14432 2 0 0 0 2 0 0 0 0 0 0 0 0 0 0 0 0 0 0 0 0 0 
14462 1 0 0 0 1 0 0 0 0 0 0 0 0 0 0 0 0 0 0 0 0 0 
14477 0 0 0 0 0 0 0 0 0 0 0 0 0 0 0 0 0 0 0 0 0 0 
14867 1 0 0 0 1 0 0 0 0 0 0 0 0 0 0 0 0 0 0 0 0 0 
14882 0 0 0 0 0 0 0 0 0 0 0 0 0 0 0 0 0 0 0 0 0 0 
15590 0 5 0 0 0 0 0 0 0 0 0 5 0 0 0 0 0 0 0 0 0 0 
15605 0 4 0 0 0 0 0 0 0 0 0 4 0 0 0 0 0 0 0 0 0 0 
15635 0 3 0 0 0 0 0 0 0 0 0 3 0 0 0 0 0 0 0 0 0 0 
15650 0 19 0 0 0 0 0 0 0 0 0 19 0 0 0 0 0 0 0 0 0 0 
15665 0 4 0 0 0 0 0 0 0 0 0 4 0 0 0 0 0 0 0 0 0 0 
15695 0 3 0 0 0 0 0 0 0 0 0 3 0 0 0 0 0 0 0 0 0 0 
15710 0 1 0 0 0 0 0 0 0 0 0 1 0 0 0 0 0 0 0 0 0 0 
15725 0 0 0 0 0 0 0 0 0 0 0 0 0 0 0 0 0 0 0 0 0 0 
15905 0 4 0 0 0 0 0 0 0 0 0 4 0 0 0 0 0 0 0 0 0 0 
15935 0 3 0 0 0 0 0 0 0 0 0 3 0 0 0 0 0 0 0 0 0 0 
15950 0 4 0 0 0 0 0 0 0 0 0 4 0 0 0 0 0 0 0 0 0 0 
15995 0 3 0 0 0 0 0 0 0 0 0 3 0 0 0 0 0 0 0 0 0 0 
16025 0 0 0 0 0 0 0 0 0 0 0 0 0 0 0 0 0 0 0 0 0 0 
16491 1 0 0 0 0 0 0 0 0 0 0 0 1 0 0 0 0 0 0 0 0 0 
16521 2 0 0 0 0 0 0 0 0 0 0 0 2 0 0 0 0 0 0 0 0 0 
16551 0 0 0 0 0 0 0 0 0 0 0 0 0 0 0 0 0 0 0 0 0 0 
16780 1 0 0 0 0 0 0 0 0 0 0 0 0 0 0 0 0 0 0 0 1 0 
16795 0 0 0 0 0 0 0 0 0 0 0 0 0 0 0 0 0 0 0 0 0 0 
16810 3 0 0 0 0 0 0 0 0 0 0 0 0 0 0 0 0 0 0 0 3 0 
16825 2 0 0 0 0 0 0 0 0 0 0 0 0 0 0 0 0 0 0 0 2 0 
16840 0 0 0 0 0 0 0 0 0 0 0 0 0 0 0 0 0 0 0 0 0 0 
17011 1 0 1 0 0 0 0 0 0 0 0 0 0 0 0 0 0 0 0 0 0 0 
17026 0 0 0 0 0 0 0 0 0 0 0 0 0 0 0 0 0 0 0 0 0 0 
17041 3 0 3 0 0 0 0 0 0 0 0 0 0 0 0 0 0 0 0 0 0 0 
17071 0 0 0 0 0 0 0 0 0 0 0 0 0 0 0 0 0 0 0 0 0 0 
17072 -1 0 0 0 -1 0 0 0 0 0 0 0 0 0 0 0 0 0 0 0 0 0 
17087 0 0 0 0 0 0 0 0 0 0 0 0 0 0 0 0 0 0 0 0 0 0 
17198 0 12 0 0 0 0 0 0 0 0 0 0 0 0 0 0 0 12 0 0 0 0 
17213 0 6 0 0 0 0 0 0 0 0 0 0 0 0 0 0 0 6 0 0 0 0 
17228 0 10 0 0 0 0 0 0 0 0 0 0 0 0 0 0 0 10 0 0 0 0 
17239 0 7 0 0 0 0 0 0 0 7 0 0 0 0 0 0 0 10 0 0 0 0 
17243 0 0 0 0 0 0 0 0 0 7 0 0 0 0 0 0 0 0 0 0 0 0 
17254 0 6 0 0 0 0 0 0 0 6 0 0 0 0 0 0 0 0 0 0 0 0 
17269 0 14 0 0 0 0 0 0 0 14 0 0 0 0 0 0 0 0 0 0 0 0 
17284 0 7 0 0 0 0 0 0 0 7 0 0 0 0 0 0 0 0 0 0 0 0 
17299 0 3 0 0 0 0 0 0 0 3 0 0 0 0 0 0 0 0 0 0 0 0 
17314 0 12 0 0 0 0 0 0 0 12 0 0 0 0 0 0 0 0 0 0 0 0 
17329 0 7 0 0 0 0 0 0 0 7 0 0 0 0 0 0 0 0 0 0 0 0 
17344 0 3 0 0 0 0 0 0 0 3 0 0 0 0 0 0 0 0 0 0 0 0 
17374 0 6 0 0 0 0 0 0 0 6 0 0 0 0 0 0 0 0 0 0 0 0 
17389 0 4 0 0 0 0 0 0 0 4 0 0 0 0 0 0 0 0 0 0 0 0 
17419 0 1 0 0 0 0 0 0 0 1 0 0 0 0 0 0 0 0 0 0 0 0 
17434 0 5 0 0 0 0 0 0 0 5 0 0 0 0 0 0 0 0 0 0 0 0 
17449 0 4 0 0 0 0 0 0 0 4 0 0 0 0 0 0 0 0 0 0 0 0 
17464 0 6 0 0 0 0 0 0 0 6 0 0 0 0 0 0 0 0 0 0 0 0 
17494 0 0 0 0 0 0 0 0 0 0 0 0 0 0 0 0 0 0 0 0 0 0 
17838 1 0 0 0 0 0 1 0 0 0 0 0 0 0 0 0 0 0 0 0 0 0 
17853 0 0 0 0 0 0 0 0 0 0 0 0 0 0 0 0 0 0 0 0 0 0 
17868 2 0 0 0 0 0 2 0 0 0 0 0 0 0 0 0 0 0 0 0 0 0 
17884 0 3 0 0 0 0 2 0 0 3 0 0 0 0 0 0 0 0 0 0 0 0 
17898 0 0 0 0 0 0 0 0 0 3 0 0 0 0 0 0 0 0 0 0 0 0 
17914 0 4 0 0 0 0 0 0 0 4 0 0 0 0 0 0 0 0 0 0 0 0 
17959 0 3 0 0 0 0 0 0 0 3 0 0 0 0 0 0 0 0 0 0 0 0 
17974 0 4 0 0 0 0 0 0 0 4 0 0 0 0 0 0 0 0 0 0 0 0 
18004 0 0 0 0 0 0 0 0 0 0 0 0 0 0 0 0 0 0 0 0 0 0 
19277 0 4 0 0 0 4 0 0 0 0 0 0 0 0 0 0 0 0 0 0 0 0 
19292 0 10 0 0 0 10 0 0 0 0 0 0 0 0 0 0 0 0 0 0 0 0 
19307 0 7 0 0 0 7 0 0 0 0 0 0 0 0 0 0 0 0 0 0 0 0 
19337 0 0 0 0 0 0 0 0 0 0 0 0 0 0 0 0 0 0 0 0 0 0 
19614 1 0 0 0 0 0 0 0 0 0 0 0 0 0 0 0 0 0 1 0 0 0 
19629 2 0 0 0 0 0 0 0 0 0 0 0 0 0 0 0 0 0 2 0 0 0 
19659 0 0 0 0 0 0 0 0 0 0 0 0 0 0 0 0 0 0 0 0 0 0 
19834 0 1 0 0 0 0 0 0 0 1 0 0 0 0 0 0 0 0 0 0 0 0 
19849 0 4 0 0 0 0 0 0 0 4 0 0 0 0 0 0 0 0 0 0 0 0 
19879 0 3 0 0 0 0 0 0 0 3 0 0 0 0 0 0 0 0 0 0 0 0 
19894 0 4 0 0 0 0 0 0 0 4 0 0 0 0 0 0 0 0 0 0 0 0 
19939 0 2 0 0 0 0 0 0 0 2 0 0 0 0 0 0 0 0 0 0 0 0 
19954 0 0 0 0 0 0 0 0 0 0 0 0 0 0 0 0 0 0 0 0 0 0 
20344 0 1 0 0 0 0 0 0 0 1 0 0 0 0 0 0 0 0 0 0 0 0 
20359 0 3 0 0 0 0 0 0 0 3 0 0 0 0 0 0 0 0 0 0 0 0 
20374 0 4 0 0 0 0 0 0 0 4 0 0 0 0 0 0 0 0 0 0 0 0 
20419 0 3 0 0 0 0 0 0 0 3 0 0 0 0 0 0 0 0 0 0 0 0 
20434 0 5 0 0 0 0 0 0 0 5 0 0 0 0 0 0 0 0 0 0 0 0 
20449 0 0 0 0 0 0 0 0 0 0 0 0 0 0 0 0 0 0 0 0 0 0 
21670 0 12 0 0 0 0 0 0 0 0 0 0 0 0 0 0 0 0 0 0 0 12 
21685 0 5 0 0 0 0 0 0 0 0 0 0 0 0 0 0 0 0 0 0 0 5 
21700 0 10 0 0 0 0 0 0 0 0 0 0 0 0 0 0 0 0 0 0 0 10 
21715 0 1 0 0 0 0 0 0 0 0 0 0 0 0 0 0 0 0 0 0 0 1 
21730 0 0 0 0 0 0 0 0 0 0 0 0 0 0 0 0 0 0 0 0 0 0 
22057 1 0 0 0 0 0 0 0 0 0 0 0 0 0 1 0 0 0 0 0 0 0 
22102 2 0 0 0 0 0 0 0 0 0 0 0 0 0 2 0 0 0 0 0 0 0 
22117 0 0 0 0 0 0 0 0 0 0 0 0 0 0 0 0 0 0 0 0 0 0 
22640 1 0 0 0 0 0 0 0 0 0 1 0 0 0 0 0 0 0 0 0 0 0 
22655 0 0 0 0 0 0 0 0 0 0 0 0 0 0 0 0 0 0 0 0 0 0 
22670 3 0 0 0 0 0 0 0 0 0 3 0 0 0 0 0 0 0 0 0 0 0 
22685 2 0 0 0 0 0 0 0 0 0 2 0 0 0 0 0 0 0 0 0 0 0 
22698 0 6 0 0 0 0 0 6 0 0 2 0 0 0 0 0 0 0 0 0 0 0 
22700 0 0 0 0 0 0 0 6 0 0 0 0 0 0 0 0 0 0 0 0 0 0 
22713 0 4 0 0 0 0 0 4 0 0 0 0 0 0 0 0 0 0 0 0 0 0 
22728 0 16 0 0 0 0 0 16 0 0 0 0 0 0 0 0 0 0 0 0 0 0 
22743 0 2 0 0 0 0 0 2 0 0 0 0 0 0 0 0 0 0 0 0 0 0 
22758 0 0 0 0 0 0 0 0 0 0 0 0 0 0 0 0 0 0 0 0 0 0 
22773 0 8 0 0 0 0 0 8 0 0 0 0 0 0 0 0 0 0 0 0 0 0 
22803 0 11 0 0 0 0 0 11 0 0 0 0 0 0 0 0 0 0 0 0 0 0 
22818 0 2 0 0 0 0 0 2 0 0 0 0 0 0 0 0 0 0 0 0 0 0 
22833 0 5 0 0 0 0 0 5 0 0 0 0 0 0 0 0 0 0 0 0 0 0 
22848 0 4 0 0 0 0 0 4 0 0 0 0 0 0 0 0 0 0 0 0 0 0 
22863 0 5 0 0 0 0 0 5 0 0 0 0 0 0 0 0 0 0 0 0 0 0 
22878 0 6 0 0 0 0 0 6 0 0 0 0 0 0 0 0 0 0 0 0 0 0 
22893 0 0 0 0 0 0 0 0 0 0 0 0 0 0 0 0 0 0 0 0 0 0 
22908 0 4 0 0 0 0 0 4 0 0 0 0 0 0 0 0 0 0 0 0 0 0 
22923 0 3 0 0 0 0 0 3 0 0 0 0 0 0 0 0 0 0 0 0 0 0 
22938 0 7 0 0 0 0 0 7 0 0 0 0 0 0 0 0 0 0 0 0 0 0 
22953 0 4 0 0 0 0 0 4 0 0 0 0 0 0 0 0 0 0 0 0 0 0 
22968 0 3 0 0 0 0 0 3 0 0 0 0 0 0 0 0 0 0 0 0 0 0 
22983 0 0 0 0 0 0 0 0 0 0 0 0 0 0 0 0 0 0 0 0 0 0 
23251 1 0 1 0 0 0 0 0 0 0 0 0 0 0 0 0 0 0 0 0 0 0 
23266 0 0 0 0 0 0 0 0 0 0 0 0 0 0 0 0 0 0 0 0 0 0 
23281 2 0 2 0 0 0 0 0 0 0 0 0 0 0 0 0 0 0 0 0 0 0 
23288 0 2 2 0 0 0 0 0 0 0 0 0 0 0 0 0 0 2 0 0 0 0 
23303 0 3 2 0 0 0 0 0 0 0 0 0 0 0 0 0 0 3 0 0 0 0 
23311 0 0 0 0 0 0 0 0 0 0 0 0 0 0 0 0 0 3 0 0 0 0 
23318 0 4 0 0 0 0 0 0 0 0 0 0 0 0 0 0 0 4 0 0 0 0 
23363 0 3 0 0 0 0 0 0 0 0 0 0 0 0 0 0 0 3 0 0 0 0 
23378 0 4 0 0 0 0 0 0 0 0 0 0 0 0 0 0 0 4 0 0 0 0 
23388 0 3 0 0 0 0 0 3 0 0 0 0 0 0 0 0 0 4 0 0 0 0 
23418 0 4 0 0 0 0 0 4 0 0 0 0 0 0 0 0 0 4 0 0 0 0 
23423 0 3 0 0 0 0 0 4 0 0 0 0 0 0 0 0 0 3 0 0 0 0 
23438 0 5 0 0 0 0 0 4 0 0 0 0 0 0 0 0 0 5 0 0 0 0 
23453 0 4 0 0 0 0 0 4 0 0 0 0 0 0 0 0 0 4 0 0 0 0 
23463 0 3 0 0 0 0 0 3 0 0 0 0 0 0 0 0 0 4 0 0 0 0 
23478 0 4 0 0 0 0 0 4 0 0 0 0 0 0 0 0 0 4 0 0 0 0 
23483 0 3 0 0 0 0 0 4 0 0 0 0 0 0 0 0 0 3 0 0 0 0 
23498 0 4 0 0 0 0 0 4 0 0 0 0 0 0 0 0 0 4 0 0 0 0 
23508 0 0 0 0 0 0 0 0 0 0 0 0 0 0 0 0 0 4 0 0 0 0 
23528 0 15 0 0 0 0 0 0 0 0 0 0 0 0 0 0 0 15 0 0 0 0 
23543 0 3 0 0 0 0 0 0 0 0 0 0 0 0 0 0 0 3 0 0 0 0 
23558 0 2 0 0 0 0 0 0 0 0 0 0 0 0 0 0 0 2 0 0 0 0 
23573 0 0 0 0 0 0 0 0 0 0 0 0 0 0 0 0 0 0 0 0 0 0 
23860 0 1 0 0 0 0 0 0 0 0 0 0 0 0 0 0 0 0 0 0 0 1 
23875 0 3 0 0 0 0 0 0 0 0 0 0 0 0 0 0 0 0 0 0 0 3 
23890 0 -2 0 0 0 0 0 0 0 0 0 0 0 0 0 0 0 0 0 0 0 -2 
23905 0 0 0 0 0 0 0 0 0 0 0 0 0 0 0 0 0 0 0 0 0 0 
24850 0 3 0 0 0 0 0 0 0 0 0 0 0 0 0 0 0 0 0 0 0 3 
24865 0 4 0 0 0 0 0 0 0 0 0 0 0 0 0 0 0 0 0 0 0 4 
24895 0 3 0 0 0 0 0 0 0 0 0 0 0 0 0 0 0 0 0 0 0 3 
24910 0 4 0 0 0 0 0 0 0 0 0 0 0 0 0 0 0 0 0 0 0 4 
24955 0 3 0 0 0 0 0 0 0 0 0 0 0 0 0 0 0 0 0 0 0 3 
24970 0 23 0 0 0 0 0 0 0 0 0 0 0 0 0 0 0 0 0 0 0 23 
24985 0 4 0 0 0 0 0 0 0 0 0 0 0 0 0 0 0 0 0 0 0 4 
25015 0 3 0 0 0 0 0 0 0 0 0 0 0 0 0 0 0 0 0 0 0 3 
25030 0 0 0 0 0 0 0 0 0 0 0 0 0 0 0 0 0 0 0 0 0 0 
25083 0 3 0 0 0 0 0 3 0 0 0 0 0 0 0 0 0 0 0 0 0 0 
25098 0 4 0 0 0 0 0 4 0 0 0 0 0 0 0 0 0 0 0 0 0 0 
25113 0 51 0 0 0 0 0 51 0 0 0 0 0 0 0 0 0 0 0 0 0 0 
25128 0 4 0 0 0 0 0 4 0 0 0 0 0 0 0 0 0 0 0 0 0 0 
25143 0 2 0 0 0 0 0 2 0 0 0 0 0 0 0 0 0 0 0 0 0 0 
25158 0 0 0 0 0 0 0 0 0 0 0 0 0 0 0 0 0 0 0 0 0 0 
25547 0 4 0 0 0 4 0 0 0 0 0 0 0 0 0 0 0 0 0 0 0 0 
25584 1 0 0 0 0 4 0 0 0 0 0 0 0 0 0 0 0 0 1 0 0 0 
25592 0 5 0 0 0 5 0 0 0 0 0 0 0 0 0 0 0 0 1 0 0 0 
25599 0 0 0 0 0 5 0 0 0 0 0 0 0 0 0 0 0 0 0 0 0 0 
25607 0 3 0 0 0 3 0 0 0 0 0 0 0 0 0 0 0 0 0 0 0 0 
25614 4 0 0 0 0 3 0 0 0 0 0 0 0 0 0 0 0 0 4 0 0 0 
25622 0 4 0 0 0 4 0 0 0 0 0 0 0 0 0 0 0 0 4 0 0 0 
25629 2 0 0 0 0 4 0 0 0 0 0 0 0 0 0 0 0 0 2 0 0 0 
25644 0 0 0 0 0 4 0 0 0 0 0 0 0 0 0 0 0 0 0 0 0 0 
25667 0 3 0 0 0 3 0 0 0 0 0 0 0 0 0 0 0 0 0 0 0 0 
25682 0 4 0 0 0 4 0 0 0 0 0 0 0 0 0 0 0 0 0 0 0 0 
25727 0 14 0 0 0 14 0 0 0 0 0 0 0 0 0 0 0 0 0 0 0 0 
25742 0 3 0 0 0 3 0 0 0 0 0 0 0 0 0 0 0 0 0 0 0 0 
25757 0 0 0 0 0 0 0 0 0 0 0 0 0 0 0 0 0 0 0 0 0 0 
26917 0 3 0 0 0 0 0 0 0 0 0 0 0 0 0 3 0 0 0 0 0 0 
26932 0 10 0 0 0 0 0 0 0 0 0 0 0 0 0 10 0 0 0 0 0 0 
26947 0 5 0 0 0 0 0 0 0 0 0 0 0 0 0 5 0 0 0 0 0 0 
26962 0 10 0 0 0 0 0 0 0 0 0 0 0 0 0 10 0 0 0 0 0 0 
26977 0 -13 0 0 0 0 0 0 0 0 0 0 0 0 0 -13 0 0 0 0 0 0 
26992 0 -14 0 0 0 0 0 0 0 0 0 0 0 0 0 -14 0 0 0 0 0 0 
