# deltaRailways deltaRailVehicles
10 0 0 0 0 0 0 0 0 0 0 0 0 0 0 0 0 0 0 0 0 0 0 
121 8 0 8 0 0 0 0 0 0 0 0 0 0 0 0 0 0 0 0 0 0 0 
122 7 0 8 0 7 0 0 0 0 0 0 0 0 0 0 0 0 0 0 0 0 0 
123 8 0 8 0 7 0 8 0 0 0 0 0 0 0 0 0 0 0 0 0 0 0 
124 11 0 8 0 7 0 8 0 11 0 0 0 0 0 0 0 0 0 0 0 0 0 
125 7 0 8 0 7 0 8 0 11 0 7 0 0 0 0 0 0 0 0 0 0 0 
129 7.5 0 8 0 7 0 8 0 11 0 7 0 0 0 7 0 0 0 8 0 0 0 
130 7 0 8 0 7 0 8 0 11 0 7 0 0 0 7 0 0 0 8 0 7 0 
137 10 0 8 0 10 0 8 0 11 0 7 0 0 0 7 0 0 0 8 0 7 0 
139 4 0 8 0 10 0 8 0 4 0 7 0 0 0 7 0 0 0 8 0 7 0 
140 20 0 8 0 10 0 8 0 4 0 20 0 0 0 7 0 0 0 8 0 7 0 
142 -7 0 8 0 10 0 8 0 4 0 20 0 0 0 -7 0 0 0 8 0 7 0 
145 10 0 8 0 10 0 8 0 4 0 20 0 0 0 -7 0 0 0 8 0 10 0 
151 11 0 11 0 10 0 8 0 4 0 20 0 0 0 -7 0 0 0 8 0 10 0 
153 12 0 11 0 10 0 12 0 4 0 20 0 0 0 -7 0 0 0 8 0 10 0 
154 10 0 11 0 10 0 12 0 10 0 20 0 0 0 -7 0 0 0 8 0 10 0 
155 9 0 11 0 10 0 12 0 10 0 9 0 0 0 -7 0 0 0 8 0 10 0 
157 0 0 11 0 10 0 12 0 10 0 9 0 0 0 0 0 0 0 8 0 10 0 
159 11 0 11 0 10 0 12 0 10 0 9 0 0 0 0 0 0 0 11 0 10 0 
166 7 0 7 0 10 0 12 0 10 0 9 0 0 0 0 0 0 0 11 0 10 0 
167 1 0 7 0 1 0 12 0 10 0 9 0 0 0 0 0 0 0 11 0 10 0 
168 7 0 7 0 1 0 7 0 10 0 9 0 0 0 0 0 0 0 11 0 10 0 
169 1 0 7 0 1 0 7 0 1 0 9 0 0 0 0 0 0 0 11 0 10 0 
170 2 0 7 0 1 0 7 0 1 0 2 0 0 0 0 0 0 0 11 0 10 0 
174 7 0 7 0 1 0 7 0 1 0 2 0 0 0 0 0 0 0 7 0 10 0 
175 1 0 7 0 1 0 7 0 1 0 2 0 0 0 0 0 0 0 7 0 1 0 
181 4 0 4 0 1 0 7 0 1 0 2 0 0 0 0 0 0 0 7 0 1 0 
182 0 0 4 0 0 0 7 0 1 0 2 0 0 0 0 0 0 0 7 0 1 0 
183 3 0 4 0 0 0 3 0 1 0 2 0 0 0 0 0 0 0 7 0 1 0 
184 0 0 4 0 0 0 3 0 0 0 2 0 0 0 0 0 0 0 7 0 1 0 
189 2 0 4 0 0 0 3 0 0 0 0 0 0 0 0 0 0 0 4 0 1 0 
190 0 0 4 0 0 0 3 0 0 0 0 0 0 0 0 0 0 0 4 0 0 0 
196 16 0 16 0 0 0 3 0 0 0 0 0 0 0 0 0 0 0 4 0 0 0 
211 11.3333 0 2 0 0 0 16 0 0 0 0 0 0 0 0 0 0 0 16 0 0 0 
213 2 0 2 0 0 0 2 0 0 0 0 0 0 0 0 0 0 0 16 0 0 0 
226 2.5 0 3 0 0 0 2 0 0 0 0 0 0 0 0 0 0 0 2 0 0 0 
228 4 0 3 0 0 0 4 0 0 0 0 0 0 0 0 0 0 0 2 0 0 0 
234 3 0 3 0 0 0 4 0 0 0 0 0 0 0 0 0 0 0 3 0 0 0 
241 4 0 4 0 0 0 4 0 0 0 0 0 0 0 0 0 0 0 3 0 0 0 
243 13 0 4 0 0 0 13 0 0 0 0 0 0 0 0 0 0 0 3 0 0 0 
249 4 0 4 0 0 0 13 0 0 0 0 0 0 0 0 0 0 0 4 0 0 0 
256 6 0 6 0 0 0 13 0 0 0 0 0 0 0 0 0 0 0 4 0 0 0 
271 5 0 3 0 0 0 6 0 0 0 0 0 0 0 0 0 0 0 6 0 0 0 
273 4 0 3 0 0 0 4 0 0 0 0 0 0 0 0 0 0 0 6 0 0 0 
279 3 0 3 0 0 0 4 0 0 0 0 0 0 0 0 0 0 0 3 0 0 0 
286 4 0 4 0 0 0 4 0 0 0 0 0 0 0 0 0 0 0 3 0 0 0 
288 3 0 4 0 0 0 3 0 0 0 0 0 0 0 0 0 0 0 3 0 0 0 
294 4 0 4 0 0 0 3 0 0 0 0 0 0 0 0 0 0 0 4 0 0 0 
301 2 0 2 0 0 0 3 0 0 0 0 0 0 0 0 0 0 0 4 0 0 0 
303 12 0 2 0 0 0 12 0 0 0 0 0 0 0 0 0 0 0 4 0 0 0 
309 -6 0 2 0 0 0 12 0 0 0 0 0 0 0 0 0 0 0 -6 0 0 0 
316 4 0 4 0 0 0 12 0 0 0 0 0 0 0 0 0 0 0 -6 0 0 0 
324 -8 0 4 0 0 0 4 0 0 0 0 0 0 0 0 0 0 0 -20 0 0 0 
331 3 0 3 0 0 0 4 0 0 0 0 0 0 0 0 0 0 0 -20 0 0 0 
333 6 0 3 0 0 0 6 0 0 0 0 0 0 0 0 0 0 0 -20 0 0 0 
339 -8 0 3 0 0 0 6 0 0 0 0 0 0 0 0 0 0 0 -8 0 0 0 
346 6 0 6 0 0 0 6 0 0 0 0 0 0 0 0 0 0 0 -8 0 0 0 
348 4 0 6 0 0 0 4 0 0 0 0 0 0 0 0 0 0 0 -8 0 0 0 
354 -20 0 6 0 0 0 4 0 0 0 0 0 0 0 0 0 0 0 -20 0 0 0 
361 5 0 5 0 0 0 4 0 0 0 0 0 0 0 0 0 0 0 -20 0 0 0 
369 -7 0 5 0 0 0 4 0 0 0 0 0 0 0 0 0 0 0 -7 0 0 0 
376 0 0 0 0 0 0 4 0 0 0 0 0 0 0 0 0 0 0 -7 0 0 0 
384 -2 0 0 0 0 0 0 0 0 0 0 0 0 0 0 0 0 0 -4 0 0 0 
399 -6 0 0 0 0 0 0 0 0 0 0 0 0 0 0 0 0 0 -6 0 0 0 
414 -4 0 0 0 0 0 0 0 0 0 0 0 0 0 0 0 0 0 -4 0 0 0 
429 -1 0 0 0 0 0 0 0 0 0 0 0 0 0 0 0 0 0 -1 0 0 0 
444 0 0 0 0 0 0 0 0 0 0 0 0 0 0 0 0 0 0 0 0 0 0 
529 2 0 0 0 0 0 0 0 2 0 0 0 0 0 0 0 0 0 0 0 0 0 
544 4 0 0 0 0 0 0 0 4 0 0 0 0 0 0 0 0 0 0 0 0 0 
546 8 0 0 0 0 0 0 0 4 0 0 0 8 0 0 0 0 0 0 0 0 0 
559 54 0 0 0 0 0 0 0 54 0 0 0 8 0 0 0 0 0 0 0 0 0 
574 0 1 0 0 0 0 0 0 0 1 0 0 8 0 0 0 0 0 0 0 0 0 
576 12 0 0 0 0 0 0 0 0 1 0 0 12 0 0 0 0 0 0 0 0 0 
577 7 0 0 0 0 0 0 0 0 1 0 0 12 0 7 0 0 0 0 0 0 0 
589 0 0 0 0 0 0 0 0 0 0 0 0 12 0 7 0 0 0 0 0 0 0 
591 6 0 0 0 0 0 0 0 0 0 0 0 6 0 7 0 0 0 0 0 0 0 
606 5 0 0 0 0 0 0 0 0 0 0 0 4 0 6 0 0 0 0 0 0 0 
607 13 0 0 0 0 0 0 0 0 0 0 0 4 0 13 0 0 0 0 0 0 0 
621 16 0 0 0 0 0 0 0 0 0 0 0 16 0 13 0 0 0 0 0 0 0 
622 2 0 0 0 0 0 0 0 0 0 0 0 16 0 2 0 0 0 0 0 0 0 
637 1 0 0 0 0 0 0 0 0 0 0 0 2 0 0 0 0 0 0 0 0 0 
651 3 0 0 0 0 0 0 0 0 0 0 0 3 0 0 0 0 0 0 0 0 0 
652 19 0 0 0 0 0 0 0 0 0 0 0 3 0 19 0 0 0 0 0 0 0 
666 4 0 0 0 0 0 0 0 0 0 0 0 4 0 19 0 0 0 0 0 0 0 
667 7 0 0 0 0 0 0 0 0 0 0 0 4 0 7 0 0 0 0 0 0 0 
681 6 0 0 0 0 0 0 0 0 0 0 0 6 0 7 0 0 0 0 0 0 0 
682 12 0 0 0 0 0 0 0 0 0 0 0 6 0 12 0 0 0 0 0 0 0 
696 4 0 0 0 0 0 0 0 0 0 0 0 4 0 12 0 0 0 0 0 0 0 
697 2 0 0 0 0 0 0 0 0 0 0 0 4 0 2 0 0 0 0 0 0 0 
711 3 0 0 0 0 0 0 0 0 0 0 0 3 0 2 0 0 0 0 0 0 0 
712 4 0 0 0 0 0 0 0 0 0 0 0 3 0 4 0 0 0 0 0 0 0 
726 3 0 4 0 0 0 0 0 0 0 0 0 2 0 4 0 0 0 0 0 0 0 
741 3.5 0 4 0 0 0 0 0 0 0 0 0 4 0 3 0 0 0 0 0 0 0 
742 6 0 4 0 0 0 0 0 0 0 0 0 4 0 6 0 0 0 0 0 0 0 
751 3 0 3 0 0 0 0 0 0 0 0 0 4 0 6 0 0 0 0 0 0 0 
753 2 0 3 0 0 0 2 0 0 0 0 0 4 0 6 0 0 0 0 0 0 0 
756 6 0 3 0 0 0 2 0 0 0 0 0 6 0 6 0 0 0 0 0 0 0 
757 5 0 3 0 0 0 2 0 0 0 0 0 6 0 5 0 0 0 0 0 0 0 
766 4 0 4 0 0 0 2 0 0 0 0 0 6 0 5 0 0 0 0 0 0 0 
768 14 0 4 0 0 0 14 0 0 0 0 0 6 0 5 0 0 0 0 0 0 0 
771 3 0 4 0 0 0 14 0 0 0 0 0 3 0 5 0 0 0 0 0 0 0 
772 1 0 4 0 0 0 14 0 0 0 0 0 3 0 1 0 0 0 0 0 0 0 
783 3 0 4 0 0 0 3 0 0 0 0 0 3 0 1 0 0 0 0 0 0 0 
786 5 0 4 0 0 0 3 0 0 0 0 0 5 0 1 0 0 0 0 0 0 0 
787 3 0 4 0 0 0 3 0 0 0 0 0 5 0 3 0 0 0 0 0 0 0 
798 4 0 4 0 0 0 4 0 0 0 0 0 5 0 3 0 0 0 0 0 0 0 
801 0 0 4 0 0 0 4 0 0 0 0 0 0 0 3 0 0 0 0 0 0 0 
802 4 0 4 0 0 0 4 0 0 0 0 0 0 0 4 0 0 0 0 0 0 0 
811 3 0 3 0 0 0 4 0 0 0 0 0 0 0 4 0 0 0 0 0 0 0 
817 4.5 0 3 0 0 0 4 0 0 0 0 0 3 0 6 0 0 0 0 0 0 0 
826 2 0 2 0 0 0 4 0 0 0 0 0 3 0 6 0 0 0 0 0 0 0 
834 6 0 2 0 0 0 4 0 0 0 0 0 3 0 6 0 0 0 6 0 0 0 
841 0 0 0 0 0 0 4 0 0 0 0 0 3 0 6 0 0 0 6 0 0 0 
843 2 0 0 0 0 0 2 0 0 0 0 0 3 0 6 0 0 0 6 0 0 0 
846 4 0 0 0 0 0 2 0 0 0 0 0 4 0 6 0 0 0 6 0 0 0 
847 0 0 0 0 0 0 2 0 0 0 0 0 4 0 0 0 0 0 6 0 0 0 
849 4 0 0 0 0 0 2 0 0 0 0 0 4 0 0 0 0 0 4 0 0 0 
856 2 0 2 0 0 0 2 0 0 0 0 0 4 0 0 0 0 0 4 0 0 0 
858 0 0 2 0 0 0 0 0 0 0 0 0 4 0 0 0 0 0 4 0 0 0 
864 8 0 2 0 0 0 0 0 0 0 0 0 0 0 0 0 0 0 16 0 0 0 
871 3 0 3 0 0 0 0 0 0 0 0 0 0 0 0 0 0 0 16 0 0 0 
876 2 0 3 0 0 0 0 0 0 0 0 0 2 0 0 0 0 0 16 0 0 0 
886 3 0 4 0 0 0 0 0 0 0 0 0 2 0 0 0 0 0 2 0 0 0 
894 5.5 0 4 0 0 0 0 0 0 0 0 0 3 0 0 0 0 0 8 0 0 0 
906 4 0 4 0 0 0 0 0 0 0 0 0 4 0 0 0 0 0 8 0 0 0 
921 14 0 4 0 0 0 0 0 0 0 0 0 14 0 0 0 0 0 8 0 0 0 
924 12 0 4 0 0 0 0 0 0 0 0 0 14 0 0 0 0 0 12 0 0 0 
931 3 0 3 0 0 0 0 0 0 0 0 0 14 0 0 0 0 0 12 0 0 0 
936 1 0 3 0 0 0 0 0 0 0 0 0 1 0 0 0 0 0 12 0 0 0 
946 6.5 0 12 0 0 0 0 0 0 0 0 0 1 0 0 0 0 0 1 0 0 0 
951 0 0 12 0 0 0 0 0 0 0 0 0 0 0 0 0 0 0 1 0 0 0 
954 4 0 12 0 0 0 0 0 0 0 0 0 0 0 0 0 0 0 4 0 0 0 
961 0 0 0 0 0 0 0 0 0 0 0 0 0 0 0 0 0 0 4 0 0 0 
984 6 0 0 0 0 0 0 0 0 0 0 0 0 0 0 0 0 0 6 0 0 0 
999 5 0 0 0 0 0 0 0 0 0 0 0 0 0 0 0 0 0 5 0 0 0 
1012 1 0 0 0 0 0 0 0 0 0 0 0 0 0 1 0 0 0 5 0 0 0 
1014 0 0 0 0 0 0 0 0 0 0 0 0 0 0 1 0 0 0 0 0 0 0 
1027 3 0 0 0 0 0 0 0 0 0 0 0 0 0 3 0 0 0 0 0 0 0 
1029 4 0 0 0 0 0 0 0 0 0 0 0 0 0 3 0 0 0 4 0 0 0 
1059 4.5 0 0 0 0 0 0 0 0 0 0 0 0 0 4 0 0 0 5 0 0 0 
1074 4 0 0 0 0 0 0 0 0 0 0 0 0 0 4 0 0 0 4 0 0 0 
1087 13 0 0 0 0 0 0 0 0 0 0 0 0 0 13 0 0 0 4 0 0 0 
1089 3 0 0 0 0 0 0 0 0 0 0 0 0 0 13 0 0 0 3 0 0 0 
1102 4 0 0 0 0 0 0 0 0 0 0 0 0 0 4 0 0 0 3 0 0 0 
1104 0 0 0 0 0 0 0 0 0 0 0 0 0 0 4 0 0 0 0 0 0 0 
1117 3 0 0 0 0 0 0 0 0 0 0 0 0 0 3 0 0 0 0 0 0 0 
1132 0 0 0 0 0 0 0 0 0 0 0 0 0 0 0 0 0 0 0 0 0 0 
1176 4 0 0 0 0 0 0 0 0 0 0 0 4 0 0 0 0 0 0 0 0 0 
1191 3 0 0 0 0 0 0 0 0 0 0 0 3 0 0 0 0 0 0 0 0 0 
1206 4 0 0 0 0 0 0 0 0 0 0 0 4 0 0 0 0 0 0 0 0 0 
1225 1 0 0 0 0 0 0 0 0 0 0 0 4 0 0 0 0 0 0 0 1 0 
1236 0 1 0 0 0 0 0 0 0 0 0 0 0 1 0 0 0 0 0 0 1 0 
1240 4 0 0 0 0 0 0 0 0 0 0 0 0 1 0 0 0 0 0 0 4 0 
1251 0 0 0 0 0 0 0 0 0 0 0 0 0 0 0 0 0 0 0 0 4 0 
1255 3 0 0 0 0 0 0 0 0 0 0 0 0 0 0 0 0 0 0 0 3 0 
1270 4 0 0 0 0 0 0 0 0 0 0 0 0 0 0 0 0 0 0 0 4 0 
1281 0 11 0 0 0 0 0 0 0 0 0 0 0 11 0 0 0 0 0 0 4 0 
1296 0 0 0 0 0 0 0 0 0 0 0 0 0 0 0 0 0 0 0 0 4 0 
1315 3 0 0 0 0 0 0 0 0 0 0 0 0 0 0 0 0 0 0 0 3 0 
1330 3.5 0 0 0 0 0 3 0 0 0 0 0 0 0 0 0 0 0 0 0 4 0 
1338 4 0 0 0 0 0 4 0 0 0 0 0 0 0 0 0 0 0 0 0 4 0 
1360 2 0 0 0 0 0 4 0 0 0 0 0 0 0 0 0 0 0 0 0 2 0 
1375 -2 0 0 0 0 0 4 0 0 0 0 0 0 0 0 0 0 0 0 0 -2 0 
1383 3 0 0 0 0 0 3 0 0 0 0 0 0 0 0 0 0 0 0 0 -2 0 
1390 0 0 0 0 0 0 3 0 0 0 0 0 0 0 0 0 0 0 0 0 0 0 
1398 4 0 0 0 0 0 4 0 0 0 0 0 0 0 0 0 0 0 0 0 0 0 
1413 3 0 0 0 0 0 3 0 0 0 0 0 0 0 0 0 0 0 0 0 0 0 
1428 0 0 0 0 0 0 0 0 0 0 0 0 0 0 0 0 0 0 0 0 0 0 
1728 3 0 0 0 0 0 3 0 0 0 0 0 0 0 0 0 0 0 0 0 0 0 
1758 4 0 0 0 0 0 4 0 0 0 0 0 0 0 0 0 0 0 0 0 0 0 
1803 3 0 0 0 0 0 3 0 0 0 0 0 0 0 0 0 0 0 0 0 0 0 
1818 1 1 0 0 0 0 1 1 0 0 0 0 0 0 0 0 0 0 0 0 0 0 
1825 1 0 0 0 0 0 1 1 0 0 0 0 0 0 0 0 0 0 0 0 1 0 
1833 0 0 0 0 0 0 0 0 0 0 0 0 0 0 0 0 0 0 0 0 1 0 
1840 4 0 0 0 0 0 0 0 0 0 0 0 0 0 0 0 0 0 0 0 4 0 
1855 3 0 0 0 0 0 0 0 0 0 0 0 0 0 0 0 0 0 0 0 3 0 
1870 4 0 0 0 0 0 0 0 0 0 0 0 0 0 0 0 0 0 0 0 4 0 
1878 0 1 0 0 0 0 0 1 0 0 0 0 0 0 0 0 0 0 0 0 4 0 
1893 0 0 0 0 0 0 0 0 0 0 0 0 0 0 0 0 0 0 0 0 4 0 
1900 15 0 0 0 0 0 0 0 0 0 0 0 0 0 0 0 0 0 0 0 15 0 
1915 0 1 0 0 0 0 0 0 0 0 0 0 0 0 0 0 0 0 0 0 0 1 
1930 0 0 0 0 0 0 0 0 0 0 0 0 0 0 0 0 0 0 0 0 0 0 
1945 0 10 0 0 0 0 0 0 0 0 0 0 0 0 0 0 0 0 0 0 0 10 
1960 0 0 0 0 0 0 0 0 0 0 0 0 0 0 0 0 0 0 0 0 0 0 
2377 3 0 0 0 0 0 0 0 0 0 0 0 0 0 3 0 0 0 0 0 0 0 
2392 15 0 0 0 0 0 0 0 0 0 0 0 0 0 15 0 0 0 0 0 0 0 
2407 3 0 0 0 0 0 0 0 0 0 0 0 0 0 3 0 0 0 0 0 0 0 
2422 4 0 0 0 0 0 0 0 0 0 0 0 0 0 4 0 0 0 0 0 0 0 
2467 2 0 0 0 0 0 0 0 0 0 0 0 0 0 2 0 0 0 0 0 0 0 
2482 0 0 0 0 0 0 0 0 0 0 0 0 0 0 0 0 0 0 0 0 0 0 
2887 3 0 0 0 0 0 0 0 0 0 0 0 0 0 3 0 0 0 0 0 0 0 
2902 4 0 0 0 0 0 0 0 0 0 0 0 0 0 4 0 0 0 0 0 0 0 
2947 3 0 0 0 0 0 0 0 0 0 0 0 0 0 3 0 0 0 0 0 0 0 
2962 4 0 0 0 0 0 0 0 0 0 0 0 0 0 4 0 0 0 0 0 0 0 
2977 15 0 0 0 0 0 0 0 0 0 0 0 0 0 15 0 0 0 0 0 0 0 
2992 1 1 0 0 0 0 0 0 0 0 0 0 0 0 1 1 0 0 0 0 0 0 
3007 0 0 0 0 0 0 0 0 0 0 0 0 0 0 0 0 0 0 0 0 0 0 
3052 0 11 0 0 0 0 0 0 0 0 0 0 0 0 0 11 0 0 0 0 0 0 
3067 0 0 0 0 0 0 0 0 0 0 0 0 0 0 0 0 0 0 0 0 0 0 
3204 1 0 0 0 0 0 0 0 0 0 0 0 0 0 0 0 0 0 1 0 0 0 
3219 3 0 0 0 0 0 0 0 0 0 0 0 0 0 0 0 0 0 3 0 0 0 
3234 4 0 0 0 0 0 0 0 0 0 0 0 0 0 0 0 0 0 4 0 0 0 
3264 14 0 0 0 0 0 0 0 0 0 0 0 0 0 0 0 0 0 14 0 0 0 
3279 3 0 0 0 0 0 0 0 0 0 0 0 0 0 0 0 0 0 3 0 0 0 
3294 4 0 0 0 0 0 0 0 0 0 0 0 0 0 0 0 0 0 4 0 0 0 
3324 3 0 0 0 0 0 0 0 0 0 0 0 0 0 0 0 0 0 3 0 0 0 
3339 0 0 0 0 0 0 0 0 0 0 0 0 0 0 0 0 0 0 0 0 0 0 
3560 4 0 0 0 0 0 0 0 0 0 4 0 0 0 0 0 0 0 0 0 0 0 
3575 3 0 0 0 0 0 0 0 0 0 3 0 0 0 0 0 0 0 0 0 0 0 
3590 4 0 0 0 0 0 0 0 0 0 4 0 0 0 0 0 0 0 0 0 0 0 
3635 3 0 0 0 0 0 0 0 0 0 3 0 0 0 0 0 0 0 0 0 0 0 
3650 4 0 0 0 0 0 0 0 0 0 4 0 0 0 0 0 0 0 0 0 0 0 
3695 3 0 0 0 0 0 0 0 0 0 3 0 0 0 0 0 0 0 0 0 0 0 
3710 4 0 0 0 0 0 0 0 0 0 4 0 0 0 0 0 0 0 0 0 0 0 
3725 14 0 0 0 0 0 0 0 0 0 14 0 0 0 0 0 0 0 0 0 0 0 
3740 4 0 0 0 0 0 0 0 0 0 4 0 0 0 0 0 0 0 0 0 0 0 
3755 3 0 0 0 0 0 0 0 0 0 3 0 0 0 0 0 0 0 0 0 0 0 
3770 14 0 0 0 0 0 0 0 0 0 14 0 0 0 0 0 0 0 0 0 0 0 
3785 0 1 0 0 0 0 0 0 0 0 0 1 0 0 0 0 0 0 0 0 0 0 
3800 0 0 0 0 0 0 0 0 0 0 0 0 0 0 0 0 0 0 0 0 0 0 
4914 4 0 0 0 0 0 0 0 0 0 0 0 0 0 0 0 0 0 4 0 0 0 
4944 19 0 0 0 0 0 0 0 0 0 0 0 0 0 0 0 0 0 19 0 0 0 
4959 3 0 0 0 0 0 0 0 0 0 0 0 0 0 0 0 0 0 3 0 0 0 
4974 4 0 0 0 0 0 0 0 0 0 0 0 0 0 0 0 0 0 4 0 0 0 
5019 3 0 0 0 0 0 0 0 0 0 0 0 0 0 0 0 0 0 3 0 0 0 
5034 2 0 0 0 0 0 0 0 0 0 0 0 0 0 0 0 0 0 2 0 0 0 
5049 0 0 0 0 0 0 0 0 0 0 0 0 0 0 0 0 0 0 0 0 0 0 
5259 1 0 0 0 0 0 0 0 0 0 0 0 0 0 0 0 0 0 1 0 0 0 
5274 4 0 0 0 0 0 0 0 0 0 0 0 0 0 0 0 0 0 4 0 0 0 
5289 14 0 0 0 0 0 0 0 0 0 0 0 0 0 0 0 0 0 14 0 0 0 
5319 3 0 0 0 0 0 0 0 0 0 0 0 0 0 0 0 0 0 3 0 0 0 
5334 4 0 0 0 0 0 0 0 0 0 0 0 0 0 0 0 0 0 4 0 0 0 
5349 14 0 0 0 0 0 0 0 0 0 0 0 0 0 0 0 0 0 14 0 0 0 
5364 4 0 0 0 0 0 0 0 0 0 0 0 0 0 0 0 0 0 4 0 0 0 
5379 13 0 0 0 0 0 0 0 0 0 0 0 0 0 0 0 0 0 13 0 0 0 
5394 1 1 0 0 0 0 0 0 0 0 0 0 0 0 0 0 0 0 1 1 0 0 
5409 0 0 0 0 0 0 0 0 0 0 0 0 0 0 0 0 0 0 0 0 0 0 
5419 3 0 0 0 0 0 0 0 3 0 0 0 0 0 0 0 0 0 0 0 0 0 
5434 10 0 0 0 0 0 0 0 10 0 0 0 0 0 0 0 0 0 0 0 0 0 
5449 8 0 0 0 0 0 0 0 8 0 0 0 0 0 0 0 0 0 0 0 0 0 
5454 0 1 0 0 0 0 0 0 8 0 0 0 0 0 0 0 0 0 0 1 0 0 
5464 7 0 0 0 0 0 0 0 7 0 0 0 0 0 0 0 0 0 0 1 0 0 
5469 0 0 0 0 0 0 0 0 7 0 0 0 0 0 0 0 0 0 0 0 0 0 
6775 2 0 0 0 0 0 0 0 0 0 0 0 0 0 0 0 0 0 0 0 4 0 
6790 10 0 0 0 0 0 0 0 0 0 0 0 0 0 0 0 0 0 0 0 10 0 
6805 12 0 0 0 0 0 0 0 0 0 0 0 0 0 0 0 0 0 0 0 12 0 
6820 2 0 0 0 0 0 0 0 0 0 0 0 0 0 0 0 0 0 0 0 2 0 
6835 0 0 0 0 0 0 0 0 0 0 0 0 0 0 0 0 0 0 0 0 0 0 
6856 1 0 1 0 0 0 0 0 0 0 0 0 0 0 0 0 0 0 0 0 0 0 
6871 14 0 14 0 0 0 0 0 0 0 0 0 0 0 0 0 0 0 0 0 0 0 
6886 4 0 4 0 0 0 0 0 0 0 0 0 0 0 0 0 0 0 0 0 0 0 
6931 3 0 3 0 0 0 0 0 0 0 0 0 0 0 0 0 0 0 0 0 0 0 
6946 4 0 4 0 0 0 0 0 0 0 0 0 0 0 0 0 0 0 0 0 0 0 
6991 3 0 3 0 0 0 0 0 0 0 0 0 0 0 0 0 0 0 0 0 0 0 
7006 4 0 4 0 0 0 0 0 0 0 0 0 0 0 0 0 0 0 0 0 0 0 
7021 14 0 14 0 0 0 0 0 0 0 0 0 0 0 0 0 0 0 0 0 0 0 
7036 0 1 0 1 0 0 0 0 0 0 0 0 0 0 0 0 0 0 0 0 0 0 
7051 0 0 0 0 0 0 0 0 0 0 0 0 0 0 0 0 0 0 0 0 0 0 
7081 0 21 0 21 0 0 0 0 0 0 0 0 0 0 0 0 0 0 0 0 0 0 
7096 0 0 0 0 0 0 0 0 0 0 0 0 0 0 0 0 0 0 0 0 0 0 
7867 8 0 0 0 0 0 0 0 0 0 0 0 0 0 8 0 0 0 0 0 0 0 
7897 12 0 0 0 0 0 0 0 0 0 0 0 0 0 12 0 0 0 0 0 0 0 
7912 7 0 0 0 0 0 0 0 0 0 0 0 0 0 7 0 0 0 0 0 0 0 
7927 3 0 0 0 0 0 0 0 0 0 0 0 0 0 3 0 0 0 0 0 0 0 
7942 16 0 0 0 0 0 0 0 0 0 0 0 0 0 16 0 0 0 0 0 0 0 
7957 2 0 0 0 0 0 0 0 0 0 0 0 0 0 2 0 0 0 0 0 0 0 
7972 4 0 0 0 0 0 0 0 0 0 0 0 0 0 4 0 0 0 0 0 0 0 
7987 3 0 0 0 0 0 0 0 0 0 0 0 0 0 3 0 0 0 0 0 0 0 
8002 6 0 0 0 0 0 0 0 0 0 0 0 0 0 6 0 0 0 0 0 0 0 
8017 4 0 0 0 0 0 0 0 0 0 0 0 0 0 4 0 0 0 0 0 0 0 
8032 3 0 0 0 0 0 0 0 0 0 0 0 0 0 3 0 0 0 0 0 0 0 
8047 2 0 0 0 0 0 0 0 0 0 0 0 0 0 2 0 0 0 0 0 0 0 
8062 4 0 0 0 0 0 0 0 0 0 0 0 0 0 4 0 0 0 0 0 0 0 
8077 16 0 0 0 0 0 0 0 0 0 0 0 0 0 16 0 0 0 0 0 0 0 
8092 4 0 0 0 0 0 0 0 0 0 0 0 0 0 4 0 0 0 0 0 0 0 
8122 0 0 0 0 0 0 0 0 0 0 0 0 0 0 0 0 0 0 0 0 0 0 
8207 3 0 0 0 3 0 0 0 0 0 0 0 0 0 0 0 0 0 0 0 0 0 
8222 4 0 0 0 4 0 0 0 0 0 0 0 0 0 0 0 0 0 0 0 0 0 
8267 3.5 0 0 0 3 0 0 0 0 0 0 0 0 0 4 0 0 0 0 0 0 0 
8282 4 0 0 0 4 0 0 0 0 0 0 0 0 0 4 0 0 0 0 0 0 0 
8287 3 0 0 0 4 0 0 0 0 0 0 0 0 0 3 0 0 0 0 0 0 0 
8297 14 0 0 0 14 0 0 0 0 0 0 0 0 0 3 0 0 0 0 0 0 0 
8302 2 0 0 0 14 0 0 0 0 0 0 0 0 0 2 0 0 0 0 0 0 0 
8312 4 0 0 0 4 0 0 0 0 0 0 0 0 0 2 0 0 0 0 0 0 0 
8317 0 0 0 0 4 0 0 0 0 0 0 0 0 0 0 0 0 0 0 0 0 0 
8327 3 0 0 0 3 0 0 0 0 0 0 0 0 0 0 0 0 0 0 0 0 0 
8342 4 0 0 0 4 0 0 0 0 0 0 0 0 0 0 0 0 0 0 0 0 0 
8387 3 0 0 0 3 0 0 0 0 0 0 0 0 0 0 0 0 0 0 0 0 0 
8417 0 1 0 0 0 1 0 0 0 0 0 0 0 0 0 0 0 0 0 0 0 0 
8432 0 0 0 0 0 0 0 0 0 0 0 0 0 0 0 0 0 0 0 0 0 0 
8452 2 0 0 0 0 0 0 0 0 0 0 0 0 0 2 0 0 0 0 0 0 0 
8467 3 0 0 0 0 0 0 0 0 0 0 0 0 0 3 0 0 0 0 0 0 0 
8482 4 0 0 0 0 0 0 0 0 0 0 0 0 0 4 0 0 0 0 0 0 0 
8512 1 0 0 0 0 0 0 0 0 0 0 0 0 0 1 0 0 0 0 0 0 0 
8527 0 0 0 0 0 0 0 0 0 0 0 0 0 0 0 0 0 0 0 0 0 0 
8545 4 0 0 0 0 0 0 0 0 0 0 0 0 0 0 0 0 0 0 0 4 0 
8575 13 0 0 0 0 0 0 0 0 0 0 0 0 0 0 0 0 0 0 0 13 0 
8590 4 0 0 0 0 0 0 0 0 0 0 0 0 0 0 0 0 0 0 0 4 0 
8620 14 0 0 0 0 0 0 0 0 0 0 0 0 0 0 0 0 0 0 0 14 0 
8635 18 0 0 0 0 0 0 0 0 0 0 0 0 0 0 0 0 0 0 0 18 0 
8645 8 0 0 0 0 0 0 0 0 0 8 0 0 0 0 0 0 0 0 0 18 0 
8650 4 0 0 0 0 0 0 0 0 0 8 0 0 0 0 0 0 0 0 0 4 0 
8675 11 0 0 0 0 0 0 0 0 0 11 0 0 0 0 0 0 0 0 0 4 0 
8690 7 0 0 0 0 0 0 0 0 0 7 0 0 0 0 0 0 0 0 0 4 0 
8695 13 0 0 0 0 0 0 0 0 0 7 0 0 0 0 0 0 0 0 0 13 0 
8705 4 0 0 0 0 0 0 0 0 0 4 0 0 0 0 0 0 0 0 0 13 0 
8710 0 1 0 0 0 0 0 0 0 0 4 0 0 0 0 0 0 0 0 0 0 1 
8720 16 0 0 0 0 0 0 0 0 0 16 0 0 0 0 0 0 0 0 0 0 1 
8725 0 0 0 0 0 0 0 0 0 0 16 0 0 0 0 0 0 0 0 0 0 0 
8735 2 0 0 0 0 0 0 0 0 0 2 0 0 0 0 0 0 0 0 0 0 0 
8737 3 0 0 0 0 0 0 0 0 0 2 0 0 0 3 0 0 0 0 0 0 0 
8752 4 0 0 0 0 0 0 0 0 0 2 0 0 0 4 0 0 0 0 0 0 0 
8767 3.5 0 0 0 0 0 0 0 0 0 4 0 0 0 3 0 0 0 0 0 0 0 
8780 6 0 0 0 0 0 0 0 0 0 6 0 0 0 3 0 0 0 0 0 0 0 
8782 4 0 0 0 0 0 0 0 0 0 6 0 0 0 4 0 0 0 0 0 0 0 
8795 3 0 0 0 0 0 0 0 0 0 3 0 0 0 4 0 0 0 0 0 0 0 
8797 2 0 0 0 0 0 0 0 0 0 3 0 0 0 2 0 0 0 0 0 0 0 
8810 5 0 0 0 0 0 0 0 0 0 5 0 0 0 2 0 0 0 0 0 0 0 
8812 0 1 0 0 0 0 0 0 0 0 5 0 0 0 0 1 0 0 0 0 0 0 
8825 1 0 0 0 0 0 0 0 0 0 1 0 0 0 0 1 0 0 0 0 0 0 
8827 0 0 0 0 0 0 0 0 0 0 1 0 0 0 0 0 0 0 0 0 0 0 
8840 4 0 0 0 0 0 0 0 0 0 4 0 0 0 0 0 0 0 0 0 0 0 
8855 3 0 0 0 0 0 0 0 0 0 3 0 0 0 0 0 0 0 0 0 0 0 
8857 0 11 0 0 0 0 0 0 0 0 3 0 0 0 0 11 0 0 0 0 0 0 
8870 6 0 0 0 0 0 0 0 0 0 6 0 0 0 0 11 0 0 0 0 0 0 
8872 0 0 0 0 0 0 0 0 0 0 6 0 0 0 0 0 0 0 0 0 0 0 
9110 3 0 0 0 0 0 0 0 0 0 3 0 0 0 0 0 0 0 0 0 0 0 
9125 4 0 0 0 0 0 0 0 0 0 4 0 0 0 0 0 0 0 0 0 0 0 
9155 3 0 0 0 0 0 0 0 0 0 3 0 0 0 0 0 0 0 0 0 0 0 
9170 14 0 0 0 0 0 0 0 0 0 14 0 0 0 0 0 0 0 0 0 0 0 
9185 4 0 0 0 0 0 0 0 0 0 4 0 0 0 0 0 0 0 0 0 0 0 
9215 3 0 0 0 0 0 0 0 0 0 3 0 0 0 0 0 0 0 0 0 0 0 
9230 4 0 0 0 0 0 0 0 0 0 4 0 0 0 0 0 0 0 0 0 0 0 
9245 2 0 0 0 0 0 0 0 0 0 2 0 0 0 0 0 0 0 0 0 0 0 
9260 0 0 0 0 0 0 0 0 0 0 0 0 0 0 0 0 0 0 0 0 0 0 
11169 6 0 0 0 0 0 0 0 0 0 0 0 0 0 0 0 0 0 6 0 0 0 
11184 4 0 0 0 0 0 0 0 0 0 0 0 0 0 0 0 0 0 4 0 0 0 
11199 11 0 0 0 0 0 0 0 0 0 0 0 0 0 0 0 0 0 11 0 0 0 
11214 7 0 0 0 0 0 0 0 0 0 0 0 0 0 0 0 0 0 7 0 0 0 
11229 8 0 0 0 0 0 0 0 0 0 0 0 0 0 0 0 0 0 8 0 0 0 
11259 11 0 0 0 0 0 0 0 0 0 0 0 0 0 0 0 0 0 11 0 0 0 
11274 2 0 0 0 0 0 0 0 0 0 0 0 0 0 0 0 0 0 2 0 0 0 
11289 4 0 0 0 0 0 0 0 0 0 0 0 0 0 0 0 0 0 4 0 0 0 
11319 5 0 0 0 0 0 0 0 0 0 0 0 0 0 0 0 0 0 5 0 0 0 
11334 6 0 0 0 0 0 0 0 0 0 0 0 0 0 0 0 0 0 6 0 0 0 
11349 0 0 0 0 0 0 0 0 0 0 0 0 0 0 0 0 0 0 0 0 0 0 
11364 4 0 0 0 0 0 0 0 0 0 0 0 0 0 0 0 0 0 4 0 0 0 
11379 3 0 0 0 0 0 0 0 0 0 0 0 0 0 0 0 0 0 3 0 0 0 
11394 6 0 0 0 0 0 0 0 0 0 0 0 0 0 0 0 0 0 6 0 0 0 
11409 14 0 0 0 0 0 0 0 0 0 0 0 0 0 0 0 0 0 14 0 0 0 
11424 3 0 0 0 0 0 0 0 0 0 0 0 0 0 0 0 0 0 3 0 0 0 
11439 0 0 0 0 0 0 0 0 0 0 0 0 0 0 0 0 0 0 0 0 0 0 
11589 1 0 0 0 0 0 0 0 0 0 0 0 0 0 0 0 0 0 1 0 0 0 
11604 14 0 0 0 0 0 0 0 0 0 0 0 0 0 0 0 0 0 14 0 0 0 
11619 3 0 0 0 0 0 0 0 0 0 0 0 0 0 0 0 0 0 3 0 0 0 
11634 4 0 0 0 0 0 0 0 0 0 0 0 0 0 0 0 0 0 4 0 0 0 
11679 3 0 0 0 0 0 0 0 0 0 0 0 0 0 0 0 0 0 3 0 0 0 
11694 2 0 0 0 0 0 0 0 0 0 0 0 0 0 0 0 0 0 2 0 0 0 
11709 0 0 0 0 0 0 0 0 0 0 0 0 0 0 0 0 0 0 0 0 0 0 
12361 6 0 6 0 0 0 0 0 0 0 0 0 0 0 0 0 0 0 0 0 0 0 
12376 9 0 9 0 0 0 0 0 0 0 0 0 0 0 0 0 0 0 0 0 0 0 
12406 2 0 2 0 0 0 0 0 0 0 0 0 0 0 0 0 0 0 0 0 0 0 
12421 0 0 0 0 0 0 0 0 0 0 0 0 0 0 0 0 0 0 0 0 0 0 
12466 12 0 12 0 0 0 0 0 0 0 0 0 0 0 0 0 0 0 0 0 0 0 
12474 3 0 12 0 0 0 0 0 0 0 0 0 0 0 0 0 0 0 3 0 0 0 
12481 4 0 4 0 0 0 0 0 0 0 0 0 0 0 0 0 0 0 3 0 0 0 
12511 3.5 0 3 0 0 0 0 0 0 0 0 0 0 0 0 0 0 0 4 0 0 0 
12519 3 0 3 0 0 0 0 0 0 0 0 0 0 0 0 0 0 0 3 0 0 0 
12526 4 0 4 0 0 0 0 0 0 0 0 0 0 0 0 0 0 0 3 0 0 0 
12534 15 0 4 0 0 0 0 0 0 0 0 0 0 0 0 0 0 0 15 0 0 0 
12541 2 0 2 0 0 0 0 0 0 0 0 0 0 0 0 0 0 0 15 0 0 0 
12549 4 0 2 0 0 0 0 0 0 0 0 0 0 0 0 0 0 0 4 0 0 0 
12556 0 1 0 1 0 0 0 0 0 0 0 0 0 0 0 0 0 0 4 0 0 0 
12564 1 0 0 1 0 0 0 0 0 0 0 0 0 0 0 0 0 0 1 0 0 0 
12571 0 0 0 0 0 0 0 0 0 0 0 0 0 0 0 0 0 0 1 0 0 0 
12586 0 5 0 10 0 0 0 0 0 0 0 0 0 0 0 0 0 0 0 0 0 0 
12601 0 0 0 0 0 0 0 0 0 0 0 0 0 0 0 0 0 0 0 0 0 0 
12729 4 0 0 0 0 0 0 0 0 0 0 0 0 0 0 0 0 0 4 0 0 0 
12759 3 0 0 0 0 0 0 0 0 0 0 0 0 0 0 0 0 0 3 0 0 0 
12774 4 0 0 0 0 0 0 0 0 0 0 0 0 0 0 0 0 0 4 0 0 0 
12819 3 0 0 0 0 0 0 0 0 0 0 0 0 0 0 0 0 0 3 0 0 0 
12828 6 0 0 0 0 0 6 0 0 0 0 0 0 0 0 0 0 0 3 0 0 0 
12834 4 0 0 0 0 0 6 0 0 0 0 0 0 0 0 0 0 0 4 0 0 0 
12843 3 0 0 0 0 0 3 0 0 0 0 0 0 0 0 0 0 0 4 0 0 0 
12858 7.5 0 0 0 0 0 12 0 0 0 0 0 0 0 0 0 0 0 3 0 0 0 
12864 0 1 0 0 0 0 12 0 0 0 0 0 0 0 0 0 0 0 0 1 0 0 
12873 7 0 0 0 0 0 7 0 0 0 0 0 0 0 0 0 0 0 0 1 0 0 
12879 0 0 0 0 0 0 7 0 0 0 0 0 0 0 0 0 0 0 0 0 0 0 
12888 8 0 0 0 0 0 8 0 0 0 0 0 0 0 0 0 0 0 0 0 0 0 
12903 5 0 0 0 0 0 5 0 0 0 0 0 0 0 0 0 0 0 0 0 0 0 
12909 0 1 0 0 0 0 5 0 0 0 0 0 0 0 0 0 0 0 0 1 0 0 
12918 14 0 0 0 0 0 14 0 0 0 0 0 0 0 0 0 0 0 0 1 0 0 
12924 0 0 0 0 0 0 14 0 0 0 0 0 0 0 0 0 0 0 0 0 0 0 
12933 2 0 0 0 0 0 2 0 0 0 0 0 0 0 0 0 0 0 0 0 0 0 
12948 4 0 0 0 0 0 4 0 0 0 0 0 0 0 0 0 0 0 0 0 0 0 
12963 3 0 0 0 0 0 3 0 0 0 0 0 0 0 0 0 0 0 0 0 0 0 
12978 6 0 0 0 0 0 6 0 0 0 0 0 0 0 0 0 0 0 0 0 0 0 
13008 0 0 0 0 0 0 0 0 0 0 0 0 0 0 0 0 0 0 0 0 0 0 
13023 3 0 0 0 0 0 3 0 0 0 0 0 0 0 0 0 0 0 0 0 0 0 
13038 4 0 0 0 0 0 4 0 0 0 0 0 0 0 0 0 0 0 0 0 0 0 
13053 16 0 0 0 0 0 16 0 0 0 0 0 0 0 0 0 0 0 0 0 0 0 
13068 4 0 0 0 0 0 4 0 0 0 0 0 0 0 0 0 0 0 0 0 0 0 
13083 3 0 0 0 0 0 3 0 0 0 0 0 0 0 0 0 0 0 0 0 0 0 
13098 0 0 0 0 0 0 0 0 0 0 0 0 0 0 0 0 0 0 0 0 0 0 
13173 1 0 0 0 0 0 1 0 0 0 0 0 0 0 0 0 0 0 0 0 0 0 
13188 4 0 0 0 0 0 4 0 0 0 0 0 0 0 0 0 0 0 0 0 0 0 
13203 3 0 0 0 0 0 3 0 0 0 0 0 0 0 0 0 0 0 0 0 0 0 
13218 4 0 0 0 0 0 4 0 0 0 0 0 0 0 0 0 0 0 0 0 0 0 
13248 3 0 0 0 0 0 3 0 0 0 0 0 0 0 0 0 0 0 0 0 0 0 
13263 0 0 0 0 0 0 0 0 0 0 0 0 0 0 0 0 0 0 0 0 0 0 
13277 12 0 0 0 12 0 0 0 0 0 0 0 0 0 0 0 0 0 0 0 0 0 
13292 6 0 0 0 6 0 0 0 0 0 0 0 0 0 0 0 0 0 0 0 0 0 
13307 9 0 0 0 9 0 0 0 0 0 0 0 0 0 0 0 0 0 0 0 0 0 
13322 1 0 0 0 1 0 0 0 0 0 0 0 0 0 0 0 0 0 0 0 0 0 
13337 0 0 0 0 0 0 0 0 0 0 0 0 0 0 0 0 0 0 0 0 0 0 
13446 12 0 0 0 0 0 0 0 0 0 0 0 12 0 0 0 0 0 0 0 0 0 
13461 5 0 0 0 0 0 0 0 0 0 0 0 5 0 0 0 0 0 0 0 0 0 
13476 10 0 0 0 0 0 0 0 0 0 0 0 10 0 0 0 0 0 0 0 0 0 
13491 1 0 0 0 0 0 0 0 0 0 0 0 1 0 0 0 0 0 0 0 0 0 
13506 0 0 0 0 0 0 0 0 0 0 0 0 0 0 0 0 0 0 0 0 0 0 
13687 7 0 0 0 0 0 0 0 0 0 0 0 0 0 7 0 0 0 0 0 0 0 
13702 10 0 0 0 0 0 0 0 0 0 0 0 0 0 10 0 0 0 0 0 0 0 
13732 1 0 0 0 0 0 0 0 0 0 0 0 0 0 1 0 0 0 0 0 0 0 
13747 0 0 0 0 0 0 0 0 0 0 0 0 0 0 0 0 0 0 0 0 0 0 
13880 1 0 0 0 0 0 0 0 0 0 1 0 0 0 0 0 0 0 0 0 0 0 
13895 58 0 0 0 0 0 0 0 0 0 58 0 0 0 0 0 0 0 0 0 0 0 
13910 4 0 0 0 0 0 0 0 0 0 4 0 0 0 0 0 0 0 0 0 0 0 
13925 2 0 0 0 0 0 0 0 0 0 2 0 0 0 0 0 0 0 0 0 0 0 
13940 -2 0 0 0 0 0 0 0 0 0 -2 0 0 0 0 0 0 0 0 0 0 0 
13955 0 0 0 0 0 0 0 0 0 0 0 0 0 0 0 0 0 0 0 0 0 0 
14150 2 0 0 0 0 0 0 0 0 0 2 0 0 0 0 0 0 0 0 0 0 0 
14165 4 0 0 0 0 0 0 0 0 0 4 0 0 0 0 0 0 0 0 0 0 0 
14195 3 0 0 0 0 0 0 0 0 0 3 0 0 0 0 0 0 0 0 0 0 0 
14210 4 0 0 0 0 0 0 0 0 0 4 0 0 0 0 0 0 0 0 0 0 0 
14225 13 0 0 0 0 0 0 0 0 0 13 0 0 0 0 0 0 0 0 0 0 0 
14240 0 0 0 0 0 0 0 0 0 0 0 0 0 0 0 0 0 0 0 0 0 0 
14268 2 0 0 0 0 0 2 0 0 0 0 0 0 0 0 0 0 0 0 0 0 0 
14283 3 0 0 0 0 0 3 0 0 0 0 0 0 0 0 0 0 0 0 0 0 0 
14298 4 0 0 0 0 0 4 0 0 0 0 0 0 0 0 0 0 0 0 0 0 0 
14313 37.5 0 0 0 4 0 71 0 0 0 0 0 0 0 0 0 0 0 0 0 0 0 
14327 3 0 0 0 3 0 71 0 0 0 0 0 0 0 0 0 0 0 0 0 0 0 
14328 1 0 0 0 3 0 1 0 0 0 0 0 0 0 0 0 0 0 0 0 0 0 
14342 4 0 0 0 4 0 1 0 0 0 0 0 0 0 0 0 0 0 0 0 0 0 
14343 0 0 0 0 4 0 0 0 0 0 0 0 0 0 0 0 0 0 0 0 0 0 
14387 3 0 0 0 3 0 0 0 0 0 0 0 0 0 0 0 0 0 0 0 0 0 
14402 4 0 0 0 4 0 0 0 0 0 0 0 0 0 0 0 0 0 0 0 0 0 
14447 2 0 0 0 2 0 0 0 0 0 0 0 0 0 0 0 0 0 0 0 0 0 
14462 0 1 0 0 0 1 0 0 0 0 0 0 0 0 0 0 0 0 0 0 0 0 
14477 0 0 0 0 0 0 0 0 0 0 0 0 0 0 0 0 0 0 0 0 0 0 
14599 2 0 0 0 0 0 0 0 2 0 0 0 0 0 0 0 0 0 0 0 0 0 
14614 4 0 0 0 0 0 0 0 4 0 0 0 0 0 0 0 0 0 0 0 0 0 
14659 3 0 0 0 0 0 0 0 3 0 0 0 0 0 0 0 0 0 0 0 0 0 
14674 4 0 0 0 0 0 0 0 4 0 0 0 0 0 0 0 0 0 0 0 0 0 
14719 3 0 0 0 0 0 0 0 3 0 0 0 0 0 0 0 0 0 0 0 0 0 
14734 15 0 0 0 0 0 0 0 15 0 0 0 0 0 0 0 0 0 0 0 0 0 
14749 4 0 0 0 0 0 0 0 4 0 0 0 0 0 0 0 0 0 0 0 0 0 
14779 3 0 0 0 0 0 0 0 3 0 0 0 0 0 0 0 0 0 0 0 0 0 
14794 4 0 0 0 0 0 0 0 4 0 0 0 0 0 0 0 0 0 0 0 0 0 
14824 1 1 0 0 0 0 0 0 1 1 0 0 0 0 0 0 0 0 0 0 0 0 
14839 0 0 0 0 0 0 0 0 0 0 0 0 0 0 0 0 0 0 0 0 0 0 
14857 4 0 0 0 0 0 0 0 0 0 0 0 0 0 4 0 0 0 0 0 0 0 
14872 14 0 0 0 0 0 0 0 0 0 0 0 0 0 14 0 0 0 0 0 0 0 
14887 3 0 0 0 0 0 0 0 0 0 0 0 0 0 3 0 0 0 0 0 0 0 
14902 14 0 0 0 0 0 0 0 0 0 0 0 0 0 14 0 0 0 0 0 0 0 
14917 4 0 0 0 0 0 0 0 0 0 0 0 0 0 4 0 0 0 0 0 0 0 
14947 3 0 0 0 0 0 0 0 0 0 0 0 0 0 3 0 0 0 0 0 0 0 
14962 4 0 0 0 0 0 0 0 0 0 0 0 0 0 4 0 0 0 0 0 0 0 
15003 3 0 0 0 0 0 3 0 0 0 0 0 0 0 4 0 0 0 0 0 0 0 
15018 9 0 0 0 0 0 15 0 0 0 0 0 0 0 3 0 0 0 0 0 0 0 
15022 4 0 0 0 0 0 15 0 0 0 0 0 0 0 4 0 0 0 0 0 0 0 
15048 13 0 0 0 0 0 13 0 0 0 0 0 0 0 4 0 0 0 0 0 0 0 
15063 0 1 0 0 0 0 0 1 0 0 0 0 0 0 4 0 0 0 0 0 0 0 
15067 3 0 0 0 0 0 0 1 0 0 0 0 0 0 3 0 0 0 0 0 0 0 
15078 0 0 0 0 0 0 0 0 0 0 0 0 0 0 3 0 0 0 0 0 0 0 
15082 0 1 0 0 0 0 0 0 0 0 0 0 0 0 0 1 0 0 0 0 0 0 
15097 0 0 0 0 0 0 0 0 0 0 0 0 0 0 0 0 0 0 0 0 0 0 
15108 0 11 0 0 0 0 0 11 0 0 0 0 0 0 0 0 0 0 0 0 0 0 
15123 0 0 0 0 0 0 0 0 0 0 0 0 0 0 0 0 0 0 0 0 0 0 
16235 1 0 0 0 0 0 0 0 0 0 1 0 0 0 0 0 0 0 0 0 0 0 
16250 4 0 0 0 0 0 0 0 0 0 4 0 0 0 0 0 0 0 0 0 0 0 
16295 3 0 0 0 0 0 0 0 0 0 3 0 0 0 0 0 0 0 0 0 0 0 
16310 29 0 0 0 0 0 0 0 0 0 29 0 0 0 0 0 0 0 0 0 0 0 
16325 4 0 0 0 0 0 0 0 0 0 4 0 0 0 0 0 0 0 0 0 0 0 
16355 3 0 0 0 0 0 0 0 0 0 3 0 0 0 0 0 0 0 0 0 0 0 
16370 4 0 0 0 0 0 0 0 0 0 4 0 0 0 0 0 0 0 0 0 0 0 
16415 1 0 0 0 0 0 0 0 0 0 1 0 0 0 0 0 0 0 0 0 0 0 
16430 0 1 0 0 0 0 0 0 0 0 0 1 0 0 0 0 0 0 0 0 0 0 
16445 0 0 0 0 0 0 0 0 0 0 0 0 0 0 0 0 0 0 0 0 0 0 
16475 0 1 0 0 0 0 0 0 0 0 0 1 0 0 0 0 0 0 0 0 0 0 
16490 0 0 0 0 0 0 0 0 0 0 0 0 0 0 0 0 0 0 0 0 0 0 
16493 6 0 0 0 0 0 0 0 0 0 0 0 0 0 0 0 6 0 0 0 0 0 
16508 4 0 0 0 0 0 0 0 0 0 0 0 0 0 0 0 4 0 0 0 0 0 
16523 11 0 0 0 0 0 0 0 0 0 0 0 0 0 0 0 11 0 0 0 0 0 
16538 7 0 0 0 0 0 0 0 0 0 0 0 0 0 0 0 7 0 0 0 0 0 
16553 8 0 0 0 0 0 0 0 0 0 0 0 0 0 0 0 8 0 0 0 0 0 
16583 11 0 0 0 0 0 0 0 0 0 0 0 0 0 0 0 11 0 0 0 0 0 
16598 2 0 0 0 0 0 0 0 0 0 0 0 0 0 0 0 2 0 0 0 0 0 
16613 4 0 0 0 0 0 0 0 0 0 0 0 0 0 0 0 4 0 0 0 0 0 
16643 5 0 0 0 0 0 0 0 0 0 0 0 0 0 0 0 5 0 0 0 0 0 
16658 6 0 0 0 0 0 0 0 0 0 0 0 0 0 0 0 6 0 0 0 0 0 
16673 0 0 0 0 0 0 0 0 0 0 0 0 0 0 0 0 0 0 0 0 0 0 
16688 4 0 0 0 0 0 0 0 0 0 0 0 0 0 0 0 4 0 0 0 0 0 
16703 3 0 0 0 0 0 0 0 0 0 0 0 0 0 0 0 3 0 0 0 0 0 
16718 6 0 0 0 0 0 0 0 0 0 0 0 0 0 0 0 6 0 0 0 0 0 
16733 4 0 0 0 0 0 0 0 0 0 0 0 0 0 0 0 4 0 0 0 0 0 
16748 3 0 0 0 0 0 0 0 0 0 0 0 0 0 0 0 3 0 0 0 0 0 
16763 0 0 0 0 0 0 0 0 0 0 0 0 0 0 0 0 0 0 0 0 0 0 
17408 2 0 0 0 0 0 0 0 0 0 0 0 0 0 0 0 2 0 0 0 0 0 
17423 3 0 0 0 0 0 0 0 0 0 0 0 0 0 0 0 3 0 0 0 0 0 
17438 4 0 0 0 0 0 0 0 0 0 0 0 0 0 0 0 4 0 0 0 0 0 
17483 3 0 0 0 0 0 0 0 0 0 0 0 0 0 0 0 3 0 0 0 0 0 
17498 15 0 0 0 0 0 0 0 0 0 0 0 0 0 0 0 15 0 0 0 0 0 
17513 4 0 0 0 0 0 0 0 0 0 0 0 0 0 0 0 4 0 0 0 0 0 
17528 2 0 0 0 0 0 0 0 0 0 0 0 0 0 0 0 2 0 0 0 0 0 
17543 0 0 0 0 0 0 0 0 0 0 0 0 0 0 0 0 0 0 0 0 0 0 
17693 2 0 0 0 0 0 0 0 0 0 0 0 0 0 0 0 2 0 0 0 0 0 
17708 4 0 0 0 0 0 0 0 0 0 0 0 0 0 0 0 4 0 0 0 0 0 
17723 3 0 0 0 0 0 0 0 0 0 0 0 0 0 0 0 3 0 0 0 0 0 
17738 4 0 0 0 0 0 0 0 0 0 0 0 0 0 0 0 4 0 0 0 0 0 
17739 7 0 0 0 0 0 0 0 0 0 0 0 0 0 0 0 4 0 7 0 0 0 
17754 6 0 0 0 0 0 0 0 0 0 0 0 0 0 0 0 4 0 6 0 0 0 
17769 14 0 0 0 0 0 0 0 0 0 0 0 0 0 0 0 4 0 14 0 0 0 
17783 1 0 0 0 0 0 0 0 0 0 0 0 0 0 0 0 1 0 14 0 0 0 
17784 7 0 0 0 0 0 0 0 0 0 0 0 0 0 0 0 1 0 7 0 0 0 
17798 0 0 0 0 0 0 0 0 0 0 0 0 0 0 0 0 0 0 7 0 0 0 
17799 3 0 0 0 0 0 0 0 0 0 0 0 0 0 0 0 0 0 3 0 0 0 
17814 12 0 0 0 0 0 0 0 0 0 0 0 0 0 0 0 0 0 12 0 0 0 
17829 17 0 0 0 0 0 0 0 0 0 0 0 0 0 0 0 0 0 17 0 0 0 
17844 3 0 0 0 0 0 0 0 0 0 0 0 0 0 0 0 0 0 3 0 0 0 
17874 6 0 0 0 0 0 0 0 0 0 0 0 0 0 0 0 0 0 6 0 0 0 
17889 4 0 0 0 0 0 0 0 0 0 0 0 0 0 0 0 0 0 4 0 0 0 
17919 1 0 0 0 0 0 0 0 0 0 0 0 0 0 0 0 0 0 1 0 0 0 
17934 4 0 0 0 0 0 0 0 0 0 0 0 0 0 0 0 0 0 4 0 0 0 
17964 6 0 0 0 0 0 0 0 0 0 0 0 0 0 0 0 0 0 6 0 0 0 
17979 5 0 0 0 0 0 0 0 0 0 0 0 0 0 0 0 0 0 5 0 0 0 
17994 0 0 0 0 0 0 0 0 0 0 0 0 0 0 0 0 0 0 0 0 0 0 
18009 1 0 0 0 0 0 0 0 0 0 0 0 0 0 0 0 0 0 1 0 0 0 
18024 4 0 0 0 0 0 0 0 0 0 0 0 0 0 0 0 0 0 4 0 0 0 
18039 3 0 0 0 0 0 0 0 0 0 0 0 0 0 0 0 0 0 3 0 0 0 
18054 4 0 0 0 0 0 0 0 0 0 0 0 0 0 0 0 0 0 4 0 0 0 
18069 1 0 0 0 0 0 0 0 0 0 0 0 0 0 0 0 0 0 1 0 0 0 
18084 0 0 0 0 0 0 0 0 0 0 0 0 0 0 0 0 0 0 0 0 0 0 
18189 4 0 0 0 0 0 0 0 0 0 0 0 0 0 0 0 0 0 4 0 0 0 
18219 3 0 0 0 0 0 0 0 0 0 0 0 0 0 0 0 0 0 3 0 0 0 
18234 19 0 0 0 0 0 0 0 0 0 0 0 0 0 0 0 0 0 19 0 0 0 
18249 2 0 0 0 0 0 0 0 0 0 0 0 0 0 0 0 0 0 2 0 0 0 
18264 0 0 0 0 0 0 0 0 0 0 0 0 0 0 0 0 0 0 0 0 0 0 
18414 1 0 0 0 0 0 0 0 0 0 0 0 0 0 0 0 0 0 1 0 0 0 
18429 4 0 0 0 0 0 0 0 0 0 0 0 0 0 0 0 0 0 4 0 0 0 
18459 3 0 0 0 0 0 0 0 0 0 0 0 0 0 0 0 0 0 3 0 0 0 
18474 4 0 0 0 0 0 0 0 0 0 0 0 0 0 0 0 0 0 4 0 0 0 
18489 0 1 0 0 0 0 0 0 0 0 0 0 0 0 0 0 0 0 0 1 0 0 
18504 0 0 0 0 0 0 0 0 0 0 0 0 0 0 0 0 0 0 0 0 0 0 
18534 0 1 0 0 0 0 0 0 0 0 0 0 0 0 0 0 0 0 0 1 0 0 
18549 0 0 0 0 0 0 0 0 0 0 0 0 0 0 0 0 0 0 0 0 0 0 
20541 2 0 0 0 0 0 0 0 0 0 0 0 2 0 0 0 0 0 0 0 0 0 
20556 4 0 0 0 0 0 0 0 0 0 0 0 4 0 0 0 0 0 0 0 0 0 
20571 3 0 0 0 0 0 0 0 0 0 0 0 3 0 0 0 0 0 0 0 0 0 
20586 4 0 0 0 0 0 0 0 0 0 0 0 4 0 0 0 0 0 0 0 0 0 
20616 27 0 0 0 0 0 0 0 0 0 0 0 27 0 0 0 0 0 0 0 0 0 
20631 3 0 0 0 0 0 0 0 0 0 0 0 3 0 0 0 0 0 0 0 0 0 
20646 4 0 0 0 0 0 0 0 0 0 0 0 4 0 0 0 0 0 0 0 0 0 
20691 3 0 0 0 0 0 0 0 0 0 0 0 3 0 0 0 0 0 0 0 0 0 
20706 4 0 0 0 0 0 0 0 0 0 0 0 4 0 0 0 0 0 0 0 0 0 
20751 3 0 0 0 0 0 0 0 0 0 0 0 3 0 0 0 0 0 0 0 0 0 
20766 4 0 0 0 0 0 0 0 0 0 0 0 4 0 0 0 0 0 0 0 0 0 
20781 3 0 0 0 0 0 0 0 0 0 0 0 3 0 0 0 0 0 0 0 0 0 
20796 0 1 0 0 0 0 0 0 0 0 0 0 0 1 0 0 0 0 0 0 0 0 
20811 0 0 0 0 0 0 0 0 0 0 0 0 0 0 0 0 0 0 0 0 0 0 
20826 0 10 0 0 0 0 0 0 0 0 0 0 0 10 0 0 0 0 0 0 0 0 
20841 0 0 0 0 0 0 0 0 0 0 0 0 0 0 0 0 0 0 0 0 0 0 
20935 4 0 0 0 0 0 0 0 0 0 0 0 0 0 0 0 0 0 0 0 4 0 
20950 10 0 0 0 0 0 0 0 0 0 0 0 0 0 0 0 0 0 0 0 10 0 
20965 7 0 0 0 0 0 0 0 0 0 0 0 0 0 0 0 0 0 0 0 7 0 
20995 0 0 0 0 0 0 0 0 0 0 0 0 0 0 0 0 0 0 0 0 0 0 
21963 6 0 0 0 0 0 6 0 0 0 0 0 0 0 0 0 0 0 0 0 0 0 
21978 4 0 0 0 0 0 4 0 0 0 0 0 0 0 0 0 0 0 0 0 0 0 
21993 16 0 0 0 0 0 16 0 0 0 0 0 0 0 0 0 0 0 0 0 0 0 
22008 2 0 0 0 0 0 2 0 0 0 0 0 0 0 0 0 0 0 0 0 0 0 
22023 0 0 0 0 0 0 0 0 0 0 0 0 0 0 0 0 0 0 0 0 0 0 
22038 8 0 0 0 0 0 8 0 0 0 0 0 0 0 0 0 0 0 0 0 0 0 
22068 12 0 0 0 0 0 12 0 0 0 0 0 0 0 0 0 0 0 0 0 0 0 
22083 1 0 0 0 0 0 1 0 0 0 0 0 0 0 0 0 0 0 0 0 0 0 
22098 4 0 0 0 0 0 4 0 0 0 0 0 0 0 0 0 0 0 0 0 0 0 
22128 6 0 0 0 0 0 6 0 0 0 0 0 0 0 0 0 0 0 0 0 0 0 
22143 5 0 0 0 0 0 5 0 0 0 0 0 0 0 0 0 0 0 0 0 0 0 
22158 0 0 0 0 0 0 0 0 0 0 0 0 0 0 0 0 0 0 0 0 0 0 
22173 4 0 0 0 0 0 4 0 0 0 0 0 0 0 0 0 0 0 0 0 0 0 
22203 5 0 0 0 0 0 5 0 0 0 0 0 0 0 0 0 0 0 0 0 0 0 
22218 4 0 0 0 0 0 4 0 0 0 0 0 0 0 0 0 0 0 0 0 0 0 
22233 3 0 0 0 0 0 3 0 0 0 0 0 0 0 0 0 0 0 0 0 0 0 
22248 0 0 0 0 0 0 0 0 0 0 0 0 0 0 0 0 0 0 0 0 0 0 
22383 13 0 0 0 0 0 13 0 0 0 0 0 0 0 0 0 0 0 0 0 0 0 
22398 4 0 0 0 0 0 4 0 0 0 0 0 0 0 0 0 0 0 0 0 0 0 
22443 3 0 0 0 0 0 3 0 0 0 0 0 0 0 0 0 0 0 0 0 0 0 
22458 4 0 0 0 0 0 4 0 0 0 0 0 0 0 0 0 0 0 0 0 0 0 
22473 1 0 0 0 0 0 1 0 0 0 0 0 0 0 0 0 0 0 0 0 0 0 
22488 0 0 0 0 0 0 0 0 0 0 0 0 0 0 0 0 0 0 0 0 0 0 
24466 7 0 7 0 0 0 0 0 0 0 0 0 0 0 0 0 0 0 0 0 0 0 
24481 6 0 6 0 0 0 0 0 0 0 0 0 0 0 0 0 0 0 0 0 0 0 
24496 14 0 14 0 0 0 0 0 0 0 0 0 0 0 0 0 0 0 0 0 0 0 
24511 1 0 1 0 0 0 0 0 0 0 0 0 0 0 0 0 0 0 0 0 0 0 
24526 8 0 8 0 0 0 0 0 0 0 0 0 0 0 0 0 0 0 0 0 0 0 
24556 12 0 12 0 0 0 0 0 0 0 0 0 0 0 0 0 0 0 0 0 0 0 
24571 1 0 1 0 0 0 0 0 0 0 0 0 0 0 0 0 0 0 0 0 0 0 
24586 4 0 4 0 0 0 0 0 0 0 0 0 0 0 0 0 0 0 0 0 0 0 
24588 13 0 4 0 0 0 13 0 0 0 0 0 0 0 0 0 0 0 0 0 0 0 
24603 3 0 4 0 0 0 3 0 0 0 0 0 0 0 0 0 0 0 0 0 0 0 
24616 6 0 6 0 0 0 3 0 0 0 0 0 0 0 0 0 0 0 0 0 0 0 
24618 4 0 6 0 0 0 4 0 0 0 0 0 0 0 0 0 0 0 0 0 0 0 
24631 5 0 5 0 0 0 4 0 0 0 0 0 0 0 0 0 0 0 0 0 0 0 
24646 0 0 0 0 0 0 4 0 0 0 0 0 0 0 0 0 0 0 0 0 0 0 
24661 4 0 4 0 0 0 4 0 0 0 0 0 0 0 0 0 0 0 0 0 0 0 
24663 3 0 4 0 0 0 3 0 0 0 0 0 0 0 0 0 0 0 0 0 0 0 
24678 4 0 4 0 0 0 4 0 0 0 0 0 0 0 0 0 0 0 0 0 0 0 
24691 5 0 5 0 0 0 4 0 0 0 0 0 0 0 0 0 0 0 0 0 0 0 
24706 4 0 4 0 0 0 4 0 0 0 0 0 0 0 0 0 0 0 0 0 0 0 
24708 3 0 4 0 0 0 3 0 0 0 0 0 0 0 0 0 0 0 0 0 0 0 
24723 1.5 0 3 0 0 0 0 0 0 0 0 0 0 0 0 0 0 0 0 0 0 0 
24736 0 0 0 0 0 0 0 0 0 0 0 0 0 0 0 0 0 0 0 0 0 0 
25021 4 0 4 0 0 0 0 0 0 0 0 0 0 0 0 0 0 0 0 0 0 0 
25051 3 0 3 0 0 0 0 0 0 0 0 0 0 0 0 0 0 0 0 0 0 0 
25066 4 0 4 0 0 0 0 0 0 0 0 0 0 0 0 0 0 0 0 0 0 0 
25081 15 0 15 0 0 0 0 0 0 0 0 0 0 0 0 0 0 0 0 0 0 0 
25096 14 0 14 0 0 0 0 0 0 0 0 0 0 0 0 0 0 0 0 0 0 0 
25111 3 0 3 0 0 0 0 0 0 0 0 0 0 0 0 0 0 0 0 0 0 0 
25126 5 0 5 0 0 0 0 0 0 0 0 0 0 0 0 0 0 0 0 0 0 0 
25141 2 0 2 0 0 0 0 0 0 0 0 0 0 0 0 0 0 0 0 0 0 0 
25156 0 0 0 0 0 0 0 0 0 0 0 0 0 0 0 0 0 0 0 0 0 0 
26763 14 0 0 0 0 0 14 0 0 0 0 0 0 0 0 0 0 0 0 0 0 0 
26778 4 0 0 0 0 0 4 0 0 0 0 0 0 0 0 0 0 0 0 0 0 0 
26823 14 0 0 0 0 0 14 0 0 0 0 0 0 0 0 0 0 0 0 0 0 0 
26838 4 0 0 0 0 0 4 0 0 0 0 0 0 0 0 0 0 0 0 0 0 0 
26853 1 1 0 0 0 0 1 1 0 0 0 0 0 0 0 0 0 0 0 0 0 0 
26868 0 0 0 0 0 0 0 0 0 0 0 0 0 0 0 0 0 0 0 0 0 0 
26913 0 11 0 0 0 0 0 11 0 0 0 0 0 0 0 0 0 0 0 0 0 0 
26928 0 0 0 0 0 0 0 0 0 0 0 0 0 0 0 0 0 0 0 0 0 0 
26995 2 0 0 0 0 0 0 0 0 0 0 0 0 0 0 0 0 0 0 0 2 0 
