# ValueCount deltaRailways
10 0 0 0 0 0 0 0 0 0 0 0 0 0 0 0 0 0 0 0 0 0 0 
122 1 8 1 0 1 8 1 0 1 0 1 0 1 0 1 0 1 0 1 0 1 0 
125 2 7.5 2 0 2 8 2 8 2 0 2 7 2 0 2 0 2 0 2 0 2 0 
128 3 12 3 0 3 8 3 8 3 0 3 7 3 0 3 0 3 12 3 0 3 0 
130 4 8 4 0 4 8 4 8 4 0 4 7 4 0 4 0 4 12 4 0 4 8 
140 5 10 5 0 5 8 5 8 5 0 5 10 5 0 5 0 5 12 5 0 5 8 
142 6 6 6 0 6 8 6 8 6 0 6 10 6 0 6 6 6 12 6 0 6 8 
143 7 5 7 0 7 8 7 8 7 0 7 10 7 0 7 6 7 5 7 0 7 8 
152 8 12 8 0 8 12 8 8 8 0 8 10 8 0 8 6 8 5 8 0 8 8 
155 9 10.5 9 0 9 12 9 12 9 0 9 9 9 0 9 6 9 5 9 0 9 8 
157 10 4 10 0 10 12 10 12 10 0 10 9 10 0 10 4 10 5 10 0 10 8 
158 11 10 11 0 11 12 11 12 11 0 11 9 11 0 11 4 11 10 11 0 11 8 
160 12 12 12 0 12 12 12 12 12 0 12 9 12 0 12 4 12 10 12 0 12 12 
167 13 6 13 0 13 6 13 12 13 0 13 9 13 0 13 4 13 10 13 0 13 12 
168 14 7 14 0 14 6 14 7 14 0 14 9 14 0 14 4 14 10 14 0 14 12 
170 15 2 15 0 15 6 15 7 15 0 15 2 15 0 15 4 15 10 15 0 15 12 
172 16 16 16 0 16 6 16 7 16 0 16 2 16 0 16 16 16 10 16 0 16 12 
173 17 1 17 0 17 6 17 7 17 0 17 2 17 0 17 16 17 1 17 0 17 12 
175 18 6 18 0 18 6 18 7 18 0 18 2 18 0 18 16 18 1 18 0 18 6 
182 19 4 19 0 19 4 19 7 19 0 19 2 19 0 19 16 19 1 19 0 19 6 
183 20 3 20 0 20 4 20 3 20 0 20 2 20 0 20 16 20 1 20 0 20 6 
185 21 0 21 0 21 4 21 3 21 0 21 0 21 0 21 16 21 1 21 0 21 6 
187 22 2 22 0 22 4 22 3 22 0 22 0 22 0 22 2 22 1 22 0 22 6 
188 23 0 23 0 23 4 23 3 23 0 23 0 23 0 23 2 23 0 23 0 23 6 
190 24 4 24 0 24 4 24 3 24 0 24 0 24 0 24 2 24 0 24 0 24 4 
197 25 16 25 0 25 16 25 3 25 0 25 0 25 0 25 2 25 0 25 0 25 4 
202 26 8 26 0 26 16 26 16 26 0 26 0 26 0 26 0 26 0 26 0 26 4 
205 27 16 27 0 27 16 27 16 27 0 27 0 27 0 27 0 27 0 27 0 27 16 
212 28 2 28 0 28 2 28 16 28 0 28 0 28 0 28 0 28 0 28 0 28 16 
217 29 5 29 0 29 2 29 2 29 0 29 0 29 0 29 8 29 0 29 0 29 16 
220 30 2 30 0 30 2 30 2 30 0 30 0 30 0 30 8 30 0 30 0 30 2 
227 31 3 31 0 31 3 31 2 31 0 31 0 31 0 31 8 31 0 31 0 31 2 
228 32 4 32 0 32 3 32 4 32 0 32 0 32 0 32 8 32 0 32 0 32 2 
235 33 3 33 0 33 3 33 4 33 0 33 0 33 0 33 8 33 0 33 0 33 3 
242 34 4 34 0 34 4 34 4 34 0 34 0 34 0 34 8 34 0 34 0 34 3 
243 35 3 35 0 35 4 35 3 35 0 35 0 35 0 35 8 35 0 35 0 35 3 
247 36 11 36 0 36 4 36 3 36 0 36 0 36 0 36 11 36 0 36 0 36 3 
250 37 4 37 0 37 4 37 3 37 0 37 0 37 0 37 11 37 0 37 0 37 4 
257 38 6 38 0 38 6 38 3 38 0 38 0 38 0 38 11 38 0 38 0 38 4 
262 39 4 39 0 39 6 39 6 39 0 39 0 39 0 39 2 39 0 39 0 39 4 
265 40 6 40 0 40 6 40 6 40 0 40 0 40 0 40 2 40 0 40 0 40 6 
272 41 4 41 0 41 4 41 6 41 0 41 0 41 0 41 2 41 0 41 0 41 6 
287 42 3.66667 42 0 42 3 42 4 42 0 42 0 42 0 42 4 42 0 42 0 42 6 
288 43 3 43 0 43 3 43 3 43 0 43 0 43 0 43 4 43 0 43 0 43 6 
302 44 2.5 44 0 44 2 44 3 44 0 44 0 44 0 44 4 44 0 44 0 44 3 
303 45 2 45 0 45 2 45 2 45 0 45 0 45 0 45 4 45 0 45 0 45 3 
307 46 5 46 0 46 2 46 2 46 0 46 0 46 0 46 5 46 0 46 0 46 3 
310 47 2 47 0 47 2 47 2 47 0 47 0 47 0 47 5 47 0 47 0 47 2 
317 48 4 48 0 48 4 48 2 48 0 48 0 48 0 48 5 48 0 48 0 48 2 
322 49 5 49 0 49 4 49 4 49 0 49 0 49 0 49 6 49 0 49 0 49 2 
325 50 4 50 0 50 4 50 4 50 0 50 0 50 0 50 6 50 0 50 0 50 4 
332 51 6 51 0 51 6 51 4 51 0 51 0 51 0 51 6 51 0 51 0 51 4 
337 52 3 52 0 52 6 52 6 52 0 52 0 52 0 52 0 52 0 52 0 52 4 
340 53 6 53 0 53 6 53 6 53 0 53 0 53 0 53 0 53 0 53 0 53 6 
347 54 3 54 0 54 3 54 6 54 0 54 0 54 0 54 0 54 0 54 0 54 6 
348 55 4 55 0 55 3 55 4 55 0 55 0 55 0 55 0 55 0 55 0 55 6 
355 56 3.5 56 0 56 3 56 4 56 0 56 0 56 0 56 4 56 0 56 0 56 3 
362 57 5 57 0 57 5 57 4 57 0 57 0 57 0 57 4 57 0 57 0 57 3 
367 58 3 58 0 58 5 58 4 58 0 58 0 58 0 58 3 58 0 58 0 58 3 
370 59 5 59 0 59 5 59 4 59 0 59 0 59 0 59 3 59 0 59 0 59 5 
377 60 0 60 0 60 0 60 4 60 0 60 0 60 0 60 3 60 0 60 0 60 5 
382 61 3 61 0 61 0 61 0 61 0 61 0 61 0 61 6 61 0 61 0 61 5 
385 62 0 62 0 62 0 62 0 62 0 62 0 62 0 62 6 62 0 62 0 62 0 
397 63 4 63 0 63 0 63 0 63 0 63 0 63 0 63 4 63 0 63 0 63 0 
408 64 2 64 0 64 0 64 2 64 0 64 0 64 0 64 4 64 0 64 0 64 0 
412 65 3 65 0 65 0 65 2 65 0 65 0 65 0 65 3 65 0 65 0 65 0 
427 66 1.5 66 0 66 0 66 3 66 0 66 0 66 0 66 0 66 0 66 0 66 0 
438 67 6 67 0 67 0 67 6 67 0 67 0 67 0 67 0 67 0 67 0 67 0 
443 68 2 68 0 68 0 68 6 68 0 68 0 68 0 68 0 68 2 68 0 68 0 
453 69 4 69 0 69 0 69 4 69 0 69 0 69 0 69 0 69 2 69 0 69 0 
457 70 2 70 0 70 0 70 4 70 0 70 0 70 0 70 2 70 2 70 0 70 0 
458 71 4 71 0 71 0 71 4 71 0 71 0 71 0 71 2 71 4 71 0 71 0 
483 72 3 72 0 72 0 72 2 72 0 72 0 72 0 72 4 72 4 72 0 72 0 
498 73 1.5 73 0 73 0 73 0 73 0 73 0 73 0 73 3 73 4 73 0 73 0 
502 74 4 74 0 74 0 74 0 74 0 74 0 74 0 74 4 74 4 74 0 74 0 
503 75 3 75 0 75 0 75 0 75 0 75 0 75 0 75 4 75 3 75 0 75 0 
518 76 3.5 76 0 76 0 76 3 76 0 76 0 76 0 76 4 76 4 76 0 76 0 
528 77 4 77 0 77 0 77 4 77 0 77 0 77 0 77 4 77 4 77 0 77 0 
542 78 1 78 0 78 1 78 4 78 0 78 0 78 0 78 4 78 4 78 0 78 0 
543 79 3 79 0 79 1 79 3 79 0 79 0 79 0 79 4 79 4 79 0 79 0 
557 80 3.5 80 0 80 4 80 3 80 0 80 0 80 0 80 3 80 4 80 0 80 0 
558 81 4 81 0 81 4 81 4 81 0 81 0 81 0 81 3 81 4 81 0 81 0 
562 82 0 82 0 82 4 82 4 82 0 82 0 82 0 82 0 82 4 82 0 82 0 
563 83 3 83 0 83 4 83 4 83 0 83 0 83 0 83 0 83 3 83 0 83 0 
571 84 6 84 6 84 4 84 4 84 0 84 0 84 0 84 0 84 3 84 0 84 0 
575 85 1 85 6 85 4 85 4 85 0 85 1 85 0 85 0 85 3 85 0 85 0 
578 86 0 86 6 86 4 86 4 86 0 86 1 86 0 86 0 86 0 86 0 86 0 
587 87 3 87 6 87 3 87 4 87 0 87 1 87 0 87 0 87 0 87 0 87 0 
590 88 4 88 6 88 3 88 4 88 0 88 4 88 0 88 0 88 0 88 0 88 0 
601 89 10 89 16 89 3 89 4 89 0 89 4 89 0 89 4 89 0 89 0 89 0 
602 90 4 90 16 90 4 90 4 90 0 90 4 90 0 90 4 90 0 90 0 90 0 
603 91 3 91 16 91 4 91 3 91 0 91 4 91 0 91 4 91 0 91 0 91 0 
616 92 2.5 92 2 92 4 92 3 92 0 92 4 92 0 92 3 92 0 92 0 92 0 
618 93 1 93 2 93 4 93 1 93 0 93 4 93 0 93 3 93 0 93 0 93 0 
622 94 4 94 2 94 4 94 1 94 0 94 4 94 0 94 4 94 0 94 0 94 0 
631 95 10 95 10 95 4 95 1 95 0 95 4 95 0 95 4 95 0 95 0 95 0 
632 96 2 96 10 96 2 96 1 96 0 96 4 96 0 96 4 96 0 96 0 96 0 
633 97 0 97 10 97 2 97 0 97 0 97 4 97 0 97 4 97 0 97 0 97 0 
635 98 3 98 10 98 2 98 0 98 0 98 3 98 0 98 4 98 0 98 0 98 0 
646 99 8 99 8 99 2 99 0 99 0 99 3 99 0 99 4 99 0 99 0 99 0 
647 100 0 100 8 100 0 100 0 100 0 100 3 100 0 100 4 100 0 100 0 100 0 
650 101 4 101 8 101 0 101 0 101 0 101 4 101 0 101 4 101 0 101 0 101 0 
661 102 12 102 12 102 0 102 0 102 0 102 4 102 0 102 4 102 0 102 0 102 0 
667 103 0 103 12 103 0 103 0 103 0 103 4 103 0 103 0 103 0 103 0 103 0 
676 104 2 104 2 104 0 104 0 104 0 104 4 104 0 104 0 104 0 104 0 104 0 
691 105 3 105 3 105 0 105 0 105 0 105 4 105 0 105 0 105 0 105 0 105 0 
695 106 1 106 3 106 0 106 0 106 0 106 1 106 0 106 0 106 0 106 0 106 0 
706 107 4 107 4 107 0 107 0 107 0 107 1 107 0 107 0 107 0 107 0 107 0 
710 108 0 108 4 108 0 108 0 108 0 108 0 108 0 108 0 108 0 108 0 108 0 
721 109 6 109 6 109 0 109 0 109 0 109 0 109 0 109 0 109 0 109 0 109 0 
730 110 4 110 6 110 0 110 0 110 0 110 0 110 0 110 0 110 0 110 0 110 4 
736 111 5 111 5 111 0 111 0 111 0 111 0 111 0 111 0 111 0 111 0 111 4 
737 112 4 112 5 112 4 112 0 112 0 112 0 112 0 112 0 112 0 112 0 112 4 
745 113 6 113 5 113 4 113 0 113 0 113 0 113 0 113 0 113 0 113 0 113 6 
751 114 0 114 0 114 4 114 0 114 0 114 0 114 0 114 0 114 0 114 0 114 6 
760 115 4 115 0 115 4 115 0 115 0 115 0 115 0 115 0 115 0 115 0 115 4 
767 116 3.5 116 4 116 3 116 0 116 0 116 0 116 0 116 0 116 0 116 0 116 4 
775 117 3 117 4 117 3 117 0 117 0 117 0 117 0 117 0 117 0 117 0 117 3 
782 118 4 118 4 118 4 118 0 118 0 118 0 118 0 118 0 118 0 118 0 118 3 
796 119 5 119 6 119 4 119 0 119 0 119 0 119 0 119 0 119 0 119 0 119 4 
805 120 6 120 6 120 4 120 0 120 0 120 0 120 0 120 0 120 0 120 0 120 6 
811 121 3 121 3 121 4 121 0 121 0 121 0 121 0 121 0 121 0 121 0 121 6 
812 122 1 122 3 122 1 122 0 122 0 122 0 122 0 122 0 122 0 122 0 122 6 
820 123 0 123 3 123 1 123 0 123 0 123 0 123 0 123 0 123 0 123 0 123 0 
1022 124 1.5 124 0 124 3 124 0 124 0 124 0 124 0 124 0 124 0 124 0 124 0 
1037 125 4 125 0 125 4 125 0 125 0 125 0 125 0 125 0 125 0 125 0 125 0 
1067 126 3 126 0 126 3 126 0 126 0 126 0 126 0 126 0 126 0 126 0 126 0 
1082 127 4 127 0 127 4 127 0 127 0 127 0 127 0 127 0 127 0 127 0 127 0 
1097 128 3 128 0 128 3 128 0 128 0 128 0 128 0 128 0 128 0 128 0 128 0 
1112 129 0 129 0 129 0 129 0 129 0 129 0 129 0 129 0 129 0 129 0 129 0 
1165 130 3 130 0 130 0 130 0 130 0 130 0 130 0 130 0 130 0 130 0 130 3 
1180 131 4 131 0 131 0 131 0 131 0 131 0 131 0 131 0 131 0 131 0 131 4 
1195 132 3 132 0 132 0 132 0 132 0 132 0 132 0 132 0 132 0 132 0 132 3 
1210 133 4 133 0 133 0 133 0 133 0 133 0 133 0 133 0 133 0 133 0 133 4 
1255 134 2 134 0 134 0 134 0 134 0 134 0 134 0 134 0 134 0 134 0 134 2 
1270 135 0 135 0 135 0 135 0 135 0 135 0 135 0 135 0 135 0 135 0 135 0 
1462 136 3 136 0 136 0 136 0 136 0 136 0 136 0 136 3 136 0 136 0 136 0 
1473 137 4 137 0 137 0 137 4 137 0 137 0 137 0 137 3 137 0 137 0 137 0 
1477 138 6 138 0 138 0 138 4 138 0 138 0 138 0 138 6 138 0 138 0 138 0 
1492 139 5 139 0 139 0 139 6 139 0 139 0 139 0 139 4 139 0 139 0 139 0 
1503 140 3 140 0 140 0 140 3 140 0 140 0 140 0 140 4 140 0 140 0 140 0 
1518 141 3.5 141 0 141 0 141 4 141 0 141 0 141 0 141 3 141 0 141 0 141 0 
1522 142 4 142 0 142 0 142 4 142 0 142 0 142 0 142 4 142 0 142 0 142 0 
1548 143 15 143 0 143 0 143 15 143 0 143 0 143 0 143 4 143 0 143 0 143 0 
1563 144 1 144 0 144 0 144 1 144 0 144 0 144 0 144 4 144 0 144 0 144 0 
1578 145 0.5 145 0 145 0 145 0 145 0 145 0 145 0 145 1 145 0 145 0 145 0 
1582 146 0 146 0 146 0 146 0 146 0 146 0 146 0 146 0 146 0 146 0 146 0 
1765 147 4 147 0 147 0 147 0 147 0 147 0 147 0 147 0 147 0 147 0 147 4 
1795 148 3 148 0 148 0 148 0 148 0 148 0 148 0 148 0 148 0 148 0 148 3 
1810 149 4 149 0 149 0 149 0 149 0 149 0 149 0 149 0 149 0 149 0 149 4 
1855 150 2 150 0 150 0 150 0 150 0 150 0 150 0 150 0 150 0 150 0 150 2 
1870 151 0 151 0 151 0 151 0 151 0 151 0 151 0 151 0 151 0 151 0 151 0 
3016 152 1 152 1 152 0 152 0 152 0 152 0 152 0 152 0 152 0 152 0 152 0 
3031 153 3 153 3 153 0 153 0 153 0 153 0 153 0 153 0 153 0 153 0 153 0 
3046 154 4 154 4 154 0 154 0 154 0 154 0 154 0 154 0 154 0 154 0 154 0 
3091 155 3 155 3 155 0 155 0 155 0 155 0 155 0 155 0 155 0 155 0 155 0 
3106 156 4 156 4 156 0 156 0 156 0 156 0 156 0 156 0 156 0 156 0 156 0 
3151 157 3 157 3 157 0 157 0 157 0 157 0 157 0 157 0 157 0 157 0 157 0 
3166 158 4 158 4 158 0 158 0 158 0 158 0 158 0 158 0 158 0 158 0 158 0 
3181 159 1 159 1 159 0 159 0 159 0 159 0 159 0 159 0 159 0 159 0 159 0 
3196 160 0 160 0 160 0 160 0 160 0 160 0 160 0 160 0 160 0 160 0 160 0 
3721 161 3 161 3 161 0 161 0 161 0 161 0 161 0 161 0 161 0 161 0 161 0 
3736 162 4 162 4 162 0 162 0 162 0 162 0 162 0 162 0 162 0 162 0 162 0 
3751 163 3 163 3 163 0 163 0 163 0 163 0 163 0 163 0 163 0 163 0 163 0 
3766 164 4 164 4 164 0 164 0 164 0 164 0 164 0 164 0 164 0 164 0 164 0 
3811 165 3 165 3 165 0 165 0 165 0 165 0 165 0 165 0 165 0 165 0 165 0 
3826 166 4 166 4 166 0 166 0 166 0 166 0 166 0 166 0 166 0 166 0 166 0 
3841 167 3 167 3 167 0 167 0 167 0 167 0 167 0 167 0 167 0 167 0 167 0 
3856 168 0 168 0 168 0 168 0 168 0 168 0 168 0 168 0 168 0 168 0 168 0 
5438 169 8 169 0 169 0 169 0 169 0 169 0 169 0 169 0 169 8 169 0 169 0 
5468 170 12 170 0 170 0 170 0 170 0 170 0 170 0 170 0 170 12 170 0 170 0 
5483 171 6 171 0 171 0 171 0 171 0 171 0 171 0 171 0 171 6 171 0 171 0 
5498 172 4 172 0 172 0 172 0 172 0 172 0 172 0 172 0 172 4 172 0 172 0 
5513 173 16 173 0 173 0 173 0 173 0 173 0 173 0 173 0 173 16 173 0 173 0 
5528 174 2 174 0 174 0 174 0 174 0 174 0 174 0 174 0 174 2 174 0 174 0 
5543 175 5 175 0 175 0 175 0 175 0 175 0 175 0 175 0 175 5 175 0 175 0 
5558 176 4 176 0 176 0 176 0 176 0 176 0 176 0 176 0 176 4 176 0 176 0 
5573 177 6 177 0 177 0 177 0 177 0 177 0 177 0 177 0 177 6 177 0 177 0 
5588 178 4 178 0 178 0 178 0 178 0 178 0 178 0 178 0 178 4 178 0 178 0 
5603 179 3 179 0 179 0 179 0 179 0 179 0 179 0 179 0 179 3 179 0 179 0 
5618 180 2 180 0 180 0 180 0 180 0 180 0 180 0 180 0 180 2 180 0 180 0 
5633 181 4 181 0 181 0 181 0 181 0 181 0 181 0 181 0 181 4 181 0 181 0 
5648 182 6 182 0 182 0 182 0 182 0 182 0 182 0 182 0 182 6 182 0 182 0 
5663 183 3 183 0 183 0 183 0 183 0 183 0 183 0 183 0 183 3 183 0 183 0 
5678 184 5 184 0 184 0 184 0 184 0 184 0 184 0 184 0 184 5 184 0 184 0 
5693 185 0 185 0 185 0 185 0 185 0 185 0 185 0 185 0 185 0 185 0 185 0 
5903 186 1 186 0 186 0 186 0 186 0 186 0 186 0 186 0 186 1 186 0 186 0 
5918 187 4 187 0 187 0 187 0 187 0 187 0 187 0 187 0 187 4 187 0 187 0 
5963 188 3 188 0 188 0 188 0 188 0 188 0 188 0 188 0 188 3 188 0 188 0 
5972 189 4 189 0 189 4 189 0 189 0 189 0 189 0 189 0 189 3 189 0 189 0 
5987 190 6.5 190 0 190 9 190 0 190 0 190 0 190 0 190 0 190 4 190 0 190 0 
6001 191 2 191 2 191 9 191 0 191 0 191 0 191 0 191 0 191 4 191 0 191 0 
6002 192 8 192 2 192 8 192 0 192 0 192 0 192 0 192 0 192 4 192 0 192 0 
6008 193 1 193 2 193 8 193 0 193 0 193 0 193 0 193 0 193 1 193 0 193 0 
6016 194 4 194 4 194 8 194 0 194 0 194 0 194 0 194 0 194 1 194 0 194 0 
6017 195 7 195 4 195 7 195 0 195 0 195 0 195 0 195 0 195 1 195 0 195 0 
6023 196 0 196 4 196 7 196 0 196 0 196 0 196 0 196 0 196 0 196 0 196 0 
6031 197 3 197 3 197 7 197 0 197 0 197 0 197 0 197 0 197 0 197 0 197 0 
6032 198 0 198 3 198 0 198 0 198 0 198 0 198 0 198 0 198 0 198 0 198 0 
6046 199 4 199 4 199 0 199 0 199 0 199 0 199 0 199 0 199 0 199 0 199 0 
6091 200 3 200 3 200 0 200 0 200 0 200 0 200 0 200 0 200 0 200 0 200 0 
6106 201 4 201 4 201 0 201 0 201 0 201 0 201 0 201 0 201 0 201 0 201 0 
6136 202 6 202 6 202 0 202 0 202 0 202 0 202 0 202 0 202 0 202 0 202 0 
6151 203 0 203 0 203 0 203 0 203 0 203 0 203 0 203 0 203 0 203 0 203 0 
6308 204 1 204 0 204 0 204 0 204 0 204 0 204 0 204 0 204 1 204 0 204 0 
6323 205 3 205 0 205 0 205 0 205 0 205 0 205 0 205 0 205 3 205 0 205 0 
6338 206 6 206 0 206 0 206 0 206 0 206 0 206 0 206 0 206 6 206 0 206 0 
6353 207 4 207 0 207 0 207 0 207 0 207 0 207 0 207 0 207 4 207 0 207 0 
6383 208 3 208 0 208 0 208 0 208 0 208 0 208 0 208 0 208 3 208 0 208 0 
6398 209 4 209 0 209 0 209 0 209 0 209 0 209 0 209 0 209 4 209 0 209 0 
6413 210 1 210 0 210 0 210 0 210 0 210 0 210 0 210 0 210 1 210 0 210 0 
6428 211 0 211 0 211 0 211 0 211 0 211 0 211 0 211 0 211 0 211 0 211 0 
6442 212 8 212 0 212 0 212 0 212 0 212 0 212 0 212 8 212 0 212 0 212 0 
6472 213 12 213 0 213 0 213 0 213 0 213 0 213 0 213 12 213 0 213 0 213 0 
6487 214 6 214 0 214 0 214 0 214 0 214 0 214 0 214 6 214 0 214 0 214 0 
6502 215 4 215 0 215 0 215 0 215 0 215 0 215 0 215 4 215 0 215 0 215 0 
6517 216 16 216 0 216 0 216 0 216 0 216 0 216 0 216 16 216 0 216 0 216 0 
6532 217 2 217 0 217 0 217 0 217 0 217 0 217 0 217 2 217 0 217 0 217 0 
6547 218 3 218 0 218 0 218 0 218 0 218 0 218 0 218 3 218 0 218 0 218 0 
6562 219 4 219 0 219 0 219 0 219 0 219 0 219 0 219 4 219 0 219 0 219 0 
6577 220 6 220 0 220 0 220 0 220 0 220 0 220 0 220 6 220 0 220 0 220 0 
6592 221 4 221 0 221 0 221 0 221 0 221 0 221 0 221 4 221 0 221 0 221 0 
6607 222 3 222 0 222 0 222 0 222 0 222 0 222 0 222 3 222 0 222 0 222 0 
6622 223 2 223 0 223 0 223 0 223 0 223 0 223 0 223 2 223 0 223 0 223 0 
6637 224 6 224 0 224 0 224 0 224 0 224 0 224 0 224 6 224 0 224 0 224 0 
6667 225 3 225 0 225 0 225 0 225 0 225 0 225 0 225 3 225 0 225 0 225 0 
6682 226 5 226 0 226 0 226 0 226 0 226 0 226 0 226 5 226 0 226 0 226 0 
6697 227 0 227 0 227 0 227 0 227 0 227 0 227 0 227 0 227 0 227 0 227 0 
6745 228 11 228 0 228 0 228 0 228 0 228 0 228 0 228 0 228 0 228 0 228 11 
6752 229 1 229 0 229 1 229 0 229 0 229 0 229 0 229 0 229 0 229 0 229 11 
6760 230 4 230 0 230 1 230 0 230 0 230 0 230 0 230 0 230 0 230 0 230 4 
6767 231 3 231 0 231 3 231 0 231 0 231 0 231 0 231 0 231 0 231 0 231 4 
6775 232 9 232 0 232 3 232 0 232 0 232 0 232 0 232 0 232 0 232 0 232 9 
6782 233 4 233 0 233 4 233 0 233 0 233 0 233 0 233 0 233 0 233 0 233 9 
6790 234 2 234 0 234 4 234 0 234 0 234 0 234 0 234 0 234 0 234 0 234 2 
6805 235 0 235 0 235 4 235 0 235 0 235 0 235 0 235 0 235 0 235 0 235 0 
6827 236 5 236 0 236 5 236 0 236 0 236 0 236 0 236 0 236 0 236 0 236 0 
6833 237 3 237 0 237 5 237 0 237 0 237 0 237 0 237 0 237 3 237 0 237 0 
6842 238 4 238 0 238 4 238 0 238 0 238 0 238 0 238 0 238 3 238 0 238 0 
6887 239 3.5 239 0 239 3 239 0 239 0 239 0 239 0 239 0 239 4 239 0 239 0 
6902 240 2 240 0 240 2 240 0 240 0 240 0 240 0 240 0 240 4 240 0 240 0 
6917 241 0 241 0 241 0 241 0 241 0 241 0 241 0 241 0 241 4 241 0 241 0 
6923 242 2 242 0 242 0 242 0 242 0 242 0 242 0 242 0 242 2 242 0 242 0 
6938 243 0 243 0 243 0 243 0 243 0 243 0 243 0 243 0 243 0 243 0 243 0 
7072 244 3 244 0 244 0 244 0 244 0 244 0 244 0 244 3 244 0 244 0 244 0 
7102 245 4 245 0 245 0 245 0 245 0 245 0 245 0 245 4 245 0 245 0 245 0 
7147 246 3 246 0 246 0 246 0 246 0 246 0 246 0 246 3 246 0 246 0 246 0 
7162 247 4 247 0 247 0 247 0 247 0 247 0 247 0 247 4 247 0 247 0 247 0 
7177 248 0 248 0 248 0 248 0 248 0 248 0 248 0 248 0 248 0 248 0 248 0 
7672 249 4 249 0 249 0 249 0 249 0 249 0 249 0 249 4 249 0 249 0 249 0 
7687 250 3 250 0 250 0 250 0 250 0 250 0 250 0 250 3 250 0 250 0 250 0 
7702 251 4 251 0 251 0 251 0 251 0 251 0 251 0 251 4 251 0 251 0 251 0 
7717 252 6 252 0 252 0 252 0 252 0 252 0 252 0 252 6 252 0 252 0 252 0 
7732 253 4 253 0 253 0 253 0 253 0 253 0 253 0 253 4 253 0 253 0 253 0 
7747 254 0 254 0 254 0 254 0 254 0 254 0 254 0 254 0 254 0 254 0 254 0 
7777 255 2 255 0 255 0 255 0 255 0 255 0 255 0 255 2 255 0 255 0 255 0 
7792 256 4 256 0 256 0 256 0 256 0 256 0 256 0 256 4 256 0 256 0 256 0 
7807 257 3 257 0 257 0 257 0 257 0 257 0 257 0 257 3 257 0 257 0 257 0 
7822 258 4 258 0 258 0 258 0 258 0 258 0 258 0 258 4 258 0 258 0 258 0 
7852 259 3 259 0 259 0 259 0 259 0 259 0 259 0 259 3 259 0 259 0 259 0 
7867 260 0 260 0 260 0 260 0 260 0 260 0 260 0 260 0 260 0 260 0 260 0 
8589 261 9 261 0 261 0 261 0 261 0 261 0 261 0 261 0 261 0 261 9 261 0 
8604 262 12 262 0 262 0 262 0 262 0 262 0 262 0 262 0 262 0 262 12 262 0 
8619 263 7 263 0 263 0 263 0 263 0 263 0 263 0 263 0 263 0 263 7 263 0 
8649 264 6 264 0 264 0 264 0 264 0 264 0 264 0 264 0 264 0 264 6 264 0 
8664 265 14 265 0 265 0 265 0 265 0 265 0 265 0 265 0 265 0 265 14 265 0 
8679 266 1 266 0 266 0 266 0 266 0 266 0 266 0 266 0 266 0 266 1 266 0 
8694 267 4 267 0 267 0 267 0 267 0 267 0 267 0 267 0 267 0 267 4 267 0 
8724 268 6 268 0 268 0 268 0 268 0 268 0 268 0 268 0 268 0 268 6 268 0 
8739 269 3 269 0 269 0 269 0 269 0 269 0 269 0 269 0 269 0 269 3 269 0 
8784 270 4 270 0 270 0 270 0 270 0 270 0 270 0 270 0 270 0 270 4 270 0 
8799 271 5 271 0 271 0 271 0 271 0 271 0 271 0 271 0 271 0 271 5 271 0 
8814 272 4 272 0 272 0 272 0 272 0 272 0 272 0 272 0 272 0 272 4 272 0 
8844 273 0 273 0 273 0 273 0 273 0 273 0 273 0 273 0 273 0 273 0 273 0 
11026 274 8 274 8 274 0 274 0 274 0 274 0 274 0 274 0 274 0 274 0 274 0 
11034 275 15 275 8 275 0 275 0 275 0 275 0 275 0 275 0 275 0 275 15 275 0 
11049 276 4 276 8 276 0 276 0 276 0 276 0 276 0 276 0 276 0 276 4 276 0 
11056 277 14 277 14 277 0 277 0 277 0 277 0 277 0 277 0 277 0 277 4 277 0 
11064 278 15 278 14 278 0 278 0 278 0 278 0 278 0 278 0 278 0 278 15 278 0 
11071 279 6 279 6 279 0 279 0 279 0 279 0 279 0 279 0 279 0 279 15 279 0 
11079 280 3 280 6 280 0 280 0 280 0 280 0 280 0 280 0 280 0 280 3 280 0 
11094 281 4 281 6 281 0 281 0 281 0 281 0 281 0 281 0 281 0 281 4 281 0 
11101 282 16 282 16 282 0 282 0 282 0 282 0 282 0 282 0 282 0 282 4 282 0 
11109 283 6 283 16 283 0 283 0 283 0 283 0 283 0 283 0 283 0 283 6 283 0 
11116 284 2 284 2 284 0 284 0 284 0 284 0 284 0 284 0 284 0 284 6 284 0 
11124 285 3 285 2 285 0 285 0 285 0 285 0 285 0 285 0 285 0 285 3 285 0 
11139 286 1.5 286 3 286 0 286 0 286 0 286 0 286 0 286 0 286 0 286 0 286 0 
11146 287 4 287 4 287 0 287 0 287 0 287 0 287 0 287 0 287 0 287 0 287 0 
11161 288 6 288 6 288 0 288 0 288 0 288 0 288 0 288 0 288 0 288 0 288 0 
11176 289 4 289 4 289 0 289 0 289 0 289 0 289 0 289 0 289 0 289 0 289 0 
11191 290 3 290 3 290 0 290 0 290 0 290 0 290 0 290 0 290 0 290 0 290 0 
11206 291 4 291 4 291 0 291 0 291 0 291 0 291 0 291 0 291 0 291 0 291 0 
11236 292 6 292 6 292 0 292 0 292 0 292 0 292 0 292 0 292 0 292 0 292 0 
11251 293 3 293 3 293 0 293 0 293 0 293 0 293 0 293 0 293 0 293 0 293 0 
11266 294 5 294 5 294 0 294 0 294 0 294 0 294 0 294 0 294 0 294 0 294 0 
11281 295 0 295 0 295 0 295 0 295 0 295 0 295 0 295 0 295 0 295 0 295 0 
11491 296 1 296 1 296 0 296 0 296 0 296 0 296 0 296 0 296 0 296 0 296 0 
11506 297 4 297 4 297 0 297 0 297 0 297 0 297 0 297 0 297 0 297 0 297 0 
11551 298 3 298 3 298 0 298 0 298 0 298 0 298 0 298 0 298 0 298 0 298 0 
11566 299 6 299 6 299 0 299 0 299 0 299 0 299 0 299 0 299 0 299 0 299 0 
11581 300 4 300 4 300 0 300 0 300 0 300 0 300 0 300 0 300 0 300 0 300 0 
11596 301 2 301 2 301 0 301 0 301 0 301 0 301 0 301 0 301 0 301 0 301 0 
11611 302 0 302 0 302 0 302 0 302 0 302 0 302 0 302 0 302 0 302 0 302 0 
11626 303 4 303 4 303 0 303 0 303 0 303 0 303 0 303 0 303 0 303 0 303 0 
11671 304 3 304 3 304 0 304 0 304 0 304 0 304 0 304 0 304 0 304 0 304 0 
11686 305 4 305 4 305 0 305 0 305 0 305 0 305 0 305 0 305 0 305 0 305 0 
11701 306 2 306 2 306 0 306 0 306 0 306 0 306 0 306 0 306 0 306 0 306 0 
11716 307 0 307 0 307 0 307 0 307 0 307 0 307 0 307 0 307 0 307 0 307 0 
11762 308 6 308 0 308 6 308 0 308 0 308 0 308 0 308 0 308 0 308 0 308 0 
11777 309 4 309 0 309 4 309 0 309 0 309 0 309 0 309 0 309 0 309 0 309 0 
11792 310 16 310 0 310 16 310 0 310 0 310 0 310 0 310 0 310 0 310 0 310 0 
11798 311 7 311 0 311 16 311 0 311 0 311 0 311 0 311 0 311 7 311 0 311 0 
11807 312 2 312 0 312 2 312 0 312 0 312 0 312 0 312 0 312 7 312 0 312 0 
11813 313 6 313 0 313 2 313 0 313 0 313 0 313 0 313 0 313 6 313 0 313 0 
11821 314 2 314 2 314 2 314 0 314 0 314 0 314 0 314 0 314 6 314 0 314 0 
11822 315 8 315 2 315 8 315 0 315 0 315 0 315 0 315 0 315 6 315 0 315 0 
11828 316 14 316 2 316 8 316 0 316 0 316 0 316 0 316 0 316 14 316 0 316 0 
11836 317 4 317 4 317 8 317 0 317 0 317 0 317 0 317 0 317 14 317 0 317 0 
11843 318 1 318 4 318 8 318 0 318 0 318 0 318 0 318 0 318 1 318 0 318 0 
11851 319 3 319 3 319 8 319 0 319 0 319 0 319 0 319 0 319 1 319 0 319 0 
11852 320 12 320 3 320 12 320 0 320 0 320 0 320 0 320 0 320 1 320 0 320 0 
11858 321 0 321 3 321 12 321 0 321 0 321 0 321 0 321 0 321 0 321 0 321 0 
11866 322 4 322 4 322 12 322 0 322 0 322 0 322 0 322 0 322 0 322 0 322 0 
11867 323 1 323 4 323 1 323 0 323 0 323 0 323 0 323 0 323 0 323 0 323 0 
11873 324 9 324 4 324 1 324 0 324 0 324 0 324 0 324 0 324 9 324 0 324 0 
11882 325 4 325 4 325 4 325 0 325 0 325 0 325 0 325 0 325 9 325 0 325 0 
11888 326 12 326 4 326 4 326 0 326 0 326 0 326 0 326 0 326 12 326 0 326 0 
11896 327 3 327 3 327 4 327 0 327 0 327 0 327 0 327 0 327 12 327 0 327 0 
11903 328 7 328 3 328 4 328 0 328 0 328 0 328 0 328 0 328 7 328 0 328 0 
11911 329 0 329 0 329 4 329 0 329 0 329 0 329 0 329 0 329 7 329 0 329 0 
11912 330 6 330 0 330 6 330 0 330 0 330 0 330 0 330 0 330 7 330 0 330 0 
11918 331 2 331 0 331 6 331 0 331 0 331 0 331 0 331 0 331 2 331 0 331 0 
11927 332 5 332 0 332 5 332 0 332 0 332 0 332 0 332 0 332 2 332 0 332 0 
11933 333 4 333 0 333 5 333 0 333 0 333 0 333 0 333 0 333 4 333 0 333 0 
11942 334 0 334 0 334 0 334 0 334 0 334 0 334 0 334 0 334 4 334 0 334 0 
11948 335 6 335 0 335 0 335 0 335 0 335 0 335 0 335 0 335 6 335 0 335 0 
11957 336 4 336 0 336 4 336 0 336 0 336 0 336 0 336 0 336 6 336 0 336 0 
11963 337 3 337 0 337 4 337 0 337 0 337 0 337 0 337 0 337 3 337 0 337 0 
11978 338 5 338 0 338 4 338 0 338 0 338 0 338 0 338 0 338 5 338 0 338 0 
11993 339 3 339 0 339 5 339 0 339 0 339 0 339 0 339 0 339 1 339 0 339 0 
12002 340 4 340 0 340 4 340 0 340 0 340 0 340 0 340 0 340 1 340 0 340 0 
12017 341 3.5 341 0 341 3 341 0 341 0 341 0 341 0 341 0 341 4 341 0 341 0 
12023 342 3 342 0 342 3 342 0 342 0 342 0 342 0 342 0 342 3 342 0 342 0 
12032 343 0 343 0 343 0 343 0 343 0 343 0 343 0 343 0 343 3 343 0 343 0 
12038 344 6 344 0 344 0 344 0 344 0 344 0 344 0 344 0 344 6 344 0 344 0 
12068 345 3 345 0 345 0 345 0 345 0 345 0 345 6 345 0 345 0 345 0 345 0 
12081 346 7 346 0 346 0 346 0 346 0 346 0 346 7 346 0 346 0 346 0 346 0 
12096 347 11 347 0 347 0 347 0 347 0 347 0 347 11 347 0 347 0 347 0 347 0 
12111 348 2 348 0 348 0 348 0 348 0 348 0 348 2 348 0 348 0 348 0 348 0 
12126 349 0 349 0 349 0 349 0 349 0 349 0 349 0 349 0 349 0 349 0 349 0 
12291 350 1 350 0 350 0 350 0 350 0 350 0 350 1 350 0 350 0 350 0 350 0 
12306 351 6 351 0 351 0 351 0 351 0 351 0 351 6 351 0 351 0 351 0 351 0 
12321 352 19 352 0 352 0 352 0 352 0 352 0 352 19 352 0 352 0 352 0 352 0 
12336 353 6 353 0 353 0 353 0 353 0 353 0 353 6 353 0 353 0 353 0 353 0 
12351 354 0 354 0 354 0 354 0 354 0 354 0 354 0 354 0 354 0 354 0 354 0 
12437 355 4 355 0 355 4 355 0 355 0 355 0 355 0 355 0 355 0 355 0 355 0 
12467 356 3 356 0 356 3 356 0 356 0 356 0 356 0 356 0 356 0 356 0 356 0 
12482 357 4 357 0 357 4 357 0 357 0 357 0 357 0 357 0 357 0 357 0 357 0 
12504 358 3 358 0 358 4 358 0 358 0 358 0 358 0 358 0 358 0 358 3 358 0 
12527 359 5 359 0 359 5 359 0 359 0 359 0 359 0 359 0 359 0 359 3 359 0 
12534 360 4 360 0 360 5 360 0 360 0 360 0 360 0 360 0 360 0 360 4 360 0 
12557 361 2.5 361 0 361 1 361 0 361 0 361 0 361 0 361 0 361 4 361 4 361 0 
12563 362 3 362 0 362 1 362 0 362 0 362 0 362 0 362 0 362 3 362 4 362 0 
12564 363 30 363 0 363 1 363 0 363 0 363 0 363 0 363 0 363 3 363 30 363 0 
12572 364 0 364 0 364 0 364 0 364 0 364 0 364 0 364 0 364 3 364 30 364 0 
12578 365 4 365 0 365 0 365 0 365 0 365 0 365 0 365 0 365 4 365 30 365 0 
12579 366 3 366 0 366 0 366 0 366 0 366 0 366 0 366 0 366 4 366 3 366 0 
12594 367 2 367 0 367 0 367 0 367 0 367 0 367 0 367 0 367 4 367 2 367 0 
12609 368 0 368 0 368 0 368 0 368 0 368 0 368 0 368 0 368 4 368 0 368 0 
12623 369 3 369 0 369 0 369 0 369 0 369 0 369 0 369 0 369 3 369 0 369 0 
12638 370 6 370 0 370 0 370 0 370 0 370 0 370 0 370 0 370 6 370 0 370 0 
12653 371 4 371 0 371 0 371 0 371 0 371 0 371 0 371 0 371 4 371 0 371 0 
12668 372 1 372 0 372 0 372 0 372 0 372 0 372 0 372 0 372 1 372 0 372 0 
12683 373 0 373 0 373 0 373 0 373 0 373 0 373 0 373 0 373 0 373 0 373 0 
12835 374 2 374 0 374 0 374 0 374 0 374 0 374 0 374 0 374 0 374 0 374 2 
12850 375 4 375 0 375 0 375 0 375 0 375 0 375 0 375 0 375 0 375 0 375 4 
12895 376 3 376 0 376 0 376 0 376 0 376 0 376 0 376 0 376 0 376 0 376 3 
12910 377 4 377 0 377 0 377 0 377 0 377 0 377 0 377 0 377 0 377 0 377 4 
12955 378 3 378 0 378 0 378 0 378 0 378 0 378 0 378 0 378 0 378 0 378 3 
12970 379 6 379 0 379 0 379 0 379 0 379 0 379 0 379 0 379 0 379 0 379 6 
12985 380 0 380 0 380 0 380 0 380 0 380 0 380 0 380 0 380 0 380 0 380 0 
13000 381 -1 381 0 381 0 381 0 381 0 381 0 381 0 381 0 381 0 381 0 381 -1 
13015 382 0 382 0 382 0 382 0 382 0 382 0 382 0 382 0 382 0 382 0 382 0 
13112 383 4 383 0 383 4 383 0 383 0 383 0 383 0 383 0 383 0 383 0 383 0 
13127 384 14 384 0 384 14 384 0 384 0 384 0 384 0 384 0 384 0 384 0 384 0 
13142 385 4 385 0 385 4 385 0 385 0 385 0 385 0 385 0 385 0 385 0 385 0 
13187 386 0 386 0 386 0 386 0 386 0 386 0 386 0 386 0 386 0 386 0 386 0 
13210 387 2 387 0 387 0 387 0 387 0 387 0 387 0 387 0 387 0 387 0 387 2 
13225 388 23 388 0 388 0 388 0 388 0 388 0 388 0 388 0 388 0 388 0 388 23 
13240 389 0 389 0 389 0 389 0 389 0 389 0 389 0 389 0 389 0 389 0 389 0 
13502 390 2 390 0 390 2 390 0 390 0 390 0 390 0 390 0 390 0 390 0 390 0 
13517 391 4 391 0 391 4 391 0 391 0 391 0 391 0 391 0 391 0 391 0 391 0 
13547 392 3 392 0 392 3 392 0 392 0 392 0 392 0 392 0 392 0 392 0 392 0 
13562 393 17 393 0 393 17 393 0 393 0 393 0 393 0 393 0 393 0 393 0 393 0 
13577 394 4 394 0 394 4 394 0 394 0 394 0 394 0 394 0 394 0 394 0 394 0 
13592 395 1 395 0 395 1 395 0 395 0 395 0 395 0 395 0 395 0 395 0 395 0 
13607 396 0 396 0 396 0 396 0 396 0 396 0 396 0 396 0 396 0 396 0 396 0 
13748 397 2 397 0 397 0 397 0 397 0 397 0 397 0 397 0 397 2 397 0 397 0 
13763 398 3 398 0 398 0 398 0 398 0 398 0 398 0 398 0 398 3 398 0 398 0 
13778 399 19 399 0 399 0 399 0 399 0 399 0 399 0 399 0 399 19 399 0 399 0 
13793 400 4 400 0 400 0 400 0 400 0 400 0 400 0 400 0 400 4 400 0 400 0 
13823 401 3 401 0 401 0 401 0 401 0 401 0 401 0 401 0 401 3 401 0 401 0 
13838 402 2 402 0 402 0 402 0 402 0 402 0 402 0 402 0 402 2 402 0 402 0 
13853 403 0 403 0 403 0 403 0 403 0 403 0 403 0 403 0 403 0 403 0 403 0 
13968 404 3 404 0 404 0 404 3 404 0 404 0 404 0 404 0 404 0 404 0 404 0 
13983 405 9 405 0 405 0 405 9 405 0 405 0 405 0 405 0 405 0 405 0 405 0 
13998 406 2 406 0 406 0 406 2 406 0 406 0 406 0 406 0 406 0 406 0 406 0 
14013 407 -14 407 0 407 0 407 -14 407 0 407 0 407 0 407 0 407 0 407 0 407 0 
14028 408 0 408 0 408 0 408 0 408 0 408 0 408 0 408 0 408 0 408 0 408 0 
15039 409 3 409 0 409 0 409 0 409 0 409 0 409 0 409 0 409 0 409 3 409 0 
15054 410 4 410 0 410 0 410 0 410 0 410 0 410 0 410 0 410 0 410 4 410 0 
15069 411 15 411 0 411 0 411 0 411 0 411 0 411 0 411 0 411 0 411 15 411 0 
15084 412 4 412 0 412 0 412 0 412 0 412 0 412 0 412 0 412 0 412 4 412 0 
15099 413 3 413 0 413 0 413 0 413 0 413 0 413 0 413 0 413 0 413 3 413 0 
15114 414 4 414 0 414 0 414 0 414 0 414 0 414 0 414 0 414 0 414 4 414 0 
15159 415 22 415 0 415 0 415 0 415 0 415 0 415 0 415 0 415 0 415 22 415 0 
15174 416 4 416 0 416 0 416 0 416 0 416 0 416 0 416 0 416 0 416 4 416 0 
15189 417 1 417 0 417 0 417 0 417 0 417 0 417 0 417 0 417 0 417 1 417 0 
15204 418 0 418 0 418 0 418 0 418 0 418 0 418 0 418 0 418 0 418 0 418 0 
15214 419 3 419 0 419 0 419 0 419 3 419 0 419 0 419 0 419 0 419 0 419 0 
15229 420 10 420 0 420 0 420 0 420 10 420 0 420 0 420 0 420 0 420 0 420 0 
15244 421 6 421 0 421 0 421 0 421 6 421 0 421 0 421 0 421 0 421 0 421 0 
15259 422 9 422 0 422 0 422 0 422 9 422 0 422 0 422 0 422 0 422 0 422 0 
15274 423 0 423 0 423 0 423 0 423 0 423 0 423 0 423 0 423 0 423 0 423 0 
17211 424 8 424 0 424 0 424 0 424 0 424 0 424 8 424 0 424 0 424 0 424 0 
17241 425 12 425 0 425 0 425 0 425 0 425 0 425 12 425 0 425 0 425 0 425 0 
17256 426 7 426 0 426 0 426 0 426 0 426 0 426 7 426 0 426 0 426 0 426 0 
17271 427 3 427 0 427 0 427 0 427 0 427 0 427 3 427 0 427 0 427 0 427 0 
17286 428 16 428 0 428 0 428 0 428 0 428 0 428 16 428 0 428 0 428 0 428 0 
17301 429 2 429 0 429 0 429 0 429 0 429 0 429 2 429 0 429 0 429 0 429 0 
17316 430 4 430 0 430 0 430 0 430 0 430 0 430 4 430 0 430 0 430 0 430 0 
17331 431 3 431 0 431 0 431 0 431 0 431 0 431 3 431 0 431 0 431 0 431 0 
17346 432 6 432 0 432 0 432 0 432 0 432 0 432 6 432 0 432 0 432 0 432 0 
17361 433 4 433 0 433 0 433 0 433 0 433 0 433 4 433 0 433 0 433 0 433 0 
17376 434 3 434 0 434 0 434 0 434 0 434 0 434 3 434 0 434 0 434 0 434 0 
17391 435 2 435 0 435 0 435 0 435 0 435 0 435 2 435 0 435 0 435 0 435 0 
17406 436 4 436 0 436 0 436 0 436 0 436 0 436 4 436 0 436 0 436 0 436 0 
17421 437 6 437 0 437 0 437 0 437 0 437 0 437 6 437 0 437 0 437 0 437 0 
17436 438 4 438 0 438 0 438 0 438 0 438 0 438 4 438 0 438 0 438 0 438 0 
17466 439 0 439 0 439 0 439 0 439 0 439 0 439 0 439 0 439 0 439 0 439 0 
17706 440 13 440 0 440 0 440 0 440 0 440 0 440 13 440 0 440 0 440 0 440 0 
17721 441 4 441 0 441 0 441 0 441 0 441 0 441 4 441 0 441 0 441 0 441 0 
17751 442 3 442 0 442 0 442 0 442 0 442 0 442 3 442 0 442 0 442 0 442 0 
17766 443 0 443 0 443 0 443 0 443 0 443 0 443 0 443 0 443 0 443 0 443 0 
18004 444 3 444 0 444 0 444 0 444 3 444 0 444 0 444 0 444 0 444 0 444 0 
18005 445 6 445 0 445 0 445 0 445 3 445 6 445 0 445 0 445 0 445 0 445 0 
18020 446 4 446 0 446 0 446 0 446 3 446 4 446 0 446 0 446 0 446 0 446 0 
18035 447 7.5 447 0 447 0 447 0 447 4 447 11 447 0 447 0 447 0 447 0 447 0 
18036 448 4 448 0 448 0 448 0 448 4 448 11 448 4 448 0 448 0 448 0 448 0 
18050 449 7 449 0 449 0 449 0 449 4 449 7 449 4 449 0 449 0 449 0 449 0 
18051 450 3 450 0 450 0 450 0 450 4 450 7 450 3 450 0 450 0 450 0 450 0 
18065 451 8 451 0 451 0 451 0 451 4 451 8 451 3 451 0 451 0 451 0 451 0 
18066 452 4 452 0 452 0 452 0 452 4 452 8 452 4 452 0 452 0 452 0 452 0 
18079 453 3 453 0 453 0 453 0 453 3 453 8 453 4 453 0 453 0 453 0 453 0 
18094 454 15 454 0 454 0 454 0 454 15 454 8 454 4 454 0 454 0 454 0 454 0 
18095 455 11 455 0 455 0 455 0 455 15 455 11 455 4 455 0 455 0 455 0 455 0 
18096 456 1 456 0 456 0 456 0 456 15 456 11 456 1 456 0 456 0 456 0 456 0 
18109 457 6 457 0 457 0 457 0 457 6 457 11 457 1 457 0 457 0 457 0 457 0 
18110 458 2 458 0 458 0 458 0 458 6 458 2 458 1 458 0 458 0 458 0 458 0 
18111 459 0 459 0 459 0 459 0 459 6 459 2 459 0 459 0 459 0 459 0 459 0 
18124 460 4 460 0 460 0 460 0 460 4 460 2 460 0 460 0 460 0 460 0 460 0 
18139 461 3.5 461 0 461 0 461 0 461 3 461 4 461 0 461 0 461 0 461 0 461 0 
18154 462 4 462 0 462 0 462 0 462 4 462 4 462 0 462 0 462 0 462 0 462 0 
18155 463 5 463 0 463 0 463 0 463 4 463 5 463 0 463 0 463 0 463 0 463 0 
18169 464 0 464 0 464 0 464 0 464 0 464 5 464 0 464 0 464 0 464 0 464 0 
18170 465 6 465 0 465 0 465 0 465 0 465 6 465 0 465 0 465 0 465 0 465 0 
18185 466 0 466 0 466 0 466 0 466 0 466 0 466 0 466 0 466 0 466 0 466 0 
18200 467 -16 467 0 467 0 467 0 467 0 467 -16 467 0 467 0 467 0 467 0 467 0 
18215 468 -11 468 0 468 0 468 0 468 0 468 -11 468 0 468 0 468 0 468 0 468 0 
18230 469 -17 469 0 469 0 469 0 469 0 469 -17 469 0 469 0 469 0 469 0 469 0 
18245 470 -12 470 0 470 0 470 0 470 0 470 -12 470 0 470 0 470 0 470 0 470 0 
18260 471 -7 471 0 471 0 471 0 471 0 471 -7 471 0 471 0 471 0 471 0 471 0 
18275 472 -3 472 0 472 0 472 0 472 0 472 -3 472 0 472 0 472 0 472 0 472 0 
18290 473 -7 473 0 473 0 473 0 473 0 473 -7 473 0 473 0 473 0 473 0 473 0 
18305 474 -3 474 0 474 0 474 0 474 0 474 -3 474 0 474 0 474 0 474 0 474 0 
18320 475 0 475 0 475 0 475 0 475 0 475 0 475 0 475 0 475 0 475 0 475 0 
18467 476 7 476 0 476 7 476 0 476 0 476 0 476 0 476 0 476 0 476 0 476 0 
18482 477 6 477 0 477 6 477 0 477 0 477 0 477 0 477 0 477 0 477 0 477 0 
18497 478 14 478 0 478 14 478 0 478 0 478 0 478 0 478 0 478 0 478 0 478 0 
18512 479 7 479 0 479 7 479 0 479 0 479 0 479 0 479 0 479 0 479 0 479 0 
18527 480 3 480 0 480 3 480 0 480 0 480 0 480 0 480 0 480 0 480 0 480 0 
18542 481 12 481 0 481 12 481 0 481 0 481 0 481 0 481 0 481 0 481 0 481 0 
18557 482 7 482 0 482 7 482 0 482 0 482 0 482 0 482 0 482 0 482 0 482 0 
18572 483 3 483 0 483 3 483 0 483 0 483 0 483 0 483 0 483 0 483 0 483 0 
18602 484 6 484 0 484 6 484 0 484 0 484 0 484 0 484 0 484 0 484 0 484 0 
18617 485 4 485 0 485 4 485 0 485 0 485 0 485 0 485 0 485 0 485 0 485 0 
18647 486 1 486 0 486 1 486 0 486 0 486 0 486 0 486 0 486 0 486 0 486 0 
18662 487 4 487 0 487 4 487 0 487 0 487 0 487 0 487 0 487 0 487 0 487 0 
18692 488 6 488 0 488 6 488 0 488 0 488 0 488 0 488 0 488 0 488 0 488 0 
18707 489 5 489 0 489 5 489 0 489 0 489 0 489 0 489 0 489 0 489 0 489 0 
18722 490 0 490 0 490 0 490 0 490 0 490 0 490 0 490 0 490 0 490 0 490 0 
19012 491 4 491 0 491 0 491 0 491 0 491 0 491 0 491 4 491 0 491 0 491 0 
19027 492 9 492 0 492 0 492 0 492 0 492 0 492 0 492 9 492 0 492 0 492 0 
19042 493 8 493 0 493 0 493 0 493 0 493 0 493 0 493 8 493 0 493 0 493 0 
19057 494 7 494 0 494 0 494 0 494 0 494 0 494 0 494 7 494 0 494 0 494 0 
19072 495 0 495 0 495 0 495 0 495 0 495 0 495 0 495 0 495 0 495 0 495 0 
19403 496 1 496 0 496 0 496 0 496 0 496 0 496 0 496 0 496 1 496 0 496 0 
19418 497 6 497 0 497 0 497 0 497 0 497 0 497 0 497 0 497 6 497 0 497 0 
19427 498 2 498 0 498 2 498 0 498 0 498 0 498 0 498 0 498 6 498 0 498 0 
19433 499 4 499 0 499 2 499 0 499 0 499 0 499 0 499 0 499 4 499 0 499 0 
19442 500 19 500 0 500 19 500 0 500 0 500 0 500 0 500 0 500 4 500 0 500 0 
19457 501 4 501 0 501 4 501 0 501 0 501 0 501 0 501 0 501 4 501 0 501 0 
19463 502 3 502 0 502 4 502 0 502 0 502 0 502 0 502 0 502 3 502 0 502 0 
19472 503 6 503 0 503 6 503 0 503 0 503 0 503 0 503 0 503 3 503 0 503 0 
19478 504 4 504 0 504 6 504 0 504 0 504 0 504 0 504 0 504 4 504 0 504 0 
19487 505 1 505 0 505 1 505 0 505 0 505 0 505 0 505 0 505 4 505 0 505 0 
19493 506 15 506 0 506 1 506 0 506 0 506 0 506 0 506 0 506 15 506 0 506 0 
19502 507 2 507 0 507 2 507 0 507 0 507 0 507 0 507 0 507 15 507 0 507 0 
19508 508 4 508 0 508 2 508 0 508 0 508 0 508 0 508 0 508 4 508 0 508 0 
19523 509 4.5 509 0 509 4 509 0 509 0 509 0 509 0 509 0 509 5 509 0 509 0 
19538 510 23 510 0 510 4 510 0 510 0 510 0 510 0 510 0 510 23 510 0 510 0 
19547 511 3 511 0 511 3 511 0 511 0 511 0 511 0 511 0 511 23 511 0 511 0 
19553 512 4 512 0 512 3 512 0 512 0 512 0 512 0 512 0 512 4 512 0 512 0 
19568 513 3.5 513 0 513 4 513 0 513 0 513 0 513 0 513 0 513 3 513 0 513 0 
19577 514 2 514 0 514 2 514 0 514 0 514 0 514 0 514 0 514 3 514 0 514 0 
19583 515 0 515 0 515 2 515 0 515 0 515 0 515 0 515 0 515 0 515 0 515 0 
19671 516 1 516 0 516 0 516 0 516 0 516 0 516 2 516 0 516 0 516 0 516 0 
19686 517 4 517 0 517 0 517 0 517 0 517 0 517 4 517 0 517 0 517 0 517 0 
19701 518 31 518 0 518 0 518 0 518 0 518 0 518 31 518 0 518 0 518 0 518 0 
19716 519 4 519 0 519 0 519 0 519 0 519 0 519 4 519 0 519 0 519 0 519 0 
19731 520 2 520 0 520 0 520 4 520 0 520 0 520 0 520 0 520 0 520 0 520 0 
19743 521 9 521 0 521 0 521 9 521 0 521 0 521 0 521 0 521 0 521 0 521 0 
19758 522 5 522 0 522 0 522 5 522 0 522 0 522 0 522 0 522 0 522 0 522 0 
19773 523 10 523 0 523 0 523 10 523 0 523 0 523 0 523 0 523 0 523 0 523 0 
19788 524 0 524 0 524 0 524 0 524 0 524 0 524 0 524 0 524 0 524 0 524 0 
20064 525 8 525 0 525 0 525 0 525 0 525 0 525 0 525 0 525 0 525 8 525 0 
20079 526 5 526 0 526 0 526 0 526 0 526 0 526 0 526 0 526 0 526 5 526 0 
20094 527 14 527 0 527 0 527 0 527 0 527 0 527 0 527 0 527 0 527 14 527 0 
20109 528 7 528 0 528 0 528 0 528 0 528 0 528 0 528 0 528 0 528 7 528 0 
20124 529 4 529 0 529 0 529 0 529 0 529 0 529 0 529 0 529 0 529 4 529 0 
20139 530 11 530 0 530 0 530 0 530 0 530 0 530 0 530 0 530 0 530 11 530 0 
20154 531 7 531 0 531 0 531 0 531 0 531 0 531 0 531 0 531 0 531 7 531 0 
20169 532 3 532 0 532 0 532 0 532 0 532 0 532 0 532 0 532 0 532 3 532 0 
20184 533 4 533 0 533 0 533 0 533 0 533 0 533 0 533 0 533 0 533 4 533 0 
20199 534 5 534 0 534 0 534 0 534 0 534 0 534 0 534 0 534 0 534 5 534 0 
20214 535 4 535 0 535 0 535 0 535 0 535 0 535 0 535 0 535 0 535 4 535 0 
20244 536 2 536 0 536 0 536 0 536 0 536 0 536 0 536 0 536 0 536 2 536 0 
20259 537 5 537 0 537 0 537 0 537 0 537 0 537 0 537 0 537 0 537 5 537 0 
20274 538 4 538 0 538 0 538 0 538 0 538 0 538 0 538 0 538 0 538 4 538 0 
20289 539 6 539 0 539 0 539 0 539 0 539 0 539 0 539 0 539 0 539 6 539 0 
20304 540 5 540 0 540 0 540 0 540 0 540 0 540 0 540 0 540 0 540 5 540 0 
20319 541 0 541 0 541 0 541 0 541 0 541 0 541 0 541 0 541 0 541 0 541 0 
22608 542 2 542 0 542 0 542 2 542 0 542 0 542 0 542 0 542 0 542 0 542 0 
22623 543 3 543 0 543 0 543 3 543 0 543 0 543 0 543 0 543 0 543 0 543 0 
22638 544 4 544 0 544 0 544 4 544 0 544 0 544 0 544 0 544 0 544 0 544 0 
22683 545 3 545 0 545 0 545 3 545 0 545 0 545 0 545 0 545 0 545 0 545 0 
22698 546 4 546 0 546 0 546 4 546 0 546 0 546 0 546 0 546 0 546 0 546 0 
22743 547 3 547 0 547 0 547 3 547 0 547 0 547 0 547 0 547 0 547 0 547 0 
22758 548 6 548 0 548 0 548 6 548 0 548 0 548 0 548 0 548 0 548 0 548 0 
22773 549 4 549 0 549 0 549 4 549 0 549 0 549 0 549 0 549 0 549 0 549 0 
22788 550 5 550 0 550 0 550 5 550 0 550 0 550 0 550 0 550 0 550 0 550 0 
22803 551 0 551 0 551 0 551 0 551 0 551 0 551 0 551 0 551 0 551 0 551 0 
23044 552 8 552 0 552 0 552 0 552 8 552 0 552 0 552 0 552 0 552 0 552 0 
23059 553 5 553 0 553 0 553 0 553 5 553 0 553 0 553 0 553 0 553 0 553 0 
23074 554 14 554 0 554 0 554 0 554 14 554 0 554 0 554 0 554 0 554 0 554 0 
23089 555 1 555 0 555 0 555 0 555 1 555 0 555 0 555 0 555 0 555 0 555 0 
23104 556 6 556 0 556 0 556 0 556 6 556 0 556 0 556 0 556 0 556 0 556 0 
23117 557 1 557 0 557 1 557 0 557 6 557 0 557 0 557 0 557 0 557 0 557 0 
23119 558 5 558 0 558 1 558 0 558 5 558 0 558 0 558 0 558 0 558 0 558 0 
23132 559 4 559 0 559 4 559 0 559 5 559 0 559 0 559 0 559 0 559 0 559 0 
23134 560 12 560 0 560 4 560 0 560 12 560 0 560 0 560 0 560 0 560 0 560 0 
23147 561 5 561 0 561 5 561 0 561 12 561 0 561 0 561 0 561 0 561 0 561 0 
23149 562 7 562 0 562 5 562 0 562 7 562 0 562 0 562 0 562 0 562 0 562 0 
23162 563 4 563 0 563 4 563 0 563 7 563 0 563 0 563 0 563 0 563 0 563 0 
23164 564 3 564 0 564 4 564 0 564 3 564 0 564 0 564 0 564 0 564 0 564 0 
23192 565 6 565 0 565 6 565 0 565 3 565 0 565 0 565 0 565 0 565 0 565 0 
23207 566 4.5 566 0 566 3 566 0 566 6 566 0 566 0 566 0 566 0 566 0 566 0 
23222 567 4 567 0 567 4 567 0 567 6 567 0 567 0 567 0 567 0 567 0 567 0 
23239 568 1 568 0 568 4 568 0 568 1 568 0 568 0 568 0 568 0 568 0 568 0 
23252 569 3 569 0 569 3 569 0 569 1 569 0 569 0 569 0 569 0 569 0 569 0 
23254 570 4 570 0 570 3 570 0 570 4 570 0 570 0 570 0 570 0 570 0 570 0 
23267 571 0 571 0 571 0 571 0 571 4 571 0 571 0 571 0 571 0 571 0 571 0 
23284 572 6 572 0 572 0 572 0 572 6 572 0 572 0 572 0 572 0 572 0 572 0 
23299 573 5 573 0 573 0 573 0 573 5 573 0 573 0 573 0 573 0 573 0 573 0 
23314 574 0 574 0 574 0 574 0 574 0 574 0 574 0 574 0 574 0 574 0 574 0 
23514 575 1 575 0 575 0 575 0 575 0 575 0 575 0 575 0 575 0 575 1 575 0 
23529 576 26 576 0 576 0 576 0 576 0 576 0 576 0 576 0 576 0 576 26 576 0 
23544 577 4 577 0 577 0 577 0 577 0 577 0 577 0 577 0 577 0 577 4 577 0 
23559 578 3 578 0 578 0 578 0 578 0 578 0 578 0 578 0 578 0 578 3 578 0 
23574 579 4 579 0 579 0 579 0 579 0 579 0 579 0 579 0 579 0 579 4 579 0 
23604 580 5 580 0 580 0 580 0 580 0 580 0 580 0 580 0 580 0 580 5 580 0 
23619 581 0 581 0 581 0 581 0 581 0 581 0 581 0 581 0 581 0 581 0 581 0 
23764 582 1 582 0 582 0 582 0 582 1 582 0 582 0 582 0 582 0 582 0 582 0 
23779 583 3 583 0 583 0 583 0 583 3 583 0 583 0 583 0 583 0 583 0 583 0 
23794 584 4 584 0 584 0 584 0 584 4 584 0 584 0 584 0 584 0 584 0 584 0 
23824 585 15 585 0 585 0 585 0 585 15 585 0 585 0 585 0 585 0 585 0 585 0 
23839 586 3 586 0 586 0 586 0 586 3 586 0 586 0 586 0 586 0 586 0 586 0 
23854 587 4 587 0 587 0 587 0 587 4 587 0 587 0 587 0 587 0 587 0 587 0 
23869 588 0 588 0 588 0 588 0 588 0 588 0 588 0 588 0 588 0 588 0 588 0 
23964 589 2 589 0 589 0 589 0 589 0 589 0 589 0 589 0 589 0 589 2 589 0 
23979 590 3 590 0 590 0 590 0 590 0 590 0 590 0 590 0 590 0 590 3 590 0 
23994 591 4 591 0 591 0 591 0 591 0 591 0 591 0 591 0 591 0 591 4 591 0 
24024 592 17 592 0 592 0 592 0 592 0 592 0 592 0 592 0 592 0 592 17 592 0 
24039 593 3 593 0 593 0 593 0 593 0 593 0 593 0 593 0 593 0 593 3 593 0 
24054 594 4 594 0 594 0 594 0 594 0 594 0 594 0 594 0 594 0 594 4 594 0 
24069 595 3 595 0 595 0 595 0 595 0 595 0 595 0 595 0 595 0 595 3 595 0 
24084 596 0 596 0 596 0 596 0 596 0 596 0 596 0 596 0 596 0 596 0 596 0 
24406 597 9 597 9 597 0 597 0 597 0 597 0 597 0 597 0 597 0 597 0 597 0 
24421 598 12 598 12 598 0 598 0 598 0 598 0 598 0 598 0 598 0 598 0 598 0 
24436 599 7 599 7 599 0 599 0 599 0 599 0 599 0 599 0 599 0 599 0 599 0 
24451 600 0 600 0 600 0 600 0 600 0 600 0 600 0 600 0 600 0 600 0 600 0 
24466 601 6 601 6 601 0 601 0 601 0 601 0 601 0 601 0 601 0 601 0 601 0 
24496 602 16 602 16 602 0 602 0 602 0 602 0 602 0 602 0 602 0 602 0 602 0 
24511 603 2 603 2 603 0 603 0 603 0 603 0 603 0 603 0 603 0 603 0 603 0 
24526 604 3 604 3 604 0 604 0 604 0 604 0 604 0 604 0 604 0 604 0 604 0 
24541 605 4 605 4 605 0 605 0 605 0 605 0 605 0 605 0 605 0 605 0 605 0 
24556 606 6 606 6 606 0 606 0 606 0 606 0 606 0 606 0 606 0 606 0 606 0 
24571 607 3 607 3 607 0 607 0 607 0 607 0 607 0 607 0 607 0 607 0 607 0 
24586 608 4 608 4 608 0 608 0 608 0 608 0 608 0 608 0 608 0 608 0 608 0 
24601 609 2 609 2 609 0 609 0 609 0 609 0 609 0 609 0 609 0 609 0 609 0 
24616 610 4 610 4 610 0 610 0 610 0 610 0 610 0 610 0 610 0 610 0 610 0 
24631 611 3 611 3 611 0 611 0 611 0 611 0 611 0 611 0 611 0 611 0 611 0 
24646 612 6 612 6 612 0 612 0 612 0 612 0 612 0 612 0 612 0 612 0 612 0 
24661 613 5 613 5 613 0 613 0 613 0 613 0 613 0 613 0 613 0 613 0 613 0 
24676 614 0 614 0 614 0 614 0 614 0 614 0 614 0 614 0 614 0 614 0 614 0 
25205 615 8 615 0 615 0 615 0 615 0 615 8 615 0 615 0 615 0 615 0 615 0 
25235 616 11 616 0 616 0 616 0 616 0 616 11 616 0 616 0 616 0 616 0 616 0 
25250 617 7 617 0 617 0 617 0 617 0 617 7 617 0 617 0 617 0 617 0 617 0 
25265 618 4 618 0 618 0 618 0 618 0 618 4 618 0 618 0 618 0 618 0 618 0 
25280 619 16 619 0 619 0 619 0 619 0 619 16 619 0 619 0 619 0 619 0 619 0 
25295 620 2 620 0 620 0 620 0 620 0 620 2 620 0 620 0 620 0 620 0 620 0 
25310 621 3 621 0 621 0 621 0 621 0 621 3 621 0 621 0 621 0 621 0 621 0 
25325 622 6 622 0 622 0 622 0 622 0 622 6 622 0 622 0 622 0 622 0 622 0 
25344 623 2 623 0 623 0 623 0 623 0 623 6 623 0 623 0 623 0 623 2 623 0 
25355 624 3 624 0 624 0 624 0 624 0 624 3 624 0 624 0 624 0 624 2 624 0 
25370 625 3.5 625 0 625 0 625 0 625 0 625 4 625 0 625 0 625 0 625 3 625 0 
25374 626 4 626 0 626 0 626 0 626 0 626 4 626 0 626 0 626 0 626 4 626 0 
25385 627 2 627 0 627 0 627 0 627 0 627 2 627 0 627 0 627 0 627 4 627 0 
25400 628 4 628 0 628 0 628 0 628 0 628 4 628 0 628 0 628 0 628 4 628 0 
25404 629 15 629 0 629 0 629 0 629 0 629 4 629 0 629 0 629 0 629 15 629 0 
25415 630 3 630 0 630 0 630 0 630 0 630 3 630 0 630 0 630 0 630 15 630 0 
25419 631 5 631 0 631 0 631 0 631 0 631 3 631 0 631 0 631 0 631 5 631 0 
25430 632 6 632 0 632 0 632 0 632 0 632 6 632 0 632 0 632 0 632 5 632 0 
25434 633 4 633 0 633 0 633 0 633 0 633 6 633 0 633 0 633 0 633 4 633 0 
25445 634 7 634 0 634 0 634 0 634 0 634 7 634 0 634 0 634 0 634 4 634 0 
25449 635 2 635 0 635 0 635 0 635 0 635 7 635 0 635 0 635 0 635 2 635 0 
25459 636 5 636 0 636 0 636 0 636 5 636 7 636 0 636 0 636 0 636 2 636 0 
25460 637 0 637 0 637 0 637 0 637 5 637 0 637 0 637 0 637 0 637 2 637 0 
25474 638 2 638 0 638 0 638 0 638 4 638 0 638 0 638 0 638 0 638 0 638 0 
25489 639 6 639 0 639 0 639 0 639 6 639 0 639 0 639 0 639 0 639 0 639 0 
25504 640 19 640 0 640 0 640 0 640 19 640 0 640 0 640 0 640 0 640 0 640 0 
25519 641 3 641 0 641 0 641 0 641 3 641 0 641 0 641 0 641 0 641 0 641 0 
25534 642 4 642 0 642 0 642 0 642 4 642 0 642 0 642 0 642 0 642 0 642 0 
25579 643 3 643 0 643 0 643 0 643 3 643 0 643 0 643 0 643 0 643 0 643 0 
25609 644 0 644 0 644 0 644 0 644 0 644 0 644 0 644 0 644 0 644 0 644 0 
25835 645 3 645 0 645 0 645 0 645 0 645 3 645 0 645 0 645 0 645 0 645 0 
25850 646 4 646 0 646 0 646 0 646 0 646 4 646 0 646 0 646 0 646 0 646 0 
25895 647 3 647 0 647 0 647 0 647 0 647 3 647 0 647 0 647 0 647 0 647 0 
25910 648 4 648 0 648 0 648 0 648 0 648 4 648 0 648 0 648 0 648 0 648 0 
25940 649 2 649 0 649 0 649 0 649 0 649 2 649 0 649 0 649 0 649 0 649 0 
25955 650 0 650 0 650 0 650 0 650 0 650 0 650 0 650 0 650 0 650 0 650 0 
26155 651 4 651 0 651 0 651 0 651 0 651 0 651 0 651 0 651 0 651 0 651 4 
26170 652 10 652 0 652 0 652 0 652 0 652 0 652 0 652 0 652 0 652 0 652 10 
26185 653 7 653 0 653 0 653 0 653 0 653 0 653 0 653 0 653 0 653 0 653 7 
26215 654 0 654 0 654 0 654 0 654 0 654 0 654 0 654 0 654 0 654 0 654 0 
26435 655 1 655 0 655 0 655 0 655 0 655 1 655 0 655 0 655 0 655 0 655 0 
26450 656 4 656 0 656 0 656 0 656 0 656 4 656 0 656 0 656 0 656 0 656 0 
26495 657 3 657 0 657 0 657 0 657 0 657 3 657 0 657 0 657 0 657 0 657 0 
26510 658 4 658 0 658 0 658 0 658 0 658 4 658 0 658 0 658 0 658 0 658 0 
26540 659 2 659 0 659 0 659 0 659 0 659 2 659 0 659 0 659 0 659 0 659 0 
26555 660 0 660 0 660 0 660 0 660 0 660 0 660 0 660 0 660 0 660 0 660 0 
