# null null
27000 -26.0594 0.449164 
27000 -2.15092 0.854813 
27000 -2.13307 0.855114 
27000 -2.12502 0.85525 
27000 -2.12115 0.855315 
27000 -2.11566 0.855407 
27000 -2.11137 0.855479 
27000 -2.10783 0.855538 
27000 -2.10606 0.855567 
27000 -2.10546 0.855577 
27000 -2.09341 0.855778 
27000 -2.09283 0.855788 
27000 -2.07924 0.856013 
27000 -2.07444 0.856092 
27000 -2.06937 0.856176 
27000 -2.06503 0.856247 
27000 -2.0581 0.856361 
27000 -2.0499 0.856496 
27000 -2.03959 0.856664 
27000 -2.03161 0.856794 
27000 -2.02849 0.856844 
27000 -2.02494 0.856902 
27000 -2.02168 0.856955 
27000 -2.0049 0.857225 
27000 -2.00182 0.857275 
27000 -1.99454 0.857392 
27000 -1.98701 0.857512 
27000 -1.98034 0.857619 
27000 -1.97369 0.857724 
27000 -1.965 0.857862 
27000 -1.96321 0.857891 
27000 -1.95771 0.857977 
27000 -1.94895 0.858115 
27000 -1.94677 0.85815 
27000 -1.94377 0.858197 
27000 -1.93968 0.858261 
27000 -1.93289 0.858367 
27000 -1.92951 0.85842 
27000 -1.91495 0.858646 
27000 -1.90851 0.858746 
27000 -1.9069 0.858771 
27000 -1.90396 0.858816 
27000 -1.90276 0.858835 
27000 -1.90089 0.858864 
27000 -1.90022 0.858874 
27000 -1.89223 0.858997 
27000 -1.88905 0.859046 
27000 -1.8782 0.859212 
27000 -1.87728 0.859226 
27000 -1.87109 0.85932 
27000 -1.86099 0.859473 
27000 -1.85759 0.859524 
27000 -1.85329 0.859589 
27000 -1.85302 0.859593 
27000 -1.84561 0.859705 
27000 -1.84289 0.859746 
27000 -1.82276 0.860047 
27000 -1.80792 0.860267 
27000 -1.80411 0.860323 
27000 -1.79623 0.860439 
27000 -1.79181 0.860504 
27000 -1.78877 0.860548 
27000 -1.78486 0.860605 
27000 -1.77945 0.860684 
27000 -1.77519 0.860746 
27000 -1.77118 0.860805 
27000 -1.76868 0.860841 
27000 -1.76718 0.860863 
27000 -1.76631 0.860875 
27000 -1.76331 0.860919 
27000 -1.75535 0.861033 
27000 -1.75076 0.861099 
27000 -1.74211 0.861223 
27000 -1.74113 0.861237 
27000 -1.73965 0.861258 
27000 -1.72565 0.861458 
27000 -1.72004 0.861537 
27000 -1.71431 0.861618 
27000 -1.71042 0.861673 
27000 -1.70582 0.861737 
27000 -1.69699 0.861861 
27000 -1.69194 0.861931 
27000 -1.68761 0.861991 
27000 -1.68329 0.862051 
27000 -1.67982 0.862099 
27000 -1.67636 0.862147 
27000 -1.67171 0.862211 
27000 -1.6666 0.862282 
27000 -1.66079 0.862361 
27000 -1.65547 0.862434 
27000 -1.65122 0.862492 
27000 -1.6471 0.862548 
27000 -1.64146 0.862624 
27000 -1.63912 0.862656 
27000 -1.63549 0.862705 
27000 -1.62918 0.86279 
27000 -1.62418 0.862857 
27000 -1.61895 0.862927 
27000 -1.61803 0.862939 
27000 -1.61582 0.862968 
27000 -1.60797 0.863073 
27000 -1.60681 0.863088 
27000 -1.60071 0.863169 
27000 -1.59166 0.863288 
27000 -1.5912 0.863294 
27000 -1.58595 0.863363 
27000 -1.58059 0.863433 
27000 -1.57378 0.863522 
27000 -1.57027 0.863568 
27000 -1.56586 0.863625 
27000 -1.55943 0.863708 
27000 -1.55336 0.863786 
27000 -1.54911 0.86384 
27000 -1.54731 0.863863 
27000 -1.53683 0.863997 
27000 -1.53471 0.864024 
27000 -1.5275 0.864115 
27000 -1.52451 0.864153 
27000 -1.51425 0.864281 
27000 -1.5126 0.864302 
27000 -1.50854 0.864353 
27000 -1.50361 0.864414 
27000 -1.50218 0.864432 
27000 -1.49237 0.864553 
27000 -1.4916 0.864563 
27000 -1.48628 0.864628 
27000 -1.48162 0.864685 
27000 -1.47276 0.864793 
27000 -1.47266 0.864794 
27000 -1.46857 0.864844 
27000 -1.4662 0.864873 
27000 -1.46073 0.864939 
27000 -1.45624 0.864993 
27000 -1.44866 0.865084 
27000 -1.44324 0.865148 
27000 -1.43561 0.865239 
27000 -1.43286 0.865271 
27000 -1.43075 0.865296 
27000 -1.42327 0.865384 
27000 -1.42148 0.865405 
27000 -1.4132 0.865502 
27000 -1.40683 0.865576 
27000 -1.40402 0.865609 
27000 -1.39705 0.865689 
27000 -1.39529 0.865709 
27000 -1.3926 0.86574 
27000 -1.38774 0.865796 
27000 -1.38145 0.865867 
27000 -1.37959 0.865888 
27000 -1.37476 0.865943 
27000 -1.37374 0.865955 
27000 -1.36076 0.866101 
27000 -1.3577 0.866135 
27000 -1.35729 0.866139 
27000 -1.34927 0.866228 
27000 -1.34806 0.866242 
27000 -1.34431 0.866283 
27000 -1.34139 0.866315 
27000 -1.33937 0.866338 
27000 -1.33403 0.866396 
27000 -1.33112 0.866428 
27000 -1.3234 0.866512 
27000 -1.3225 0.866522 
27000 -1.31462 0.866607 
27000 -1.31243 0.86663 
27000 -1.3033 0.866728 
27000 -1.30171 0.866745 
27000 -1.29756 0.866789 
27000 -1.29056 0.866863 
27000 -1.28574 0.866914 
27000 -1.28094 0.866964 
27000 -1.27693 0.867006 
27000 -1.27409 0.867035 
27000 -1.27253 0.867051 
27000 -1.26737 0.867105 
27000 -1.26135 0.867167 
27000 -1.25476 0.867234 
27000 -1.24425 0.867341 
27000 -1.238 0.867404 
27000 -1.23331 0.867451 
27000 -1.22739 0.86751 
27000 -1.22377 0.867546 
27000 -1.21929 0.86759 
27000 -1.2173 0.86761 
27000 -1.21246 0.867657 
27000 -1.20896 0.867691 
27000 -1.20481 0.867732 
27000 -1.20358 0.867744 
27000 -1.20019 0.867777 
27000 -1.19624 0.867815 
27000 -1.18584 0.867915 
27000 -1.18443 0.867928 
27000 -1.18163 0.867955 
27000 -1.18023 0.867968 
27000 -1.17558 0.868012 
27000 -1.17344 0.868032 
27000 -1.17158 0.86805 
27000 -1.1688 0.868076 
27000 -1.15992 0.868159 
27000 -1.15872 0.86817 
27000 -1.15337 0.868219 
27000 -1.14538 0.868293 
27000 -1.14254 0.868319 
27000 -1.13487 0.868388 
27000 -1.12995 0.868433 
27000 -1.12313 0.868494 
27000 -1.12023 0.86852 
27000 -1.11327 0.868581 
27000 -1.11093 0.868602 
27000 -1.10283 0.868673 
27000 -1.09995 0.868698 
27000 -1.09735 0.868721 
27000 -1.0944 0.868746 
27000 -1.09056 0.868779 
27000 -1.08699 0.86881 
27000 -1.08165 0.868855 
27000 -1.07951 0.868874 
27000 -1.07703 0.868895 
27000 -1.07224 0.868935 
27000 -1.06596 0.868988 
27000 -1.06552 0.868991 
27000 -1.05909 0.869045 
27000 -1.05522 0.869077 
27000 -1.05329 0.869093 
27000 -1.05128 0.869109 
27000 -1.04961 0.869123 
27000 -1.04489 0.869161 
27000 -1.04157 0.869188 
27000 -1.03817 0.869216 
27000 -1.03573 0.869235 
27000 -1.02808 0.869297 
27000 -1.02618 0.869312 
27000 -1.02367 0.869332 
27000 -1.02064 0.869356 
27000 -1.01701 0.869384 
27000 -1.01538 0.869397 
27000 -1.01124 0.869429 
27000 -1.00875 0.869449 
27000 -1.00583 0.869471 
27000 -1.00103 0.869508 
27000 -0.998546 0.869527 
27000 -0.991203 0.869583 
27000 -0.987881 0.869608 
27000 -0.986179 0.869621 
27000 -0.983035 0.869645 
27000 -0.981422 0.869657 
27000 -0.975151 0.869704 
27000 -0.966621 0.869766 
27000 -0.96283 0.869794 
27000 -0.956193 0.869842 
27000 -0.955689 0.869846 
27000 -0.948906 0.869894 
27000 -0.948488 0.869897 
27000 -0.943227 0.869935 
27000 -0.939477 0.869961 
27000 -0.934736 0.869994 
27000 -0.926194 0.870054 
27000 -0.92272 0.870078 
27000 -0.916365 0.870121 
27000 -0.914059 0.870136 
27000 -0.913153 0.870143 
27000 -0.905431 0.870194 
27000 -0.903955 0.870204 
27000 -0.901989 0.870217 
27000 -0.899615 0.870233 
27000 -0.888272 0.870307 
27000 -0.887296 0.870314 
27000 -0.876986 0.87038 
27000 -0.872939 0.870405 
27000 -0.871646 0.870414 
27000 -0.862371 0.870472 
27000 -0.850408 0.870545 
27000 -0.848887 0.870554 
27000 -0.84441 0.870581 
27000 -0.84042 0.870605 
27000 -0.834685 0.870639 
27000 -0.831585 0.870657 
27000 -0.830314 0.870665 
27000 -0.827616 0.870681 
27000 -0.821755 0.870715 
27000 -0.820015 0.870725 
27000 -0.813462 0.870762 
27000 -0.810153 0.870781 
27000 -0.806927 0.870799 
27000 -0.806298 0.870802 
27000 -0.801664 0.870828 
27000 -0.800566 0.870834 
27000 -0.798685 0.870844 
27000 -0.79704 0.870853 
27000 -0.794144 0.870869 
27000 -0.78891 0.870898 
27000 -0.781817 0.870936 
27000 -0.774358 0.870975 
27000 -0.770482 0.870995 
27000 -0.767462 0.871011 
27000 -0.760277 0.871048 
27000 -0.756808 0.871065 
27000 -0.754189 0.871078 
27000 -0.752112 0.871089 
27000 -0.748577 0.871106 
27000 -0.744664 0.871125 
27000 -0.736626 0.871164 
27000 -0.731587 0.871189 
27000 -0.722753 0.87123 
27000 -0.71812 0.871252 
27000 -0.715465 0.871264 
27000 -0.709105 0.871293 
27000 -0.706006 0.871307 
27000 -0.70359 0.871317 
27000 -0.700649 0.87133 
27000 -0.695603 0.871352 
27000 -0.690717 0.871373 
27000 -0.683367 0.871405 
27000 -0.680822 0.871415 
27000 -0.677008 0.871431 
27000 -0.667759 0.871469 
27000 -0.659951 0.8715 
27000 -0.644401 0.87156 
27000 -0.637026 0.871587 
27000 -0.625633 0.871629 
27000 -0.621308 0.871644 
27000 -0.61465 0.871667 
27000 -0.612896 0.871673 
27000 -0.607351 0.871691 
27000 -0.603198 0.871705 
27000 -0.599706 0.871717 
27000 -0.594402 0.871734 
27000 -0.591935 0.871741 
27000 -0.585198 0.871762 
27000 -0.580209 0.871778 
27000 -0.575156 0.871793 
27000 -0.571912 0.871802 
27000 -0.564139 0.871825 
27000 -0.559759 0.871837 
27000 -0.554093 0.871853 
27000 -0.54994 0.871864 
27000 -0.542864 0.871882 
27000 -0.539153 0.871892 
27000 -0.535162 0.871902 
27000 -0.530464 0.871913 
27000 -0.526341 0.871923 
27000 -0.522081 0.871934 
27000 -0.515772 0.871948 
27000 -0.508768 0.871964 
27000 -0.50686 0.871968 
27000 -0.503754 0.871974 
27000 -0.499522 0.871983 
27000 -0.496422 0.87199 
27000 -0.495084 0.871992 
27000 -0.489316 0.872004 
27000 -0.486013 0.87201 
27000 -0.484118 0.872014 
27000 -0.479559 0.872022 
27000 -0.470737 0.872038 
27000 -0.469198 0.872041 
27000 -0.466124 0.872046 
27000 -0.462982 0.872051 
27000 -0.458727 0.872058 
27000 -0.456149 0.872062 
27000 -0.432811 0.872096 
27000 -0.420295 0.872111 
27000 -0.414154 0.872118 
27000 -0.412155 0.87212 
27000 -0.407472 0.872124 
27000 -0.398463 0.872133 
27000 -0.398257 0.872133 
27000 -0.392422 0.872138 
27000 -0.388307 0.872141 
27000 -0.37749 0.872149 
27000 -0.3725 0.872152 
27000 -0.35511 0.87216 
27000 -0.350619 0.872162 
27000 -0.347764 0.872162 
27000 -0.344909 0.872163 
27000 -0.34002 0.872164 
27000 -0.331203 0.872165 
27000 -0.32443 0.872166 
27000 82.23 0 
27000 49.503 0 
