# deltaRoads deltaRailways
10 0 0 0 0 0 0 0 0 0 0 0 0 0 0 0 0 0 0 0 0 0 0 
121 6 0 6 0 0 0 0 0 0 0 0 0 0 0 0 0 0 0 0 0 0 0 
123 3 4 6 0 6 0 0 8 0 0 0 0 0 0 0 0 0 0 0 0 0 0 
124 0 9 6 0 6 0 0 8 0 9 0 0 0 0 0 0 0 0 0 0 0 0 
125 6 0 6 0 6 0 0 8 0 9 6 0 0 0 0 0 0 0 0 0 0 0 
126 0 8 6 0 6 0 0 8 0 9 6 0 0 8 0 0 0 0 0 0 0 0 
128 0 8.5 6 0 6 0 0 8 0 9 6 0 0 8 0 8 0 9 0 0 0 0 
139 0 7 6 0 6 0 0 8 0 7 6 0 0 8 0 8 0 9 0 0 0 0 
144 2.5 3.5 6 0 6 0 0 8 0 7 6 0 0 8 0 8 0 7 5 0 0 0 
145 0 6 6 0 6 0 0 8 0 7 6 0 0 8 0 8 0 7 5 0 0 6 
151 4 0 4 0 6 0 0 8 0 7 6 0 0 8 0 8 0 7 5 0 0 6 
153 2 6 4 0 4 0 0 12 0 7 6 0 0 8 0 8 0 7 5 0 0 6 
154 0 12 4 0 4 0 0 12 0 12 6 0 0 8 0 8 0 7 5 0 0 6 
155 4 0 4 0 4 0 0 12 0 12 4 0 0 8 0 8 0 7 5 0 0 6 
156 0 12 4 0 4 0 0 12 0 12 4 0 0 12 0 8 0 7 5 0 0 6 
159 1 8 4 0 4 0 0 12 0 12 4 0 0 12 0 12 0 12 3 0 0 6 
160 0 4 4 0 4 0 0 12 0 12 4 0 0 12 0 12 0 12 3 0 0 4 
166 0 0 0 0 4 0 0 12 0 12 4 0 0 12 0 12 0 12 3 0 0 4 
168 0 3.5 0 0 0 0 0 7 0 12 4 0 0 12 0 12 0 12 3 0 0 4 
169 0 7 0 0 0 0 0 7 0 7 4 0 0 12 0 12 0 12 3 0 0 4 
170 0 0 0 0 0 0 0 7 0 7 0 0 0 12 0 12 0 12 3 0 0 4 
171 0 6 0 0 0 0 0 7 0 7 0 0 0 6 0 12 0 12 3 0 0 4 
172 0 7 0 0 0 0 0 7 0 7 0 0 0 6 0 7 0 12 3 0 0 4 
174 3 3.5 0 0 0 0 0 7 0 7 0 0 0 6 0 7 0 7 6 0 0 4 
175 0 11 0 0 0 0 0 7 0 7 0 0 0 6 0 7 0 7 6 0 0 11 
183 0 3 0 0 0 0 0 3 0 7 0 0 0 6 0 7 0 7 6 0 0 11 
184 0 6 0 0 0 0 0 3 0 6 0 0 0 6 0 7 0 7 6 0 0 11 
186 0 4 0 0 0 0 0 3 0 6 0 0 0 4 0 7 0 7 6 0 0 11 
187 0 3 0 0 0 0 0 3 0 6 0 0 0 4 0 3 0 7 6 0 0 11 
188 0 16 0 0 0 0 0 3 0 6 0 0 0 4 0 3 0 16 6 0 0 11 
189 0 0 0 0 0 0 0 3 0 6 0 0 0 4 0 3 0 16 0 0 0 11 
190 0 7 0 0 0 0 0 3 0 6 0 0 0 4 0 3 0 16 0 0 0 7 
198 0 16 0 0 0 0 0 16 0 6 0 0 0 4 0 3 0 16 0 0 0 7 
199 0 13 0 0 0 0 0 16 0 13 0 0 0 4 0 3 0 16 0 0 0 7 
201 0 16 0 0 0 0 0 16 0 13 0 0 0 16 0 3 0 16 0 0 0 7 
203 0 14.5 0 0 0 0 0 16 0 13 0 0 0 16 0 16 0 13 0 0 0 7 
205 0 0 0 0 0 0 0 16 0 13 0 0 0 16 0 16 0 13 0 0 0 0 
213 0 2 0 0 0 0 0 2 0 13 0 0 0 16 0 16 0 13 0 0 0 0 
220 0 3.2 0 0 0 0 0 2 0 2 0 0 0 2 0 2 0 2 0 0 0 8 
228 0 4 0 0 0 0 0 4 0 2 0 0 0 2 0 2 0 2 0 0 0 8 
231 0 3.5 0 0 0 0 0 4 0 4 0 0 0 3 0 2 0 2 0 0 0 8 
232 0 4 0 0 0 0 0 4 0 4 0 0 0 3 0 4 0 2 0 0 0 8 
235 0 4.5 0 0 0 0 0 4 0 4 0 0 0 3 0 4 0 4 0 0 0 5 
243 0 3 0 0 0 0 0 3 0 4 0 0 0 3 0 4 0 4 0 0 0 5 
246 0 4 0 0 0 0 0 3 0 4 0 0 0 4 0 4 0 4 0 0 0 5 
247 0 3 0 0 0 0 0 3 0 4 0 0 0 4 0 3 0 4 0 0 0 5 
250 0 14 0 0 0 0 0 3 0 4 0 0 0 4 0 3 0 4 0 0 0 14 
258 0 6 0 0 0 0 0 6 0 4 0 0 0 4 0 3 0 4 0 0 0 14 
259 0 5 0 0 0 0 0 6 0 5 0 0 0 4 0 3 0 4 0 0 0 14 
261 0 6 0 0 0 0 0 6 0 5 0 0 0 6 0 3 0 4 0 0 0 14 
263 0 5.5 0 0 0 0 0 6 0 5 0 0 0 6 0 6 0 5 0 0 0 14 
265 0 2 0 0 0 0 0 6 0 5 0 0 0 6 0 6 0 5 0 0 0 2 
273 0 4 0 0 0 0 0 4 0 5 0 0 0 6 0 6 0 5 0 0 0 2 
280 0 6 0 0 0 0 0 4 0 4 0 0 0 4 0 4 0 4 0 0 0 14 
288 0 3 0 0 0 0 0 3 0 4 0 0 0 4 0 4 0 4 0 0 0 14 
303 0 2.83333 0 0 0 0 0 2 0 3 0 0 0 3 0 3 0 3 0 0 0 3 
306 0 2 0 0 0 0 0 2 0 3 0 0 0 2 0 3 0 3 0 0 0 3 
310 0 4 0 0 0 0 0 2 0 3 0 0 0 2 0 2 0 3 0 0 0 6 
333 0 4.66667 0 0 0 0 0 6 0 3 0 0 0 4 0 4 0 3 0 0 0 6 
334 0 6 0 0 0 0 0 6 0 6 0 0 0 4 0 4 0 3 0 0 0 6 
340 0 4.5 0 0 0 0 0 6 0 6 0 0 0 6 0 6 0 6 0 0 0 0 
348 0 4 0 0 0 0 0 4 0 6 0 0 0 6 0 6 0 6 0 0 0 0 
351 0 3.5 0 0 0 0 0 4 0 4 0 0 0 3 0 6 0 6 0 0 0 0 
352 0 4 0 0 0 0 0 4 0 4 0 0 0 3 0 4 0 6 0 0 0 0 
355 0 3.5 0 0 0 0 0 4 0 4 0 0 0 3 0 4 0 4 0 0 0 3 
366 0 5 0 0 0 0 0 4 0 4 0 0 0 5 0 4 0 4 0 0 0 3 
370 0 4 0 0 0 0 0 4 0 4 0 0 0 5 0 4 0 4 0 0 0 4 
378 0 0 0 0 0 0 0 0 0 4 0 0 0 5 0 4 0 4 0 0 0 4 
385 0 1.2 0 0 0 0 0 0 0 0 0 0 0 0 0 0 0 0 0 0 0 6 
393 0 2 0 0 0 0 0 2 0 0 0 0 0 0 0 0 0 0 0 0 0 6 
400 0 4 0 0 0 0 0 2 0 0 0 0 0 0 0 0 0 0 0 0 0 4 
407 2 0 0 0 2 0 0 2 0 0 0 0 0 0 0 0 0 0 0 0 0 4 
408 0 4 0 0 2 0 0 4 0 0 0 0 0 0 0 0 0 0 0 0 0 4 
415 0 3 0 0 2 0 0 4 0 0 0 0 0 0 0 0 0 0 0 0 0 3 
422 8 0 0 0 8 0 0 4 0 0 0 0 0 0 0 0 0 0 0 0 0 3 
423 0 3 0 0 8 0 0 3 0 0 0 0 0 0 0 0 0 0 0 0 0 3 
430 0 0 0 0 8 0 0 3 0 0 0 0 0 0 0 0 0 0 0 0 0 0 
467 3 0 0 0 6 0 0 0 0 0 0 0 0 0 0 0 0 0 0 0 0 0 
473 0 13 0 0 6 0 0 0 0 0 0 0 0 0 0 0 0 13 0 0 0 0 
482 8 0 0 0 8 0 0 0 0 0 0 0 0 0 0 0 0 13 0 0 0 0 
488 0 4 0 0 8 0 0 0 0 0 0 0 0 0 0 0 0 4 0 0 0 0 
503 0 3 0 0 8 0 0 0 0 0 0 0 0 0 0 0 0 3 0 0 0 0 
512 6 0 0 0 6 0 0 0 0 0 0 0 0 0 0 0 0 3 0 0 0 0 
518 0 4 0 0 6 0 0 0 0 0 0 0 0 0 0 0 0 4 0 0 0 0 
527 0 0 0 0 0 0 0 0 0 0 0 0 0 0 0 0 0 4 0 0 0 0 
533 0 2 0 0 0 0 0 0 0 0 0 0 0 0 0 0 0 2 0 0 0 0 
548 0 0 0 0 0 0 0 0 0 0 0 0 0 0 0 0 0 0 0 0 0 0 
603 0 2 0 0 0 0 0 2 0 0 0 0 0 0 0 0 0 0 0 0 0 0 
618 0 4 0 0 0 0 0 4 0 0 0 0 0 0 0 0 0 0 0 0 0 0 
633 0 14 0 0 0 0 0 14 0 0 0 0 0 0 0 0 0 0 0 0 0 0 
638 0 2 0 0 0 0 0 14 0 0 0 0 0 0 0 0 0 2 0 0 0 0 
648 0 3 0 0 0 0 0 3 0 0 0 0 0 0 0 0 0 2 0 0 0 0 
653 0 4 0 0 0 0 0 3 0 0 0 0 0 0 0 0 0 4 0 0 0 0 
663 0 0 0 0 0 0 0 0 0 0 0 0 0 0 0 0 0 4 0 0 0 0 
668 0 14 0 0 0 0 0 0 0 0 0 0 0 0 0 0 0 14 0 0 0 0 
678 0 1 0 0 0 0 0 1 0 0 0 0 0 0 0 0 0 14 0 0 0 0 
683 0 3 0 0 0 0 0 1 0 0 0 0 0 0 0 0 0 3 0 0 0 0 
693 0 4 0 0 0 0 0 4 0 0 0 0 0 0 0 0 0 3 0 0 0 0 
698 0 2 0 0 0 0 0 4 0 0 0 0 0 0 0 0 0 2 0 0 0 0 
712 0 3 0 0 0 0 0 4 0 0 0 0 0 0 0 3 0 2 0 0 0 0 
713 0 4 0 0 0 0 0 4 0 0 0 0 0 0 0 3 0 4 0 0 0 0 
723 0 3 0 0 0 0 0 3 0 0 0 0 0 0 0 3 0 4 0 0 0 0 
738 0 1 0 0 0 0 0 1 0 0 0 0 0 0 0 3 0 4 0 0 0 0 
742 0 4 0 0 0 0 0 1 0 0 0 0 0 0 0 4 0 4 0 0 0 0 
743 0 1 0 0 0 0 0 1 0 0 0 0 0 0 0 4 0 1 0 0 0 0 
753 0 0 0 0 0 0 0 0 0 0 0 0 0 0 0 4 0 1 0 0 0 0 
787 0 1.5 0 0 0 0 0 0 0 0 0 0 0 0 0 3 0 0 0 0 0 0 
802 0 12 0 0 0 0 0 0 0 0 0 0 0 0 0 12 0 0 0 0 0 0 
817 0 2 0 0 0 0 0 0 0 0 0 0 0 0 0 2 0 0 0 0 0 0 
832 0 4 0 0 0 0 0 0 0 0 0 0 0 0 0 4 0 0 0 0 0 0 
847 0 3 0 0 0 0 0 0 0 0 0 0 0 0 0 3 0 0 0 0 0 0 
862 0 4 0 0 0 0 0 0 0 0 0 0 0 0 0 4 0 0 0 0 0 0 
906 0 2 0 0 0 0 0 0 0 0 0 0 0 2 0 4 0 0 0 0 0 0 
907 0 1 0 0 0 0 0 0 0 0 0 0 0 2 0 1 0 0 0 0 0 0 
921 0 14 0 0 0 0 0 0 0 0 0 0 0 14 0 1 0 0 0 0 0 0 
922 0 0 0 0 0 0 0 0 0 0 0 0 0 14 0 0 0 0 0 0 0 0 
936 0 4 0 0 0 0 0 0 0 0 0 0 0 4 0 0 0 0 0 0 0 0 
951 0 3 0 0 0 0 0 0 0 0 0 0 0 3 0 0 0 0 0 0 0 0 
966 0 4 0 0 0 0 0 0 0 0 0 0 0 4 0 0 0 0 0 0 0 0 
996 0 -2 0 0 0 0 0 0 0 0 0 0 0 -2 0 0 0 0 0 0 0 0 
1011 0 0 0 0 0 0 0 0 0 0 0 0 0 0 0 0 0 0 0 0 0 0 
1056 0 2 0 0 0 0 0 0 0 0 0 0 0 2 0 0 0 0 0 0 0 0 
1071 0 3 0 0 0 0 0 0 0 0 0 0 0 3 0 0 0 0 0 0 0 0 
1086 0 1 0 0 0 0 0 0 0 0 0 0 0 1 0 0 0 0 0 0 0 0 
1101 0 0 0 0 0 0 0 0 0 0 0 0 0 0 0 0 0 0 0 0 0 0 
1132 0 3 0 0 0 0 0 0 0 0 0 0 0 0 0 3 0 0 0 0 0 0 
1162 0 4 0 0 0 0 0 0 0 0 0 0 0 0 0 4 0 0 0 0 0 0 
1192 0 14 0 0 0 0 0 0 0 0 0 0 0 0 0 14 0 0 0 0 0 0 
1207 0 3 0 0 0 0 0 0 0 0 0 0 0 0 0 3 0 0 0 0 0 0 
1222 0 0 0 0 0 0 0 0 0 0 0 0 0 0 0 0 0 0 0 0 0 0 
1345 0 4 0 0 0 0 0 0 0 0 0 0 0 0 0 0 0 0 0 0 0 4 
1360 0 14 0 0 0 0 0 0 0 0 0 0 0 0 0 0 0 0 0 0 0 14 
1375 0 3 0 0 0 0 0 0 0 0 0 0 0 0 0 0 0 0 0 0 0 3 
1390 0 4 0 0 0 0 0 0 0 0 0 0 0 0 0 0 0 0 0 0 0 4 
1435 0 3 0 0 0 0 0 0 0 0 0 0 0 0 0 0 0 0 0 0 0 3 
1450 0 4 0 0 0 0 0 0 0 0 0 0 0 0 0 0 0 0 0 0 0 4 
1465 0 1 0 0 0 0 0 0 0 0 0 0 0 0 0 0 0 0 0 0 0 1 
1474 0 3 0 0 0 0 0 0 0 3 0 0 0 0 0 0 0 0 0 0 0 1 
1480 0 0 0 0 0 0 0 0 0 3 0 0 0 0 0 0 0 0 0 0 0 0 
1489 0 67 0 0 0 0 0 0 0 67 0 0 0 0 0 0 0 0 0 0 0 0 
1504 0 4 0 0 0 0 0 0 0 4 0 0 0 0 0 0 0 0 0 0 0 0 
1519 0 1 0 0 0 0 0 0 0 1 0 0 0 0 0 0 0 0 0 0 0 0 
1534 0 0 0 0 0 0 0 0 0 0 0 0 0 0 0 0 0 0 0 0 0 0 
1549 0 3 0 0 0 0 0 0 0 3 0 0 0 0 0 0 0 0 0 0 0 0 
1564 0 4 0 0 0 0 0 0 0 4 0 0 0 0 0 0 0 0 0 0 0 0 
1579 0 3 0 0 0 0 0 0 0 3 0 0 0 0 0 0 0 0 0 0 0 0 
1594 0 4 0 0 0 0 0 0 0 4 0 0 0 0 0 0 0 0 0 0 0 0 
1624 0 0 0 0 0 0 0 0 0 0 0 0 0 0 0 0 0 0 0 0 0 0 
1656 0 3 0 0 0 0 0 0 0 0 0 0 0 3 0 0 0 0 0 0 0 0 
1686 0 4 0 0 0 0 0 0 0 0 0 0 0 4 0 0 0 0 0 0 0 0 
1731 0 3 0 0 0 0 0 0 0 0 0 0 0 3 0 0 0 0 0 0 0 0 
1746 0 4 0 0 0 0 0 0 0 0 0 0 0 4 0 0 0 0 0 0 0 0 
1761 0 0 0 0 0 0 0 0 0 0 0 0 0 0 0 0 0 0 0 0 0 0 
2424 1 0 0 0 0 0 0 0 0 0 0 0 0 0 0 0 0 0 1 0 0 0 
2439 6 0 0 0 0 0 0 0 0 0 0 0 0 0 0 0 0 0 6 0 0 0 
2454 8 0 0 0 0 0 0 0 0 0 0 0 0 0 0 0 0 0 8 0 0 0 
2499 6 0 0 0 0 0 0 0 0 0 0 0 0 0 0 0 0 0 6 0 0 0 
2514 8 0 0 0 0 0 0 0 0 0 0 0 0 0 0 0 0 0 8 0 0 0 
2559 6 0 0 0 0 0 0 0 0 0 0 0 0 0 0 0 0 0 6 0 0 0 
2574 9 0 0 0 0 0 0 0 0 0 0 0 0 0 0 0 0 0 9 0 0 0 
2589 7 0 0 0 0 0 0 0 0 0 0 0 0 0 0 0 0 0 7 0 0 0 
2604 8 0 0 0 0 0 0 0 0 0 0 0 0 0 0 0 0 0 8 0 0 0 
2619 16 0 0 0 0 0 0 0 0 0 0 0 0 0 0 0 0 0 16 0 0 0 
2631 0 3 0 0 0 0 0 0 0 0 0 0 0 3 0 0 0 0 16 0 0 0 
2634 8 0 0 0 0 0 0 0 0 0 0 0 0 3 0 0 0 0 8 0 0 0 
2646 0 4 0 0 0 0 0 0 0 0 0 0 0 4 0 0 0 0 8 0 0 0 
2649 6 0 0 0 0 0 0 0 0 0 0 0 0 4 0 0 0 0 6 0 0 0 
2664 4 0 0 0 0 0 0 0 0 0 0 0 0 4 0 0 0 0 4 0 0 0 
2676 0 23 0 0 0 0 0 0 0 0 0 0 0 23 0 0 0 0 4 0 0 0 
2679 0 0 0 0 0 0 0 0 0 0 0 0 0 23 0 0 0 0 0 0 0 0 
2691 0 3 0 0 0 0 0 0 0 0 0 0 0 3 0 0 0 0 0 0 0 0 
2706 0 4 0 0 0 0 0 0 0 0 0 0 0 4 0 0 0 0 0 0 0 0 
2736 0 0 0 0 0 0 0 0 0 0 0 0 0 0 0 0 0 0 0 0 0 0 
3046 6 0 6 0 0 0 0 0 0 0 0 0 0 0 0 0 0 0 0 0 0 0 
3061 9 0 9 0 0 0 0 0 0 0 0 0 0 0 0 0 0 0 0 0 0 0 
3076 7 0 7 0 0 0 0 0 0 0 0 0 0 0 0 0 0 0 0 0 0 0 
3091 6 0 6 0 0 0 0 0 0 0 0 0 0 0 0 0 0 0 0 0 0 0 
3106 18 0 18 0 0 0 0 0 0 0 0 0 0 0 0 0 0 0 0 0 0 0 
3136 8 0 8 0 0 0 0 0 0 0 0 0 0 0 0 0 0 0 0 0 0 0 
3151 89 0 89 0 0 0 0 0 0 0 0 0 0 0 0 0 0 0 0 0 0 0 
3166 17 0 17 0 0 0 0 0 0 0 0 0 0 0 0 0 0 0 0 0 0 0 
3181 8 0 8 0 0 0 0 0 0 0 0 0 0 0 0 0 0 0 0 0 0 0 
3211 6 0 6 0 0 0 0 0 0 0 0 0 0 0 0 0 0 0 0 0 0 0 
3226 8 0 8 0 0 0 0 0 0 0 0 0 0 0 0 0 0 0 0 0 0 0 
3271 6 0 6 0 0 0 0 0 0 0 0 0 0 0 0 0 0 0 0 0 0 0 
3286 8 0 8 0 0 0 0 0 0 0 0 0 0 0 0 0 0 0 0 0 0 0 
3316 6 0 6 0 0 0 0 0 0 0 0 0 0 0 0 0 0 0 0 0 0 0 
3331 0 0 0 0 0 0 0 0 0 0 0 0 0 0 0 0 0 0 0 0 0 0 
3424 0 1 0 0 0 0 0 0 0 1 0 0 0 0 0 0 0 0 0 0 0 0 
3439 0 3 0 0 0 0 0 0 0 3 0 0 0 0 0 0 0 0 0 0 0 0 
3454 0 4 0 0 0 0 0 0 0 4 0 0 0 0 0 0 0 0 0 0 0 0 
3499 0 3 0 0 0 0 0 0 0 3 0 0 0 0 0 0 0 0 0 0 0 0 
3514 0 4 0 0 0 0 0 0 0 4 0 0 0 0 0 0 0 0 0 0 0 0 
3559 0 13 0 0 0 0 0 0 0 13 0 0 0 0 0 0 0 0 0 0 0 0 
3574 0 0 0 0 0 0 0 0 0 0 0 0 0 0 0 0 0 0 0 0 0 0 
3589 0 -1 0 0 0 0 0 0 0 -1 0 0 0 0 0 0 0 0 0 0 0 0 
3604 0 0 0 0 0 0 0 0 0 0 0 0 0 0 0 0 0 0 0 0 0 0 
3709 0 3 0 0 0 0 0 0 0 3 0 0 0 0 0 0 0 0 0 0 0 0 
3724 0 4 0 0 0 0 0 0 0 4 0 0 0 0 0 0 0 0 0 0 0 0 
3739 0 13 0 0 0 0 0 0 0 13 0 0 0 0 0 0 0 0 0 0 0 0 
3754 0 0 0 0 0 0 0 0 0 0 0 0 0 0 0 0 0 0 0 0 0 0 
4900 0 13 0 0 0 0 0 0 0 0 0 0 0 0 0 0 0 0 0 0 0 13 
4915 0 3 0 0 0 0 0 0 0 0 0 0 0 0 0 0 0 0 0 0 0 3 
4930 0 4 0 0 0 0 0 0 0 0 0 0 0 0 0 0 0 0 0 0 0 4 
4945 0 14 0 0 0 0 0 0 0 0 0 0 0 0 0 0 0 0 0 0 0 14 
4960 0 4 0 0 0 0 0 0 0 0 0 0 0 0 0 0 0 0 0 0 0 4 
4975 0 3 0 0 0 0 0 0 0 0 0 0 0 0 0 0 0 0 0 0 0 3 
4990 0 4 0 0 0 0 0 0 0 0 0 0 0 0 0 0 0 0 0 0 0 4 
5020 0 5 0 0 0 0 0 0 0 0 0 0 0 0 0 0 0 0 0 0 0 5 
5035 0 3 0 0 0 0 0 0 0 0 0 0 0 0 0 0 0 0 0 0 0 3 
5050 0 0 0 0 0 0 0 0 0 0 0 0 0 0 0 0 0 0 0 0 0 0 
5140 0 12 0 0 0 0 0 0 0 0 0 0 0 0 0 0 0 0 0 0 0 12 
5155 0 3 0 0 0 0 0 0 0 0 0 0 0 0 0 0 0 0 0 0 0 3 
5170 0 4 0 0 0 0 0 0 0 0 0 0 0 0 0 0 0 0 0 0 0 4 
5215 0 3 0 0 0 0 0 0 0 0 0 0 0 0 0 0 0 0 0 0 0 3 
5230 0 4 0 0 0 0 0 0 0 0 0 0 0 0 0 0 0 0 0 0 0 4 
5260 0 3 0 0 0 0 0 0 0 0 0 0 0 0 0 0 0 0 0 0 0 3 
5275 0 0 0 0 0 0 0 0 0 0 0 0 0 0 0 0 0 0 0 0 0 0 
5387 0 4 0 0 0 4 0 0 0 0 0 0 0 0 0 0 0 0 0 0 0 0 
5402 0 10 0 0 0 10 0 0 0 0 0 0 0 0 0 0 0 0 0 0 0 0 
5417 0 12 0 0 0 12 0 0 0 0 0 0 0 0 0 0 0 0 0 0 0 0 
5432 0 2 0 0 0 2 0 0 0 0 0 0 0 0 0 0 0 0 0 0 0 0 
5447 0 0 0 0 0 0 0 0 0 0 0 0 0 0 0 0 0 0 0 0 0 0 
5613 0 7 0 0 0 0 0 7 0 0 0 0 0 0 0 0 0 0 0 0 0 0 
5618 0 3 0 0 0 0 0 7 0 0 0 0 0 0 0 0 0 3 0 0 0 0 
5628 0 10 0 0 0 0 0 10 0 0 0 0 0 0 0 0 0 3 0 0 0 0 
5643 0 9.5 0 0 0 0 0 9 0 0 0 0 0 0 0 0 0 10 0 0 0 0 
5648 0 4 0 0 0 0 0 9 0 0 0 0 0 0 0 0 0 4 0 0 0 0 
5658 0 2 0 0 0 0 0 2 0 0 0 0 0 0 0 0 0 4 0 0 0 0 
5663 0 9 0 0 0 0 0 2 0 0 0 0 0 0 0 0 0 9 0 0 0 0 
5673 0 0 0 0 0 0 0 0 0 0 0 0 0 0 0 0 0 9 0 0 0 0 
5678 0 2 0 0 0 0 0 0 0 0 0 0 0 0 0 0 0 2 0 0 0 0 
5693 0 0 0 0 0 0 0 0 0 0 0 0 0 0 0 0 0 0 0 0 0 0 
5960 6 0 0 0 0 0 0 0 0 0 6 0 0 0 0 0 0 0 0 0 0 0 
5990 8 0 0 0 0 0 0 0 0 0 8 0 0 0 0 0 0 0 0 0 0 0 
6035 6 0 0 0 0 0 0 0 0 0 6 0 0 0 0 0 0 0 0 0 0 0 
6050 8 0 0 0 0 0 0 0 0 0 8 0 0 0 0 0 0 0 0 0 0 0 
6080 28 0 0 0 0 0 0 0 0 0 28 0 0 0 0 0 0 0 0 0 0 0 
6082 4 0 0 0 0 0 0 0 0 0 28 0 0 0 4 0 0 0 0 0 0 0 
6095 6 0 0 0 0 0 0 0 0 0 6 0 0 0 4 0 0 0 0 0 0 0 
6110 7 0 0 0 0 0 0 0 0 0 8 0 0 0 6 0 0 0 0 0 0 0 
6125 18 0 0 0 0 0 0 0 0 0 18 0 0 0 6 0 0 0 0 0 0 0 
6127 0 0 0 0 0 0 0 0 0 0 18 0 0 0 0 0 0 0 0 0 0 0 
6140 43 0 0 0 0 0 0 0 0 0 43 0 0 0 0 0 0 0 0 0 0 0 
6155 5 0 0 0 0 0 0 0 0 0 5 0 0 0 0 0 0 0 0 0 0 0 
6170 8 0 0 0 0 0 0 0 0 0 8 0 0 0 0 0 0 0 0 0 0 0 
6215 6 0 0 0 0 0 0 0 0 0 6 0 0 0 0 0 0 0 0 0 0 0 
6230 18 0 0 0 0 0 0 0 0 0 18 0 0 0 0 0 0 0 0 0 0 0 
6256 2 0 2 0 0 0 0 0 0 0 18 0 0 0 0 0 0 0 0 0 0 0 
6260 6 0 2 0 0 0 0 0 0 0 6 0 0 0 0 0 0 0 0 0 0 0 
6271 0 0 0 0 0 0 0 0 0 0 6 0 0 0 0 0 0 0 0 0 0 0 
6290 8 0 0 0 0 0 0 0 0 0 8 0 0 0 0 0 0 0 0 0 0 0 
6305 0 0 0 0 0 0 0 0 0 0 0 0 0 0 0 0 0 0 0 0 0 0 
6602 0 2 0 0 0 2 0 0 0 0 0 0 0 0 0 0 0 0 0 0 0 0 
6617 0 4 0 0 0 4 0 0 0 0 0 0 0 0 0 0 0 0 0 0 0 0 
6647 0 3 0 0 0 3 0 0 0 0 0 0 0 0 0 0 0 0 0 0 0 0 
6662 0 4 0 0 0 4 0 0 0 0 0 0 0 0 0 0 0 0 0 0 0 0 
6683 0 3 0 0 0 4 0 0 0 0 0 0 0 0 0 0 0 3 0 0 0 0 
6698 0 4 0 0 0 4 0 0 0 0 0 0 0 0 0 0 0 4 0 0 0 0 
6707 0 3 0 0 0 3 0 0 0 0 0 0 0 0 0 0 0 4 0 0 0 0 
6722 0 4 0 0 0 4 0 0 0 0 0 0 0 0 0 0 0 4 0 0 0 0 
6743 0 3 0 0 0 4 0 0 0 0 0 0 0 0 0 0 0 3 0 0 0 0 
6758 0 4 0 0 0 4 0 0 0 0 0 0 0 0 0 0 0 4 0 0 0 0 
6767 0 3 0 0 0 3 0 0 0 0 0 0 0 0 0 0 0 4 0 0 0 0 
6782 0 4 0 0 0 4 0 0 0 0 0 0 0 0 0 0 0 4 0 0 0 0 
6803 0 42 0 0 0 4 0 0 0 0 0 0 0 0 0 0 0 42 0 0 0 0 
6812 0 2 0 0 0 2 0 0 0 0 0 0 0 0 0 0 0 42 0 0 0 0 
6818 0 4 0 0 0 2 0 0 0 0 0 0 0 0 0 0 0 4 0 0 0 0 
6827 0 0 0 0 0 0 0 0 0 0 0 0 0 0 0 0 0 4 0 0 0 0 
6863 0 2 0 0 0 0 0 0 0 0 0 0 0 0 0 0 0 2 0 0 0 0 
6878 0 0 0 0 0 0 0 0 0 0 0 0 0 0 0 0 0 0 0 0 0 0 
7098 0 13 0 0 0 0 0 13 0 0 0 0 0 0 0 0 0 0 0 0 0 0 
7113 0 4 0 0 0 0 0 4 0 0 0 0 0 0 0 0 0 0 0 0 0 0 
7128 0 15 0 0 0 0 0 15 0 0 0 0 0 0 0 0 0 0 0 0 0 0 
7143 0 3 0 0 0 0 0 3 0 0 0 0 0 0 0 0 0 0 0 0 0 0 
7158 0 4 0 0 0 0 0 4 0 0 0 0 0 0 0 0 0 0 0 0 0 0 
7188 0 14 0 0 0 0 0 14 0 0 0 0 0 0 0 0 0 0 0 0 0 0 
7203 0 1 0 0 0 0 0 1 0 0 0 0 0 0 0 0 0 0 0 0 0 0 
7218 0 0 0 0 0 0 0 0 0 0 0 0 0 0 0 0 0 0 0 0 0 0 
7539 2 0 0 0 0 0 0 0 0 0 0 0 0 0 0 0 0 0 2 0 0 0 
7554 6 0 0 0 0 0 0 0 0 0 0 0 0 0 0 0 0 0 6 0 0 0 
7584 2 0 0 0 0 0 0 0 0 0 0 0 0 0 0 0 0 0 2 0 0 0 
7599 0 0 0 0 0 0 0 0 0 0 0 0 0 0 0 0 0 0 0 0 0 0 
7611 16 0 0 0 0 0 0 0 0 0 0 0 16 0 0 0 0 0 0 0 0 0 
7626 14 0 0 0 0 0 0 0 0 0 0 0 14 0 0 0 0 0 0 0 0 0 
7641 4 0 0 0 0 0 0 0 0 0 0 0 4 0 0 0 0 0 0 0 0 0 
7656 0 0 0 0 0 0 0 0 0 0 0 0 0 0 0 0 0 0 0 0 0 0 
8191 4 0 4 0 0 0 0 0 0 0 0 0 0 0 0 0 0 0 0 0 0 0 
8206 6 0 6 0 0 0 0 0 0 0 0 0 0 0 0 0 0 0 0 0 0 0 
8236 0 0 0 0 0 0 0 0 0 0 0 0 0 0 0 0 0 0 0 0 0 0 
8244 2 0 0 0 0 0 0 0 0 0 0 0 0 0 0 0 0 0 2 0 0 0 
8259 104 0 0 0 0 0 0 0 0 0 0 0 0 0 0 0 0 0 104 0 0 0 
8274 18 0 0 0 0 0 0 0 0 0 0 0 0 0 0 0 0 0 18 0 0 0 
8289 8 0 0 0 0 0 0 0 0 0 0 0 0 0 0 0 0 0 8 0 0 0 
8304 18 0 0 0 0 0 0 0 0 0 0 0 0 0 0 0 0 0 18 0 0 0 
8319 65 0 0 0 0 0 0 0 0 0 0 0 0 0 0 0 0 0 65 0 0 0 
8349 8 0 0 0 0 0 0 0 0 0 0 0 0 0 0 0 0 0 8 0 0 0 
8364 0 0 0 0 0 0 0 0 0 0 0 0 0 0 0 0 0 0 0 0 0 0 
8629 16 0 0 0 0 0 0 0 16 0 0 0 0 0 0 0 0 0 0 0 0 0 
8644 4 0 0 0 0 0 0 0 4 0 0 0 0 0 0 0 0 0 0 0 0 0 
8659 15 0 0 0 0 0 0 0 15 0 0 0 0 0 0 0 0 0 0 0 0 0 
8674 -3 0 0 0 0 0 0 0 -3 0 0 0 0 0 0 0 0 0 0 0 0 0 
8689 -8 0 0 0 0 0 0 0 -8 0 0 0 0 0 0 0 0 0 0 0 0 0 
8704 -4 0 0 0 0 0 0 0 -4 0 0 0 0 0 0 0 0 0 0 0 0 0 
8719 0 0 0 0 0 0 0 0 0 0 0 0 0 0 0 0 0 0 0 0 0 0 
8886 2 0 0 0 0 0 0 0 0 0 0 0 2 0 0 0 0 0 0 0 0 0 
8901 130 0 0 0 0 0 0 0 0 0 0 0 130 0 0 0 0 0 0 0 0 0 
8916 8 0 0 0 0 0 0 0 0 0 0 0 8 0 0 0 0 0 0 0 0 0 
8931 6 0 0 0 0 0 0 0 0 0 0 0 6 0 0 0 0 0 0 0 0 0 
8946 8 0 0 0 0 0 0 0 0 0 0 0 8 0 0 0 0 0 0 0 0 0 
8976 18 0 0 0 0 0 0 0 0 0 0 0 18 0 0 0 0 0 0 0 0 0 
8991 6 0 0 0 0 0 0 0 0 0 0 0 6 0 0 0 0 0 0 0 0 0 
9006 162 0 0 0 0 0 0 0 0 0 0 0 162 0 0 0 0 0 0 0 0 0 
9021 3 0 0 0 0 0 0 0 0 0 0 0 3 0 0 0 0 0 0 0 0 0 
9036 0 0 0 0 0 0 0 0 0 0 0 0 0 0 0 0 0 0 0 0 0 0 
9109 0 3 0 0 0 0 0 0 0 3 0 0 0 0 0 0 0 0 0 0 0 0 
9124 0 10 0 0 0 0 0 0 0 10 0 0 0 0 0 0 0 0 0 0 0 0 
9139 0 5 0 0 0 0 0 0 0 5 0 0 0 0 0 0 0 0 0 0 0 0 
9154 0 10 0 0 0 0 0 0 0 10 0 0 0 0 0 0 0 0 0 0 0 0 
9169 0 0 0 0 0 0 0 0 0 0 0 0 0 0 0 0 0 0 0 0 0 0 
10150 4 0 0 0 0 0 0 0 0 0 0 0 0 0 0 0 0 0 0 0 4 0 
10165 14 0 0 0 0 0 0 0 0 0 0 0 0 0 0 0 0 0 0 0 14 0 
10180 7 0 0 0 0 0 0 0 0 0 0 0 0 0 0 0 0 0 0 0 7 0 
10195 1 0 0 0 0 0 0 0 0 0 0 0 0 0 0 0 0 0 0 0 1 0 
10210 0 0 0 0 0 0 0 0 0 0 0 0 0 0 0 0 0 0 0 0 0 0 
10990 4 0 0 0 0 0 0 0 0 0 0 0 0 0 0 0 0 0 0 0 4 0 
11004 2 0 0 0 0 0 0 0 0 0 0 0 0 0 0 0 0 0 2 0 4 0 
11005 3 0 0 0 0 0 0 0 0 0 0 0 0 0 0 0 0 0 2 0 3 0 
11019 0 0 0 0 0 0 0 0 0 0 0 0 0 0 0 0 0 0 0 0 3 0 
11020 29 0 0 0 0 0 0 0 0 0 0 0 0 0 0 0 0 0 0 0 29 0 
11034 2 0 0 0 0 0 0 0 0 0 0 0 0 0 0 0 0 0 2 0 29 0 
11035 4 0 0 0 0 0 0 0 0 0 0 0 0 0 0 0 0 0 2 0 4 0 
11049 0 0 0 0 0 0 0 0 0 0 0 0 0 0 0 0 0 0 0 0 4 0 
11050 6 0 0 0 0 0 0 0 0 0 0 0 0 0 0 0 0 0 0 0 6 0 
11065 0 0 0 0 0 0 0 0 0 0 0 0 0 0 0 0 0 0 0 0 0 0 
11165 0 7 0 0 0 0 0 0 0 0 0 7 0 0 0 0 0 0 0 0 0 0 
11180 0 6 0 0 0 0 0 0 0 0 0 6 0 0 0 0 0 0 0 0 0 0 
11195 0 13 0 0 0 0 0 0 0 0 0 13 0 0 0 0 0 0 0 0 0 0 
11210 0 2 0 0 0 0 0 0 0 0 0 2 0 0 0 0 0 0 0 0 0 0 
11225 0 9 0 0 0 0 0 0 0 0 0 9 0 0 0 0 0 0 0 0 0 0 
11240 0 12 0 0 0 0 0 0 0 0 0 12 0 0 0 0 0 0 0 0 0 0 
11255 0 7 0 0 0 0 0 0 0 0 0 7 0 0 0 0 0 0 0 0 0 0 
11270 0 2 0 0 0 0 0 0 0 0 0 2 0 0 0 0 0 0 0 0 0 0 
11285 0 4 0 0 0 0 0 0 0 0 0 4 0 0 0 0 0 0 0 0 0 0 
11300 0 6 0 0 0 0 0 0 0 0 0 6 0 0 0 0 0 0 0 0 0 0 
11315 0 13 0 0 0 0 0 0 0 0 0 13 0 0 0 0 0 0 0 0 0 0 
11330 0 5 0 0 0 0 0 0 0 0 0 5 0 0 0 0 0 0 0 0 0 0 
11345 0 1 0 0 0 0 0 0 0 0 0 1 0 0 0 0 0 0 0 0 0 0 
11360 0 4 0 0 0 0 0 0 0 0 0 4 0 0 0 0 0 0 0 0 0 0 
11375 0 3 0 0 0 0 0 0 0 0 0 3 0 0 0 0 0 0 0 0 0 0 
11390 0 6 0 0 0 0 0 0 0 0 0 6 0 0 0 0 0 0 0 0 0 0 
11420 0 0 0 0 0 0 0 0 0 0 0 0 0 0 0 0 0 0 0 0 0 0 
11465 0 2 0 0 0 0 0 0 0 0 0 2 0 0 0 0 0 0 0 0 0 0 
11480 0 4 0 0 0 0 0 0 0 0 0 4 0 0 0 0 0 0 0 0 0 0 
11495 0 3 0 0 0 0 0 0 0 0 0 3 0 0 0 0 0 0 0 0 0 0 
11510 0 24 0 0 0 0 0 0 0 0 0 24 0 0 0 0 0 0 0 0 0 0 
11512 4 0 0 0 0 0 0 0 0 0 0 24 0 0 4 0 0 0 0 0 0 0 
11525 0 4 0 0 0 0 0 0 0 0 0 4 0 0 4 0 0 0 0 0 0 0 
11527 6 0 0 0 0 0 0 0 0 0 0 4 0 0 6 0 0 0 0 0 0 0 
11540 0 14 0 0 0 0 0 0 0 0 0 14 0 0 6 0 0 0 0 0 0 0 
11542 8 0 0 0 0 0 0 0 0 0 0 14 0 0 8 0 0 0 0 0 0 0 
11555 0 0 0 0 0 0 0 0 0 0 0 0 0 0 8 0 0 0 0 0 0 0 
11587 16 0 0 0 0 0 0 0 0 0 0 0 0 0 16 0 0 0 0 0 0 0 
11602 8 0 0 0 0 0 0 0 0 0 0 0 0 0 8 0 0 0 0 0 0 0 
11611 6 0 6 0 0 0 0 0 0 0 0 0 0 0 8 0 0 0 0 0 0 0 
11617 106 0 6 0 0 0 0 0 0 0 0 0 0 0 106 0 0 0 0 0 0 0 
11626 18 0 18 0 0 0 0 0 0 0 0 0 0 0 106 0 0 0 0 0 0 0 
11632 8 0 18 0 0 0 0 0 0 0 0 0 0 0 8 0 0 0 0 0 0 0 
11647 12 0 8 0 0 0 0 0 0 0 0 0 0 0 16 0 0 0 0 0 0 0 
11662 8 0 8 0 0 0 0 0 0 0 0 0 0 0 8 0 0 0 0 0 0 0 
11671 6 0 6 0 0 0 0 0 0 0 0 0 0 0 8 0 0 0 0 0 0 0 
11672 2 0 6 0 2 0 0 0 0 0 0 0 0 0 8 0 0 0 0 0 0 0 
11677 5 0 6 0 2 0 0 0 0 0 0 0 0 0 5 0 0 0 0 0 0 0 
11686 8 0 8 0 2 0 0 0 0 0 0 0 0 0 5 0 0 0 0 0 0 0 
11687 5 0 8 0 5 0 0 0 0 0 0 0 0 0 5 0 0 0 0 0 0 0 
11692 63 0 8 0 5 0 0 0 0 0 0 0 0 0 63 0 0 0 0 0 0 0 
11701 3 0 3 0 5 0 0 0 0 0 0 0 0 0 63 0 0 0 0 0 0 0 
11702 7 0 3 0 7 0 0 0 0 0 0 0 0 0 63 0 0 0 0 0 0 0 
11707 6 0 3 0 7 0 0 0 0 0 0 0 0 0 6 0 0 0 0 0 0 0 
11716 29 0 29 0 7 0 0 0 0 0 0 0 0 0 6 0 0 0 0 0 0 0 
11717 2 0 29 0 2 0 0 0 0 0 0 0 0 0 6 0 0 0 0 0 0 0 
11722 8 0 29 0 2 0 0 0 0 0 0 0 0 0 8 0 0 0 0 0 0 0 
11731 6 0 6 0 2 0 0 0 0 0 0 0 0 0 8 0 0 0 0 0 0 0 
11732 0 0 6 0 0 0 0 0 0 0 0 0 0 0 8 0 0 0 0 0 0 0 
11746 8 0 8 0 0 0 0 0 0 0 0 0 0 0 8 0 0 0 0 0 0 0 
11752 7 0 8 0 0 0 0 0 0 0 0 0 0 0 7 0 0 0 0 0 0 0 
11753 0 9 8 0 0 0 0 0 0 0 0 0 0 0 7 0 0 9 0 0 0 0 
11767 5 0 8 0 0 0 0 0 0 0 0 0 0 0 5 0 0 9 0 0 0 0 
11768 0 12 8 0 0 0 0 0 0 0 0 0 0 0 5 0 0 12 0 0 0 0 
11778 0 1 8 0 0 0 0 1 0 0 0 0 0 0 5 0 0 12 0 0 0 0 
11782 8 0 8 0 0 0 0 1 0 0 0 0 0 0 8 0 0 12 0 0 0 0 
11783 0 7 8 0 0 0 0 1 0 0 0 0 0 0 8 0 0 7 0 0 0 0 
11791 48 0 48 0 0 0 0 1 0 0 0 0 0 0 8 0 0 7 0 0 0 0 
11793 0 0 48 0 0 0 0 0 0 0 0 0 0 0 8 0 0 7 0 0 0 0 
11806 4 0 8 0 0 0 0 0 0 0 0 0 0 0 8 0 0 0 0 0 0 0 
11813 0 7 8 0 0 0 0 0 0 0 0 0 0 0 8 0 0 7 0 0 0 0 
11827 6 0 8 0 0 0 0 0 0 0 0 0 0 0 6 0 0 7 0 0 0 0 
11828 0 6 8 0 0 0 0 0 0 0 0 0 0 0 6 0 0 6 0 0 0 0 
11836 4 0 4 0 0 0 0 0 0 0 0 0 0 0 6 0 0 6 0 0 0 0 
11843 0 13 4 0 0 0 0 0 0 0 0 0 0 0 6 0 0 13 0 0 0 0 
11851 0 0 0 0 0 0 0 0 0 0 0 0 0 0 6 0 0 13 0 0 0 0 
11858 0 1 0 0 0 0 0 0 0 0 0 0 0 0 0 0 0 2 0 0 0 0 
11873 0 4 0 0 0 0 0 0 0 0 0 0 0 0 0 0 0 4 0 0 0 0 
11903 0 5 0 0 0 0 0 0 0 0 0 0 0 0 0 0 0 5 0 0 0 0 
11918 0 4 0 0 0 0 0 0 0 0 0 0 0 0 0 0 0 4 0 0 0 0 
11933 0 3 0 0 0 0 0 0 0 0 0 0 0 0 0 0 0 3 0 0 0 0 
11978 0 6 0 0 0 0 0 0 0 0 0 0 0 0 0 0 0 6 0 0 0 0 
11993 0 14 0 0 0 0 0 0 0 0 0 0 0 0 0 0 0 14 0 0 0 0 
12008 0 4 0 0 0 0 0 0 0 0 0 0 0 0 0 0 0 4 0 0 0 0 
12023 0 0 0 0 0 0 0 0 0 0 0 0 0 0 0 0 0 0 0 0 0 0 
12078 6 0 0 0 0 0 6 0 0 0 0 0 0 0 0 0 0 0 0 0 0 0 
12093 4 0 0 0 0 0 4 0 0 0 0 0 0 0 0 0 0 0 0 0 0 0 
12108 6 0 0 0 0 0 6 0 0 0 0 0 0 0 0 0 0 0 0 0 0 0 
12123 0 0 0 0 0 0 0 0 0 0 0 0 0 0 0 0 0 0 0 0 0 0 
12143 0 3 0 0 0 0 0 0 0 0 0 0 0 0 0 0 0 3 0 0 0 0 
12158 0 4 0 0 0 0 0 0 0 0 0 0 0 0 0 0 0 4 0 0 0 0 
12169 0 2 0 0 0 0 0 0 0 2 0 0 0 0 0 0 0 4 0 0 0 0 
12173 0 15 0 0 0 0 0 0 0 2 0 0 0 0 0 0 0 15 0 0 0 0 
12184 0 4 0 0 0 0 0 0 0 4 0 0 0 0 0 0 0 15 0 0 0 0 
12188 0 3 0 0 0 0 0 0 0 4 0 0 0 0 0 0 0 3 0 0 0 0 
12203 0 2 0 0 0 0 0 0 0 3 0 0 0 0 0 0 0 1 0 0 0 0 
12214 0 4 0 0 0 0 0 0 0 4 0 0 0 0 0 0 0 1 0 0 0 0 
12244 0 9 0 0 0 0 0 0 0 14 0 0 0 0 0 0 0 4 0 0 0 0 
12248 0 2 0 0 0 0 0 0 0 14 0 0 0 0 0 0 0 2 0 0 0 0 
12259 0 3 0 0 0 0 0 0 0 3 0 0 0 0 0 0 0 2 0 0 0 0 
12263 0 0 0 0 0 0 0 0 0 3 0 0 0 0 0 0 0 0 0 0 0 0 
12274 0 4 0 0 0 0 0 0 0 4 0 0 0 0 0 0 0 0 0 0 0 0 
12278 0 2 0 0 0 0 0 0 0 4 0 0 0 0 0 0 0 2 0 0 0 0 
12293 0 4 0 0 0 0 0 0 0 4 0 0 0 0 0 0 0 4 0 0 0 0 
12308 0 14 0 0 0 0 0 0 0 4 0 0 0 0 0 0 0 14 0 0 0 0 
12319 0 3 0 0 0 0 0 0 0 3 0 0 0 0 0 0 0 14 0 0 0 0 
12323 0 0 0 0 0 0 0 0 0 3 0 0 0 0 0 0 0 0 0 0 0 0 
12334 0 4 0 0 0 0 0 0 0 4 0 0 0 0 0 0 0 0 0 0 0 0 
12364 0 19 0 0 0 0 0 0 0 19 0 0 0 0 0 0 0 0 0 0 0 0 
12379 0 0 0 0 0 0 0 0 0 0 0 0 0 0 0 0 0 0 0 0 0 0 
13224 2 0 0 0 0 0 0 0 0 0 0 0 0 0 0 0 0 0 2 0 0 0 
13239 5 0 0 0 0 0 0 0 0 0 0 0 0 0 0 0 0 0 5 0 0 0 
13254 4 0 0 0 0 0 0 0 0 0 0 0 0 0 0 0 0 0 4 0 0 0 
13269 3 0 0 0 0 0 0 0 0 0 0 0 0 0 0 0 0 0 3 0 0 0 
13284 0 0 0 0 0 0 0 0 0 0 0 0 0 0 0 0 0 0 0 0 0 0 
13689 2 0 0 0 0 0 0 0 0 0 0 0 0 0 0 0 0 0 2 0 0 0 
13704 26 0 0 0 0 0 0 0 0 0 0 0 0 0 0 0 0 0 26 0 0 0 
13719 6 0 0 0 0 0 0 0 0 0 0 0 0 0 0 0 0 0 6 0 0 0 
13734 8 0 0 0 0 0 0 0 0 0 0 0 0 0 0 0 0 0 8 0 0 0 
13749 7 0 0 0 0 0 0 0 0 0 0 0 0 0 0 0 0 0 7 0 0 0 
13764 0 0 0 0 0 0 0 0 0 0 0 0 0 0 0 0 0 0 0 0 0 0 
13896 6 0 0 0 0 0 0 0 0 0 0 0 6 0 0 0 0 0 0 0 0 0 
13911 4 0 0 0 0 0 0 0 0 0 0 0 4 0 0 0 0 0 0 0 0 0 
13926 6 0 0 0 0 0 0 0 0 0 0 0 6 0 0 0 0 0 0 0 0 0 
13941 0 0 0 0 0 0 0 0 0 0 0 0 0 0 0 0 0 0 0 0 0 0 
14162 8 0 0 0 8 0 0 0 0 0 0 0 0 0 0 0 0 0 0 0 0 0 
14207 6 0 0 0 6 0 0 0 0 0 0 0 0 0 0 0 0 0 0 0 0 0 
14222 8 0 0 0 8 0 0 0 0 0 0 0 0 0 0 0 0 0 0 0 0 0 
14267 16 0 0 0 16 0 0 0 0 0 0 0 0 0 0 0 0 0 0 0 0 0 
14282 8 0 0 0 8 0 0 0 0 0 0 0 0 0 0 0 0 0 0 0 0 0 
14297 18 0 0 0 18 0 0 0 0 0 0 0 0 0 0 0 0 0 0 0 0 0 
14312 6 0 0 0 6 0 0 0 0 0 0 0 0 0 0 0 0 0 0 0 0 0 
14342 26 0 0 0 26 0 0 0 0 0 0 0 0 0 0 0 0 0 0 0 0 0 
14357 18 0 0 0 18 0 0 0 0 0 0 0 0 0 0 0 0 0 0 0 0 0 
14372 8 0 0 0 8 0 0 0 0 0 0 0 0 0 0 0 0 0 0 0 0 0 
14387 6 0 0 0 6 0 0 0 0 0 0 0 0 0 0 0 0 0 0 0 0 0 
14402 4 0 0 0 4 0 0 0 0 0 0 0 0 0 0 0 0 0 0 0 0 0 
14417 0 0 0 0 0 0 0 0 0 0 0 0 0 0 0 0 0 0 0 0 0 0 
15590 0 14 0 0 0 0 0 0 0 0 0 14 0 0 0 0 0 0 0 0 0 0 
15605 0 4 0 0 0 0 0 0 0 0 0 4 0 0 0 0 0 0 0 0 0 0 
15635 0 3 0 0 0 0 0 0 0 0 0 3 0 0 0 0 0 0 0 0 0 0 
15650 0 19 0 0 0 0 0 0 0 0 0 19 0 0 0 0 0 0 0 0 0 0 
15665 0 4 0 0 0 0 0 0 0 0 0 4 0 0 0 0 0 0 0 0 0 0 
15695 0 3 0 0 0 0 0 0 0 0 0 3 0 0 0 0 0 0 0 0 0 0 
15710 0 1 0 0 0 0 0 0 0 0 0 1 0 0 0 0 0 0 0 0 0 0 
15725 0 0 0 0 0 0 0 0 0 0 0 0 0 0 0 0 0 0 0 0 0 0 
15905 0 4 0 0 0 0 0 0 0 0 0 4 0 0 0 0 0 0 0 0 0 0 
15925 12 0 0 0 0 0 0 0 0 0 0 4 0 0 0 0 0 0 0 0 12 0 
15935 0 3 0 0 0 0 0 0 0 0 0 3 0 0 0 0 0 0 0 0 12 0 
15940 6 0 0 0 0 0 0 0 0 0 0 3 0 0 0 0 0 0 0 0 6 0 
15950 0 4 0 0 0 0 0 0 0 0 0 4 0 0 0 0 0 0 0 0 6 0 
15970 2 0 0 0 0 0 0 0 0 0 0 4 0 0 0 0 0 0 0 0 2 0 
15985 0 0 0 0 0 0 0 0 0 0 0 4 0 0 0 0 0 0 0 0 0 0 
15995 0 3 0 0 0 0 0 0 0 0 0 3 0 0 0 0 0 0 0 0 0 0 
16025 0 0 0 0 0 0 0 0 0 0 0 0 0 0 0 0 0 0 0 0 0 0 
16281 8 0 0 0 0 0 0 0 0 0 0 0 8 0 0 0 0 0 0 0 0 0 
16311 3 0 0 0 0 0 0 0 0 0 0 0 3 0 0 0 0 0 0 0 0 0 
16326 29 0 0 0 0 0 0 0 0 0 0 0 29 0 0 0 0 0 0 0 0 0 
16341 18 0 0 0 0 0 0 0 0 0 0 0 18 0 0 0 0 0 0 0 0 0 
16356 26 0 0 0 0 0 0 0 0 0 0 0 26 0 0 0 0 0 0 0 0 0 
16371 6 0 0 0 0 0 0 0 0 0 0 0 6 0 0 0 0 0 0 0 0 0 
16386 18 0 0 0 0 0 0 0 0 0 0 0 18 0 0 0 0 0 0 0 0 0 
16401 6 0 0 0 0 0 0 0 0 0 0 0 6 0 0 0 0 0 0 0 0 0 
16416 8 0 0 0 0 0 0 0 0 0 0 0 8 0 0 0 0 0 0 0 0 0 
16431 6 0 0 0 0 0 0 0 0 0 0 0 6 0 0 0 0 0 0 0 0 0 
16446 8 0 0 0 0 0 0 0 0 0 0 0 8 0 0 0 0 0 0 0 0 0 
16491 0 0 0 0 0 0 0 0 0 0 0 0 0 0 0 0 0 0 0 0 0 0 
16600 2 0 0 0 0 0 0 0 0 0 0 0 0 0 0 0 0 0 0 0 2 0 
16615 6 0 0 0 0 0 0 0 0 0 0 0 0 0 0 0 0 0 0 0 6 0 
16630 9 0 0 0 0 0 0 0 0 0 0 0 0 0 0 0 0 0 0 0 9 0 
16642 2 0 0 0 0 0 0 0 0 0 0 0 0 0 2 0 0 0 0 0 9 0 
16645 5 0 0 0 0 0 0 0 0 0 0 0 0 0 2 0 0 0 0 0 5 0 
16657 0 0 0 0 0 0 0 0 0 0 0 0 0 0 0 0 0 0 0 0 5 0 
16660 8 0 0 0 0 0 0 0 0 0 0 0 0 0 0 0 0 0 0 0 8 0 
16675 6 0 0 0 0 0 0 0 0 0 0 0 0 0 0 0 0 0 0 0 6 0 
16690 8 0 0 0 0 0 0 0 0 0 0 0 0 0 0 0 0 0 0 0 8 0 
16711 16 0 16 0 0 0 0 0 0 0 0 0 0 0 0 0 0 0 0 0 8 0 
16720 18 0 16 0 0 0 0 0 0 0 0 0 0 0 0 0 0 0 0 0 18 0 
16726 6 0 6 0 0 0 0 0 0 0 0 0 0 0 0 0 0 0 0 0 18 0 
16732 7 0 6 0 0 0 0 0 0 0 0 0 0 0 7 0 0 0 0 0 18 0 
16735 6 0 6 0 0 0 0 0 0 0 0 0 0 0 7 0 0 0 0 0 6 0 
16741 14 0 14 0 0 0 0 0 0 0 0 0 0 0 7 0 0 0 0 0 6 0 
16747 3 0 14 0 0 0 0 0 0 0 0 0 0 0 3 0 0 0 0 0 6 0 
16750 8 0 14 0 0 0 0 0 0 0 0 0 0 0 3 0 0 0 0 0 8 0 
16756 0 0 0 0 0 0 0 0 0 0 0 0 0 0 3 0 0 0 0 0 8 0 
16762 6 0 0 0 0 0 0 0 0 0 0 0 0 0 6 0 0 0 0 0 8 0 
16777 0 0 0 0 0 0 0 0 0 0 0 0 0 0 0 0 0 0 0 0 8 0 
16921 1 0 2 0 0 0 0 0 0 0 0 0 0 0 0 0 0 0 0 0 0 0 
16936 7 0 7 0 0 0 0 0 0 0 0 0 0 0 0 0 0 0 0 0 0 0 
16951 5 0 5 0 0 0 0 0 0 0 0 0 0 0 0 0 0 0 0 0 0 0 
16966 8 0 8 0 0 0 0 0 0 0 0 0 0 0 0 0 0 0 0 0 0 0 
16996 18 0 18 0 0 0 0 0 0 0 0 0 0 0 0 0 0 0 0 0 0 0 
17011 0 0 0 0 0 0 0 0 0 0 0 0 0 0 0 0 0 0 0 0 0 0 
17198 0 12 0 0 0 0 0 0 0 0 0 0 0 0 0 0 0 12 0 0 0 0 
17213 0 6 0 0 0 0 0 0 0 0 0 0 0 0 0 0 0 6 0 0 0 0 
17228 0 10 0 0 0 0 0 0 0 0 0 0 0 0 0 0 0 10 0 0 0 0 
17239 0 7 0 0 0 0 0 0 0 7 0 0 0 0 0 0 0 10 0 0 0 0 
17243 0 0 0 0 0 0 0 0 0 7 0 0 0 0 0 0 0 0 0 0 0 0 
17254 0 6 0 0 0 0 0 0 0 6 0 0 0 0 0 0 0 0 0 0 0 0 
17269 0 14 0 0 0 0 0 0 0 14 0 0 0 0 0 0 0 0 0 0 0 0 
17284 0 7 0 0 0 0 0 0 0 7 0 0 0 0 0 0 0 0 0 0 0 0 
17299 0 3 0 0 0 0 0 0 0 3 0 0 0 0 0 0 0 0 0 0 0 0 
17314 0 12 0 0 0 0 0 0 0 12 0 0 0 0 0 0 0 0 0 0 0 0 
17329 0 7 0 0 0 0 0 0 0 7 0 0 0 0 0 0 0 0 0 0 0 0 
17344 0 3 0 0 0 0 0 0 0 3 0 0 0 0 0 0 0 0 0 0 0 0 
17374 0 6 0 0 0 0 0 0 0 6 0 0 0 0 0 0 0 0 0 0 0 0 
17389 0 4 0 0 0 0 0 0 0 4 0 0 0 0 0 0 0 0 0 0 0 0 
17419 0 1 0 0 0 0 0 0 0 1 0 0 0 0 0 0 0 0 0 0 0 0 
17434 0 14 0 0 0 0 0 0 0 14 0 0 0 0 0 0 0 0 0 0 0 0 
17449 0 4 0 0 0 0 0 0 0 4 0 0 0 0 0 0 0 0 0 0 0 0 
17464 0 6 0 0 0 0 0 0 0 6 0 0 0 0 0 0 0 0 0 0 0 0 
17479 0 15 0 0 0 0 0 0 0 15 0 0 0 0 0 0 0 0 0 0 0 0 
17494 0 0 0 0 0 0 0 0 0 0 0 0 0 0 0 0 0 0 0 0 0 0 
17508 4 0 0 0 0 0 4 0 0 0 0 0 0 0 0 0 0 0 0 0 0 0 
17523 6 0 0 0 0 0 6 0 0 0 0 0 0 0 0 0 0 0 0 0 0 0 
17538 8 0 0 0 0 0 8 0 0 0 0 0 0 0 0 0 0 0 0 0 0 0 
17583 6 0 0 0 0 0 6 0 0 0 0 0 0 0 0 0 0 0 0 0 0 0 
17598 8 0 0 0 0 0 8 0 0 0 0 0 0 0 0 0 0 0 0 0 0 0 
17643 6 0 0 0 0 0 6 0 0 0 0 0 0 0 0 0 0 0 0 0 0 0 
17658 8 0 0 0 0 0 8 0 0 0 0 0 0 0 0 0 0 0 0 0 0 0 
17703 4 0 0 0 0 0 4 0 0 0 0 0 0 0 0 0 0 0 0 0 0 0 
17718 8 0 0 0 0 0 8 0 0 0 0 0 0 0 0 0 0 0 0 0 0 0 
17733 18 0 0 0 0 0 18 0 0 0 0 0 0 0 0 0 0 0 0 0 0 0 
17763 6 0 0 0 0 0 6 0 0 0 0 0 0 0 0 0 0 0 0 0 0 0 
17778 8 0 0 0 0 0 8 0 0 0 0 0 0 0 0 0 0 0 0 0 0 0 
17793 9 0 0 0 0 0 9 0 0 0 0 0 0 0 0 0 0 0 0 0 0 0 
17808 34 0 0 0 0 0 34 0 0 0 0 0 0 0 0 0 0 0 0 0 0 0 
17823 5 0 0 0 0 0 5 0 0 0 0 0 0 0 0 0 0 0 0 0 0 0 
17838 2 0 0 0 0 0 2 0 0 0 0 0 0 0 0 0 0 0 0 0 0 0 
17853 0 0 0 0 0 0 0 0 0 0 0 0 0 0 0 0 0 0 0 0 0 0 
17884 0 3 0 0 0 0 0 0 0 3 0 0 0 0 0 0 0 0 0 0 0 0 
17914 0 4 0 0 0 0 0 0 0 4 0 0 0 0 0 0 0 0 0 0 0 0 
17959 0 3 0 0 0 0 0 0 0 3 0 0 0 0 0 0 0 0 0 0 0 0 
17974 0 4 0 0 0 0 0 0 0 4 0 0 0 0 0 0 0 0 0 0 0 0 
18004 0 0 0 0 0 0 0 0 0 0 0 0 0 0 0 0 0 0 0 0 0 0 
18624 4 0 0 0 0 0 0 0 0 0 0 0 0 0 0 0 0 0 4 0 0 0 
18654 7 0 0 0 0 0 0 0 0 0 0 0 0 0 0 0 0 0 7 0 0 0 
18669 1 0 0 0 0 0 0 0 0 0 0 0 0 0 0 0 0 0 1 0 0 0 
18684 0 0 0 0 0 0 0 0 0 0 0 0 0 0 0 0 0 0 0 0 0 0 
19277 0 4 0 0 0 4 0 0 0 0 0 0 0 0 0 0 0 0 0 0 0 0 
19292 0 10 0 0 0 10 0 0 0 0 0 0 0 0 0 0 0 0 0 0 0 0 
19307 0 7 0 0 0 7 0 0 0 0 0 0 0 0 0 0 0 0 0 0 0 0 
19337 0 0 0 0 0 0 0 0 0 0 0 0 0 0 0 0 0 0 0 0 0 0 
19419 6 0 0 0 0 0 0 0 0 0 0 0 0 0 0 0 0 0 6 0 0 0 
19434 8 0 0 0 0 0 0 0 0 0 0 0 0 0 0 0 0 0 8 0 0 0 
19479 6 0 0 0 0 0 0 0 0 0 0 0 0 0 0 0 0 0 6 0 0 0 
19494 8 0 0 0 0 0 0 0 0 0 0 0 0 0 0 0 0 0 8 0 0 0 
19518 2 0 0 0 0 0 2 0 0 0 0 0 0 0 0 0 0 0 8 0 0 0 
19524 6 0 0 0 0 0 2 0 0 0 0 0 0 0 0 0 0 0 6 0 0 0 
19533 0 0 0 0 0 0 0 0 0 0 0 0 0 0 0 0 0 0 6 0 0 0 
19554 8 0 0 0 0 0 0 0 0 0 0 0 0 0 0 0 0 0 8 0 0 0 
19569 18 0 0 0 0 0 0 0 0 0 0 0 0 0 0 0 0 0 18 0 0 0 
19599 2 0 0 0 0 0 0 0 0 0 0 0 0 0 0 0 0 0 2 0 0 0 
19614 0 0 0 0 0 0 0 0 0 0 0 0 0 0 0 0 0 0 0 0 0 0 
19834 0 1 0 0 0 0 0 0 0 1 0 0 0 0 0 0 0 0 0 0 0 0 
19849 0 4 0 0 0 0 0 0 0 4 0 0 0 0 0 0 0 0 0 0 0 0 
19879 0 3 0 0 0 0 0 0 0 3 0 0 0 0 0 0 0 0 0 0 0 0 
19894 0 4 0 0 0 0 0 0 0 4 0 0 0 0 0 0 0 0 0 0 0 0 
19939 0 2 0 0 0 0 0 0 0 2 0 0 0 0 0 0 0 0 0 0 0 0 
19954 0 0 0 0 0 0 0 0 0 0 0 0 0 0 0 0 0 0 0 0 0 0 
20344 0 1 0 0 0 0 0 0 0 1 0 0 0 0 0 0 0 0 0 0 0 0 
20359 0 3 0 0 0 0 0 0 0 3 0 0 0 0 0 0 0 0 0 0 0 0 
20374 0 4 0 0 0 0 0 0 0 4 0 0 0 0 0 0 0 0 0 0 0 0 
20419 0 3 0 0 0 0 0 0 0 3 0 0 0 0 0 0 0 0 0 0 0 0 
20434 0 14 0 0 0 0 0 0 0 14 0 0 0 0 0 0 0 0 0 0 0 0 
20449 0 0 0 0 0 0 0 0 0 0 0 0 0 0 0 0 0 0 0 0 0 0 
20885 2 0 0 0 0 0 0 0 0 0 2 0 0 0 0 0 0 0 0 0 0 0 
20900 6 0 0 0 0 0 0 0 0 0 6 0 0 0 0 0 0 0 0 0 0 0 
20915 2 0 0 0 0 0 0 0 0 0 2 0 0 0 0 0 0 0 0 0 0 0 
20930 6 0 0 0 0 0 0 0 0 0 6 0 0 0 0 0 0 0 0 0 0 0 
20945 0 0 0 0 0 0 0 0 0 0 0 0 0 0 0 0 0 0 0 0 0 0 
21351 2 0 0 0 0 0 0 0 0 0 0 0 2 0 0 0 0 0 0 0 0 0 
21366 6 0 0 0 0 0 0 0 0 0 0 0 6 0 0 0 0 0 0 0 0 0 
21381 7 0 0 0 0 0 0 0 0 0 0 0 7 0 0 0 0 0 0 0 0 0 
21396 1 0 0 0 0 0 0 0 0 0 0 0 1 0 0 0 0 0 0 0 0 0 
21411 0 0 0 0 0 0 0 0 0 0 0 0 0 0 0 0 0 0 0 0 0 0 
21670 0 12 0 0 0 0 0 0 0 0 0 0 0 0 0 0 0 0 0 0 0 12 
21685 0 5 0 0 0 0 0 0 0 0 0 0 0 0 0 0 0 0 0 0 0 5 
21700 0 10 0 0 0 0 0 0 0 0 0 0 0 0 0 0 0 0 0 0 0 10 
21715 0 1 0 0 0 0 0 0 0 0 0 0 0 0 0 0 0 0 0 0 0 1 
21730 0 0 0 0 0 0 0 0 0 0 0 0 0 0 0 0 0 0 0 0 0 0 
21742 6 0 0 0 0 0 0 0 0 0 0 0 0 0 6 0 0 0 0 0 0 0 
21757 18 0 0 0 0 0 0 0 0 0 0 0 0 0 18 0 0 0 0 0 0 0 
21772 8 0 0 0 0 0 0 0 0 0 0 0 0 0 8 0 0 0 0 0 0 0 
21787 6 0 0 0 0 0 0 0 0 0 0 0 0 0 6 0 0 0 0 0 0 0 
21802 8 0 0 0 0 0 0 0 0 0 0 0 0 0 8 0 0 0 0 0 0 0 
21847 6 0 0 0 0 0 0 0 0 0 0 0 0 0 6 0 0 0 0 0 0 0 
21862 8 0 0 0 0 0 0 0 0 0 0 0 0 0 8 0 0 0 0 0 0 0 
21886 4 0 4 0 0 0 0 0 0 0 0 0 0 0 8 0 0 0 0 0 0 0 
21907 6 0 4 0 0 0 0 0 0 0 0 0 0 0 6 0 0 0 0 0 0 0 
21916 7 0 7 0 0 0 0 0 0 0 0 0 0 0 6 0 0 0 0 0 0 0 
21922 8 0 7 0 0 0 0 0 0 0 0 0 0 0 8 0 0 0 0 0 0 0 
21931 1 0 1 0 0 0 0 0 0 0 0 0 0 0 8 0 0 0 0 0 0 0 
21946 0 0 0 0 0 0 0 0 0 0 0 0 0 0 8 0 0 0 0 0 0 0 
21967 6 0 0 0 0 0 0 0 0 0 0 0 0 0 6 0 0 0 0 0 0 0 
21982 8 0 0 0 0 0 0 0 0 0 0 0 0 0 8 0 0 0 0 0 0 0 
21997 6 0 0 0 0 0 0 0 0 0 0 0 0 0 6 0 0 0 0 0 0 0 
22012 8 0 0 0 0 0 0 0 0 0 0 0 0 0 8 0 0 0 0 0 0 0 
22027 6 0 0 0 0 0 0 0 0 0 0 0 0 0 6 0 0 0 0 0 0 0 
22042 8 0 0 0 0 0 0 0 0 0 0 0 0 0 8 0 0 0 0 0 0 0 
22057 0 0 0 0 0 0 0 0 0 0 0 0 0 0 0 0 0 0 0 0 0 0 
22535 2 0 0 0 0 0 0 0 0 0 2 0 0 0 0 0 0 0 0 0 0 0 
22550 8 0 0 0 0 0 0 0 0 0 8 0 0 0 0 0 0 0 0 0 0 0 
22565 26 0 0 0 0 0 0 0 0 0 26 0 0 0 0 0 0 0 0 0 0 0 
22580 9 0 0 0 0 0 0 0 0 0 9 0 0 0 0 0 0 0 0 0 0 0 
22595 72 0 0 0 0 0 0 0 0 0 72 0 0 0 0 0 0 0 0 0 0 0 
22606 12 0 12 0 0 0 0 0 0 0 72 0 0 0 0 0 0 0 0 0 0 0 
22610 5 0 12 0 0 0 0 0 0 0 5 0 0 0 0 0 0 0 0 0 0 0 
22621 0 0 0 0 0 0 0 0 0 0 5 0 0 0 0 0 0 0 0 0 0 0 
22625 8 0 0 0 0 0 0 0 0 0 8 0 0 0 0 0 0 0 0 0 0 0 
22640 2 0 0 0 0 0 0 0 0 0 2 0 0 0 0 0 0 0 0 0 0 0 
22655 0 0 0 0 0 0 0 0 0 0 0 0 0 0 0 0 0 0 0 0 0 0 
22698 0 6 0 0 0 0 0 6 0 0 0 0 0 0 0 0 0 0 0 0 0 0 
22713 0 4 0 0 0 0 0 4 0 0 0 0 0 0 0 0 0 0 0 0 0 0 
22728 0 16 0 0 0 0 0 16 0 0 0 0 0 0 0 0 0 0 0 0 0 0 
22743 0 2 0 0 0 0 0 2 0 0 0 0 0 0 0 0 0 0 0 0 0 0 
22758 0 0 0 0 0 0 0 0 0 0 0 0 0 0 0 0 0 0 0 0 0 0 
22773 0 8 0 0 0 0 0 8 0 0 0 0 0 0 0 0 0 0 0 0 0 0 
22803 0 11 0 0 0 0 0 11 0 0 0 0 0 0 0 0 0 0 0 0 0 0 
22818 0 2 0 0 0 0 0 2 0 0 0 0 0 0 0 0 0 0 0 0 0 0 
22833 0 14 0 0 0 0 0 14 0 0 0 0 0 0 0 0 0 0 0 0 0 0 
22848 0 4 0 0 0 0 0 4 0 0 0 0 0 0 0 0 0 0 0 0 0 0 
22863 0 5 0 0 0 0 0 5 0 0 0 0 0 0 0 0 0 0 0 0 0 0 
22878 0 6 0 0 0 0 0 6 0 0 0 0 0 0 0 0 0 0 0 0 0 0 
22893 0 0 0 0 0 0 0 0 0 0 0 0 0 0 0 0 0 0 0 0 0 0 
22908 0 4 0 0 0 0 0 4 0 0 0 0 0 0 0 0 0 0 0 0 0 0 
22923 0 3 0 0 0 0 0 3 0 0 0 0 0 0 0 0 0 0 0 0 0 0 
22938 0 16 0 0 0 0 0 16 0 0 0 0 0 0 0 0 0 0 0 0 0 0 
22953 0 4 0 0 0 0 0 4 0 0 0 0 0 0 0 0 0 0 0 0 0 0 
22968 0 3 0 0 0 0 0 3 0 0 0 0 0 0 0 0 0 0 0 0 0 0 
22983 0 0 0 0 0 0 0 0 0 0 0 0 0 0 0 0 0 0 0 0 0 0 
23086 8 0 8 0 0 0 0 0 0 0 0 0 0 0 0 0 0 0 0 0 0 0 
23131 6 0 6 0 0 0 0 0 0 0 0 0 0 0 0 0 0 0 0 0 0 0 
23146 8 0 8 0 0 0 0 0 0 0 0 0 0 0 0 0 0 0 0 0 0 0 
23161 18 0 18 0 0 0 0 0 0 0 0 0 0 0 0 0 0 0 0 0 0 0 
23191 6 0 6 0 0 0 0 0 0 0 0 0 0 0 0 0 0 0 0 0 0 0 
23206 8 0 8 0 0 0 0 0 0 0 0 0 0 0 0 0 0 0 0 0 0 0 
23251 0 0 0 0 0 0 0 0 0 0 0 0 0 0 0 0 0 0 0 0 0 0 
23288 0 2 0 0 0 0 0 0 0 0 0 0 0 0 0 0 0 2 0 0 0 0 
23303 0 3 0 0 0 0 0 0 0 0 0 0 0 0 0 0 0 3 0 0 0 0 
23318 0 4 0 0 0 0 0 0 0 0 0 0 0 0 0 0 0 4 0 0 0 0 
23363 0 3 0 0 0 0 0 0 0 0 0 0 0 0 0 0 0 3 0 0 0 0 
23378 0 4 0 0 0 0 0 0 0 0 0 0 0 0 0 0 0 4 0 0 0 0 
23388 0 12 0 0 0 0 0 12 0 0 0 0 0 0 0 0 0 4 0 0 0 0 
23403 0 3 0 0 0 0 0 3 0 0 0 0 0 0 0 0 0 4 0 0 0 0 
23418 0 4 0 0 0 0 0 4 0 0 0 0 0 0 0 0 0 4 0 0 0 0 
23423 0 3 0 0 0 0 0 4 0 0 0 0 0 0 0 0 0 3 0 0 0 0 
23438 0 14 0 0 0 0 0 4 0 0 0 0 0 0 0 0 0 14 0 0 0 0 
23453 0 4 0 0 0 0 0 4 0 0 0 0 0 0 0 0 0 4 0 0 0 0 
23463 0 3 0 0 0 0 0 3 0 0 0 0 0 0 0 0 0 4 0 0 0 0 
23478 0 4 0 0 0 0 0 4 0 0 0 0 0 0 0 0 0 4 0 0 0 0 
23483 0 3 0 0 0 0 0 4 0 0 0 0 0 0 0 0 0 3 0 0 0 0 
23498 0 4 0 0 0 0 0 4 0 0 0 0 0 0 0 0 0 4 0 0 0 0 
23508 0 0 0 0 0 0 0 0 0 0 0 0 0 0 0 0 0 4 0 0 0 0 
23528 0 15 0 0 0 0 0 0 0 0 0 0 0 0 0 0 0 15 0 0 0 0 
23543 0 3 0 0 0 0 0 0 0 0 0 0 0 0 0 0 0 3 0 0 0 0 
23558 0 2 0 0 0 0 0 0 0 0 0 0 0 0 0 0 0 2 0 0 0 0 
23573 0 0 0 0 0 0 0 0 0 0 0 0 0 0 0 0 0 0 0 0 0 0 
23860 0 1 0 0 0 0 0 0 0 0 0 0 0 0 0 0 0 0 0 0 0 1 
23875 0 3 0 0 0 0 0 0 0 0 0 0 0 0 0 0 0 0 0 0 0 3 
23890 0 -2 0 0 0 0 0 0 0 0 0 0 0 0 0 0 0 0 0 0 0 -2 
23905 0 0 0 0 0 0 0 0 0 0 0 0 0 0 0 0 0 0 0 0 0 0 
24474 4 0 0 0 0 0 0 0 0 0 0 0 0 0 0 0 0 0 4 0 0 0 
24504 7 0 0 0 0 0 0 0 0 0 0 0 0 0 0 0 0 0 7 0 0 0 
24519 1 0 0 0 0 0 0 0 0 0 0 0 0 0 0 0 0 0 1 0 0 0 
24534 0 0 0 0 0 0 0 0 0 0 0 0 0 0 0 0 0 0 0 0 0 0 
24850 0 3 0 0 0 0 0 0 0 0 0 0 0 0 0 0 0 0 0 0 0 3 
24865 0 4 0 0 0 0 0 0 0 0 0 0 0 0 0 0 0 0 0 0 0 4 
24895 0 3 0 0 0 0 0 0 0 0 0 0 0 0 0 0 0 0 0 0 0 3 
24910 0 4 0 0 0 0 0 0 0 0 0 0 0 0 0 0 0 0 0 0 0 4 
24955 0 3 0 0 0 0 0 0 0 0 0 0 0 0 0 0 0 0 0 0 0 3 
24970 0 23 0 0 0 0 0 0 0 0 0 0 0 0 0 0 0 0 0 0 0 23 
24985 0 4 0 0 0 0 0 0 0 0 0 0 0 0 0 0 0 0 0 0 0 4 
25015 0 3 0 0 0 0 0 0 0 0 0 0 0 0 0 0 0 0 0 0 0 3 
25030 0 0 0 0 0 0 0 0 0 0 0 0 0 0 0 0 0 0 0 0 0 0 
25083 0 3 0 0 0 0 0 3 0 0 0 0 0 0 0 0 0 0 0 0 0 0 
25098 0 4 0 0 0 0 0 4 0 0 0 0 0 0 0 0 0 0 0 0 0 0 
25113 0 51 0 0 0 0 0 51 0 0 0 0 0 0 0 0 0 0 0 0 0 0 
25128 0 4 0 0 0 0 0 4 0 0 0 0 0 0 0 0 0 0 0 0 0 0 
25143 0 2 0 0 0 0 0 2 0 0 0 0 0 0 0 0 0 0 0 0 0 0 
25158 0 0 0 0 0 0 0 0 0 0 0 0 0 0 0 0 0 0 0 0 0 0 
25479 5 0 0 0 0 0 0 0 0 0 0 0 0 0 0 0 0 0 5 0 0 0 
25494 8 0 0 0 0 0 0 0 0 0 0 0 0 0 0 0 0 0 8 0 0 0 
25509 7 0 0 0 0 0 0 0 0 0 0 0 0 0 0 0 0 0 7 0 0 0 
25524 5 0 0 0 0 0 0 0 0 0 0 0 0 0 0 0 0 0 5 0 0 0 
25539 27 0 0 0 0 0 0 0 0 0 0 0 0 0 0 0 0 0 27 0 0 0 
25546 1 0 1 0 0 0 0 0 0 0 0 0 0 0 0 0 0 0 27 0 0 0 
25547 0 4 1 0 0 4 0 0 0 0 0 0 0 0 0 0 0 0 27 0 0 0 
25554 6 0 1 0 0 4 0 0 0 0 0 0 0 0 0 0 0 0 6 0 0 0 
25561 0 0 0 0 0 4 0 0 0 0 0 0 0 0 0 0 0 0 6 0 0 0 
25569 8 0 0 0 0 4 0 0 0 0 0 0 0 0 0 0 0 0 8 0 0 0 
25584 2 0 0 0 0 4 0 0 0 0 0 0 0 0 0 0 0 0 2 0 0 0 
25592 0 14 0 0 0 14 0 0 0 0 0 0 0 0 0 0 0 0 2 0 0 0 
25599 0 0 0 0 0 14 0 0 0 0 0 0 0 0 0 0 0 0 0 0 0 0 
25607 0 3 0 0 0 3 0 0 0 0 0 0 0 0 0 0 0 0 0 0 0 0 
25622 0 4 0 0 0 4 0 0 0 0 0 0 0 0 0 0 0 0 0 0 0 0 
25667 0 3 0 0 0 3 0 0 0 0 0 0 0 0 0 0 0 0 0 0 0 0 
25682 0 4 0 0 0 4 0 0 0 0 0 0 0 0 0 0 0 0 0 0 0 0 
25727 0 14 0 0 0 14 0 0 0 0 0 0 0 0 0 0 0 0 0 0 0 0 
25742 0 3 0 0 0 3 0 0 0 0 0 0 0 0 0 0 0 0 0 0 0 0 
25757 0 0 0 0 0 0 0 0 0 0 0 0 0 0 0 0 0 0 0 0 0 0 
26917 0 3 0 0 0 0 0 0 0 0 0 0 0 0 0 3 0 0 0 0 0 0 
26932 0 10 0 0 0 0 0 0 0 0 0 0 0 0 0 10 0 0 0 0 0 0 
26947 0 5 0 0 0 0 0 0 0 0 0 0 0 0 0 5 0 0 0 0 0 0 
26962 0 10 0 0 0 0 0 0 0 0 0 0 0 0 0 10 0 0 0 0 0 0 
26977 0 -13 0 0 0 0 0 0 0 0 0 0 0 0 0 -13 0 0 0 0 0 0 
26992 0 -14 0 0 0 0 0 0 0 0 0 0 0 0 0 -14 0 0 0 0 0 0 
