# ValueCount deltaRailVehicles
10 0 0 0 0 0 0 0 0 0 0 0 0 0 0 0 0 0 0 0 0 0 0 
456 1 1 1 0 1 0 1 0 1 0 1 0 1 1 1 0 1 0 1 0 1 0 
471 2 0 2 0 2 0 2 0 2 0 2 0 2 0 2 0 2 0 2 0 2 0 
813 3 1 3 0 3 0 3 1 3 0 3 0 3 0 3 0 3 0 3 0 3 0 
828 4 0 4 0 4 0 4 0 4 0 4 0 4 0 4 0 4 0 4 0 4 0 
858 5 3 5 0 5 0 5 3 5 0 5 0 5 0 5 0 5 0 5 0 5 0 
873 6 0 6 0 6 0 6 0 6 0 6 0 6 0 6 0 6 0 6 0 6 0 
1029 7 1 7 0 7 0 7 0 7 0 7 0 7 0 7 0 7 0 7 1 7 0 
1044 8 0 8 0 8 0 8 0 8 0 8 0 8 0 8 0 8 0 8 0 8 0 
1141 9 1 9 1 9 0 9 0 9 0 9 0 9 0 9 0 9 0 9 0 9 0 
1156 10 0 10 0 10 0 10 0 10 0 10 0 10 0 10 0 10 0 10 0 10 0 
1186 11 1 11 1 11 0 11 0 11 0 11 0 11 0 11 0 11 0 11 0 11 0 
1201 12 0 12 0 12 0 12 0 12 0 12 0 12 0 12 0 12 0 12 0 12 0 
1294 13 1 13 0 13 0 13 0 13 1 13 0 13 0 13 0 13 0 13 0 13 0 
1309 14 0 14 0 14 0 14 0 14 0 14 0 14 0 14 0 14 0 14 0 14 0 
1339 15 3 15 0 15 0 15 0 15 3 15 0 15 0 15 0 15 0 15 0 15 0 
1354 16 0 16 0 16 0 16 0 16 0 16 0 16 0 16 0 16 0 16 0 16 0 
5541 17 1 17 0 17 0 17 0 17 0 17 0 17 1 17 0 17 0 17 0 17 0 
5556 18 0 18 0 18 0 18 0 18 0 18 0 18 0 18 0 18 0 18 0 18 0 
8299 19 1 19 0 19 0 19 0 19 1 19 0 19 0 19 0 19 0 19 0 19 0 
8314 20 0 20 0 20 0 20 0 20 0 20 0 20 0 20 0 20 0 20 0 20 0 
8329 21 1 21 0 21 0 21 0 21 1 21 0 21 0 21 0 21 0 21 0 21 0 
8359 22 0 22 0 22 0 22 0 22 0 22 0 22 0 22 0 22 0 22 0 22 0 
11301 23 1 23 0 23 0 23 0 23 0 23 0 23 1 23 0 23 0 23 0 23 0 
11316 24 0 24 0 24 0 24 0 24 0 24 0 24 0 24 0 24 0 24 0 24 0 
11318 25 1 25 0 25 0 25 0 25 0 25 0 25 0 25 0 25 1 25 0 25 0 
11333 26 0 26 0 26 0 26 0 26 0 26 0 26 0 26 0 26 0 26 0 26 0 
11346 27 2 27 0 27 0 27 0 27 0 27 0 27 2 27 0 27 0 27 0 27 0 
11361 28 0 28 0 28 0 28 0 28 0 28 0 28 0 28 0 28 0 28 0 28 0 
11363 29 1 29 0 29 0 29 0 29 0 29 0 29 0 29 0 29 1 29 0 29 0 
11378 30 0 30 0 30 0 30 0 30 0 30 0 30 0 30 0 30 0 30 0 30 0 
15496 31 1 31 1 31 0 31 0 31 0 31 0 31 0 31 0 31 0 31 0 31 0 
15511 32 0 32 0 32 0 32 0 32 0 32 0 32 0 32 0 32 0 32 0 32 0 
15541 33 3 33 3 33 0 33 0 33 0 33 0 33 0 33 0 33 0 33 0 33 0 
15556 34 0 34 0 34 0 34 0 34 0 34 0 34 0 34 0 34 0 34 0 34 0 
18171 35 1 35 0 35 0 35 0 35 0 35 0 35 1 35 0 35 0 35 0 35 0 
18186 36 0 36 0 36 0 36 0 36 0 36 0 36 0 36 0 36 0 36 0 36 0 
18201 37 1 37 0 37 0 37 0 37 0 37 0 37 1 37 0 37 0 37 0 37 0 
18216 38 2 38 0 38 0 38 0 38 0 38 0 38 2 38 0 38 0 38 0 38 0 
18231 39 0 39 0 39 0 39 0 39 0 39 0 39 0 39 0 39 0 39 0 39 0 
19360 40 1 40 0 40 0 40 0 40 0 40 0 40 0 40 0 40 0 40 0 40 1 
19375 41 0 41 0 41 0 41 0 41 0 41 0 41 0 41 0 41 0 41 0 41 0 
19390 42 1 42 0 42 0 42 0 42 0 42 0 42 0 42 0 42 0 42 0 42 1 
19405 43 3 43 0 43 0 43 0 43 0 43 0 43 0 43 0 43 0 43 0 43 3 
19420 44 0 44 0 44 0 44 0 44 0 44 0 44 0 44 0 44 0 44 0 44 0 
21428 45 1 45 0 45 0 45 0 45 0 45 0 45 0 45 0 45 1 45 0 45 0 
21443 46 0 46 0 46 0 46 0 46 0 46 0 46 0 46 0 46 0 46 0 46 0 
21458 47 1 47 0 47 0 47 0 47 0 47 0 47 0 47 0 47 1 47 0 47 0 
21488 48 0.5 48 1 48 0 48 0 48 0 48 0 48 0 48 0 48 0 48 0 48 0 
21496 49 0 49 0 49 0 49 0 49 0 49 0 49 0 49 0 49 0 49 0 49 0 
21526 50 3 50 3 50 0 50 0 50 0 50 0 50 0 50 0 50 0 50 0 50 0 
21541 51 0 51 0 51 0 51 0 51 0 51 0 51 0 51 0 51 0 51 0 51 0 
24202 52 1 52 0 52 0 52 0 52 0 52 0 52 0 52 1 52 0 52 0 52 0 
24217 53 0 53 0 53 0 53 0 53 0 53 0 53 0 53 0 53 0 53 0 53 0 
24247 54 3 54 0 54 0 54 0 54 0 54 0 54 0 54 3 54 0 54 0 54 0 
24262 55 0 55 0 55 0 55 0 55 0 55 0 55 0 55 0 55 0 55 0 55 0 
24377 56 1 56 0 56 1 56 0 56 0 56 0 56 0 56 0 56 0 56 0 56 0 
24392 57 0 57 0 57 0 57 0 57 0 57 0 57 0 57 0 57 0 57 0 57 0 
24407 58 1 58 0 58 1 58 0 58 0 58 0 58 0 58 0 58 0 58 0 58 0 
24422 59 2 59 0 59 2 59 0 59 0 59 0 59 0 59 0 59 0 59 0 59 0 
24437 60 0 60 0 60 0 60 0 60 0 60 0 60 0 60 0 60 0 60 0 60 0 
