# deltaRoads deltaRailways
10 0 0 0 0 0 0 0 0 0 0 0 0 0 0 0 0 0 0 0 0 0 0 
121 6 0 6 0 0 0 0 0 0 0 0 0 0 0 0 0 0 0 0 0 0 0 
123 0 8 6 0 0 0 0 8 0 0 0 0 0 0 0 0 0 0 0 0 0 0 
124 2 0 6 0 0 0 0 8 2 0 0 0 0 0 0 0 0 0 0 0 0 0 
126 7 0 6 0 0 0 0 8 2 0 0 0 7 0 0 0 0 0 0 0 0 0 
127 2 0 6 0 0 0 0 8 2 0 0 0 7 0 2 0 0 0 0 0 0 0 
128 0 9 6 0 0 0 0 8 2 0 0 0 7 0 2 0 0 9 0 0 0 0 
129 0 8 6 0 0 0 0 8 2 0 0 0 7 0 2 0 0 9 0 8 0 0 
137 0 6 6 0 0 6 0 8 2 0 0 0 7 0 2 0 0 9 0 8 0 0 
139 5 0 6 0 0 6 0 8 5 0 0 0 7 0 2 0 0 9 0 8 0 0 
141 5.5 0 6 0 0 6 0 8 5 0 5 0 6 0 2 0 0 9 0 8 0 0 
142 6 0 6 0 0 6 0 8 5 0 5 0 6 0 6 0 0 9 0 8 0 0 
143 0 7 6 0 0 6 0 8 5 0 5 0 6 0 6 0 0 7 0 8 0 0 
144 0 9 6 0 0 6 0 8 5 0 5 0 6 0 6 0 0 7 0 9 0 0 
145 7 0 6 0 0 6 0 8 5 0 5 0 6 0 6 0 0 7 0 9 7 0 
151 4 0 4 0 0 6 0 8 5 0 5 0 6 0 6 0 0 7 0 9 7 0 
152 0 4 4 0 0 4 0 8 5 0 5 0 6 0 6 0 0 7 0 9 7 0 
153 0 12 4 0 0 4 0 12 5 0 5 0 6 0 6 0 0 7 0 9 7 0 
155 2 0 4 0 0 4 0 12 5 0 2 0 6 0 6 0 0 7 0 9 7 0 
156 4 0 4 0 0 4 0 12 5 0 2 0 4 0 6 0 0 7 0 9 7 0 
158 2 6 4 0 0 4 0 12 5 0 2 0 4 0 4 0 0 12 0 9 7 0 
159 0 11 4 0 0 4 0 12 5 0 2 0 4 0 4 0 0 12 0 11 7 0 
160 0 0 4 0 0 4 0 12 5 0 2 0 4 0 4 0 0 12 0 11 0 0 
167 0 5.5 0 0 0 11 0 12 5 0 2 0 4 0 4 0 0 12 0 11 0 0 
168 0 7 0 0 0 11 0 7 5 0 2 0 4 0 4 0 0 12 0 11 0 0 
169 4 0 0 0 0 11 0 7 4 0 2 0 4 0 4 0 0 12 0 11 0 0 
170 3 0 0 0 0 11 0 7 4 0 3 0 4 0 4 0 0 12 0 11 0 0 
171 0 0 0 0 0 11 0 7 4 0 3 0 0 0 4 0 0 12 0 11 0 0 
172 2 0 0 0 0 11 0 7 4 0 3 0 0 0 2 0 0 12 0 11 0 0 
173 0 7 0 0 0 11 0 7 4 0 3 0 0 0 2 0 0 7 0 11 0 0 
183 0 5.66667 0 0 0 7 0 3 4 0 3 0 0 0 2 0 0 7 0 7 0 0 
184 0 0 0 0 0 7 0 3 0 0 3 0 0 0 2 0 0 7 0 7 0 0 
188 0 2 0 0 0 7 0 3 0 0 0 0 0 0 0 0 0 6 0 7 0 0 
189 0 4 0 0 0 7 0 3 0 0 0 0 0 0 0 0 0 6 0 4 0 0 
197 0 0 0 0 0 0 0 3 0 0 0 0 0 0 0 0 0 6 0 4 0 0 
198 0 16 0 0 0 0 0 16 0 0 0 0 0 0 0 0 0 6 0 4 0 0 
203 0 13 0 0 0 0 0 16 0 0 0 0 0 0 0 0 0 13 0 4 0 0 
204 0 16 0 0 0 0 0 16 0 0 0 0 0 0 0 0 0 13 0 16 0 0 
212 0 8 0 0 0 8 0 16 0 0 0 0 0 0 0 0 0 13 0 16 0 0 
213 0 2 0 0 0 8 0 2 0 0 0 0 0 0 0 0 0 13 0 16 0 0 
227 0 3 0 0 0 5 0 2 0 0 0 0 0 0 0 0 0 2 0 2 0 0 
228 0 4 0 0 0 5 0 4 0 0 0 0 0 0 0 0 0 2 0 2 0 0 
234 0 3.5 0 0 0 5 0 4 0 0 0 0 0 0 0 0 0 4 0 3 0 0 
242 0 14 0 0 0 14 0 4 0 0 0 0 0 0 0 0 0 4 0 3 0 0 
243 0 3 0 0 0 14 0 3 0 0 0 0 0 0 0 0 0 4 0 3 0 0 
249 0 4 0 0 0 14 0 3 0 0 0 0 0 0 0 0 0 4 0 4 0 0 
257 0 2 0 0 0 2 0 3 0 0 0 0 0 0 0 0 0 4 0 4 0 0 
258 0 6 0 0 0 2 0 6 0 0 0 0 0 0 0 0 0 4 0 4 0 0 
263 0 5 0 0 0 2 0 6 0 0 0 0 0 0 0 0 0 5 0 4 0 0 
264 0 6 0 0 0 2 0 6 0 0 0 0 0 0 0 0 0 5 0 6 0 0 
272 0 4 0 0 0 4 0 6 0 0 0 0 0 0 0 0 0 5 0 6 0 0 
279 0 3.66667 0 0 0 4 0 4 0 0 0 0 0 0 0 0 0 4 0 3 0 0 
287 0 3 0 0 0 3 0 4 0 0 0 0 0 0 0 0 0 4 0 3 0 0 
294 0 3.33333 0 0 0 3 0 3 0 0 0 0 0 0 0 0 0 3 0 4 0 0 
302 0 6 0 0 0 6 0 3 0 0 0 0 0 0 0 0 0 3 0 4 0 0 
303 0 2 0 0 0 6 0 2 0 0 0 0 0 0 0 0 0 3 0 4 0 0 
318 0 3 0 0 0 6 0 4 0 0 0 0 0 0 0 0 0 3 0 2 0 0 
324 0 4 0 0 0 6 0 4 0 0 0 0 0 0 0 0 0 3 0 4 0 0 
332 0 0 0 0 0 0 0 4 0 0 0 0 0 0 0 0 0 3 0 4 0 0 
333 0 6 0 0 0 0 0 6 0 0 0 0 0 0 0 0 0 3 0 4 0 0 
339 0 4.5 0 0 0 0 0 6 0 0 0 0 0 0 0 0 0 6 0 3 0 0 
347 0 3 0 0 0 3 0 6 0 0 0 0 0 0 0 0 0 6 0 3 0 0 
348 0 4 0 0 0 3 0 4 0 0 0 0 0 0 0 0 0 6 0 3 0 0 
354 0 5 0 0 0 3 0 4 0 0 0 0 0 0 0 0 0 4 0 6 0 0 
362 0 4 0 0 0 4 0 4 0 0 0 0 0 0 0 0 0 4 0 6 0 0 
369 0 5 0 0 0 4 0 4 0 0 0 0 0 0 0 0 0 4 0 5 0 0 
377 0 6 0 0 0 6 0 4 0 0 0 0 0 0 0 0 0 4 0 5 0 0 
378 0 0 0 0 0 6 0 0 0 0 0 0 0 0 0 0 0 4 0 5 0 0 
392 0 1.33333 0 0 0 4 0 0 0 0 0 0 0 0 0 0 0 0 0 0 0 0 
407 0 3 0 0 0 3 0 0 0 0 0 0 0 0 0 0 0 0 0 0 0 0 
422 0 0 0 0 0 0 0 0 0 0 0 0 0 0 0 0 0 0 0 0 0 0 
467 0 3 0 0 0 3 0 0 0 0 0 0 0 0 0 0 0 0 0 0 0 0 
481 2 0 2 0 0 3 0 0 0 0 0 0 0 0 0 0 0 0 0 0 0 0 
482 0 4 2 0 0 4 0 0 0 0 0 0 0 0 0 0 0 0 0 0 0 0 
496 8 0 8 0 0 4 0 0 0 0 0 0 0 0 0 0 0 0 0 0 0 0 
511 6 0 6 0 0 4 0 0 0 0 0 0 0 0 0 0 0 0 0 0 0 0 
518 0 1 6 0 0 4 0 0 0 0 0 0 0 0 0 0 0 1 0 0 0 0 
526 9 0 9 0 0 4 0 0 0 0 0 0 0 0 0 0 0 1 0 0 0 0 
527 0 3 9 0 0 3 0 0 0 0 0 0 0 0 0 0 0 1 0 0 0 0 
533 0 4 9 0 0 3 0 0 0 0 0 0 0 0 0 0 0 4 0 0 0 0 
541 8 0 8 0 0 3 0 0 0 0 0 0 0 0 0 0 0 4 0 0 0 0 
542 0 4 8 0 0 4 0 0 0 0 0 0 0 0 0 0 0 4 0 0 0 0 
557 0 1 8 0 0 1 0 0 0 0 0 0 0 0 0 0 0 4 0 0 0 0 
563 0 3 8 0 0 1 0 0 0 0 0 0 0 0 0 0 0 3 0 0 0 0 
565 0 7 8 0 0 1 0 0 0 0 0 0 0 0 0 0 0 3 0 0 0 7 
571 6 0 6 0 0 1 0 0 0 0 0 0 0 0 0 0 0 3 0 0 0 7 
572 0 0 6 0 0 0 0 0 0 0 0 0 0 0 0 0 0 3 0 0 0 7 
573 0 3 6 0 0 0 0 3 0 0 0 0 0 0 0 0 0 3 0 0 0 7 
578 0 1 6 0 0 0 0 3 0 0 0 0 0 0 0 0 0 1 0 0 0 7 
580 0 6 6 0 0 0 0 3 0 0 0 0 0 0 0 0 0 1 0 0 0 6 
586 8 0 8 0 0 0 0 3 0 0 0 0 0 0 0 0 0 1 0 0 0 6 
588 0 4 8 0 0 0 0 4 0 0 0 0 0 0 0 0 0 1 0 0 0 6 
593 0 0 8 0 0 0 0 4 0 0 0 0 0 0 0 0 0 0 0 0 0 6 
595 0 13 8 0 0 0 0 4 0 0 0 0 0 0 0 0 0 0 0 0 0 13 
603 0 3 8 0 0 0 0 3 0 0 0 0 0 0 0 0 0 0 0 0 0 13 
610 0 2.5 8 0 0 0 0 3 0 0 0 0 0 0 0 0 0 3 0 0 0 2 
616 4 0 4 0 0 0 0 3 0 0 0 0 0 0 0 0 0 3 0 0 0 2 
618 0 4 4 0 0 0 0 4 0 0 0 0 0 0 0 0 0 3 0 0 0 2 
625 0 9 4 0 0 0 0 4 0 0 0 0 0 0 0 0 0 3 0 0 0 9 
631 0 0 0 0 0 0 0 4 0 0 0 0 0 0 0 0 0 3 0 0 0 9 
638 0 4 0 0 0 0 0 4 0 0 0 0 0 0 0 0 0 4 0 0 0 9 
640 0 12 0 0 0 0 0 4 0 0 0 0 0 0 0 0 0 4 0 0 0 12 
655 0 7 0 0 0 0 0 4 0 0 0 0 0 0 0 0 0 4 0 0 0 7 
663 0 0 0 0 0 0 0 0 0 0 0 0 0 0 0 0 0 4 0 0 0 7 
668 0 2 0 0 0 0 0 0 0 0 0 0 0 0 0 0 0 2 0 0 0 7 
683 0 1 0 0 0 0 0 0 0 0 0 0 0 0 0 0 0 0 0 0 0 2 
685 0 4 0 0 0 0 0 0 0 0 0 0 0 0 0 0 0 0 0 0 0 4 
700 0 6 0 0 0 0 0 0 0 0 0 0 0 0 0 0 0 0 0 0 0 6 
715 0 3 0 0 0 0 0 0 0 0 0 0 0 0 0 0 0 0 0 0 0 3 
730 0 5 0 0 0 0 0 0 0 0 0 0 0 0 0 0 0 0 0 0 0 5 
745 0 1 0 0 0 0 0 0 0 0 0 0 0 0 0 0 0 0 0 0 0 1 
752 0 4 0 0 0 4 0 0 0 0 0 0 0 0 0 0 0 0 0 0 0 1 
767 0 3.5 0 0 0 3 0 0 0 0 0 0 0 0 0 0 0 0 0 0 0 4 
775 0 3 0 0 0 3 0 0 0 0 0 0 0 0 0 0 0 0 0 0 0 3 
782 0 4 0 0 0 4 0 0 0 0 0 0 0 0 0 0 0 0 0 0 0 3 
790 0 6 0 0 0 4 0 0 0 0 0 0 0 0 0 0 0 0 0 0 0 6 
804 0 3 0 0 0 4 0 0 0 0 0 0 0 0 0 0 0 0 0 3 0 6 
820 0 0 0 0 0 4 0 0 0 0 0 0 0 0 0 0 0 0 0 3 0 0 
827 0 3 0 0 0 3 0 0 0 0 0 0 0 0 0 0 0 0 0 3 0 0 
834 0 3.5 0 0 0 3 0 0 0 0 0 0 0 0 0 0 0 3 0 4 0 0 
842 0 5 0 0 0 5 0 0 0 0 0 0 0 0 0 0 0 3 0 4 0 0 
857 0 3.66667 0 0 0 1 0 0 0 0 0 0 0 0 0 0 0 5 0 4 0 5 
863 0 3 0 0 0 1 0 0 0 0 0 0 0 0 0 0 0 3 0 4 0 5 
865 0 4 0 0 0 1 0 0 0 0 0 0 0 0 0 0 0 3 0 4 0 4 
872 0 0 0 0 0 0 0 0 0 0 0 0 0 0 0 0 0 3 0 4 0 4 
878 0 4 0 0 0 0 0 0 0 0 0 0 0 0 0 0 0 4 0 4 0 4 
879 0 3 0 0 0 0 0 0 0 0 0 0 0 0 0 0 0 4 0 3 0 4 
894 0 1.5 0 0 0 0 0 0 0 0 0 0 0 0 0 0 0 3 0 0 0 4 
895 0 3 0 0 0 0 0 0 0 0 0 0 0 0 0 0 0 3 0 0 0 3 
908 0 0 0 0 0 0 0 0 0 0 0 0 0 0 0 0 0 0 0 0 0 3 
1030 0 2 0 0 0 0 0 0 0 0 0 0 0 0 0 0 0 0 0 0 0 2 
1045 0 4 0 0 0 0 0 0 0 0 0 0 0 0 0 0 0 0 0 0 0 4 
1059 0 1 0 0 0 0 0 0 0 0 0 0 0 0 0 0 0 0 0 1 0 4 
1074 0 4 0 0 0 0 0 0 0 0 0 0 0 0 0 0 0 0 0 4 0 4 
1075 0 3 0 0 0 0 0 0 0 0 0 0 0 0 0 0 0 0 0 4 0 3 
1105 0 0 0 0 0 0 0 0 0 0 0 0 0 0 0 0 0 0 0 4 0 0 
1119 0 3 0 0 0 0 0 0 0 0 0 0 0 0 0 0 0 0 0 3 0 0 
1134 0 4 0 0 0 0 0 0 0 0 0 0 0 0 0 0 0 0 0 4 0 0 
1149 0 3 0 0 0 0 0 0 0 0 0 0 0 0 0 0 0 0 0 3 0 0 
1158 0 4 0 0 0 0 0 4 0 0 0 0 0 0 0 0 0 0 0 3 0 0 
1164 0 0 0 0 0 0 0 4 0 0 0 0 0 0 0 0 0 0 0 0 0 0 
1172 0 3 0 0 0 3 0 4 0 0 0 0 0 0 0 0 0 0 0 0 0 0 
1202 0 4 0 0 0 4 0 4 0 0 0 0 0 0 0 0 0 0 0 0 0 0 
1203 0 3 0 0 0 4 0 3 0 0 0 0 0 0 0 0 0 0 0 0 0 0 
1218 0 4 0 0 0 4 0 4 0 0 0 0 0 0 0 0 0 0 0 0 0 0 
1232 0 5 0 0 0 5 0 4 0 0 0 0 0 0 0 0 0 0 0 0 0 0 
1247 0 3 0 0 0 3 0 4 0 0 0 0 0 0 0 0 0 0 0 0 0 0 
1262 0 4 0 0 0 4 0 4 0 0 0 0 0 0 0 0 0 0 0 0 0 0 
1263 0 1 0 0 0 4 0 1 0 0 0 0 0 0 0 0 0 0 0 0 0 0 
1278 0 0.5 0 0 0 1 0 0 0 0 0 0 0 0 0 0 0 0 0 0 0 0 
1292 0 0 0 0 0 0 0 0 0 0 0 0 0 0 0 0 0 0 0 0 0 0 
1330 0 5 0 0 0 0 0 0 0 0 0 0 0 0 0 0 0 0 0 0 0 5 
1345 0 4 0 0 0 0 0 0 0 0 0 0 0 0 0 0 0 0 0 0 0 4 
1375 0 18 0 0 0 0 0 0 0 0 0 0 0 0 0 0 0 0 0 0 0 18 
1390 0 1 0 0 0 0 0 0 0 0 0 0 0 0 0 0 0 0 0 0 0 1 
1405 0 0 0 0 0 0 0 0 0 0 0 0 0 0 0 0 0 0 0 0 0 0 
1509 0 2 0 0 0 0 0 0 0 0 0 0 0 0 0 0 0 0 0 2 0 0 
1524 0 4 0 0 0 0 0 0 0 0 0 0 0 0 0 0 0 0 0 4 0 0 
1539 0 3 0 0 0 0 0 0 0 0 0 0 0 0 0 0 0 0 0 3 0 0 
1554 0 4 0 0 0 0 0 0 0 0 0 0 0 0 0 0 0 0 0 4 0 0 
1599 0 3 0 0 0 0 0 0 0 0 0 0 0 0 0 0 0 0 0 3 0 0 
1614 0 0 0 0 0 0 0 0 0 0 0 0 0 0 0 0 0 0 0 0 0 0 
1629 0 1 0 0 0 0 0 0 0 0 0 0 0 0 0 0 0 0 0 1 0 0 
1644 0 3 0 0 0 0 0 0 0 0 0 0 0 0 0 0 0 0 0 3 0 0 
1659 0 0 0 0 0 0 0 0 0 0 0 0 0 0 0 0 0 0 0 0 0 0 
1713 0 1 0 0 0 0 0 1 0 0 0 0 0 0 0 0 0 0 0 0 0 0 
1728 0 4 0 0 0 0 0 4 0 0 0 0 0 0 0 0 0 0 0 0 0 0 
1743 0 3 0 0 0 0 0 3 0 0 0 0 0 0 0 0 0 0 0 0 0 0 
1758 0 4 0 0 0 0 0 4 0 0 0 0 0 0 0 0 0 0 0 0 0 0 
1803 0 -3 0 0 0 0 0 -3 0 0 0 0 0 0 0 0 0 0 0 0 0 0 
1818 0 0 0 0 0 0 0 0 0 0 0 0 0 0 0 0 0 0 0 0 0 0 
1865 3 0 0 0 0 0 0 0 0 0 3 0 0 0 0 0 0 0 0 0 0 0 
1880 8 0 0 0 0 0 0 0 0 0 8 0 0 0 0 0 0 0 0 0 0 0 
1895 6 0 0 0 0 0 0 0 0 0 6 0 0 0 0 0 0 0 0 0 0 0 
1910 10 0 0 0 0 0 0 0 0 0 10 0 0 0 0 0 0 0 0 0 0 0 
1925 8 0 0 0 0 0 0 0 0 0 8 0 0 0 0 0 0 0 0 0 0 0 
1940 9 0 0 0 0 0 0 0 0 0 9 0 0 0 0 0 0 0 0 0 0 0 
1955 4 0 0 0 0 0 0 0 0 0 4 0 0 0 0 0 0 0 0 0 0 0 
1970 53 0 0 0 0 0 0 0 0 0 53 0 0 0 0 0 0 0 0 0 0 0 
1985 9 0 0 0 0 0 0 0 0 0 9 0 0 0 0 0 0 0 0 0 0 0 
2000 8 0 0 0 0 0 0 0 0 0 8 0 0 0 0 0 0 0 0 0 0 0 
2015 4 0 0 0 0 0 0 0 0 0 4 0 0 0 0 0 0 0 0 0 0 0 
2030 8 0 0 0 0 0 0 0 0 0 8 0 0 0 0 0 0 0 0 0 0 0 
2045 7 0 0 0 0 0 0 0 0 0 7 0 0 0 0 0 0 0 0 0 0 0 
2060 4 0 0 0 0 0 0 0 0 0 4 0 0 0 0 0 0 0 0 0 0 0 
2075 0 0 0 0 0 0 0 0 0 0 0 0 0 0 0 0 0 0 0 0 0 0 
3022 4 0 0 0 0 0 0 0 0 0 0 0 0 0 4 0 0 0 0 0 0 0 
3037 8 0 0 0 0 0 0 0 0 0 0 0 0 0 8 0 0 0 0 0 0 0 
3067 6 0 0 0 0 0 0 0 0 0 0 0 0 0 6 0 0 0 0 0 0 0 
3082 8 0 0 0 0 0 0 0 0 0 0 0 0 0 8 0 0 0 0 0 0 0 
3097 10 0 0 0 0 0 0 0 0 0 0 0 0 0 10 0 0 0 0 0 0 0 
3112 7 0 0 0 0 0 0 0 0 0 0 0 0 0 7 0 0 0 0 0 0 0 
3157 8 0 0 0 0 0 0 0 0 0 0 0 0 0 8 0 0 0 0 0 0 0 
3187 6 0 0 0 0 0 0 0 0 0 0 0 0 0 6 0 0 0 0 0 0 0 
3202 8 0 0 0 0 0 0 0 0 0 0 0 0 0 8 0 0 0 0 0 0 0 
3247 6 0 0 0 0 0 0 0 0 0 0 0 0 0 6 0 0 0 0 0 0 0 
3262 8 0 0 0 0 0 0 0 0 0 0 0 0 0 8 0 0 0 0 0 0 0 
3307 7 0 0 0 0 0 0 0 0 0 0 0 0 0 7 0 0 0 0 0 0 0 
3322 6 0 0 0 0 0 0 0 0 0 0 0 0 0 6 0 0 0 0 0 0 0 
3337 0 0 0 0 0 0 0 0 0 0 0 0 0 0 0 0 0 0 0 0 0 0 
4385 1 0 0 0 0 0 0 0 0 0 1 0 0 0 0 0 0 0 0 0 0 0 
4400 0 0 0 0 0 0 0 0 0 0 0 0 0 0 0 0 0 0 0 0 0 0 
5491 2 0 2 0 0 0 0 0 0 0 0 0 0 0 0 0 0 0 0 0 0 0 
5506 6 0 6 0 0 0 0 0 0 0 0 0 0 0 0 0 0 0 0 0 0 0 
5536 2 0 2 0 0 0 0 0 0 0 0 0 0 0 0 0 0 0 0 0 0 0 
5551 0 0 0 0 0 0 0 0 0 0 0 0 0 0 0 0 0 0 0 0 0 0 
5768 2 0 0 0 0 0 0 0 0 0 0 0 0 0 0 0 2 0 0 0 0 0 
5783 6 0 0 0 0 0 0 0 0 0 0 0 0 0 0 0 6 0 0 0 0 0 
5798 5 0 0 0 0 0 0 0 0 0 0 0 0 0 0 0 5 0 0 0 0 0 
5813 4 0 0 0 0 0 0 0 0 0 0 0 0 0 0 0 4 0 0 0 0 0 
5826 2 0 0 0 0 0 0 0 0 0 0 0 2 0 0 0 4 0 0 0 0 0 
5828 0 0 0 0 0 0 0 0 0 0 0 0 2 0 0 0 0 0 0 0 0 0 
5841 9 0 0 0 0 0 0 0 0 0 0 0 9 0 0 0 0 0 0 0 0 0 
5856 8 0 0 0 0 0 0 0 0 0 0 0 8 0 0 0 0 0 0 0 0 0 
5871 6 0 0 0 0 0 0 0 0 0 0 0 6 0 0 0 0 0 0 0 0 0 
5886 8 0 0 0 0 0 0 0 0 0 0 0 8 0 0 0 0 0 0 0 0 0 
5931 7 0 0 0 0 0 0 0 0 0 0 0 7 0 0 0 0 0 0 0 0 0 
5946 8 0 0 0 0 0 0 0 0 0 0 0 8 0 0 0 0 0 0 0 0 0 
5991 6 0 0 0 0 0 0 0 0 0 0 0 6 0 0 0 0 0 0 0 0 0 
6006 8 0 0 0 0 0 0 0 0 0 0 0 8 0 0 0 0 0 0 0 0 0 
6051 7 0 0 0 0 0 0 0 0 0 0 0 7 0 0 0 0 0 0 0 0 0 
6081 10 0 0 0 0 0 0 0 0 0 0 0 10 0 0 0 0 0 0 0 0 0 
6096 8 0 0 0 0 0 0 0 0 0 0 0 8 0 0 0 0 0 0 0 0 0 
6111 5 0 0 0 0 0 0 0 0 0 0 0 5 0 0 0 0 0 0 0 0 0 
6126 8 0 0 0 0 0 0 0 0 0 0 0 8 0 0 0 0 0 0 0 0 0 
6152 4 0 0 0 4 0 0 0 0 0 0 0 8 0 0 0 0 0 0 0 0 0 
6156 6 0 0 0 4 0 0 0 0 0 0 0 6 0 0 0 0 0 0 0 0 0 
6171 0 0 0 0 4 0 0 0 0 0 0 0 0 0 0 0 0 0 0 0 0 0 
6182 7 0 0 0 7 0 0 0 0 0 0 0 0 0 0 0 0 0 0 0 0 0 
6197 2 0 0 0 2 0 0 0 0 0 0 0 0 0 0 0 0 0 0 0 0 0 
6212 0 0 0 0 0 0 0 0 0 0 0 0 0 0 0 0 0 0 0 0 0 0 
6250 2 0 0 0 0 0 0 0 0 0 0 0 0 0 0 0 0 0 0 0 2 0 
6265 6 0 0 0 0 0 0 0 0 0 0 0 0 0 0 0 0 0 0 0 6 0 
6295 2 0 0 0 0 0 0 0 0 0 0 0 0 0 0 0 0 0 0 0 2 0 
6310 0 0 0 0 0 0 0 0 0 0 0 0 0 0 0 0 0 0 0 0 0 0 
6519 0 7 0 0 0 0 0 0 0 0 0 0 0 0 0 0 0 0 0 7 0 0 
6534 0 6 0 0 0 0 0 0 0 0 0 0 0 0 0 0 0 0 0 6 0 0 
6549 0 14 0 0 0 0 0 0 0 0 0 0 0 0 0 0 0 0 0 14 0 0 
6564 0 7 0 0 0 0 0 0 0 0 0 0 0 0 0 0 0 0 0 7 0 0 
6579 0 3 0 0 0 0 0 0 0 0 0 0 0 0 0 0 0 0 0 3 0 0 
6594 0 12 0 0 0 0 0 0 0 0 0 0 0 0 0 0 0 0 0 12 0 0 
6609 0 7 0 0 0 0 0 0 0 0 0 0 0 0 0 0 0 0 0 7 0 0 
6624 0 3 0 0 0 0 0 0 0 0 0 0 0 0 0 0 0 0 0 3 0 0 
6654 0 6 0 0 0 0 0 0 0 0 0 0 0 0 0 0 0 0 0 6 0 0 
6669 0 4 0 0 0 0 0 0 0 0 0 0 0 0 0 0 0 0 0 4 0 0 
6699 0 1 0 0 0 0 0 0 0 0 0 0 0 0 0 0 0 0 0 1 0 0 
6714 0 4 0 0 0 0 0 0 0 0 0 0 0 0 0 0 0 0 0 4 0 0 
6744 0 7 0 0 0 0 0 0 0 0 0 0 0 0 0 0 0 0 0 7 0 0 
6759 0 5 0 0 0 0 0 0 0 0 0 0 0 0 0 0 0 0 0 5 0 0 
6774 0 0 0 0 0 0 0 0 0 0 0 0 0 0 0 0 0 0 0 0 0 0 
6819 0 1 0 0 0 0 0 0 0 0 0 0 0 0 0 0 0 0 0 1 0 0 
6834 0 4 0 0 0 0 0 0 0 0 0 0 0 0 0 0 0 0 0 4 0 0 
6879 0 3 0 0 0 0 0 0 0 0 0 0 0 0 0 0 0 0 0 3 0 0 
6894 0 4 0 0 0 0 0 0 0 0 0 0 0 0 0 0 0 0 0 4 0 0 
6939 0 2 0 0 0 0 0 0 0 0 0 0 0 0 0 0 0 0 0 2 0 0 
6950 4 0 0 0 0 0 0 0 0 0 4 0 0 0 0 0 0 0 0 2 0 0 
6954 0 0 0 0 0 0 0 0 0 0 4 0 0 0 0 0 0 0 0 0 0 0 
6980 -8 0 0 0 0 0 0 0 0 0 -8 0 0 0 0 0 0 0 0 0 0 0 
6995 0 0 0 0 0 0 0 0 0 0 0 0 0 0 0 0 0 0 0 0 0 0 
7352 4 0 0 0 4 0 0 0 0 0 0 0 0 0 0 0 0 0 0 0 0 0 
7367 6 0 0 0 6 0 0 0 0 0 0 0 0 0 0 0 0 0 0 0 0 0 
7387 2 0 0 0 6 0 0 0 0 0 0 0 0 0 2 0 0 0 0 0 0 0 
7397 8 0 0 0 8 0 0 0 0 0 0 0 0 0 2 0 0 0 0 0 0 0 
7400 0 7 0 0 8 0 0 0 0 0 0 7 0 0 2 0 0 0 0 0 0 0 
7402 0 0 0 0 8 0 0 0 0 0 0 7 0 0 0 0 0 0 0 0 0 0 
7427 6 0 0 0 6 0 0 0 0 0 0 7 0 0 0 0 0 0 0 0 0 0 
7430 0 12 0 0 6 0 0 0 0 0 0 12 0 0 0 0 0 0 0 0 0 0 
7442 9 0 0 0 9 0 0 0 0 0 0 12 0 0 0 0 0 0 0 0 0 0 
7445 0 2 0 0 9 0 0 0 0 0 0 2 0 0 0 0 0 0 0 0 0 0 
7457 8 0 0 0 8 0 0 0 0 0 0 2 0 0 0 0 0 0 0 0 0 0 
7460 0 0 0 0 8 0 0 0 0 0 0 0 0 0 0 0 0 0 0 0 0 0 
7472 2 0 0 0 2 0 0 0 0 0 0 0 0 0 0 0 0 0 0 0 0 0 
7487 0 0 0 0 0 0 0 0 0 0 0 0 0 0 0 0 0 0 0 0 0 0 
7651 1 0 1 0 0 0 0 0 0 0 0 0 0 0 0 0 0 0 0 0 0 0 
7652 3 0 1 0 3 0 0 0 0 0 0 0 0 0 0 0 0 0 0 0 0 0 
7666 7 0 7 0 3 0 0 0 0 0 0 0 0 0 0 0 0 0 0 0 0 0 
7667 0 0 7 0 0 0 0 0 0 0 0 0 0 0 0 0 0 0 0 0 0 0 
7681 8 0 8 0 0 0 0 0 0 0 0 0 0 0 0 0 0 0 0 0 0 0 
7711 7 0 7 0 0 0 0 0 0 0 0 0 0 0 0 0 0 0 0 0 0 0 
7726 9 0 9 0 0 0 0 0 0 0 0 0 0 0 0 0 0 0 0 0 0 0 
7741 8 0 8 0 0 0 0 0 0 0 0 0 0 0 0 0 0 0 0 0 0 0 
7771 6 0 6 0 0 0 0 0 0 0 0 0 0 0 0 0 0 0 0 0 0 0 
7786 8 0 8 0 0 0 0 0 0 0 0 0 0 0 0 0 0 0 0 0 0 0 
7831 6 0 6 0 0 0 0 0 0 0 0 0 0 0 0 0 0 0 0 0 0 0 
7861 0 0 0 0 0 0 0 0 0 0 0 0 0 0 0 0 0 0 0 0 0 0 
7909 6 0 0 0 0 0 0 0 6 0 0 0 0 0 0 0 0 0 0 0 0 0 
7924 8 0 0 0 0 0 0 0 8 0 0 0 0 0 0 0 0 0 0 0 0 0 
7939 6 0 0 0 0 0 0 0 6 0 0 0 0 0 0 0 0 0 0 0 0 0 
7954 8 0 0 0 0 0 0 0 8 0 0 0 0 0 0 0 0 0 0 0 0 0 
7999 6 0 0 0 0 0 0 0 6 0 0 0 0 0 0 0 0 0 0 0 0 0 
8014 8 0 0 0 0 0 0 0 8 0 0 0 0 0 0 0 0 0 0 0 0 0 
8059 6 0 0 0 0 0 0 0 6 0 0 0 0 0 0 0 0 0 0 0 0 0 
8074 8 0 0 0 0 0 0 0 8 0 0 0 0 0 0 0 0 0 0 0 0 0 
8119 6 0 0 0 0 0 0 0 6 0 0 0 0 0 0 0 0 0 0 0 0 0 
8134 8 0 0 0 0 0 0 0 8 0 0 0 0 0 0 0 0 0 0 0 0 0 
8164 9 0 0 0 0 0 0 0 9 0 0 0 0 0 0 0 0 0 0 0 0 0 
8179 6 0 0 0 0 0 0 0 6 0 0 0 0 0 0 0 0 0 0 0 0 0 
8194 8 0 0 0 0 0 0 0 8 0 0 0 0 0 0 0 0 0 0 0 0 0 
8197 0 8 0 0 0 0 0 0 8 0 0 0 0 0 0 8 0 0 0 0 0 0 
8227 0 11 0 0 0 0 0 0 8 0 0 0 0 0 0 11 0 0 0 0 0 0 
8239 6 0 0 0 0 0 0 0 6 0 0 0 0 0 0 11 0 0 0 0 0 0 
8242 0 7 0 0 0 0 0 0 6 0 0 0 0 0 0 7 0 0 0 0 0 0 
8254 8 0 0 0 0 0 0 0 8 0 0 0 0 0 0 7 0 0 0 0 0 0 
8257 0 4 0 0 0 0 0 0 8 0 0 0 0 0 0 4 0 0 0 0 0 0 
8269 10 0 0 0 0 0 0 0 10 0 0 0 0 0 0 4 0 0 0 0 0 0 
8272 0 16 0 0 0 0 0 0 10 0 0 0 0 0 0 16 0 0 0 0 0 0 
8284 6 0 0 0 0 0 0 0 6 0 0 0 0 0 0 16 0 0 0 0 0 0 
8287 0 2 0 0 0 0 0 0 6 0 0 0 0 0 0 2 0 0 0 0 0 0 
8299 4 0 0 0 0 0 0 0 4 0 0 0 0 0 0 2 0 0 0 0 0 0 
8302 0 3 0 0 0 0 0 0 4 0 0 0 0 0 0 3 0 0 0 0 0 0 
8314 0 0 0 0 0 0 0 0 0 0 0 0 0 0 0 3 0 0 0 0 0 0 
8317 0 4 0 0 0 0 0 0 0 0 0 0 0 0 0 4 0 0 0 0 0 0 
8332 0 6 0 0 0 0 0 0 0 0 0 0 0 0 0 6 0 0 0 0 0 0 
8347 0 3 0 0 0 0 0 0 0 0 0 0 0 0 0 3 0 0 0 0 0 0 
8362 0 4 0 0 0 0 0 0 0 0 0 0 0 0 0 4 0 0 0 0 0 0 
8377 0 2 0 0 0 0 0 0 0 0 0 0 0 0 0 2 0 0 0 0 0 0 
8392 0 4 0 0 0 0 0 0 0 0 0 0 0 0 0 4 0 0 0 0 0 0 
8407 0 3 0 0 0 0 0 0 0 0 0 0 0 0 0 3 0 0 0 0 0 0 
8422 0 6 0 0 0 0 0 0 0 0 0 0 0 0 0 6 0 0 0 0 0 0 
8437 0 5 0 0 0 0 0 0 0 0 0 0 0 0 0 5 0 0 0 0 0 0 
8452 0 0 0 0 0 0 0 0 0 0 0 0 0 0 0 0 0 0 0 0 0 0 
8527 0 3 0 0 0 0 0 0 0 0 0 0 0 0 0 3 0 0 0 0 0 0 
8542 0 4 0 0 0 0 0 0 0 0 0 0 0 0 0 4 0 0 0 0 0 0 
8587 0 3 0 0 0 0 0 0 0 0 0 0 0 0 0 3 0 0 0 0 0 0 
8602 0 4 0 0 0 0 0 0 0 0 0 0 0 0 0 4 0 0 0 0 0 0 
8647 0 3 0 0 0 0 0 0 0 0 0 0 0 0 0 3 0 0 0 0 0 0 
8662 0 1 0 0 0 0 0 0 0 0 0 0 0 0 0 1 0 0 0 0 0 0 
8677 0 0 0 0 0 0 0 0 0 0 0 0 0 0 0 0 0 0 0 0 0 0 
8979 0 12 0 0 0 0 0 0 0 0 0 0 0 0 0 0 0 0 0 12 0 0 
8994 0 5 0 0 0 0 0 0 0 0 0 0 0 0 0 0 0 0 0 5 0 0 
9009 0 4 0 0 0 0 0 0 0 0 0 0 0 0 0 0 0 0 0 4 0 0 
9039 0 3 0 0 0 0 0 0 0 0 0 0 0 0 0 0 0 0 0 3 0 0 
9054 0 4 0 0 0 0 0 0 0 0 0 0 0 0 0 0 0 0 0 4 0 0 
9114 0 1 0 0 0 0 0 0 0 0 0 0 0 0 0 0 0 0 0 1 0 0 
9129 0 0 0 0 0 0 0 0 0 0 0 0 0 0 0 0 0 0 0 0 0 0 
9410 0 1 0 0 0 0 0 0 0 0 0 1 0 0 0 0 0 0 0 0 0 0 
9425 0 4 0 0 0 0 0 0 0 0 0 4 0 0 0 0 0 0 0 0 0 0 
9455 0 3 0 0 0 0 0 0 0 0 0 3 0 0 0 0 0 0 0 0 0 0 
9470 0 4 0 0 0 0 0 0 0 0 0 4 0 0 0 0 0 0 0 0 0 0 
9485 0 39 0 0 0 0 0 0 0 0 0 39 0 0 0 0 0 0 0 0 0 0 
9500 0 4 0 0 0 0 0 0 0 0 0 4 0 0 0 0 0 0 0 0 0 0 
9515 0 2 0 0 0 0 0 0 0 0 0 2 0 0 0 0 0 0 0 0 0 0 
9530 0 0 0 0 0 0 0 0 0 0 0 0 0 0 0 0 0 0 0 0 0 0 
9652 0 1 0 0 0 0 0 0 0 0 0 0 0 0 0 1 0 0 0 0 0 0 
9667 0 4 0 0 0 0 0 0 0 0 0 0 0 0 0 4 0 0 0 0 0 0 
9727 0 2 0 0 0 0 0 0 0 0 0 0 0 0 0 2 0 0 0 0 0 0 
9742 0 0 0 0 0 0 0 0 0 0 0 0 0 0 0 0 0 0 0 0 0 0 
10959 0 2 0 0 0 0 0 0 0 0 0 0 0 0 0 0 0 0 0 2 0 0 
10974 0 4 0 0 0 0 0 0 0 0 0 0 0 0 0 0 0 0 0 4 0 0 
10989 0 39 0 0 0 0 0 0 0 0 0 0 0 0 0 0 0 0 0 39 0 0 
11004 0 4 0 0 0 0 0 0 0 0 0 0 0 0 0 0 0 0 0 4 0 0 
11019 0 3 0 0 0 0 0 0 0 0 0 0 0 0 0 0 0 0 0 3 0 0 
11031 4 0 0 0 0 0 0 0 0 0 0 0 4 0 0 0 0 0 0 3 0 0 
11034 0 4 0 0 0 0 0 0 0 0 0 0 4 0 0 0 0 0 0 4 0 0 
11046 7 0 0 0 0 0 0 0 0 0 0 0 7 0 0 0 0 0 0 4 0 0 
11049 0 0 0 0 0 0 0 0 0 0 0 0 7 0 0 0 0 0 0 0 0 0 
11617 0 1 0 0 0 0 0 0 0 0 0 0 0 0 0 2 0 0 0 0 0 0 
11632 0 4 0 0 0 0 0 0 0 0 0 0 0 0 0 4 0 0 0 0 0 0 
11647 0 3 0 0 0 0 0 0 0 0 0 0 0 0 0 3 0 0 0 0 0 0 
11662 0 4 0 0 0 0 0 0 0 0 0 0 0 0 0 4 0 0 0 0 0 0 
11707 0 3 0 0 0 0 0 0 0 0 0 0 0 0 0 3 0 0 0 0 0 0 
11710 2 0 0 0 0 0 0 0 0 0 0 0 0 0 0 3 0 0 0 0 2 0 
11722 0 4 0 0 0 0 0 0 0 0 0 0 0 0 0 4 0 0 0 0 2 0 
11725 9 0 0 0 0 0 0 0 0 0 0 0 0 0 0 4 0 0 0 0 9 0 
11737 0 0 0 0 0 0 0 0 0 0 0 0 0 0 0 0 0 0 0 0 9 0 
11740 7 0 0 0 0 0 0 0 0 0 0 0 0 0 0 0 0 0 0 0 7 0 
11755 56 0 0 0 0 0 0 0 0 0 0 0 0 0 0 0 0 0 0 0 56 0 
11770 8 0 0 0 0 0 0 0 0 0 0 0 0 0 0 0 0 0 0 0 8 0 
11785 9 0 0 0 0 0 0 0 0 0 0 0 0 0 0 0 0 0 0 0 9 0 
11815 6 0 0 0 0 0 0 0 0 0 0 0 0 0 0 0 0 0 0 0 6 0 
11826 8 0 0 0 0 0 0 0 0 0 0 0 8 0 0 0 0 0 0 0 6 0 
11871 7 0 0 0 0 0 0 0 0 0 0 0 6 0 0 0 0 0 0 0 8 0 
11875 89 0 0 0 0 0 0 0 0 0 0 0 6 0 0 0 0 0 0 0 89 0 
11886 10 0 0 0 0 0 0 0 0 0 0 0 10 0 0 0 0 0 0 0 89 0 
11890 7 0 0 0 0 0 0 0 0 0 0 0 10 0 0 0 0 0 0 0 7 0 
11901 8 0 0 0 0 0 0 0 0 0 0 0 8 0 0 0 0 0 0 0 7 0 
11930 4.5 0 0 0 0 0 0 0 0 0 1 0 8 0 0 0 0 0 0 0 8 0 
11931 6 0 0 0 0 0 0 0 0 0 1 0 6 0 0 0 0 0 0 0 8 0 
11945 3 0 0 0 0 0 0 0 0 0 0 0 6 0 0 0 0 0 0 0 6 0 
11946 7 0 0 0 0 0 0 0 0 0 0 0 7 0 0 0 0 0 0 0 6 0 
11961 7.5 0 0 0 0 0 0 0 0 0 0 0 8 0 0 0 0 0 0 0 7 0 
11965 1 0 0 0 0 0 0 0 0 0 0 0 8 0 0 0 0 0 0 0 1 0 
11976 2 0 0 0 0 0 0 0 0 0 0 0 2 0 0 0 0 0 0 0 1 0 
11980 0 0 0 0 0 0 0 0 0 0 0 0 2 0 0 0 0 0 0 0 0 0 
12347 1.5 0 0 0 3 0 0 0 0 0 0 0 0 0 0 0 0 0 0 0 0 0 
12362 6 0 0 0 6 0 0 0 0 0 0 0 0 0 0 0 0 0 0 0 0 0 
12377 8 0 0 0 8 0 0 0 0 0 0 0 0 0 0 0 0 0 0 0 0 0 
12392 1 0 0 0 1 0 0 0 0 0 0 0 0 0 0 0 0 0 0 0 0 0 
12407 0 0 0 0 0 0 0 0 0 0 0 0 0 0 0 0 0 0 0 0 0 0 
12721 0 7 0 7 0 0 0 0 0 0 0 0 0 0 0 0 0 0 0 0 0 0 
12736 0 6 0 6 0 0 0 0 0 0 0 0 0 0 0 0 0 0 0 0 0 0 
12751 0 13 0 13 0 0 0 0 0 0 0 0 0 0 0 0 0 0 0 0 0 0 
12766 0 2 0 2 0 0 0 0 0 0 0 0 0 0 0 0 0 0 0 0 0 0 
12781 0 9 0 9 0 0 0 0 0 0 0 0 0 0 0 0 0 0 0 0 0 0 
12796 0 12 0 12 0 0 0 0 0 0 0 0 0 0 0 0 0 0 0 0 0 0 
12811 0 7 0 7 0 0 0 0 0 0 0 0 0 0 0 0 0 0 0 0 0 0 
12826 0 2 0 2 0 0 0 0 0 0 0 0 0 0 0 0 0 0 0 0 0 0 
12841 0 4 0 4 0 0 0 0 0 0 0 0 0 0 0 0 0 0 0 0 0 0 
12856 0 7 0 7 0 0 0 0 0 0 0 0 0 0 0 0 0 0 0 0 0 0 
12871 0 3 0 3 0 0 0 0 0 0 0 0 0 0 0 0 0 0 0 0 0 0 
12886 0 6 0 6 0 0 0 0 0 0 0 0 0 0 0 0 0 0 0 0 0 0 
12901 0 1 0 1 0 0 0 0 0 0 0 0 0 0 0 0 0 0 0 0 0 0 
12916 0 4 0 4 0 0 0 0 0 0 0 0 0 0 0 0 0 0 0 0 0 0 
12931 0 3 0 3 0 0 0 0 0 0 0 0 0 0 0 0 0 0 0 0 0 0 
12946 0 6 0 6 0 0 0 0 0 0 0 0 0 0 0 0 0 0 0 0 0 0 
12953 6 0 0 6 0 0 0 0 0 0 0 0 0 0 0 0 6 0 0 0 0 0 
12976 0 0 0 0 0 0 0 0 0 0 0 0 0 0 0 0 6 0 0 0 0 0 
12983 40 0 0 0 0 0 0 0 0 0 0 0 0 0 0 0 40 0 0 0 0 0 
12991 0 1 0 1 0 0 0 0 0 0 0 0 0 0 0 0 40 0 0 0 0 0 
12998 8 0 0 1 0 0 0 0 0 0 0 0 0 0 0 0 8 0 0 0 0 0 
13006 0 4 0 4 0 0 0 0 0 0 0 0 0 0 0 0 8 0 0 0 0 0 
13021 0 1 0 1 0 0 0 0 0 0 0 0 0 0 0 0 8 0 0 0 0 0 
13036 0 0 0 0 0 0 0 0 0 0 0 0 0 0 0 0 8 0 0 0 0 0 
13043 6 0 0 0 0 0 0 0 0 0 0 0 0 0 0 0 6 0 0 0 0 0 
13058 8 0 0 0 0 0 0 0 0 0 0 0 0 0 0 0 8 0 0 0 0 0 
13103 6 0 0 0 0 0 0 0 0 0 0 0 0 0 0 0 6 0 0 0 0 0 
13118 9 0 0 0 0 0 0 0 0 0 0 0 0 0 0 0 9 0 0 0 0 0 
13148 8 0 0 0 0 0 0 0 0 0 0 0 0 0 0 0 8 0 0 0 0 0 
13163 6 0 0 0 0 0 0 0 0 0 0 0 0 0 0 0 6 0 0 0 0 0 
13174 2 0 0 0 0 0 0 0 2 0 0 0 0 0 0 0 6 0 0 0 0 0 
13189 6 0 0 0 0 0 0 0 6 0 0 0 0 0 0 0 6 0 0 0 0 0 
13193 8 0 0 0 0 0 0 0 6 0 0 0 0 0 0 0 8 0 0 0 0 0 
13208 9 0 0 0 0 0 0 0 6 0 0 0 0 0 0 0 9 0 0 0 0 0 
13219 2 0 0 0 0 0 0 0 2 0 0 0 0 0 0 0 9 0 0 0 0 0 
13223 6 0 0 0 0 0 0 0 2 0 0 0 0 0 0 0 6 0 0 0 0 0 
13234 0 0 0 0 0 0 0 0 0 0 0 0 0 0 0 0 6 0 0 0 0 0 
13238 9 0 0 0 0 0 0 0 0 0 0 0 0 0 0 0 9 0 0 0 0 0 
13253 8 0 0 0 0 0 0 0 0 0 0 0 0 0 0 0 8 0 0 0 0 0 
13283 6 0 0 0 0 0 0 0 0 0 0 0 0 0 0 0 6 0 0 0 0 0 
13298 7 0 0 0 0 0 0 0 0 0 0 0 0 0 0 0 7 0 0 0 0 0 
13300 1 0 0 0 0 0 0 0 0 0 0 0 0 0 0 0 7 0 0 0 1 0 
13315 0.5 0 0 0 0 0 0 0 0 0 0 0 0 0 0 0 1 0 0 0 0 0 
13328 0 0 0 0 0 0 0 0 0 0 0 0 0 0 0 0 0 0 0 0 0 0 
13696 0 13 0 13 0 0 0 0 0 0 0 0 0 0 0 0 0 0 0 0 0 0 
13711 0 3 0 3 0 0 0 0 0 0 0 0 0 0 0 0 0 0 0 0 0 0 
13726 0 4 0 4 0 0 0 0 0 0 0 0 0 0 0 0 0 0 0 0 0 0 
13756 0 0 0 0 0 0 0 0 0 0 0 0 0 0 0 0 0 0 0 0 0 0 
13816 0 2 0 2 0 0 0 0 0 0 0 0 0 0 0 0 0 0 0 0 0 0 
13831 0 3 0 3 0 0 0 0 0 0 0 0 0 0 0 0 0 0 0 0 0 0 
13846 0 4 0 4 0 0 0 0 0 0 0 0 0 0 0 0 0 0 0 0 0 0 
13876 0 0 0 0 0 0 0 0 0 0 0 0 0 0 0 0 0 0 0 0 0 0 
14254 4 0 0 0 0 0 0 0 4 0 0 0 0 0 0 0 0 0 0 0 0 0 
14269 8 0 0 0 0 0 0 0 8 0 0 0 0 0 0 0 0 0 0 0 0 0 
14299 6 0 0 0 0 0 0 0 6 0 0 0 0 0 0 0 0 0 0 0 0 0 
14314 8 0 0 0 0 0 0 0 8 0 0 0 0 0 0 0 0 0 0 0 0 0 
14329 9 0 0 0 0 0 0 0 9 0 0 0 0 0 0 0 0 0 0 0 0 0 
14344 8 0 0 0 0 0 0 0 8 0 0 0 0 0 0 0 0 0 0 0 0 0 
14359 6 0 0 0 0 0 0 0 6 0 0 0 0 0 0 0 0 0 0 0 0 0 
14374 8 0 0 0 0 0 0 0 8 0 0 0 0 0 0 0 0 0 0 0 0 0 
14390 0 6 0 0 0 0 0 0 8 0 0 6 0 0 0 0 0 0 0 0 0 0 
14405 0 4 0 0 0 0 0 0 8 0 0 4 0 0 0 0 0 0 0 0 0 0 
14419 6 0 0 0 0 0 0 0 6 0 0 4 0 0 0 0 0 0 0 0 0 0 
14420 0 16 0 0 0 0 0 0 6 0 0 16 0 0 0 0 0 0 0 0 0 0 
14434 8 0 0 0 0 0 0 0 8 0 0 16 0 0 0 0 0 0 0 0 0 0 
14435 0 2 0 0 0 0 0 0 8 0 0 2 0 0 0 0 0 0 0 0 0 0 
14449 4 0 0 0 0 0 0 0 4 0 0 2 0 0 0 0 0 0 0 0 0 0 
14450 0 0 0 0 0 0 0 0 4 0 0 0 0 0 0 0 0 0 0 0 0 0 
14465 0 4 0 0 0 0 0 0 0 0 0 8 0 0 0 0 0 0 0 0 0 0 
14495 0 11 0 0 0 0 0 0 0 0 0 11 0 0 0 0 0 0 0 0 0 0 
14510 0 2 0 0 0 0 0 0 0 0 0 2 0 0 0 0 0 0 0 0 0 0 
14525 0 4 0 0 0 0 0 0 0 0 0 4 0 0 0 0 0 0 0 0 0 0 
14555 0 6 0 0 0 0 0 0 0 0 0 6 0 0 0 0 0 0 0 0 0 0 
14585 0 0 0 0 0 0 0 0 0 0 0 0 0 0 0 0 0 0 0 0 0 0 
14600 0 4 0 0 0 0 0 0 0 0 0 4 0 0 0 0 0 0 0 0 0 0 
14615 0 3 0 0 0 0 0 0 0 0 0 3 0 0 0 0 0 0 0 0 0 0 
14630 0 6 0 0 0 0 0 0 0 0 0 6 0 0 0 0 0 0 0 0 0 0 
14645 0 4 0 0 0 0 0 0 0 0 0 4 0 0 0 0 0 0 0 0 0 0 
14660 0 3 0 0 0 0 0 0 0 0 0 3 0 0 0 0 0 0 0 0 0 0 
14675 0 0 0 0 0 0 0 0 0 0 0 0 0 0 0 0 0 0 0 0 0 0 
14897 6 0 0 0 6 0 0 0 0 0 0 0 0 0 0 0 0 0 0 0 0 0 
14912 9 0 0 0 9 0 0 0 0 0 0 0 0 0 0 0 0 0 0 0 0 0 
14927 3 0 0 0 3 0 0 0 0 0 0 0 0 0 0 0 0 0 0 0 0 0 
14942 37 0 0 0 37 0 0 0 0 0 0 0 0 0 0 0 0 0 0 0 0 0 
14957 8 0 0 0 8 0 0 0 0 0 0 0 0 0 0 0 0 0 0 0 0 0 
14987 6 0 0 0 6 0 0 0 0 0 0 0 0 0 0 0 0 0 0 0 0 0 
15002 8 0 0 0 8 0 0 0 0 0 0 0 0 0 0 0 0 0 0 0 0 0 
15008 1 0 0 0 8 0 0 0 0 0 0 0 0 0 0 0 1 0 0 0 0 0 
15017 6 0 0 0 6 0 0 0 0 0 0 0 0 0 0 0 1 0 0 0 0 0 
15032 8 0 0 0 8 0 0 0 0 0 0 0 0 0 0 0 1 0 0 0 0 0 
15038 0 0 0 0 8 0 0 0 0 0 0 0 0 0 0 0 0 0 0 0 0 0 
15047 6 0 0 0 6 0 0 0 0 0 0 0 0 0 0 0 0 0 0 0 0 0 
15062 8 0 0 0 8 0 0 0 0 0 0 0 0 0 0 0 0 0 0 0 0 0 
15107 6 0 0 0 6 0 0 0 0 0 0 0 0 0 0 0 0 0 0 0 0 0 
15122 8 0 0 0 8 0 0 0 0 0 0 0 0 0 0 0 0 0 0 0 0 0 
15167 6 0 0 0 6 0 0 0 0 0 0 0 0 0 0 0 0 0 0 0 0 0 
15182 7 0 0 0 7 0 0 0 0 0 0 0 0 0 0 0 0 0 0 0 0 0 
15184 2 0 0 0 7 0 0 0 2 0 0 0 0 0 0 0 0 0 0 0 0 0 
15199 0 0 0 0 7 0 0 0 0 0 0 0 0 0 0 0 0 0 0 0 0 0 
15212 2 0 0 0 2 0 0 0 0 0 0 0 0 0 0 0 0 0 0 0 0 0 
15227 0 0 0 0 0 0 0 0 0 0 0 0 0 0 0 0 0 0 0 0 0 0 
15860 0 3 0 0 0 0 0 0 0 0 0 3 0 0 0 0 0 0 0 0 0 0 
15890 0 5 0 0 0 0 0 0 0 0 0 5 0 0 0 0 0 0 0 0 0 0 
15905 0 19 0 0 0 0 0 0 0 0 0 19 0 0 0 0 0 0 0 0 0 0 
15920 0 4 0 0 0 0 0 0 0 0 0 4 0 0 0 0 0 0 0 0 0 0 
15924 0 11 0 0 0 0 0 0 0 0 0 4 0 0 0 0 0 0 0 11 0 0 
15935 0 0 0 0 0 0 0 0 0 0 0 0 0 0 0 0 0 0 0 11 0 0 
15939 0 4 0 0 0 0 0 0 0 0 0 0 0 0 0 0 0 0 0 4 0 0 
15954 0 11 0 0 0 0 0 0 0 0 0 0 0 0 0 0 0 0 0 11 0 0 
15969 0 1 0 0 0 0 0 0 0 0 0 0 0 0 0 0 0 0 0 1 0 0 
15984 0 0 0 0 0 0 0 0 0 0 0 0 0 0 0 0 0 0 0 0 0 0 
16597 0 7 0 0 0 0 0 0 0 0 0 0 0 0 0 7 0 0 0 0 0 0 
16612 0 6 0 0 0 0 0 0 0 0 0 0 0 0 0 6 0 0 0 0 0 0 
16627 0 13 0 0 0 0 0 0 0 0 0 0 0 0 0 13 0 0 0 0 0 0 
16642 0 2 0 0 0 0 0 0 0 0 0 0 0 0 0 2 0 0 0 0 0 0 
16657 0 10 0 0 0 0 0 0 0 0 0 0 0 0 0 10 0 0 0 0 0 0 
16672 0 12 0 0 0 0 0 0 0 0 0 0 0 0 0 12 0 0 0 0 0 0 
16687 0 7 0 0 0 0 0 0 0 0 0 0 0 0 0 7 0 0 0 0 0 0 
16702 0 2 0 0 0 0 0 0 0 0 0 0 0 0 0 2 0 0 0 0 0 0 
16717 0 4 0 0 0 0 0 0 0 0 0 0 0 0 0 4 0 0 0 0 0 0 
16732 0 7 0 0 0 0 0 0 0 0 0 0 0 0 0 7 0 0 0 0 0 0 
16747 0 3 0 0 0 0 0 0 0 0 0 0 0 0 0 3 0 0 0 0 0 0 
16762 0 5 0 0 0 0 0 0 0 0 0 0 0 0 0 5 0 0 0 0 0 0 
16777 0 1 0 0 0 0 0 0 0 0 0 0 0 0 0 1 0 0 0 0 0 0 
16792 0 4 0 0 0 0 0 0 0 0 0 0 0 0 0 4 0 0 0 0 0 0 
16807 0 3 0 0 0 0 0 0 0 0 0 0 0 0 0 3 0 0 0 0 0 0 
16822 0 6 0 0 0 0 0 0 0 0 0 0 0 0 0 6 0 0 0 0 0 0 
16840 0 9 0 0 0 0 0 0 0 0 0 0 0 0 0 6 0 0 0 0 0 9 
16852 0 0 0 0 0 0 0 0 0 0 0 0 0 0 0 0 0 0 0 0 0 9 
16855 0 7 0 0 0 0 0 0 0 0 0 0 0 0 0 0 0 0 0 0 0 7 
16866 6 0 0 0 0 0 0 0 0 0 0 0 6 0 0 0 0 0 0 0 0 7 
16870 0 12 0 0 0 0 0 0 0 0 0 0 6 0 0 0 0 0 0 0 0 12 
16881 4 0 0 0 0 0 0 0 0 0 0 0 4 0 0 0 0 0 0 0 0 12 
16885 0 7 0 0 0 0 0 0 0 0 0 0 4 0 0 0 0 0 0 0 0 7 
16896 6 0 0 0 0 0 0 0 0 0 0 0 6 0 0 0 0 0 0 0 0 7 
16900 0 6 0 0 0 0 0 0 0 0 0 0 6 0 0 0 0 0 0 0 0 6 
16911 0 0 0 0 0 0 0 0 0 0 0 0 0 0 0 0 0 0 0 0 0 6 
16915 0 13 0 0 0 0 0 0 0 0 0 0 0 0 0 0 0 0 0 0 0 13 
16930 0 2 0 0 0 0 0 0 0 0 0 0 0 0 0 0 0 0 0 0 0 2 
16945 0 4 0 0 0 0 0 0 0 0 0 0 0 0 0 0 0 0 0 0 0 4 
16956 4 0 0 0 0 0 0 0 0 0 0 0 4 0 0 0 0 0 0 0 0 4 
16971 6 0 0 0 0 0 0 0 0 0 0 0 6 0 0 0 0 0 0 0 0 4 
16975 0 5 0 0 0 0 0 0 0 0 0 0 6 0 0 0 0 0 0 0 0 5 
16986 8 0 0 0 0 0 0 0 0 0 0 0 8 0 0 0 0 0 0 0 0 5 
16990 0 4 0 0 0 0 0 0 0 0 0 0 8 0 0 0 0 0 0 0 0 4 
17005 0 3 0 0 0 0 0 0 0 0 0 0 8 0 0 0 0 0 0 0 0 3 
17031 6 0 0 0 0 0 0 0 0 0 0 0 6 0 0 0 0 0 0 0 0 3 
17046 4 0 0 0 0 0 0 0 0 0 0 0 4 0 0 0 0 0 0 0 0 3 
17050 0 6 0 0 0 0 0 0 0 0 0 0 4 0 0 0 0 0 0 0 0 6 
17061 0 0 0 0 0 0 0 0 0 0 0 0 0 0 0 0 0 0 0 0 0 6 
17065 0 4 0 0 0 0 0 0 0 0 0 0 0 0 0 0 0 0 0 0 0 4 
17095 0 0 0 0 0 0 0 0 0 0 0 0 0 0 0 0 0 0 0 0 0 0 
17110 0 -17 0 0 0 0 0 0 0 0 0 0 0 0 0 0 0 0 0 0 0 -17 
17140 0 -20 0 0 0 0 0 0 0 0 0 0 0 0 0 0 0 0 0 0 0 -20 
17155 0 -3 0 0 0 0 0 0 0 0 0 0 0 0 0 0 0 0 0 0 0 -3 
17170 0 -7 0 0 0 0 0 0 0 0 0 0 0 0 0 0 0 0 0 0 0 -7 
17200 0 -4 0 0 0 0 0 0 0 0 0 0 0 0 0 0 0 0 0 0 0 -4 
17215 0 -2 0 0 0 0 0 0 0 0 0 0 0 0 0 0 0 0 0 0 0 -2 
17230 0 -7 0 0 0 0 0 0 0 0 0 0 0 0 0 0 0 0 0 0 0 -7 
17260 0 -4 0 0 0 0 0 0 0 0 0 0 0 0 0 0 0 0 0 0 0 -4 
17275 0 -1 0 0 0 0 0 0 0 0 0 0 0 0 0 0 0 0 0 0 0 -1 
17290 0 0 0 0 0 0 0 0 0 0 0 0 0 0 0 0 0 0 0 0 0 0 
17332 0 1 0 0 0 0 0 0 0 0 0 0 0 0 0 1 0 0 0 0 0 0 
17347 0 4 0 0 0 0 0 0 0 0 0 0 0 0 0 4 0 0 0 0 0 0 
17407 0 2 0 0 0 0 0 0 0 0 0 0 0 0 0 2 0 0 0 0 0 0 
17422 0 0 0 0 0 0 0 0 0 0 0 0 0 0 0 0 0 0 0 0 0 0 
17647 0 1 0 0 0 0 0 0 0 0 0 0 0 0 0 1 0 0 0 0 0 0 
17662 0 5 0 0 0 0 0 0 0 0 0 0 0 0 0 5 0 0 0 0 0 0 
17677 0 4 0 0 0 0 0 0 0 0 0 0 0 0 0 4 0 0 0 0 0 0 
17695 0 3 0 0 0 0 0 0 0 0 0 0 0 0 0 4 0 0 0 0 0 3 
17710 0 6.5 0 0 0 0 0 0 0 0 0 0 0 0 0 3 0 0 0 0 0 10 
17725 0 6 0 0 0 0 0 0 0 0 0 0 0 0 0 3 0 0 0 0 0 6 
17737 0 0 0 0 0 0 0 0 0 0 0 0 0 0 0 0 0 0 0 0 0 6 
17740 0 7 0 0 0 0 0 0 0 0 0 0 0 0 0 0 0 0 0 0 0 7 
17754 0 23 0 0 0 0 0 0 0 0 0 0 0 0 0 0 0 0 0 23 0 7 
17755 0 0 0 0 0 0 0 0 0 0 0 0 0 0 0 0 0 0 0 23 0 0 
17769 0 4 0 0 0 0 0 0 0 0 0 0 0 0 0 0 0 0 0 4 0 0 
17778 0 -7 0 0 0 0 0 -7 0 0 0 0 0 0 0 0 0 0 0 4 0 0 
17793 0 -20 0 0 0 0 0 -20 0 0 0 0 0 0 0 0 0 0 0 4 0 0 
17799 0 3 0 0 0 0 0 -20 0 0 0 0 0 0 0 0 0 0 0 3 0 0 
17808 0 -17 0 0 0 0 0 -17 0 0 0 0 0 0 0 0 0 0 0 3 0 0 
17814 0 5 0 0 0 0 0 -17 0 0 0 0 0 0 0 0 0 0 0 5 0 0 
17823 0 -11 0 0 0 0 0 -11 0 0 0 0 0 0 0 0 0 0 0 5 0 0 
17829 0 4 0 0 0 0 0 -11 0 0 0 0 0 0 0 0 0 0 0 4 0 0 
17838 0 -4 0 0 0 0 0 -4 0 0 0 0 0 0 0 0 0 0 0 4 0 0 
17859 0 3 0 0 0 0 0 -4 0 0 0 0 0 0 0 0 0 0 0 3 0 0 
17883 0 -3 0 0 0 0 0 -3 0 0 0 0 0 0 0 0 0 0 0 3 0 0 
17889 0 0 0 0 0 0 0 -3 0 0 0 0 0 0 0 0 0 0 0 0 0 0 
17898 0 -4 0 0 0 0 0 -4 0 0 0 0 0 0 0 0 0 0 0 0 0 0 
17928 0 -7 0 0 0 0 0 -7 0 0 0 0 0 0 0 0 0 0 0 0 0 0 
17943 0 -6 0 0 0 0 0 -6 0 0 0 0 0 0 0 0 0 0 0 0 0 0 
17958 0 -4 0 0 0 0 0 -4 0 0 0 0 0 0 0 0 0 0 0 0 0 0 
18003 0 -3 0 0 0 0 0 -3 0 0 0 0 0 0 0 0 0 0 0 0 0 0 
18018 0 -4 0 0 0 0 0 -4 0 0 0 0 0 0 0 0 0 0 0 0 0 0 
18063 0 -3 0 0 0 0 0 -3 0 0 0 0 0 0 0 0 0 0 0 0 0 0 
18078 0 -4 0 0 0 0 0 -4 0 0 0 0 0 0 0 0 0 0 0 0 0 0 
18093 0 -7 0 0 0 0 0 -7 0 0 0 0 0 0 0 0 0 0 0 0 0 0 
18123 0 -3 0 0 0 0 0 -3 0 0 0 0 0 0 0 0 0 0 0 0 0 0 
18138 0 -4 0 0 0 0 0 -4 0 0 0 0 0 0 0 0 0 0 0 0 0 0 
18157 0 2 0 0 0 0 0 -4 0 0 0 0 0 0 0 2 0 0 0 0 0 0 
18172 0 4 0 0 0 0 0 -4 0 0 0 0 0 0 0 4 0 0 0 0 0 0 
18183 0 -3 0 0 0 0 0 -3 0 0 0 0 0 0 0 4 0 0 0 0 0 0 
18187 0 3 0 0 0 0 0 -3 0 0 0 0 0 0 0 3 0 0 0 0 0 0 
18188 8 0 0 0 0 0 0 -3 0 0 0 0 0 0 0 3 8 0 0 0 0 0 
18198 0 -4 0 0 0 0 0 -4 0 0 0 0 0 0 0 3 8 0 0 0 0 0 
18202 0 4 0 0 0 0 0 -4 0 0 0 0 0 0 0 4 8 0 0 0 0 0 
18203 4 0 0 0 0 0 0 -4 0 0 0 0 0 0 0 4 4 0 0 0 0 0 
18213 0 -2 0 0 0 0 0 -2 0 0 0 0 0 0 0 4 4 0 0 0 0 0 
18218 6 0 0 0 0 0 0 -2 0 0 0 0 0 0 0 4 6 0 0 0 0 0 
18228 0 0 0 0 0 0 0 0 0 0 0 0 0 0 0 4 6 0 0 0 0 0 
18247 0 1.5 0 0 0 0 0 0 0 0 0 0 0 0 0 3 0 0 0 0 0 0 
18277 0 0 0 0 0 0 0 0 0 0 0 0 0 0 0 0 0 0 0 0 0 0 
18633 0 2 0 0 0 0 0 2 0 0 0 0 0 0 0 0 0 0 0 0 0 0 
18648 0 11 0 0 0 0 0 11 0 0 0 0 0 0 0 0 0 0 0 0 0 0 
18663 0 3 0 0 0 0 0 3 0 0 0 0 0 0 0 0 0 0 0 0 0 0 
18678 0 10 0 0 0 0 0 10 0 0 0 0 0 0 0 0 0 0 0 0 0 0 
18693 0 1 0 0 0 0 0 1 0 0 0 0 0 0 0 0 0 0 0 0 0 0 
18708 0 0 0 0 0 0 0 0 0 0 0 0 0 0 0 0 0 0 0 0 0 0 
18736 0 6 0 6 0 0 0 0 0 0 0 0 0 0 0 0 0 0 0 0 0 0 
18751 0 3 0 3 0 0 0 0 0 0 0 0 0 0 0 0 0 0 0 0 0 0 
18766 0 12 0 12 0 0 0 0 0 0 0 0 0 0 0 0 0 0 0 0 0 0 
18781 0 7 0 7 0 0 0 0 0 0 0 0 0 0 0 0 0 0 0 0 0 0 
18796 0 8 0 8 0 0 0 0 0 0 0 0 0 0 0 0 0 0 0 0 0 0 
18811 0 5 0 5 0 0 0 0 0 0 0 0 0 0 0 0 0 0 0 0 0 0 
18826 0 14 0 14 0 0 0 0 0 0 0 0 0 0 0 0 0 0 0 0 0 0 
18841 0 2 0 2 0 0 0 0 0 0 0 0 0 0 0 0 0 0 0 0 0 0 
18850 0 3 0 2 0 0 0 0 0 0 0 0 0 0 0 0 0 0 0 0 0 3 
18856 0 4 0 4 0 0 0 0 0 0 0 0 0 0 0 0 0 0 0 0 0 3 
18871 0 3.5 0 3 0 0 0 0 0 0 0 0 0 0 0 0 0 0 0 0 0 4 
18880 0 15 0 3 0 0 0 0 0 0 0 0 0 0 0 0 0 0 0 0 0 15 
18886 0 6 0 6 0 0 0 0 0 0 0 0 0 0 0 0 0 0 0 0 0 15 
18895 0 4 0 6 0 0 0 0 0 0 0 0 0 0 0 0 0 0 0 0 0 4 
18910 0 5 0 6 0 0 0 0 0 0 0 0 0 0 0 0 0 0 0 0 0 5 
18916 0 0 0 0 0 0 0 0 0 0 0 0 0 0 0 0 0 0 0 0 0 5 
18925 0 4 0 0 0 0 0 0 0 0 0 0 0 0 0 0 0 0 0 0 0 4 
18931 0 3 0 3 0 0 0 0 0 0 0 0 0 0 0 0 0 0 0 0 0 4 
18946 0 4 0 4 0 0 0 0 0 0 0 0 0 0 0 0 0 0 0 0 0 4 
18955 0 0 0 4 0 0 0 0 0 0 0 0 0 0 0 0 0 0 0 0 0 0 
18961 0 6 0 6 0 0 0 0 0 0 0 0 0 0 0 0 0 0 0 0 0 0 
18976 0 4 0 4 0 0 0 0 0 0 0 0 0 0 0 0 0 0 0 0 0 0 
18991 0 3 0 3 0 0 0 0 0 0 0 0 0 0 0 0 0 0 0 0 0 0 
19006 0 0 0 0 0 0 0 0 0 0 0 0 0 0 0 0 0 0 0 0 0 0 
19324 7 0 0 0 0 0 0 0 7 0 0 0 0 0 0 0 0 0 0 0 0 0 
19339 5 0 0 0 0 0 0 0 5 0 0 0 0 0 0 0 0 0 0 0 0 0 
19354 4 0 0 0 0 0 0 0 4 0 0 0 0 0 0 0 0 0 0 0 0 0 
19369 0 0 0 0 0 0 0 0 0 0 0 0 0 0 0 0 0 0 0 0 0 0 
19726 0 2 0 2 0 0 0 0 0 0 0 0 0 0 0 0 0 0 0 0 0 0 
19741 0 4 0 4 0 0 0 0 0 0 0 0 0 0 0 0 0 0 0 0 0 0 
19771 0 3 0 3 0 0 0 0 0 0 0 0 0 0 0 0 0 0 0 0 0 0 
19786 0 4 0 4 0 0 0 0 0 0 0 0 0 0 0 0 0 0 0 0 0 0 
19831 0 3 0 3 0 0 0 0 0 0 0 0 0 0 0 0 0 0 0 0 0 0 
19846 0 2 0 2 0 0 0 0 0 0 0 0 0 0 0 0 0 0 0 0 0 0 
19861 0 0 0 0 0 0 0 0 0 0 0 0 0 0 0 0 0 0 0 0 0 0 
20056 0 4 0 4 0 0 0 0 0 0 0 0 0 0 0 0 0 0 0 0 0 0 
20071 0 3 0 3 0 0 0 0 0 0 0 0 0 0 0 0 0 0 0 0 0 0 
20086 0 4 0 4 0 0 0 0 0 0 0 0 0 0 0 0 0 0 0 0 0 0 
20102 7 0 0 4 7 0 0 0 0 0 0 0 0 0 0 0 0 0 0 0 0 0 
20117 -3 0 0 4 -3 0 0 0 0 0 0 0 0 0 0 0 0 0 0 0 0 0 
20131 0 3 0 3 -3 0 0 0 0 0 0 0 0 0 0 0 0 0 0 0 0 0 
20132 -4 0 0 3 -4 0 0 0 0 0 0 0 0 0 0 0 0 0 0 0 0 0 
20146 0 4 0 4 -4 0 0 0 0 0 0 0 0 0 0 0 0 0 0 0 0 0 
20147 0 0 0 4 0 0 0 0 0 0 0 0 0 0 0 0 0 0 0 0 0 0 
20176 0 3 0 3 0 0 0 0 0 0 0 0 0 0 0 0 0 0 0 0 0 0 
20191 0 0 0 0 0 0 0 0 0 0 0 0 0 0 0 0 0 0 0 0 0 0 
20537 0 6 0 0 0 6 0 0 0 0 0 0 0 0 0 0 0 0 0 0 0 0 
20552 0 4 0 0 0 4 0 0 0 0 0 0 0 0 0 0 0 0 0 0 0 0 
20567 0 11 0 0 0 11 0 0 0 0 0 0 0 0 0 0 0 0 0 0 0 0 
20582 0 7 0 0 0 7 0 0 0 0 0 0 0 0 0 0 0 0 0 0 0 0 
20597 0 8 0 0 0 8 0 0 0 0 0 0 0 0 0 0 0 0 0 0 0 0 
20627 0 11 0 0 0 11 0 0 0 0 0 0 0 0 0 0 0 0 0 0 0 0 
20642 0 2 0 0 0 2 0 0 0 0 0 0 0 0 0 0 0 0 0 0 0 0 
20657 0 4 0 0 0 4 0 0 0 0 0 0 0 0 0 0 0 0 0 0 0 0 
20687 0 5 0 0 0 5 0 0 0 0 0 0 0 0 0 0 0 0 0 0 0 0 
20702 0 6 0 0 0 6 0 0 0 0 0 0 0 0 0 0 0 0 0 0 0 0 
20717 0 0 0 0 0 0 0 0 0 0 0 0 0 0 0 0 0 0 0 0 0 0 
20732 0 4 0 0 0 4 0 0 0 0 0 0 0 0 0 0 0 0 0 0 0 0 
20747 0 3 0 0 0 3 0 0 0 0 0 0 0 0 0 0 0 0 0 0 0 0 
20748 0 1 0 0 0 3 0 1 0 0 0 0 0 0 0 0 0 0 0 0 0 0 
20762 0 6 0 0 0 6 0 1 0 0 0 0 0 0 0 0 0 0 0 0 0 0 
20763 0 4 0 0 0 6 0 4 0 0 0 0 0 0 0 0 0 0 0 0 0 0 
20792 0 3 0 0 0 3 0 4 0 0 0 0 0 0 0 0 0 0 0 0 0 0 
20793 0 -3 0 0 0 3 0 -3 0 0 0 0 0 0 0 0 0 0 0 0 0 0 
20807 0 0 0 0 0 0 0 -3 0 0 0 0 0 0 0 0 0 0 0 0 0 0 
20883 0 1 0 0 0 0 0 1 0 0 0 0 0 0 0 0 0 0 0 0 0 0 
20898 0 4 0 0 0 0 0 4 0 0 0 0 0 0 0 0 0 0 0 0 0 0 
20943 0 3 0 0 0 0 0 3 0 0 0 0 0 0 0 0 0 0 0 0 0 0 
20958 0 4 0 0 0 0 0 4 0 0 0 0 0 0 0 0 0 0 0 0 0 0 
20973 0 1 0 0 0 0 0 1 0 0 0 0 0 0 0 0 0 0 0 0 0 0 
20988 0 0 0 0 0 0 0 0 0 0 0 0 0 0 0 0 0 0 0 0 0 0 
21001 0 1 0 1 0 0 0 0 0 0 0 0 0 0 0 0 0 0 0 0 0 0 
21016 0 4 0 4 0 0 0 0 0 0 0 0 0 0 0 0 0 0 0 0 0 0 
21031 0 3.5 0 3 0 4 0 0 0 0 0 0 0 0 0 0 0 0 0 0 0 0 
21046 0 4 0 4 0 4 0 0 0 0 0 0 0 0 0 0 0 0 0 0 0 0 
21047 0 3 0 4 0 3 0 0 0 0 0 0 0 0 0 0 0 0 0 0 0 0 
21061 0 15 0 15 0 3 0 0 0 0 0 0 0 0 0 0 0 0 0 0 0 0 
21062 0 21 0 15 0 21 0 0 0 0 0 0 0 0 0 0 0 0 0 0 0 0 
21076 0 4 0 4 0 21 0 0 0 0 0 0 0 0 0 0 0 0 0 0 0 0 
21077 0 2 0 4 0 2 0 0 0 0 0 0 0 0 0 0 0 0 0 0 0 0 
21091 0 3 0 3 0 2 0 0 0 0 0 0 0 0 0 0 0 0 0 0 0 0 
21092 0 4 0 3 0 4 0 0 0 0 0 0 0 0 0 0 0 0 0 0 0 0 
21106 0 2 0 2 0 4 0 0 0 0 0 0 0 0 0 0 0 0 0 0 0 0 
21107 0 3 0 2 0 3 0 0 0 0 0 0 0 0 0 0 0 0 0 0 0 0 
21121 0 0 0 0 0 3 0 0 0 0 0 0 0 0 0 0 0 0 0 0 0 0 
21122 0 4 0 0 0 4 0 0 0 0 0 0 0 0 0 0 0 0 0 0 0 0 
21152 0 1 0 0 0 1 0 0 0 0 0 0 0 0 0 0 0 0 0 0 0 0 
21167 0 0 0 0 0 0 0 0 0 0 0 0 0 0 0 0 0 0 0 0 0 0 
21302 0 1 0 0 0 1 0 0 0 0 0 0 0 0 0 0 0 0 0 0 0 0 
21317 0 4 0 0 0 4 0 0 0 0 0 0 0 0 0 0 0 0 0 0 0 0 
21347 0 3 0 0 0 3 0 0 0 0 0 0 0 0 0 0 0 0 0 0 0 0 
21362 0 4 0 0 0 4 0 0 0 0 0 0 0 0 0 0 0 0 0 0 0 0 
21377 0 3 0 0 0 3 0 0 0 0 0 0 0 0 0 0 0 0 0 0 0 0 
21392 0 0 0 0 0 0 0 0 0 0 0 0 0 0 0 0 0 0 0 0 0 0 
21921 0 9 0 0 0 0 0 0 0 0 0 0 0 9 0 0 0 0 0 0 0 0 
21936 0 12 0 0 0 0 0 0 0 0 0 0 0 12 0 0 0 0 0 0 0 0 
21951 0 7 0 0 0 0 0 0 0 0 0 0 0 7 0 0 0 0 0 0 0 0 
21964 4 0 0 0 0 0 0 0 4 0 0 0 0 7 0 0 0 0 0 0 0 0 
21979 6 0 0 0 0 0 0 0 6 0 0 0 0 7 0 0 0 0 0 0 0 0 
21981 0 6 0 0 0 0 0 0 6 0 0 0 0 6 0 0 0 0 0 0 0 0 
21992 1 0 0 0 1 0 0 0 6 0 0 0 0 6 0 0 0 0 0 0 0 0 
21994 7 0 0 0 1 0 0 0 7 0 0 0 0 6 0 0 0 0 0 0 0 0 
21996 0 14 0 0 1 0 0 0 7 0 0 0 0 14 0 0 0 0 0 0 0 0 
22007 0 0 0 0 0 0 0 0 7 0 0 0 0 14 0 0 0 0 0 0 0 0 
22009 8 0 0 0 0 0 0 0 8 0 0 0 0 14 0 0 0 0 0 0 0 0 
22011 0 1 0 0 0 0 0 0 8 0 0 0 0 1 0 0 0 0 0 0 0 0 
22026 0 4 0 0 0 0 0 0 8 0 0 0 0 4 0 0 0 0 0 0 0 0 
22039 6 0 0 0 0 0 0 0 6 0 0 0 0 4 0 0 0 0 0 0 0 0 
22054 0 0 0 0 0 0 0 0 0 0 0 0 0 4 0 0 0 0 0 0 0 0 
22056 0 6 0 0 0 0 0 0 0 0 0 0 0 6 0 0 0 0 0 0 0 0 
22071 0 3 0 0 0 0 0 0 0 0 0 0 0 3 0 0 0 0 0 0 0 0 
22116 0 4 0 0 0 0 0 0 0 0 0 0 0 4 0 0 0 0 0 0 0 0 
22131 0 5 0 0 0 0 0 0 0 0 0 0 0 5 0 0 0 0 0 0 0 0 
22146 0 4 0 0 0 0 0 0 0 0 0 0 0 4 0 0 0 0 0 0 0 0 
22176 0 0 0 0 0 0 0 0 0 0 0 0 0 0 0 0 0 0 0 0 0 0 
22204 9 0 0 0 0 0 0 0 9 0 0 0 0 0 0 0 0 0 0 0 0 0 
22219 7 0 0 0 0 0 0 0 7 0 0 0 0 0 0 0 0 0 0 0 0 0 
22234 8 0 0 0 0 0 0 0 8 0 0 0 0 0 0 0 0 0 0 0 0 0 
22249 6 0 0 0 0 0 0 0 6 0 0 0 0 0 0 0 0 0 0 0 0 0 
22264 0 0 0 0 0 0 0 0 0 0 0 0 0 0 0 0 0 0 0 0 0 0 
22749 0 8 0 0 0 0 0 0 0 0 0 0 0 0 0 0 0 0 0 8 0 0 
22779 0 11 0 0 0 0 0 0 0 0 0 0 0 0 0 0 0 0 0 11 0 0 
22794 0 7 0 0 0 0 0 0 0 0 0 0 0 0 0 0 0 0 0 7 0 0 
22809 0 4 0 0 0 0 0 0 0 0 0 0 0 0 0 0 0 0 0 4 0 0 
22824 0 16 0 0 0 0 0 0 0 0 0 0 0 0 0 0 0 0 0 16 0 0 
22839 0 2 0 0 0 0 0 0 0 0 0 0 0 0 0 0 0 0 0 2 0 0 
22854 0 3 0 0 0 0 0 0 0 0 0 0 0 0 0 0 0 0 0 3 0 0 
22869 0 4 0 0 0 0 0 0 0 0 0 0 0 0 0 0 0 0 0 4 0 0 
22884 0 6 0 0 0 0 0 0 0 0 0 0 0 0 0 0 0 0 0 6 0 0 
22899 0 3 0 0 0 0 0 0 0 0 0 0 0 0 0 0 0 0 0 3 0 0 
22914 0 4 0 0 0 0 0 0 0 0 0 0 0 0 0 0 0 0 0 4 0 0 
22929 0 2 0 0 0 0 0 0 0 0 0 0 0 0 0 0 0 0 0 2 0 0 
22944 0 4 0 0 0 0 0 0 0 0 0 0 0 0 0 0 0 0 0 4 0 0 
22959 0 3 0 0 0 0 0 0 0 0 0 0 0 0 0 0 0 0 0 3 0 0 
22974 0 6 0 0 0 0 0 0 0 0 0 0 0 0 0 0 0 0 0 6 0 0 
22989 0 5 0 0 0 0 0 0 0 0 0 0 0 0 0 0 0 0 0 5 0 0 
23004 0 0 0 0 0 0 0 0 0 0 0 0 0 0 0 0 0 0 0 0 0 0 
23152 0 7 0 0 0 0 0 0 0 0 0 0 0 0 0 7 0 0 0 0 0 0 
23182 0 12 0 0 0 0 0 0 0 0 0 0 0 0 0 12 0 0 0 0 0 0 
23197 0 2 0 0 0 0 0 0 0 0 0 0 0 0 0 2 0 0 0 0 0 0 
23212 0 0 0 0 0 0 0 0 0 0 0 0 0 0 0 0 0 0 0 0 0 0 
23709 0 3 0 0 0 0 0 0 0 0 0 0 0 0 0 0 0 0 0 3 0 0 
23724 0 4 0 0 0 0 0 0 0 0 0 0 0 0 0 0 0 0 0 4 0 0 
23739 0 3 0 0 0 0 0 0 0 0 0 0 0 0 0 0 0 0 0 3 0 0 
23754 0 4 0 0 0 0 0 0 0 0 0 0 0 0 0 0 0 0 0 4 0 0 
23784 0 15 0 0 0 0 0 0 0 0 0 0 0 0 0 0 0 0 0 15 0 0 
23799 0 4 0 0 0 0 0 0 0 0 0 0 0 0 0 0 0 0 0 4 0 0 
23814 0 2 0 0 0 0 0 0 0 0 0 0 0 0 0 0 0 0 0 2 0 0 
23815 4 0 0 0 0 0 0 0 0 0 0 0 0 0 0 0 0 0 0 2 4 0 
23829 0 0 0 0 0 0 0 0 0 0 0 0 0 0 0 0 0 0 0 0 4 0 
23830 6 0 0 0 0 0 0 0 0 0 0 0 0 0 0 0 0 0 0 0 6 0 
23860 0 0 0 0 0 0 0 0 0 0 0 0 0 0 0 0 0 0 0 0 0 0 
23917 0 1 0 0 0 0 0 0 0 0 0 0 0 0 0 1 0 0 0 0 0 0 
23932 0 4 0 0 0 0 0 0 0 0 0 0 0 0 0 4 0 0 0 0 0 0 
23947 0 3 0 0 0 0 0 0 0 0 0 0 0 0 0 3 0 0 0 0 0 0 
23962 0 5 0 0 0 0 0 0 0 0 0 0 0 0 0 5 0 0 0 0 0 0 
23977 0 4 0 0 0 0 0 0 0 0 0 0 0 0 0 4 0 0 0 0 0 0 
24007 0 3 0 0 0 0 0 0 0 0 0 0 0 0 0 3 0 0 0 0 0 0 
24020 0 1 0 0 0 0 0 0 0 0 0 1 0 0 0 3 0 0 0 0 0 0 
24022 0 4 0 0 0 0 0 0 0 0 0 1 0 0 0 4 0 0 0 0 0 0 
24035 0 0 0 0 0 0 0 0 0 0 0 0 0 0 0 4 0 0 0 0 0 0 
24052 0 16 0 0 0 0 0 0 0 0 0 0 0 0 0 16 0 0 0 0 0 0 
24067 0 3 0 0 0 0 0 0 0 0 0 0 0 0 0 3 0 0 0 0 0 0 
24082 0 4 0 0 0 0 0 0 0 0 0 0 0 0 0 4 0 0 0 0 0 0 
24097 0 1 0 0 0 0 0 0 0 0 0 0 0 0 0 1 0 0 0 0 0 0 
24112 0 0 0 0 0 0 0 0 0 0 0 0 0 0 0 0 0 0 0 0 0 0 
24605 0 1 0 0 0 0 0 0 0 0 0 1 0 0 0 0 0 0 0 0 0 0 
24620 0 19 0 0 0 0 0 0 0 0 0 19 0 0 0 0 0 0 0 0 0 0 
24635 0 26 0 0 0 0 0 0 0 0 0 26 0 0 0 0 0 0 0 0 0 0 
24650 0 4 0 0 0 0 0 0 0 0 0 4 0 0 0 0 0 0 0 0 0 0 
24665 0 -3 0 0 0 0 0 0 0 0 0 -3 0 0 0 0 0 0 0 0 0 0 
24680 0 0 0 0 0 0 0 0 0 0 0 0 0 0 0 0 0 0 0 0 0 0 
25074 0 2 0 0 0 0 0 0 0 0 0 0 0 0 0 0 0 0 0 2 0 0 
25089 0 5 0 0 0 0 0 0 0 0 0 0 0 0 0 0 0 0 0 5 0 0 
25104 0 4 0 0 0 0 0 0 0 0 0 0 0 0 0 0 0 0 0 4 0 0 
25119 0 3 0 0 0 0 0 0 0 0 0 0 0 0 0 0 0 0 0 3 0 0 
25134 0 4 0 0 0 0 0 0 0 0 0 0 0 0 0 0 0 0 0 4 0 0 
25161 0 1 0 0 0 0 0 0 0 0 0 0 0 1 0 0 0 0 0 4 0 0 
25176 0 5 0 0 0 0 0 0 0 0 0 0 0 5 0 0 0 0 0 4 0 0 
25179 0 34 0 0 0 0 0 0 0 0 0 0 0 5 0 0 0 0 0 34 0 0 
25191 0 3 0 0 0 0 0 0 0 0 0 0 0 3 0 0 0 0 0 34 0 0 
25194 0 4 0 0 0 0 0 0 0 0 0 0 0 3 0 0 0 0 0 4 0 0 
25209 0 2.5 0 0 0 0 0 0 0 0 0 0 0 4 0 0 0 0 0 1 0 0 
25224 0 0 0 0 0 0 0 0 0 0 0 0 0 4 0 0 0 0 0 0 0 0 
25251 0 3 0 0 0 0 0 0 0 0 0 0 0 3 0 0 0 0 0 0 0 0 
25266 0 5 0 0 0 0 0 0 0 0 0 0 0 5 0 0 0 0 0 0 0 0 
25281 0 0 0 0 0 0 0 0 0 0 0 0 0 0 0 0 0 0 0 0 0 0 
25539 0 2 0 0 0 0 0 0 0 0 0 0 0 0 0 0 0 0 0 2 0 0 
25554 0 4 0 0 0 0 0 0 0 0 0 0 0 0 0 0 0 0 0 4 0 0 
25584 0 31 0 0 0 0 0 0 0 0 0 0 0 0 0 0 0 0 0 31 0 0 
25599 0 3 0 0 0 0 0 0 0 0 0 0 0 0 0 0 0 0 0 3 0 0 
25614 0 2 0 0 0 0 0 0 0 0 0 0 0 0 0 0 0 0 0 2 0 0 
25629 0 0 0 0 0 0 0 0 0 0 0 0 0 0 0 0 0 0 0 0 0 0 
25658 2 0 0 0 0 0 0 0 0 0 0 0 0 0 0 0 2 0 0 0 0 0 
25673 8 0 0 0 0 0 0 0 0 0 0 0 0 0 0 0 8 0 0 0 0 0 
25703 6 0 0 0 0 0 0 0 0 0 0 0 0 0 0 0 6 0 0 0 0 0 
25718 8 0 0 0 0 0 0 0 0 0 0 0 0 0 0 0 8 0 0 0 0 0 
25808 27 0 0 0 0 0 0 0 0 0 0 0 0 0 0 0 27 0 0 0 0 0 
25823 6 0 0 0 0 0 0 0 0 0 0 0 0 0 0 0 6 0 0 0 0 0 
25838 8 0 0 0 0 0 0 0 0 0 0 0 0 0 0 0 8 0 0 0 0 0 
25848 0 8 0 0 0 0 0 8 0 0 0 0 0 0 0 0 8 0 0 0 0 0 
25863 0 5 0 0 0 0 0 5 0 0 0 0 0 0 0 0 8 0 0 0 0 0 
25878 0 14 0 0 0 0 0 14 0 0 0 0 0 0 0 0 8 0 0 0 0 0 
25883 6 0 0 0 0 0 0 14 0 0 0 0 0 0 0 0 6 0 0 0 0 0 
25893 0 1 0 0 0 0 0 1 0 0 0 0 0 0 0 0 6 0 0 0 0 0 
25898 8 0 0 0 0 0 0 1 0 0 0 0 0 0 0 0 8 0 0 0 0 0 
25908 0 6 0 0 0 0 0 6 0 0 0 0 0 0 0 0 8 0 0 0 0 0 
25923 0 3 0 0 0 0 0 3 0 0 0 0 0 0 0 0 8 0 0 0 0 0 
25938 0 12 0 0 0 0 0 12 0 0 0 0 0 0 0 0 8 0 0 0 0 0 
25943 6 0 0 0 0 0 0 12 0 0 0 0 0 0 0 0 6 0 0 0 0 0 
25953 0 7 0 0 0 0 0 7 0 0 0 0 0 0 0 0 6 0 0 0 0 0 
25958 10 0 0 0 0 0 0 7 0 0 0 0 0 0 0 0 10 0 0 0 0 0 
25968 0 3 0 0 0 0 0 3 0 0 0 0 0 0 0 0 10 0 0 0 0 0 
25973 8 0 0 0 0 0 0 3 0 0 0 0 0 0 0 0 8 0 0 0 0 0 
25983 0 4 0 0 0 0 0 4 0 0 0 0 0 0 0 0 8 0 0 0 0 0 
25998 0 6 0 0 0 0 0 6 0 0 0 0 0 0 0 0 8 0 0 0 0 0 
26003 7 0 0 0 0 0 0 6 0 0 0 0 0 0 0 0 7 0 0 0 0 0 
26013 0 4 0 0 0 0 0 4 0 0 0 0 0 0 0 0 7 0 0 0 0 0 
26018 5 0 0 0 0 0 0 4 0 0 0 0 0 0 0 0 5 0 0 0 0 0 
26033 0 0 0 0 0 0 0 4 0 0 0 0 0 0 0 0 0 0 0 0 0 0 
26043 0 1 0 0 0 0 0 1 0 0 0 0 0 0 0 0 0 0 0 0 0 0 
26058 0 4 0 0 0 0 0 4 0 0 0 0 0 0 0 0 0 0 0 0 0 0 
26088 0 6 0 0 0 0 0 6 0 0 0 0 0 0 0 0 0 0 0 0 0 0 
26103 0 5 0 0 0 0 0 5 0 0 0 0 0 0 0 0 0 0 0 0 0 0 
26118 0 0 0 0 0 0 0 0 0 0 0 0 0 0 0 0 0 0 0 0 0 0 
26181 0 4 0 0 0 0 0 0 0 0 0 0 0 4 0 0 0 0 0 0 0 0 
26211 0 14 0 0 0 0 0 0 0 0 0 0 0 14 0 0 0 0 0 0 0 0 
26226 0 4 0 0 0 0 0 0 0 0 0 0 0 4 0 0 0 0 0 0 0 0 
26252 2 0 0 0 2 0 0 0 0 0 0 0 0 4 0 0 0 0 0 0 0 0 
26267 5 0 0 0 5 0 0 0 0 0 0 0 0 4 0 0 0 0 0 0 0 0 
26271 0 1 0 0 5 0 0 0 0 0 0 0 0 1 0 0 0 0 0 0 0 0 
26282 7 0 0 0 7 0 0 0 0 0 0 0 0 1 0 0 0 0 0 0 0 0 
26286 0 0 0 0 7 0 0 0 0 0 0 0 0 0 0 0 0 0 0 0 0 0 
26297 2 0 0 0 2 0 0 0 0 0 0 0 0 0 0 0 0 0 0 0 0 0 
26312 0 0 0 0 0 0 0 0 0 0 0 0 0 0 0 0 0 0 0 0 0 0 
26942 4 0 0 0 4 0 0 0 0 0 0 0 0 0 0 0 0 0 0 0 0 0 
26957 9 0 0 0 9 0 0 0 0 0 0 0 0 0 0 0 0 0 0 0 0 0 
26961 1 0 0 0 9 0 0 0 0 0 0 0 1 0 0 0 0 0 0 0 0 0 
26972 6 0 0 0 6 0 0 0 0 0 0 0 1 0 0 0 0 0 0 0 0 0 
26991 0 0 0 0 6 0 0 0 0 0 0 0 0 0 0 0 0 0 0 0 0 0 
