# ValueCount deltaRailways
10 0 0 0 0 0 0 0 0 0 0 0 0 0 0 0 0 0 0 0 0 0 0 
123 1 8 1 0 1 0 1 8 1 0 1 0 1 0 1 0 1 0 1 0 1 0 
128 2 9 2 0 2 0 2 8 2 0 2 0 2 0 2 0 2 9 2 0 2 0 
129 3 8 3 0 3 0 3 8 3 0 3 0 3 0 3 0 3 9 3 8 3 0 
137 4 6 4 0 4 6 4 8 4 0 4 0 4 0 4 0 4 9 4 8 4 0 
143 5 7 5 0 5 6 5 8 5 0 5 0 5 0 5 0 5 7 5 8 5 0 
144 6 10 6 0 6 6 6 8 6 0 6 0 6 0 6 0 6 7 6 10 6 0 
152 7 4 7 0 7 4 7 8 7 0 7 0 7 0 7 0 7 7 7 10 7 0 
153 8 12 8 0 8 4 8 12 8 0 8 0 8 0 8 0 8 7 8 10 8 0 
159 9 11.5 9 0 9 4 9 12 9 0 9 0 9 0 9 0 9 12 9 11 9 0 
167 10 11 10 0 10 11 10 12 10 0 10 0 10 0 10 0 10 12 10 11 10 0 
168 11 7 11 0 11 11 11 7 11 0 11 0 11 0 11 0 11 12 11 11 11 0 
183 12 6 12 0 12 7 12 3 12 0 12 0 12 0 12 0 12 7 12 7 12 0 
189 13 5 13 0 13 7 13 3 13 0 13 0 13 0 13 0 13 6 13 4 13 0 
197 14 0 14 0 14 0 14 3 14 0 14 0 14 0 14 0 14 6 14 4 14 0 
198 15 16 15 0 15 0 15 16 15 0 15 0 15 0 15 0 15 6 15 4 15 0 
203 16 13 16 0 16 0 16 16 16 0 16 0 16 0 16 0 16 13 16 4 16 0 
204 17 16 17 0 17 0 17 16 17 0 17 0 17 0 17 0 17 13 17 16 17 0 
212 18 8 18 0 18 8 18 16 18 0 18 0 18 0 18 0 18 13 18 16 18 0 
213 19 2 19 0 19 8 19 2 19 0 19 0 19 0 19 0 19 13 19 16 19 0 
227 20 3 20 0 20 5 20 2 20 0 20 0 20 0 20 0 20 2 20 2 20 0 
228 21 4 21 0 21 5 21 4 21 0 21 0 21 0 21 0 21 2 21 2 21 0 
234 22 3.5 22 0 22 5 22 4 22 0 22 0 22 0 22 0 22 4 22 3 22 0 
242 23 14 23 0 23 14 23 4 23 0 23 0 23 0 23 0 23 4 23 3 23 0 
243 24 3 24 0 24 14 24 3 24 0 24 0 24 0 24 0 24 4 24 3 24 0 
249 25 4 25 0 25 14 25 3 25 0 25 0 25 0 25 0 25 4 25 4 25 0 
257 26 2 26 0 26 2 26 3 26 0 26 0 26 0 26 0 26 4 26 4 26 0 
258 27 6 27 0 27 2 27 6 27 0 27 0 27 0 27 0 27 4 27 4 27 0 
263 28 5 28 0 28 2 28 6 28 0 28 0 28 0 28 0 28 5 28 4 28 0 
264 29 6 29 0 29 2 29 6 29 0 29 0 29 0 29 0 29 5 29 6 29 0 
272 30 4 30 0 30 4 30 6 30 0 30 0 30 0 30 0 30 5 30 6 30 0 
279 31 3.66667 31 0 31 4 31 4 31 0 31 0 31 0 31 0 31 4 31 3 31 0 
287 32 3 32 0 32 3 32 4 32 0 32 0 32 0 32 0 32 4 32 3 32 0 
294 33 3.33333 33 0 33 3 33 3 33 0 33 0 33 0 33 0 33 3 33 4 33 0 
302 34 6 34 0 34 6 34 3 34 0 34 0 34 0 34 0 34 3 34 4 34 0 
303 35 2 35 0 35 6 35 2 35 0 35 0 35 0 35 0 35 3 35 4 35 0 
318 36 3 36 0 36 6 36 4 36 0 36 0 36 0 36 0 36 3 36 2 36 0 
324 37 4 37 0 37 6 37 4 37 0 37 0 37 0 37 0 37 3 37 4 37 0 
332 38 0 38 0 38 0 38 4 38 0 38 0 38 0 38 0 38 3 38 4 38 0 
333 39 6 39 0 39 0 39 6 39 0 39 0 39 0 39 0 39 3 39 4 39 0 
339 40 4.5 40 0 40 0 40 6 40 0 40 0 40 0 40 0 40 6 40 3 40 0 
347 41 3 41 0 41 3 41 6 41 0 41 0 41 0 41 0 41 6 41 3 41 0 
348 42 4 42 0 42 3 42 4 42 0 42 0 42 0 42 0 42 6 42 3 42 0 
354 43 5 43 0 43 3 43 4 43 0 43 0 43 0 43 0 43 4 43 6 43 0 
362 44 4 44 0 44 4 44 4 44 0 44 0 44 0 44 0 44 4 44 6 44 0 
369 45 5 45 0 45 4 45 4 45 0 45 0 45 0 45 0 45 4 45 5 45 0 
377 46 6 46 0 46 6 46 4 46 0 46 0 46 0 46 0 46 4 46 5 46 0 
378 47 0 47 0 47 6 47 0 47 0 47 0 47 0 47 0 47 4 47 5 47 0 
392 48 1.33333 48 0 48 4 48 0 48 0 48 0 48 0 48 0 48 0 48 0 48 0 
407 49 3 49 0 49 3 49 0 49 0 49 0 49 0 49 0 49 0 49 0 49 0 
422 50 0 50 0 50 0 50 0 50 0 50 0 50 0 50 0 50 0 50 0 50 0 
467 51 3 51 0 51 3 51 0 51 0 51 0 51 0 51 0 51 0 51 0 51 0 
482 52 4 52 0 52 4 52 0 52 0 52 0 52 0 52 0 52 0 52 0 52 0 
518 53 1 53 0 53 4 53 0 53 0 53 0 53 0 53 0 53 1 53 0 53 0 
527 54 3 54 0 54 3 54 0 54 0 54 0 54 0 54 0 54 1 54 0 54 0 
533 55 4 55 0 55 3 55 0 55 0 55 0 55 0 55 0 55 4 55 0 55 0 
557 56 1 56 0 56 1 56 0 56 0 56 0 56 0 56 0 56 4 56 0 56 0 
563 57 3 57 0 57 1 57 0 57 0 57 0 57 0 57 0 57 3 57 0 57 0 
565 58 7 58 0 58 1 58 0 58 0 58 0 58 0 58 0 58 3 58 0 58 7 
572 59 0 59 0 59 0 59 0 59 0 59 0 59 0 59 0 59 3 59 0 59 7 
573 60 3 60 0 60 0 60 3 60 0 60 0 60 0 60 0 60 3 60 0 60 7 
578 61 1 61 0 61 0 61 3 61 0 61 0 61 0 61 0 61 1 61 0 61 7 
580 62 6 62 0 62 0 62 3 62 0 62 0 62 0 62 0 62 1 62 0 62 6 
588 63 4 63 0 63 0 63 4 63 0 63 0 63 0 63 0 63 1 63 0 63 6 
593 64 0 64 0 64 0 64 4 64 0 64 0 64 0 64 0 64 0 64 0 64 6 
595 65 13 65 0 65 0 65 4 65 0 65 0 65 0 65 0 65 0 65 0 65 13 
603 66 3 66 0 66 0 66 3 66 0 66 0 66 0 66 0 66 0 66 0 66 13 
610 67 2.5 67 0 67 0 67 3 67 0 67 0 67 0 67 0 67 3 67 0 67 2 
618 68 4 68 0 68 0 68 4 68 0 68 0 68 0 68 0 68 3 68 0 68 2 
625 69 9 69 0 69 0 69 4 69 0 69 0 69 0 69 0 69 3 69 0 69 9 
638 70 4 70 0 70 0 70 4 70 0 70 0 70 0 70 0 70 4 70 0 70 9 
640 71 12 71 0 71 0 71 4 71 0 71 0 71 0 71 0 71 4 71 0 71 12 
655 72 7 72 0 72 0 72 4 72 0 72 0 72 0 72 0 72 4 72 0 72 7 
663 73 0 73 0 73 0 73 0 73 0 73 0 73 0 73 0 73 4 73 0 73 7 
668 74 2 74 0 74 0 74 0 74 0 74 0 74 0 74 0 74 2 74 0 74 7 
683 75 1 75 0 75 0 75 0 75 0 75 0 75 0 75 0 75 0 75 0 75 2 
685 76 4 76 0 76 0 76 0 76 0 76 0 76 0 76 0 76 0 76 0 76 4 
700 77 6 77 0 77 0 77 0 77 0 77 0 77 0 77 0 77 0 77 0 77 6 
715 78 3 78 0 78 0 78 0 78 0 78 0 78 0 78 0 78 0 78 0 78 3 
730 79 5 79 0 79 0 79 0 79 0 79 0 79 0 79 0 79 0 79 0 79 5 
745 80 1 80 0 80 0 80 0 80 0 80 0 80 0 80 0 80 0 80 0 80 1 
752 81 4 81 0 81 4 81 0 81 0 81 0 81 0 81 0 81 0 81 0 81 1 
767 82 3.5 82 0 82 3 82 0 82 0 82 0 82 0 82 0 82 0 82 0 82 4 
775 83 3 83 0 83 3 83 0 83 0 83 0 83 0 83 0 83 0 83 0 83 3 
782 84 4 84 0 84 4 84 0 84 0 84 0 84 0 84 0 84 0 84 0 84 3 
790 85 6 85 0 85 4 85 0 85 0 85 0 85 0 85 0 85 0 85 0 85 6 
804 86 3 86 0 86 4 86 0 86 0 86 0 86 0 86 0 86 0 86 3 86 6 
820 87 0 87 0 87 4 87 0 87 0 87 0 87 0 87 0 87 0 87 3 87 0 
827 88 3 88 0 88 3 88 0 88 0 88 0 88 0 88 0 88 0 88 3 88 0 
834 89 3.5 89 0 89 3 89 0 89 0 89 0 89 0 89 0 89 3 89 4 89 0 
842 90 6 90 0 90 6 90 0 90 0 90 0 90 0 90 0 90 3 90 4 90 0 
857 91 4.33333 91 0 91 1 91 0 91 0 91 0 91 0 91 0 91 6 91 4 91 6 
863 92 3 92 0 92 1 92 0 92 0 92 0 92 0 92 0 92 3 92 4 92 6 
865 93 4 93 0 93 1 93 0 93 0 93 0 93 0 93 0 93 3 93 4 93 4 
872 94 0 94 0 94 0 94 0 94 0 94 0 94 0 94 0 94 3 94 4 94 4 
878 95 4 95 0 95 0 95 0 95 0 95 0 95 0 95 0 95 4 95 4 95 4 
879 96 3 96 0 96 0 96 0 96 0 96 0 96 0 96 0 96 4 96 3 96 4 
894 97 1.5 97 0 97 0 97 0 97 0 97 0 97 0 97 0 97 3 97 0 97 4 
895 98 3 98 0 98 0 98 0 98 0 98 0 98 0 98 0 98 3 98 0 98 3 
908 99 0 99 0 99 0 99 0 99 0 99 0 99 0 99 0 99 0 99 0 99 3 
1030 100 2 100 0 100 0 100 0 100 0 100 0 100 0 100 0 100 0 100 0 100 2 
1045 101 4 101 0 101 0 101 0 101 0 101 0 101 0 101 0 101 0 101 0 101 4 
1059 102 1 102 0 102 0 102 0 102 0 102 0 102 0 102 0 102 0 102 1 102 4 
1074 103 4 103 0 103 0 103 0 103 0 103 0 103 0 103 0 103 0 103 4 103 4 
1075 104 3 104 0 104 0 104 0 104 0 104 0 104 0 104 0 104 0 104 4 104 3 
1105 105 0 105 0 105 0 105 0 105 0 105 0 105 0 105 0 105 0 105 4 105 0 
1119 106 3 106 0 106 0 106 0 106 0 106 0 106 0 106 0 106 0 106 3 106 0 
1134 107 4 107 0 107 0 107 0 107 0 107 0 107 0 107 0 107 0 107 4 107 0 
1149 108 3 108 0 108 0 108 0 108 0 108 0 108 0 108 0 108 0 108 3 108 0 
1158 109 4 109 0 109 0 109 4 109 0 109 0 109 0 109 0 109 0 109 3 109 0 
1164 110 0 110 0 110 0 110 4 110 0 110 0 110 0 110 0 110 0 110 0 110 0 
1172 111 3 111 0 111 3 111 4 111 0 111 0 111 0 111 0 111 0 111 0 111 0 
1202 112 4 112 0 112 4 112 4 112 0 112 0 112 0 112 0 112 0 112 0 112 0 
1203 113 3 113 0 113 4 113 3 113 0 113 0 113 0 113 0 113 0 113 0 113 0 
1218 114 4 114 0 114 4 114 4 114 0 114 0 114 0 114 0 114 0 114 0 114 0 
1232 115 6 115 0 115 6 115 4 115 0 115 0 115 0 115 0 115 0 115 0 115 0 
1247 116 3 116 0 116 3 116 4 116 0 116 0 116 0 116 0 116 0 116 0 116 0 
1262 117 4 117 0 117 4 117 4 117 0 117 0 117 0 117 0 117 0 117 0 117 0 
1263 118 1 118 0 118 4 118 1 118 0 118 0 118 0 118 0 118 0 118 0 118 0 
1278 119 0.5 119 0 119 1 119 0 119 0 119 0 119 0 119 0 119 0 119 0 119 0 
1292 120 0 120 0 120 0 120 0 120 0 120 0 120 0 120 0 120 0 120 0 120 0 
1330 121 6 121 0 121 0 121 0 121 0 121 0 121 0 121 0 121 0 121 0 121 6 
1345 122 4 122 0 122 0 122 0 122 0 122 0 122 0 122 0 122 0 122 0 122 4 
1375 123 18 123 0 123 0 123 0 123 0 123 0 123 0 123 0 123 0 123 0 123 18 
1390 124 1 124 0 124 0 124 0 124 0 124 0 124 0 124 0 124 0 124 0 124 1 
1405 125 0 125 0 125 0 125 0 125 0 125 0 125 0 125 0 125 0 125 0 125 0 
1509 126 2 126 0 126 0 126 0 126 0 126 0 126 0 126 0 126 0 126 2 126 0 
1524 127 4 127 0 127 0 127 0 127 0 127 0 127 0 127 0 127 0 127 4 127 0 
1539 128 3 128 0 128 0 128 0 128 0 128 0 128 0 128 0 128 0 128 3 128 0 
1554 129 4 129 0 129 0 129 0 129 0 129 0 129 0 129 0 129 0 129 4 129 0 
1599 130 3 130 0 130 0 130 0 130 0 130 0 130 0 130 0 130 0 130 3 130 0 
1614 131 0 131 0 131 0 131 0 131 0 131 0 131 0 131 0 131 0 131 0 131 0 
1629 132 1 132 0 132 0 132 0 132 0 132 0 132 0 132 0 132 0 132 1 132 0 
1644 133 3 133 0 133 0 133 0 133 0 133 0 133 0 133 0 133 0 133 3 133 0 
1659 134 0 134 0 134 0 134 0 134 0 134 0 134 0 134 0 134 0 134 0 134 0 
1713 135 1 135 0 135 0 135 1 135 0 135 0 135 0 135 0 135 0 135 0 135 0 
1728 136 4 136 0 136 0 136 4 136 0 136 0 136 0 136 0 136 0 136 0 136 0 
1743 137 3 137 0 137 0 137 3 137 0 137 0 137 0 137 0 137 0 137 0 137 0 
1758 138 4 138 0 138 0 138 4 138 0 138 0 138 0 138 0 138 0 138 0 138 0 
1803 139 -3 139 0 139 0 139 -3 139 0 139 0 139 0 139 0 139 0 139 0 139 0 
1818 140 0 140 0 140 0 140 0 140 0 140 0 140 0 140 0 140 0 140 0 140 0 
6519 141 7 141 0 141 0 141 0 141 0 141 0 141 0 141 0 141 0 141 7 141 0 
6534 142 6 142 0 142 0 142 0 142 0 142 0 142 0 142 0 142 0 142 6 142 0 
6549 143 14 143 0 143 0 143 0 143 0 143 0 143 0 143 0 143 0 143 14 143 0 
6564 144 7 144 0 144 0 144 0 144 0 144 0 144 0 144 0 144 0 144 7 144 0 
6579 145 3 145 0 145 0 145 0 145 0 145 0 145 0 145 0 145 0 145 3 145 0 
6594 146 12 146 0 146 0 146 0 146 0 146 0 146 0 146 0 146 0 146 12 146 0 
6609 147 7 147 0 147 0 147 0 147 0 147 0 147 0 147 0 147 0 147 7 147 0 
6624 148 3 148 0 148 0 148 0 148 0 148 0 148 0 148 0 148 0 148 3 148 0 
6654 149 6 149 0 149 0 149 0 149 0 149 0 149 0 149 0 149 0 149 6 149 0 
6669 150 4 150 0 150 0 150 0 150 0 150 0 150 0 150 0 150 0 150 4 150 0 
6699 151 1 151 0 151 0 151 0 151 0 151 0 151 0 151 0 151 0 151 1 151 0 
6714 152 4 152 0 152 0 152 0 152 0 152 0 152 0 152 0 152 0 152 4 152 0 
6744 153 8 153 0 153 0 153 0 153 0 153 0 153 0 153 0 153 0 153 8 153 0 
6759 154 5 154 0 154 0 154 0 154 0 154 0 154 0 154 0 154 0 154 5 154 0 
6774 155 0 155 0 155 0 155 0 155 0 155 0 155 0 155 0 155 0 155 0 155 0 
6819 156 1 156 0 156 0 156 0 156 0 156 0 156 0 156 0 156 0 156 1 156 0 
6834 157 4 157 0 157 0 157 0 157 0 157 0 157 0 157 0 157 0 157 4 157 0 
6879 158 3 158 0 158 0 158 0 158 0 158 0 158 0 158 0 158 0 158 3 158 0 
6894 159 4 159 0 159 0 159 0 159 0 159 0 159 0 159 0 159 0 159 4 159 0 
6939 160 2 160 0 160 0 160 0 160 0 160 0 160 0 160 0 160 0 160 2 160 0 
6954 161 0 161 0 161 0 161 0 161 0 161 0 161 0 161 0 161 0 161 0 161 0 
7400 162 7 162 0 162 0 162 0 162 0 162 7 162 0 162 0 162 0 162 0 162 0 
7430 163 12 163 0 163 0 163 0 163 0 163 12 163 0 163 0 163 0 163 0 163 0 
7445 164 2 164 0 164 0 164 0 164 0 164 2 164 0 164 0 164 0 164 0 164 0 
7460 165 0 165 0 165 0 165 0 165 0 165 0 165 0 165 0 165 0 165 0 165 0 
8197 166 8 166 0 166 0 166 0 166 0 166 0 166 0 166 8 166 0 166 0 166 0 
8227 167 11 167 0 167 0 167 0 167 0 167 0 167 0 167 11 167 0 167 0 167 0 
8242 168 7 168 0 168 0 168 0 168 0 168 0 168 0 168 7 168 0 168 0 168 0 
8257 169 4 169 0 169 0 169 0 169 0 169 0 169 0 169 4 169 0 169 0 169 0 
8272 170 16 170 0 170 0 170 0 170 0 170 0 170 0 170 16 170 0 170 0 170 0 
8287 171 2 171 0 171 0 171 0 171 0 171 0 171 0 171 2 171 0 171 0 171 0 
8302 172 3 172 0 172 0 172 0 172 0 172 0 172 0 172 3 172 0 172 0 172 0 
8317 173 4 173 0 173 0 173 0 173 0 173 0 173 0 173 4 173 0 173 0 173 0 
8332 174 6 174 0 174 0 174 0 174 0 174 0 174 0 174 6 174 0 174 0 174 0 
8347 175 3 175 0 175 0 175 0 175 0 175 0 175 0 175 3 175 0 175 0 175 0 
8362 176 4 176 0 176 0 176 0 176 0 176 0 176 0 176 4 176 0 176 0 176 0 
8377 177 2 177 0 177 0 177 0 177 0 177 0 177 0 177 2 177 0 177 0 177 0 
8392 178 4 178 0 178 0 178 0 178 0 178 0 178 0 178 4 178 0 178 0 178 0 
8407 179 3 179 0 179 0 179 0 179 0 179 0 179 0 179 3 179 0 179 0 179 0 
8422 180 6 180 0 180 0 180 0 180 0 180 0 180 0 180 6 180 0 180 0 180 0 
8437 181 5 181 0 181 0 181 0 181 0 181 0 181 0 181 5 181 0 181 0 181 0 
8452 182 0 182 0 182 0 182 0 182 0 182 0 182 0 182 0 182 0 182 0 182 0 
8527 183 3 183 0 183 0 183 0 183 0 183 0 183 0 183 3 183 0 183 0 183 0 
8542 184 4 184 0 184 0 184 0 184 0 184 0 184 0 184 4 184 0 184 0 184 0 
8587 185 3 185 0 185 0 185 0 185 0 185 0 185 0 185 3 185 0 185 0 185 0 
8602 186 4 186 0 186 0 186 0 186 0 186 0 186 0 186 4 186 0 186 0 186 0 
8647 187 3 187 0 187 0 187 0 187 0 187 0 187 0 187 3 187 0 187 0 187 0 
8662 188 1 188 0 188 0 188 0 188 0 188 0 188 0 188 1 188 0 188 0 188 0 
8677 189 0 189 0 189 0 189 0 189 0 189 0 189 0 189 0 189 0 189 0 189 0 
8979 190 12 190 0 190 0 190 0 190 0 190 0 190 0 190 0 190 0 190 12 190 0 
8994 191 6 191 0 191 0 191 0 191 0 191 0 191 0 191 0 191 0 191 6 191 0 
9009 192 4 192 0 192 0 192 0 192 0 192 0 192 0 192 0 192 0 192 4 192 0 
9039 193 3 193 0 193 0 193 0 193 0 193 0 193 0 193 0 193 0 193 3 193 0 
9054 194 4 194 0 194 0 194 0 194 0 194 0 194 0 194 0 194 0 194 4 194 0 
9099 195 5 195 0 195 0 195 0 195 0 195 0 195 0 195 0 195 0 195 5 195 0 
9114 196 1 196 0 196 0 196 0 196 0 196 0 196 0 196 0 196 0 196 1 196 0 
9129 197 0 197 0 197 0 197 0 197 0 197 0 197 0 197 0 197 0 197 0 197 0 
9410 198 1 198 0 198 0 198 0 198 0 198 1 198 0 198 0 198 0 198 0 198 0 
9425 199 4 199 0 199 0 199 0 199 0 199 4 199 0 199 0 199 0 199 0 199 0 
9455 200 3 200 0 200 0 200 0 200 0 200 3 200 0 200 0 200 0 200 0 200 0 
9470 201 4 201 0 201 0 201 0 201 0 201 4 201 0 201 0 201 0 201 0 201 0 
9485 202 39 202 0 202 0 202 0 202 0 202 39 202 0 202 0 202 0 202 0 202 0 
9500 203 4 203 0 203 0 203 0 203 0 203 4 203 0 203 0 203 0 203 0 203 0 
9515 204 2 204 0 204 0 204 0 204 0 204 2 204 0 204 0 204 0 204 0 204 0 
9530 205 0 205 0 205 0 205 0 205 0 205 0 205 0 205 0 205 0 205 0 205 0 
9652 206 1 206 0 206 0 206 0 206 0 206 0 206 0 206 1 206 0 206 0 206 0 
9667 207 4 207 0 207 0 207 0 207 0 207 0 207 0 207 4 207 0 207 0 207 0 
9727 208 2 208 0 208 0 208 0 208 0 208 0 208 0 208 2 208 0 208 0 208 0 
9742 209 0 209 0 209 0 209 0 209 0 209 0 209 0 209 0 209 0 209 0 209 0 
10959 210 2 210 0 210 0 210 0 210 0 210 0 210 0 210 0 210 0 210 2 210 0 
10974 211 4 211 0 211 0 211 0 211 0 211 0 211 0 211 0 211 0 211 4 211 0 
10989 212 39 212 0 212 0 212 0 212 0 212 0 212 0 212 0 212 0 212 39 212 0 
11004 213 4 213 0 213 0 213 0 213 0 213 0 213 0 213 0 213 0 213 4 213 0 
11019 214 3 214 0 214 0 214 0 214 0 214 0 214 0 214 0 214 0 214 3 214 0 
11034 215 4 215 0 215 0 215 0 215 0 215 0 215 0 215 0 215 0 215 4 215 0 
11049 216 0 216 0 216 0 216 0 216 0 216 0 216 0 216 0 216 0 216 0 216 0 
11617 217 2 217 0 217 0 217 0 217 0 217 0 217 0 217 2 217 0 217 0 217 0 
11632 218 4 218 0 218 0 218 0 218 0 218 0 218 0 218 4 218 0 218 0 218 0 
11647 219 3 219 0 219 0 219 0 219 0 219 0 219 0 219 3 219 0 219 0 219 0 
11662 220 4 220 0 220 0 220 0 220 0 220 0 220 0 220 4 220 0 220 0 220 0 
11707 221 3 221 0 221 0 221 0 221 0 221 0 221 0 221 3 221 0 221 0 221 0 
11722 222 4 222 0 222 0 222 0 222 0 222 0 222 0 222 4 222 0 222 0 222 0 
11737 223 0 223 0 223 0 223 0 223 0 223 0 223 0 223 0 223 0 223 0 223 0 
12721 224 7 224 7 224 0 224 0 224 0 224 0 224 0 224 0 224 0 224 0 224 0 
12736 225 6 225 6 225 0 225 0 225 0 225 0 225 0 225 0 225 0 225 0 225 0 
12751 226 13 226 13 226 0 226 0 226 0 226 0 226 0 226 0 226 0 226 0 226 0 
12766 227 2 227 2 227 0 227 0 227 0 227 0 227 0 227 0 227 0 227 0 227 0 
12781 228 9 228 9 228 0 228 0 228 0 228 0 228 0 228 0 228 0 228 0 228 0 
12796 229 12 229 12 229 0 229 0 229 0 229 0 229 0 229 0 229 0 229 0 229 0 
12811 230 7 230 7 230 0 230 0 230 0 230 0 230 0 230 0 230 0 230 0 230 0 
12826 231 2 231 2 231 0 231 0 231 0 231 0 231 0 231 0 231 0 231 0 231 0 
12841 232 4 232 4 232 0 232 0 232 0 232 0 232 0 232 0 232 0 232 0 232 0 
12856 233 8 233 8 233 0 233 0 233 0 233 0 233 0 233 0 233 0 233 0 233 0 
12871 234 3 234 3 234 0 234 0 234 0 234 0 234 0 234 0 234 0 234 0 234 0 
12886 235 7 235 7 235 0 235 0 235 0 235 0 235 0 235 0 235 0 235 0 235 0 
12901 236 1 236 1 236 0 236 0 236 0 236 0 236 0 236 0 236 0 236 0 236 0 
12916 237 4 237 4 237 0 237 0 237 0 237 0 237 0 237 0 237 0 237 0 237 0 
12931 238 3 238 3 238 0 238 0 238 0 238 0 238 0 238 0 238 0 238 0 238 0 
12946 239 6 239 6 239 0 239 0 239 0 239 0 239 0 239 0 239 0 239 0 239 0 
12976 240 0 240 0 240 0 240 0 240 0 240 0 240 0 240 0 240 0 240 0 240 0 
12991 241 1 241 1 241 0 241 0 241 0 241 0 241 0 241 0 241 0 241 0 241 0 
13006 242 4 242 4 242 0 242 0 242 0 242 0 242 0 242 0 242 0 242 0 242 0 
13021 243 1 243 1 243 0 243 0 243 0 243 0 243 0 243 0 243 0 243 0 243 0 
13036 244 0 244 0 244 0 244 0 244 0 244 0 244 0 244 0 244 0 244 0 244 0 
13696 245 13 245 13 245 0 245 0 245 0 245 0 245 0 245 0 245 0 245 0 245 0 
13711 246 3 246 3 246 0 246 0 246 0 246 0 246 0 246 0 246 0 246 0 246 0 
13726 247 4 247 4 247 0 247 0 247 0 247 0 247 0 247 0 247 0 247 0 247 0 
13756 248 0 248 0 248 0 248 0 248 0 248 0 248 0 248 0 248 0 248 0 248 0 
13816 249 2 249 2 249 0 249 0 249 0 249 0 249 0 249 0 249 0 249 0 249 0 
13831 250 3 250 3 250 0 250 0 250 0 250 0 250 0 250 0 250 0 250 0 250 0 
13846 251 4 251 4 251 0 251 0 251 0 251 0 251 0 251 0 251 0 251 0 251 0 
13876 252 0 252 0 252 0 252 0 252 0 252 0 252 0 252 0 252 0 252 0 252 0 
14390 253 6 253 0 253 0 253 0 253 0 253 6 253 0 253 0 253 0 253 0 253 0 
14405 254 4 254 0 254 0 254 0 254 0 254 4 254 0 254 0 254 0 254 0 254 0 
14420 255 16 255 0 255 0 255 0 255 0 255 16 255 0 255 0 255 0 255 0 255 0 
14435 256 2 256 0 256 0 256 0 256 0 256 2 256 0 256 0 256 0 256 0 256 0 
14450 257 0 257 0 257 0 257 0 257 0 257 0 257 0 257 0 257 0 257 0 257 0 
14465 258 8 258 0 258 0 258 0 258 0 258 8 258 0 258 0 258 0 258 0 258 0 
14495 259 11 259 0 259 0 259 0 259 0 259 11 259 0 259 0 259 0 259 0 259 0 
14510 260 2 260 0 260 0 260 0 260 0 260 2 260 0 260 0 260 0 260 0 260 0 
14525 261 4 261 0 261 0 261 0 261 0 261 4 261 0 261 0 261 0 261 0 261 0 
14555 262 7 262 0 262 0 262 0 262 0 262 7 262 0 262 0 262 0 262 0 262 0 
14570 263 6 263 0 263 0 263 0 263 0 263 6 263 0 263 0 263 0 263 0 263 0 
14585 264 0 264 0 264 0 264 0 264 0 264 0 264 0 264 0 264 0 264 0 264 0 
14600 265 4 265 0 265 0 265 0 265 0 265 4 265 0 265 0 265 0 265 0 265 0 
14615 266 3 266 0 266 0 266 0 266 0 266 3 266 0 266 0 266 0 266 0 266 0 
14630 267 6 267 0 267 0 267 0 267 0 267 6 267 0 267 0 267 0 267 0 267 0 
14645 268 4 268 0 268 0 268 0 268 0 268 4 268 0 268 0 268 0 268 0 268 0 
14660 269 3 269 0 269 0 269 0 269 0 269 3 269 0 269 0 269 0 269 0 269 0 
14675 270 0 270 0 270 0 270 0 270 0 270 0 270 0 270 0 270 0 270 0 270 0 
15860 271 3 271 0 271 0 271 0 271 0 271 3 271 0 271 0 271 0 271 0 271 0 
15890 272 6 272 0 272 0 272 0 272 0 272 6 272 0 272 0 272 0 272 0 272 0 
15905 273 19 273 0 273 0 273 0 273 0 273 19 273 0 273 0 273 0 273 0 273 0 
15920 274 4 274 0 274 0 274 0 274 0 274 4 274 0 274 0 274 0 274 0 274 0 
15924 275 11 275 0 275 0 275 0 275 0 275 4 275 0 275 0 275 0 275 11 275 0 
15935 276 0 276 0 276 0 276 0 276 0 276 0 276 0 276 0 276 0 276 11 276 0 
15939 277 4 277 0 277 0 277 0 277 0 277 0 277 0 277 0 277 0 277 4 277 0 
15954 278 12 278 0 278 0 278 0 278 0 278 0 278 0 278 0 278 0 278 12 278 0 
15969 279 1 279 0 279 0 279 0 279 0 279 0 279 0 279 0 279 0 279 1 279 0 
15984 280 0 280 0 280 0 280 0 280 0 280 0 280 0 280 0 280 0 280 0 280 0 
16597 281 7 281 0 281 0 281 0 281 0 281 0 281 0 281 7 281 0 281 0 281 0 
16612 282 6 282 0 282 0 282 0 282 0 282 0 282 0 282 6 282 0 282 0 282 0 
16627 283 13 283 0 283 0 283 0 283 0 283 0 283 0 283 13 283 0 283 0 283 0 
16642 284 2 284 0 284 0 284 0 284 0 284 0 284 0 284 2 284 0 284 0 284 0 
16657 285 11 285 0 285 0 285 0 285 0 285 0 285 0 285 11 285 0 285 0 285 0 
16672 286 12 286 0 286 0 286 0 286 0 286 0 286 0 286 12 286 0 286 0 286 0 
16687 287 7 287 0 287 0 287 0 287 0 287 0 287 0 287 7 287 0 287 0 287 0 
16702 288 2 288 0 288 0 288 0 288 0 288 0 288 0 288 2 288 0 288 0 288 0 
16717 289 4 289 0 289 0 289 0 289 0 289 0 289 0 289 4 289 0 289 0 289 0 
16732 290 8 290 0 290 0 290 0 290 0 290 0 290 0 290 8 290 0 290 0 290 0 
16747 291 3 291 0 291 0 291 0 291 0 291 0 291 0 291 3 291 0 291 0 291 0 
16762 292 5 292 0 292 0 292 0 292 0 292 0 292 0 292 5 292 0 292 0 292 0 
16777 293 1 293 0 293 0 293 0 293 0 293 0 293 0 293 1 293 0 293 0 293 0 
16792 294 4 294 0 294 0 294 0 294 0 294 0 294 0 294 4 294 0 294 0 294 0 
16807 295 3 295 0 295 0 295 0 295 0 295 0 295 0 295 3 295 0 295 0 295 0 
16822 296 6 296 0 296 0 296 0 296 0 296 0 296 0 296 6 296 0 296 0 296 0 
16840 297 9 297 0 297 0 297 0 297 0 297 0 297 0 297 6 297 0 297 0 297 9 
16852 298 0 298 0 298 0 298 0 298 0 298 0 298 0 298 0 298 0 298 0 298 9 
16855 299 7 299 0 299 0 299 0 299 0 299 0 299 0 299 0 299 0 299 0 299 7 
16870 300 12 300 0 300 0 300 0 300 0 300 0 300 0 300 0 300 0 300 0 300 12 
16885 301 7 301 0 301 0 301 0 301 0 301 0 301 0 301 0 301 0 301 0 301 7 
16900 302 6 302 0 302 0 302 0 302 0 302 0 302 0 302 0 302 0 302 0 302 6 
16915 303 13 303 0 303 0 303 0 303 0 303 0 303 0 303 0 303 0 303 0 303 13 
16930 304 2 304 0 304 0 304 0 304 0 304 0 304 0 304 0 304 0 304 0 304 2 
16945 305 4 305 0 305 0 305 0 305 0 305 0 305 0 305 0 305 0 305 0 305 4 
16975 306 5 306 0 306 0 306 0 306 0 306 0 306 0 306 0 306 0 306 0 306 5 
16990 307 4 307 0 307 0 307 0 307 0 307 0 307 0 307 0 307 0 307 0 307 4 
17005 308 3 308 0 308 0 308 0 308 0 308 0 308 0 308 0 308 0 308 0 308 3 
17050 309 6 309 0 309 0 309 0 309 0 309 0 309 0 309 0 309 0 309 0 309 6 
17065 310 4 310 0 310 0 310 0 310 0 310 0 310 0 310 0 310 0 310 0 310 4 
17095 311 0 311 0 311 0 311 0 311 0 311 0 311 0 311 0 311 0 311 0 311 0 
17110 312 -17 312 0 312 0 312 0 312 0 312 0 312 0 312 0 312 0 312 0 312 -17 
17140 313 -20 313 0 313 0 313 0 313 0 313 0 313 0 313 0 313 0 313 0 313 -20 
17155 314 -3 314 0 314 0 314 0 314 0 314 0 314 0 314 0 314 0 314 0 314 -3 
17170 315 -7 315 0 315 0 315 0 315 0 315 0 315 0 315 0 315 0 315 0 315 -7 
17200 316 -4 316 0 316 0 316 0 316 0 316 0 316 0 316 0 316 0 316 0 316 -4 
17215 317 -2 317 0 317 0 317 0 317 0 317 0 317 0 317 0 317 0 317 0 317 -2 
17230 318 -7 318 0 318 0 318 0 318 0 318 0 318 0 318 0 318 0 318 0 318 -7 
17260 319 -4 319 0 319 0 319 0 319 0 319 0 319 0 319 0 319 0 319 0 319 -4 
17275 320 -1 320 0 320 0 320 0 320 0 320 0 320 0 320 0 320 0 320 0 320 -1 
17290 321 0 321 0 321 0 321 0 321 0 321 0 321 0 321 0 321 0 321 0 321 0 
17332 322 1 322 0 322 0 322 0 322 0 322 0 322 0 322 1 322 0 322 0 322 0 
17347 323 5 323 0 323 0 323 0 323 0 323 0 323 0 323 5 323 0 323 0 323 0 
17362 324 4 324 0 324 0 324 0 324 0 324 0 324 0 324 4 324 0 324 0 324 0 
17407 325 2 325 0 325 0 325 0 325 0 325 0 325 0 325 2 325 0 325 0 325 0 
17422 326 0 326 0 326 0 326 0 326 0 326 0 326 0 326 0 326 0 326 0 326 0 
17647 327 1 327 0 327 0 327 0 327 0 327 0 327 0 327 1 327 0 327 0 327 0 
17662 328 6 328 0 328 0 328 0 328 0 328 0 328 0 328 6 328 0 328 0 328 0 
17677 329 4 329 0 329 0 329 0 329 0 329 0 329 0 329 4 329 0 329 0 329 0 
17695 330 3 330 0 330 0 330 0 330 0 330 0 330 0 330 4 330 0 330 0 330 3 
17710 331 6.5 331 0 331 0 331 0 331 0 331 0 331 0 331 3 331 0 331 0 331 10 
17722 332 4 332 0 332 0 332 0 332 0 332 0 332 0 332 4 332 0 332 0 332 10 
17725 333 6 333 0 333 0 333 0 333 0 333 0 333 0 333 4 333 0 333 0 333 6 
17737 334 0 334 0 334 0 334 0 334 0 334 0 334 0 334 0 334 0 334 0 334 6 
17740 335 7 335 0 335 0 335 0 335 0 335 0 335 0 335 0 335 0 335 0 335 7 
17754 336 23 336 0 336 0 336 0 336 0 336 0 336 0 336 0 336 0 336 23 336 7 
17755 337 0 337 0 337 0 337 0 337 0 337 0 337 0 337 0 337 0 337 23 337 0 
17769 338 4 338 0 338 0 338 0 338 0 338 0 338 0 338 0 338 0 338 4 338 0 
17778 339 -7 339 0 339 0 339 -7 339 0 339 0 339 0 339 0 339 0 339 4 339 0 
17793 340 -20 340 0 340 0 340 -20 340 0 340 0 340 0 340 0 340 0 340 4 340 0 
17799 341 3 341 0 341 0 341 -20 341 0 341 0 341 0 341 0 341 0 341 3 341 0 
17808 342 -17 342 0 342 0 342 -17 342 0 342 0 342 0 342 0 342 0 342 3 342 0 
17814 343 6 343 0 343 0 343 -17 343 0 343 0 343 0 343 0 343 0 343 6 343 0 
17823 344 -11 344 0 344 0 344 -11 344 0 344 0 344 0 344 0 344 0 344 6 344 0 
17829 345 4 345 0 345 0 345 -11 345 0 345 0 345 0 345 0 345 0 345 4 345 0 
17838 346 -4 346 0 346 0 346 -4 346 0 346 0 346 0 346 0 346 0 346 4 346 0 
17859 347 3 347 0 347 0 347 -4 347 0 347 0 347 0 347 0 347 0 347 3 347 0 
17883 348 -3 348 0 348 0 348 -3 348 0 348 0 348 0 348 0 348 0 348 3 348 0 
17889 349 0 349 0 349 0 349 -3 349 0 349 0 349 0 349 0 349 0 349 0 349 0 
17898 350 -4 350 0 350 0 350 -4 350 0 350 0 350 0 350 0 350 0 350 0 350 0 
17928 351 -7 351 0 351 0 351 -7 351 0 351 0 351 0 351 0 351 0 351 0 351 0 
17943 352 -6 352 0 352 0 352 -6 352 0 352 0 352 0 352 0 352 0 352 0 352 0 
17958 353 -4 353 0 353 0 353 -4 353 0 353 0 353 0 353 0 353 0 353 0 353 0 
18003 354 -3 354 0 354 0 354 -3 354 0 354 0 354 0 354 0 354 0 354 0 354 0 
18018 355 -4 355 0 355 0 355 -4 355 0 355 0 355 0 355 0 355 0 355 0 355 0 
18063 356 -3 356 0 356 0 356 -3 356 0 356 0 356 0 356 0 356 0 356 0 356 0 
18078 357 -4 357 0 357 0 357 -4 357 0 357 0 357 0 357 0 357 0 357 0 357 0 
18093 358 -7 358 0 358 0 358 -7 358 0 358 0 358 0 358 0 358 0 358 0 358 0 
18123 359 -3 359 0 359 0 359 -3 359 0 359 0 359 0 359 0 359 0 359 0 359 0 
18138 360 -4 360 0 360 0 360 -4 360 0 360 0 360 0 360 0 360 0 360 0 360 0 
18157 361 2 361 0 361 0 361 -4 361 0 361 0 361 0 361 2 361 0 361 0 361 0 
18172 362 4 362 0 362 0 362 -4 362 0 362 0 362 0 362 4 362 0 362 0 362 0 
18183 363 -3 363 0 363 0 363 -3 363 0 363 0 363 0 363 4 363 0 363 0 363 0 
18187 364 3 364 0 364 0 364 -3 364 0 364 0 364 0 364 3 364 0 364 0 364 0 
18198 365 -4 365 0 365 0 365 -4 365 0 365 0 365 0 365 3 365 0 365 0 365 0 
18202 366 4 366 0 366 0 366 -4 366 0 366 0 366 0 366 4 366 0 366 0 366 0 
18213 367 -2 367 0 367 0 367 -2 367 0 367 0 367 0 367 4 367 0 367 0 367 0 
18228 368 0 368 0 368 0 368 0 368 0 368 0 368 0 368 4 368 0 368 0 368 0 
18247 369 3 369 0 369 0 369 0 369 0 369 0 369 0 369 3 369 0 369 0 369 0 
18277 370 0 370 0 370 0 370 0 370 0 370 0 370 0 370 0 370 0 370 0 370 0 
18633 371 2 371 0 371 0 371 2 371 0 371 0 371 0 371 0 371 0 371 0 371 0 
18648 372 12 372 0 372 0 372 12 372 0 372 0 372 0 372 0 372 0 372 0 372 0 
18663 373 3 373 0 373 0 373 3 373 0 373 0 373 0 373 0 373 0 373 0 373 0 
18678 374 10 374 0 374 0 374 10 374 0 374 0 374 0 374 0 374 0 374 0 374 0 
18693 375 1 375 0 375 0 375 1 375 0 375 0 375 0 375 0 375 0 375 0 375 0 
18708 376 0 376 0 376 0 376 0 376 0 376 0 376 0 376 0 376 0 376 0 376 0 
18736 377 6 377 6 377 0 377 0 377 0 377 0 377 0 377 0 377 0 377 0 377 0 
18751 378 3 378 3 378 0 378 0 378 0 378 0 378 0 378 0 378 0 378 0 378 0 
18766 379 12 379 12 379 0 379 0 379 0 379 0 379 0 379 0 379 0 379 0 379 0 
18781 380 7 380 7 380 0 380 0 380 0 380 0 380 0 380 0 380 0 380 0 380 0 
18796 381 8 381 8 381 0 381 0 381 0 381 0 381 0 381 0 381 0 381 0 381 0 
18811 382 5 382 5 382 0 382 0 382 0 382 0 382 0 382 0 382 0 382 0 382 0 
18826 383 14 383 14 383 0 383 0 383 0 383 0 383 0 383 0 383 0 383 0 383 0 
18841 384 2 384 2 384 0 384 0 384 0 384 0 384 0 384 0 384 0 384 0 384 0 
18850 385 3 385 2 385 0 385 0 385 0 385 0 385 0 385 0 385 0 385 0 385 3 
18856 386 4 386 4 386 0 386 0 386 0 386 0 386 0 386 0 386 0 386 0 386 3 
18871 387 3.5 387 3 387 0 387 0 387 0 387 0 387 0 387 0 387 0 387 0 387 4 
18880 388 15 388 3 388 0 388 0 388 0 388 0 388 0 388 0 388 0 388 0 388 15 
18886 389 6 389 6 389 0 389 0 389 0 389 0 389 0 389 0 389 0 389 0 389 15 
18895 390 5 390 6 390 0 390 0 390 0 390 0 390 0 390 0 390 0 390 0 390 5 
18910 391 6 391 6 391 0 391 0 391 0 391 0 391 0 391 0 391 0 391 0 391 6 
18916 392 0 392 0 392 0 392 0 392 0 392 0 392 0 392 0 392 0 392 0 392 6 
18925 393 4 393 0 393 0 393 0 393 0 393 0 393 0 393 0 393 0 393 0 393 4 
18931 394 3 394 3 394 0 394 0 394 0 394 0 394 0 394 0 394 0 394 0 394 4 
18946 395 4 395 4 395 0 395 0 395 0 395 0 395 0 395 0 395 0 395 0 395 4 
18955 396 0 396 4 396 0 396 0 396 0 396 0 396 0 396 0 396 0 396 0 396 0 
18961 397 6 397 6 397 0 397 0 397 0 397 0 397 0 397 0 397 0 397 0 397 0 
18976 398 4 398 4 398 0 398 0 398 0 398 0 398 0 398 0 398 0 398 0 398 0 
18991 399 3 399 3 399 0 399 0 399 0 399 0 399 0 399 0 399 0 399 0 399 0 
19006 400 0 400 0 400 0 400 0 400 0 400 0 400 0 400 0 400 0 400 0 400 0 
19726 401 2 401 2 401 0 401 0 401 0 401 0 401 0 401 0 401 0 401 0 401 0 
19741 402 4 402 4 402 0 402 0 402 0 402 0 402 0 402 0 402 0 402 0 402 0 
19771 403 3 403 3 403 0 403 0 403 0 403 0 403 0 403 0 403 0 403 0 403 0 
19786 404 4 404 4 404 0 404 0 404 0 404 0 404 0 404 0 404 0 404 0 404 0 
19831 405 3 405 3 405 0 405 0 405 0 405 0 405 0 405 0 405 0 405 0 405 0 
19846 406 2 406 2 406 0 406 0 406 0 406 0 406 0 406 0 406 0 406 0 406 0 
19861 407 0 407 0 407 0 407 0 407 0 407 0 407 0 407 0 407 0 407 0 407 0 
20056 408 4 408 4 408 0 408 0 408 0 408 0 408 0 408 0 408 0 408 0 408 0 
20071 409 3 409 3 409 0 409 0 409 0 409 0 409 0 409 0 409 0 409 0 409 0 
20086 410 4 410 4 410 0 410 0 410 0 410 0 410 0 410 0 410 0 410 0 410 0 
20131 411 3 411 3 411 0 411 0 411 0 411 0 411 0 411 0 411 0 411 0 411 0 
20146 412 4 412 4 412 0 412 0 412 0 412 0 412 0 412 0 412 0 412 0 412 0 
20176 413 3 413 3 413 0 413 0 413 0 413 0 413 0 413 0 413 0 413 0 413 0 
20191 414 0 414 0 414 0 414 0 414 0 414 0 414 0 414 0 414 0 414 0 414 0 
20537 415 6 415 0 415 6 415 0 415 0 415 0 415 0 415 0 415 0 415 0 415 0 
20552 416 4 416 0 416 4 416 0 416 0 416 0 416 0 416 0 416 0 416 0 416 0 
20567 417 11 417 0 417 11 417 0 417 0 417 0 417 0 417 0 417 0 417 0 417 0 
20582 418 7 418 0 418 7 418 0 418 0 418 0 418 0 418 0 418 0 418 0 418 0 
20597 419 8 419 0 419 8 419 0 419 0 419 0 419 0 419 0 419 0 419 0 419 0 
20627 420 11 420 0 420 11 420 0 420 0 420 0 420 0 420 0 420 0 420 0 420 0 
20642 421 2 421 0 421 2 421 0 421 0 421 0 421 0 421 0 421 0 421 0 421 0 
20657 422 4 422 0 422 4 422 0 422 0 422 0 422 0 422 0 422 0 422 0 422 0 
20687 423 5 423 0 423 5 423 0 423 0 423 0 423 0 423 0 423 0 423 0 423 0 
20702 424 6 424 0 424 6 424 0 424 0 424 0 424 0 424 0 424 0 424 0 424 0 
20717 425 0 425 0 425 0 425 0 425 0 425 0 425 0 425 0 425 0 425 0 425 0 
20732 426 4 426 0 426 4 426 0 426 0 426 0 426 0 426 0 426 0 426 0 426 0 
20747 427 3 427 0 427 3 427 0 427 0 427 0 427 0 427 0 427 0 427 0 427 0 
20748 428 1 428 0 428 3 428 1 428 0 428 0 428 0 428 0 428 0 428 0 428 0 
20762 429 6 429 0 429 6 429 1 429 0 429 0 429 0 429 0 429 0 429 0 429 0 
20763 430 4 430 0 430 6 430 4 430 0 430 0 430 0 430 0 430 0 430 0 430 0 
20792 431 3 431 0 431 3 431 4 431 0 431 0 431 0 431 0 431 0 431 0 431 0 
20793 432 -3 432 0 432 3 432 -3 432 0 432 0 432 0 432 0 432 0 432 0 432 0 
20807 433 0 433 0 433 0 433 -3 433 0 433 0 433 0 433 0 433 0 433 0 433 0 
20883 434 1 434 0 434 0 434 1 434 0 434 0 434 0 434 0 434 0 434 0 434 0 
20898 435 4 435 0 435 0 435 4 435 0 435 0 435 0 435 0 435 0 435 0 435 0 
20943 436 3 436 0 436 0 436 3 436 0 436 0 436 0 436 0 436 0 436 0 436 0 
20958 437 4 437 0 437 0 437 4 437 0 437 0 437 0 437 0 437 0 437 0 437 0 
20973 438 1 438 0 438 0 438 1 438 0 438 0 438 0 438 0 438 0 438 0 438 0 
20988 439 0 439 0 439 0 439 0 439 0 439 0 439 0 439 0 439 0 439 0 439 0 
21001 440 1 440 1 440 0 440 0 440 0 440 0 440 0 440 0 440 0 440 0 440 0 
21016 441 4 441 4 441 0 441 0 441 0 441 0 441 0 441 0 441 0 441 0 441 0 
21031 442 3.5 442 3 442 4 442 0 442 0 442 0 442 0 442 0 442 0 442 0 442 0 
21046 443 4 443 4 443 4 443 0 443 0 443 0 443 0 443 0 443 0 443 0 443 0 
21047 444 3 444 4 444 3 444 0 444 0 444 0 444 0 444 0 444 0 444 0 444 0 
21061 445 15 445 15 445 3 445 0 445 0 445 0 445 0 445 0 445 0 445 0 445 0 
21062 446 21 446 15 446 21 446 0 446 0 446 0 446 0 446 0 446 0 446 0 446 0 
21076 447 4 447 4 447 21 447 0 447 0 447 0 447 0 447 0 447 0 447 0 447 0 
21077 448 2 448 4 448 2 448 0 448 0 448 0 448 0 448 0 448 0 448 0 448 0 
21091 449 3 449 3 449 2 449 0 449 0 449 0 449 0 449 0 449 0 449 0 449 0 
21092 450 4 450 3 450 4 450 0 450 0 450 0 450 0 450 0 450 0 450 0 450 0 
21106 451 2 451 2 451 4 451 0 451 0 451 0 451 0 451 0 451 0 451 0 451 0 
21107 452 3 452 2 452 3 452 0 452 0 452 0 452 0 452 0 452 0 452 0 452 0 
21121 453 0 453 0 453 3 453 0 453 0 453 0 453 0 453 0 453 0 453 0 453 0 
21122 454 4 454 0 454 4 454 0 454 0 454 0 454 0 454 0 454 0 454 0 454 0 
21152 455 1 455 0 455 1 455 0 455 0 455 0 455 0 455 0 455 0 455 0 455 0 
21167 456 0 456 0 456 0 456 0 456 0 456 0 456 0 456 0 456 0 456 0 456 0 
21302 457 1 457 0 457 1 457 0 457 0 457 0 457 0 457 0 457 0 457 0 457 0 
21317 458 4 458 0 458 4 458 0 458 0 458 0 458 0 458 0 458 0 458 0 458 0 
21347 459 3 459 0 459 3 459 0 459 0 459 0 459 0 459 0 459 0 459 0 459 0 
21362 460 4 460 0 460 4 460 0 460 0 460 0 460 0 460 0 460 0 460 0 460 0 
21377 461 3 461 0 461 3 461 0 461 0 461 0 461 0 461 0 461 0 461 0 461 0 
21392 462 0 462 0 462 0 462 0 462 0 462 0 462 0 462 0 462 0 462 0 462 0 
21921 463 9 463 0 463 0 463 0 463 0 463 0 463 9 463 0 463 0 463 0 463 0 
21936 464 12 464 0 464 0 464 0 464 0 464 0 464 12 464 0 464 0 464 0 464 0 
21951 465 7 465 0 465 0 465 0 465 0 465 0 465 7 465 0 465 0 465 0 465 0 
21981 466 6 466 0 466 0 466 0 466 0 466 0 466 6 466 0 466 0 466 0 466 0 
21996 467 14 467 0 467 0 467 0 467 0 467 0 467 14 467 0 467 0 467 0 467 0 
22011 468 1 468 0 468 0 468 0 468 0 468 0 468 1 468 0 468 0 468 0 468 0 
22026 469 4 469 0 469 0 469 0 469 0 469 0 469 4 469 0 469 0 469 0 469 0 
22056 470 6 470 0 470 0 470 0 470 0 470 0 470 6 470 0 470 0 470 0 470 0 
22071 471 3 471 0 471 0 471 0 471 0 471 0 471 3 471 0 471 0 471 0 471 0 
22116 472 4 472 0 472 0 472 0 472 0 472 0 472 4 472 0 472 0 472 0 472 0 
22131 473 5 473 0 473 0 473 0 473 0 473 0 473 5 473 0 473 0 473 0 473 0 
22146 474 4 474 0 474 0 474 0 474 0 474 0 474 4 474 0 474 0 474 0 474 0 
22176 475 0 475 0 475 0 475 0 475 0 475 0 475 0 475 0 475 0 475 0 475 0 
22749 476 8 476 0 476 0 476 0 476 0 476 0 476 0 476 0 476 0 476 8 476 0 
22779 477 11 477 0 477 0 477 0 477 0 477 0 477 0 477 0 477 0 477 11 477 0 
22794 478 7 478 0 478 0 478 0 478 0 478 0 478 0 478 0 478 0 478 7 478 0 
22809 479 4 479 0 479 0 479 0 479 0 479 0 479 0 479 0 479 0 479 4 479 0 
22824 480 16 480 0 480 0 480 0 480 0 480 0 480 0 480 0 480 0 480 16 480 0 
22839 481 2 481 0 481 0 481 0 481 0 481 0 481 0 481 0 481 0 481 2 481 0 
22854 482 3 482 0 482 0 482 0 482 0 482 0 482 0 482 0 482 0 482 3 482 0 
22869 483 4 483 0 483 0 483 0 483 0 483 0 483 0 483 0 483 0 483 4 483 0 
22884 484 6 484 0 484 0 484 0 484 0 484 0 484 0 484 0 484 0 484 6 484 0 
22899 485 3 485 0 485 0 485 0 485 0 485 0 485 0 485 0 485 0 485 3 485 0 
22914 486 4 486 0 486 0 486 0 486 0 486 0 486 0 486 0 486 0 486 4 486 0 
22929 487 2 487 0 487 0 487 0 487 0 487 0 487 0 487 0 487 0 487 2 487 0 
22944 488 4 488 0 488 0 488 0 488 0 488 0 488 0 488 0 488 0 488 4 488 0 
22959 489 3 489 0 489 0 489 0 489 0 489 0 489 0 489 0 489 0 489 3 489 0 
22974 490 6 490 0 490 0 490 0 490 0 490 0 490 0 490 0 490 0 490 6 490 0 
22989 491 5 491 0 491 0 491 0 491 0 491 0 491 0 491 0 491 0 491 5 491 0 
23004 492 0 492 0 492 0 492 0 492 0 492 0 492 0 492 0 492 0 492 0 492 0 
23152 493 7 493 0 493 0 493 0 493 0 493 0 493 0 493 7 493 0 493 0 493 0 
23182 494 12 494 0 494 0 494 0 494 0 494 0 494 0 494 12 494 0 494 0 494 0 
23197 495 2 495 0 495 0 495 0 495 0 495 0 495 0 495 2 495 0 495 0 495 0 
23212 496 0 496 0 496 0 496 0 496 0 496 0 496 0 496 0 496 0 496 0 496 0 
23709 497 3 497 0 497 0 497 0 497 0 497 0 497 0 497 0 497 0 497 3 497 0 
23724 498 4 498 0 498 0 498 0 498 0 498 0 498 0 498 0 498 0 498 4 498 0 
23739 499 3 499 0 499 0 499 0 499 0 499 0 499 0 499 0 499 0 499 3 499 0 
23754 500 4 500 0 500 0 500 0 500 0 500 0 500 0 500 0 500 0 500 4 500 0 
23784 501 15 501 0 501 0 501 0 501 0 501 0 501 0 501 0 501 0 501 15 501 0 
23799 502 4 502 0 502 0 502 0 502 0 502 0 502 0 502 0 502 0 502 4 502 0 
23814 503 2 503 0 503 0 503 0 503 0 503 0 503 0 503 0 503 0 503 2 503 0 
23829 504 0 504 0 504 0 504 0 504 0 504 0 504 0 504 0 504 0 504 0 504 0 
23917 505 1 505 0 505 0 505 0 505 0 505 0 505 0 505 1 505 0 505 0 505 0 
23932 506 4 506 0 506 0 506 0 506 0 506 0 506 0 506 4 506 0 506 0 506 0 
23947 507 3 507 0 507 0 507 0 507 0 507 0 507 0 507 3 507 0 507 0 507 0 
23962 508 6 508 0 508 0 508 0 508 0 508 0 508 0 508 6 508 0 508 0 508 0 
23977 509 4 509 0 509 0 509 0 509 0 509 0 509 0 509 4 509 0 509 0 509 0 
24007 510 3 510 0 510 0 510 0 510 0 510 0 510 0 510 3 510 0 510 0 510 0 
24020 511 1 511 0 511 0 511 0 511 0 511 1 511 0 511 3 511 0 511 0 511 0 
24022 512 4 512 0 512 0 512 0 512 0 512 1 512 0 512 4 512 0 512 0 512 0 
24035 513 0 513 0 513 0 513 0 513 0 513 0 513 0 513 4 513 0 513 0 513 0 
24052 514 17 514 0 514 0 514 0 514 0 514 0 514 0 514 17 514 0 514 0 514 0 
24067 515 3 515 0 515 0 515 0 515 0 515 0 515 0 515 3 515 0 515 0 515 0 
24082 516 4 516 0 516 0 516 0 516 0 516 0 516 0 516 4 516 0 516 0 516 0 
24097 517 1 517 0 517 0 517 0 517 0 517 0 517 0 517 1 517 0 517 0 517 0 
24112 518 0 518 0 518 0 518 0 518 0 518 0 518 0 518 0 518 0 518 0 518 0 
24605 519 1 519 0 519 0 519 0 519 0 519 1 519 0 519 0 519 0 519 0 519 0 
24620 520 19 520 0 520 0 520 0 520 0 520 19 520 0 520 0 520 0 520 0 520 0 
24635 521 26 521 0 521 0 521 0 521 0 521 26 521 0 521 0 521 0 521 0 521 0 
24650 522 4 522 0 522 0 522 0 522 0 522 4 522 0 522 0 522 0 522 0 522 0 
24665 523 -3 523 0 523 0 523 0 523 0 523 -3 523 0 523 0 523 0 523 0 523 0 
24680 524 0 524 0 524 0 524 0 524 0 524 0 524 0 524 0 524 0 524 0 524 0 
25074 525 2 525 0 525 0 525 0 525 0 525 0 525 0 525 0 525 0 525 2 525 0 
25089 526 6 526 0 526 0 526 0 526 0 526 0 526 0 526 0 526 0 526 6 526 0 
25104 527 4 527 0 527 0 527 0 527 0 527 0 527 0 527 0 527 0 527 4 527 0 
25119 528 3 528 0 528 0 528 0 528 0 528 0 528 0 528 0 528 0 528 3 528 0 
25134 529 4 529 0 529 0 529 0 529 0 529 0 529 0 529 0 529 0 529 4 529 0 
25161 530 1 530 0 530 0 530 0 530 0 530 0 530 1 530 0 530 0 530 4 530 0 
25176 531 5 531 0 531 0 531 0 531 0 531 0 531 5 531 0 531 0 531 4 531 0 
25179 532 34 532 0 532 0 532 0 532 0 532 0 532 5 532 0 532 0 532 34 532 0 
25191 533 3 533 0 533 0 533 0 533 0 533 0 533 3 533 0 533 0 533 34 533 0 
25194 534 4 534 0 534 0 534 0 534 0 534 0 534 3 534 0 534 0 534 4 534 0 
25209 535 2.5 535 0 535 0 535 0 535 0 535 0 535 4 535 0 535 0 535 1 535 0 
25224 536 0 536 0 536 0 536 0 536 0 536 0 536 4 536 0 536 0 536 0 536 0 
25251 537 3 537 0 537 0 537 0 537 0 537 0 537 3 537 0 537 0 537 0 537 0 
25266 538 6 538 0 538 0 538 0 538 0 538 0 538 6 538 0 538 0 538 0 538 0 
25281 539 0 539 0 539 0 539 0 539 0 539 0 539 0 539 0 539 0 539 0 539 0 
25539 540 2 540 0 540 0 540 0 540 0 540 0 540 0 540 0 540 0 540 2 540 0 
25554 541 4 541 0 541 0 541 0 541 0 541 0 541 0 541 0 541 0 541 4 541 0 
25584 542 31 542 0 542 0 542 0 542 0 542 0 542 0 542 0 542 0 542 31 542 0 
25599 543 3 543 0 543 0 543 0 543 0 543 0 543 0 543 0 543 0 543 3 543 0 
25614 544 2 544 0 544 0 544 0 544 0 544 0 544 0 544 0 544 0 544 2 544 0 
25629 545 0 545 0 545 0 545 0 545 0 545 0 545 0 545 0 545 0 545 0 545 0 
25848 546 8 546 0 546 0 546 8 546 0 546 0 546 0 546 0 546 0 546 0 546 0 
25863 547 5 547 0 547 0 547 5 547 0 547 0 547 0 547 0 547 0 547 0 547 0 
25878 548 14 548 0 548 0 548 14 548 0 548 0 548 0 548 0 548 0 548 0 548 0 
25893 549 1 549 0 549 0 549 1 549 0 549 0 549 0 549 0 549 0 549 0 549 0 
25908 550 6 550 0 550 0 550 6 550 0 550 0 550 0 550 0 550 0 550 0 550 0 
25923 551 3 551 0 551 0 551 3 551 0 551 0 551 0 551 0 551 0 551 0 551 0 
25938 552 12 552 0 552 0 552 12 552 0 552 0 552 0 552 0 552 0 552 0 552 0 
25953 553 7 553 0 553 0 553 7 553 0 553 0 553 0 553 0 553 0 553 0 553 0 
25968 554 3 554 0 554 0 554 3 554 0 554 0 554 0 554 0 554 0 554 0 554 0 
25983 555 5 555 0 555 0 555 5 555 0 555 0 555 0 555 0 555 0 555 0 555 0 
25998 556 6 556 0 556 0 556 6 556 0 556 0 556 0 556 0 556 0 556 0 556 0 
26013 557 4 557 0 557 0 557 4 557 0 557 0 557 0 557 0 557 0 557 0 557 0 
26043 558 1 558 0 558 0 558 1 558 0 558 0 558 0 558 0 558 0 558 0 558 0 
26058 559 4 559 0 559 0 559 4 559 0 559 0 559 0 559 0 559 0 559 0 559 0 
26088 560 6 560 0 560 0 560 6 560 0 560 0 560 0 560 0 560 0 560 0 560 0 
26103 561 5 561 0 561 0 561 5 561 0 561 0 561 0 561 0 561 0 561 0 561 0 
26118 562 0 562 0 562 0 562 0 562 0 562 0 562 0 562 0 562 0 562 0 562 0 
26181 563 4 563 0 563 0 563 0 563 0 563 0 563 4 563 0 563 0 563 0 563 0 
26211 564 14 564 0 564 0 564 0 564 0 564 0 564 14 564 0 564 0 564 0 564 0 
26226 565 4 565 0 565 0 565 0 565 0 565 0 565 4 565 0 565 0 565 0 565 0 
26271 566 1 566 0 566 0 566 0 566 0 566 0 566 1 566 0 566 0 566 0 566 0 
26286 567 0 567 0 567 0 567 0 567 0 567 0 567 0 567 0 567 0 567 0 567 0 
