# ValueCount deltaRailways
10 0 0 0 0 0 0 0 0 0 0 0 0 0 0 0 0 0 0 0 0 0 0 
123 1 8 1 0 1 0 1 8 1 0 1 0 1 0 1 0 1 0 1 0 1 0 
124 2 11 2 0 2 0 2 8 2 11 2 0 2 0 2 0 2 0 2 0 2 0 
127 3 8 3 0 3 0 3 8 3 11 3 0 3 0 3 8 3 0 3 0 3 0 
130 4 7 4 0 4 0 4 8 4 11 4 0 4 0 4 8 4 0 4 0 4 7 
139 5 4 5 0 5 0 5 8 5 4 5 0 5 0 5 8 5 0 5 0 5 7 
141 6 6 6 0 6 0 6 8 6 4 6 0 6 6 6 8 6 0 6 0 6 7 
145 7 10 7 0 7 0 7 8 7 4 7 0 7 6 7 8 7 0 7 0 7 10 
152 8 9 8 0 8 9 8 8 8 4 8 0 8 6 8 8 8 0 8 0 8 10 
153 9 12 9 0 9 9 9 12 9 4 9 0 9 6 9 8 9 0 9 0 9 10 
154 10 10 10 0 10 9 10 12 10 10 10 0 10 6 10 8 10 0 10 0 10 10 
156 11 4 11 0 11 9 11 12 11 10 11 0 11 4 11 8 11 0 11 0 11 10 
157 12 12 12 0 12 9 12 12 12 10 12 0 12 4 12 12 12 0 12 0 12 10 
167 13 7 13 0 13 7 13 12 13 10 13 0 13 4 13 12 13 0 13 0 13 10 
169 14 4 14 0 14 7 14 7 14 1 14 0 14 4 14 12 14 0 14 0 14 10 
171 15 11 15 0 15 7 15 7 15 1 15 0 15 11 15 12 15 0 15 0 15 10 
172 16 7 16 0 16 7 16 7 16 1 16 0 16 11 16 7 16 0 16 0 16 10 
175 17 1 17 0 17 7 17 7 17 1 17 0 17 11 17 7 17 0 17 0 17 1 
182 18 12 18 0 18 12 18 7 18 1 18 0 18 11 18 7 18 0 18 0 18 1 
183 19 3 19 0 19 12 19 3 19 1 19 0 19 11 19 7 19 0 19 0 19 1 
184 20 0 20 0 20 12 20 3 20 0 20 0 20 11 20 7 20 0 20 0 20 1 
186 21 7 21 0 21 12 21 3 21 0 21 0 21 7 21 7 21 0 21 0 21 1 
187 22 3 22 0 22 12 22 3 22 0 22 0 22 7 22 3 22 0 22 0 22 1 
190 23 -14 23 0 23 12 23 3 23 0 23 0 23 7 23 3 23 0 23 0 23 -14 
197 24 0 24 0 24 0 24 3 24 0 24 0 24 7 24 3 24 0 24 0 24 -14 
198 25 16 25 0 25 0 25 16 25 0 25 0 25 7 25 3 25 0 25 0 25 -14 
201 26 0 26 0 26 0 26 16 26 0 26 0 26 0 26 3 26 0 26 0 26 -14 
202 27 16 27 0 27 0 27 16 27 0 27 0 27 0 27 16 27 0 27 0 27 -14 
212 28 6 28 0 28 6 28 16 28 0 28 0 28 0 28 16 28 0 28 0 28 -14 
213 29 2 29 0 29 6 29 2 29 0 29 0 29 0 29 16 29 0 29 0 29 -14 
216 30 8 30 0 30 6 30 2 30 0 30 0 30 8 30 16 30 0 30 0 30 -14 
217 31 2 31 0 31 6 31 2 31 0 31 0 31 8 31 2 31 0 31 0 31 -14 
220 32 0 32 0 32 6 32 2 32 0 32 0 32 8 32 2 32 0 32 0 32 0 
227 33 3 33 0 33 3 33 2 33 0 33 0 33 8 33 2 33 0 33 0 33 0 
228 34 4 34 0 34 3 34 4 34 0 34 0 34 8 34 2 34 0 34 0 34 0 
231 35 7 35 0 35 3 35 4 35 0 35 0 35 7 35 2 35 0 35 0 35 0 
232 36 4 36 0 36 3 36 4 36 0 36 0 36 7 36 4 36 0 36 0 36 0 
242 37 12 37 0 37 12 37 4 37 0 37 0 37 7 37 4 37 0 37 0 37 0 
243 38 3 38 0 38 12 38 3 38 0 38 0 38 7 38 4 38 0 38 0 38 0 
246 39 14 39 0 39 12 39 3 39 0 39 0 39 14 39 4 39 0 39 0 39 0 
247 40 3 40 0 40 12 40 3 40 0 40 0 40 14 40 3 40 0 40 0 40 0 
257 41 7 41 0 41 7 41 3 41 0 41 0 41 14 41 3 41 0 41 0 41 0 
258 42 6 42 0 42 7 42 6 42 0 42 0 42 14 42 3 42 0 42 0 42 0 
261 43 2 43 0 43 7 43 6 43 0 43 0 43 2 43 3 43 0 43 0 43 0 
262 44 6 44 0 44 7 44 6 44 0 44 0 44 2 44 6 44 0 44 0 44 0 
272 45 3 45 0 45 3 45 6 45 0 45 0 45 2 45 6 45 0 45 0 45 0 
273 46 4 46 0 46 3 46 4 46 0 46 0 46 2 46 6 46 0 46 0 46 0 
288 47 3.66667 47 0 47 3 47 3 47 0 47 0 47 4 47 4 47 0 47 0 47 0 
291 48 3 48 0 48 3 48 3 48 0 48 0 48 3 48 4 48 0 48 0 48 0 
302 49 4.5 49 0 49 6 49 3 49 0 49 0 49 3 49 3 49 0 49 0 49 0 
303 50 2 50 0 50 6 50 2 50 0 50 0 50 3 50 3 50 0 50 0 50 0 
306 51 6 51 0 51 6 51 2 51 0 51 0 51 6 51 3 51 0 51 0 51 0 
307 52 2 52 0 52 6 52 2 52 0 52 0 52 6 52 2 52 0 52 0 52 0 
317 53 4 53 0 53 4 53 2 53 0 53 0 53 6 53 2 53 0 53 0 53 0 
333 54 5 54 0 54 4 54 6 54 0 54 0 54 6 54 4 54 0 54 0 54 0 
336 55 0 55 0 55 4 55 6 55 0 55 0 55 0 55 4 55 0 55 0 55 0 
337 56 6 56 0 56 4 56 6 56 0 56 0 56 0 56 6 56 0 56 0 56 0 
347 57 1 57 0 57 1 57 6 57 0 57 0 57 0 57 6 57 0 57 0 57 0 
348 58 4 58 0 58 1 58 4 58 0 58 0 58 0 58 6 58 0 58 0 58 0 
351 59 3 59 0 59 1 59 4 59 0 59 0 59 3 59 6 59 0 59 0 59 0 
352 60 4 60 0 60 1 60 4 60 0 60 0 60 3 60 4 60 0 60 0 60 0 
378 61 2.66667 61 0 61 4 61 0 61 0 61 0 61 4 61 4 61 0 61 0 61 0 
381 62 6 62 0 62 4 62 0 62 0 62 0 62 6 62 4 62 0 62 0 62 0 
382 63 0 63 0 63 4 63 0 63 0 63 0 63 6 63 0 63 0 63 0 63 0 
392 64 6 64 0 64 6 64 0 64 0 64 0 64 6 64 0 64 0 64 0 64 0 
407 65 5 65 0 65 5 65 0 65 0 65 0 65 6 65 0 65 0 65 0 65 0 
408 66 2 66 0 66 5 66 2 66 0 66 0 66 6 66 0 66 0 66 0 66 0 
411 67 3 67 0 67 5 67 2 67 0 67 0 67 3 67 0 67 0 67 0 67 0 
422 68 0 68 0 68 0 68 2 68 0 68 0 68 3 68 0 68 0 68 0 68 0 
423 69 3 69 0 69 0 69 3 69 0 69 0 69 3 69 0 69 0 69 0 69 0 
426 70 0 70 0 70 0 70 3 70 0 70 0 70 0 70 0 70 0 70 0 70 0 
438 71 4 71 0 71 0 71 4 71 0 71 0 71 0 71 0 71 0 71 0 71 0 
483 72 1 72 0 72 0 72 1 72 0 72 0 72 0 72 0 72 0 72 0 72 0 
498 73 0 73 0 73 0 73 0 73 0 73 0 73 0 73 0 73 0 73 0 73 0 
513 74 3 74 0 74 0 74 3 74 0 74 0 74 0 74 0 74 0 74 0 74 0 
528 75 4 75 0 75 0 75 4 75 0 75 0 75 0 75 0 75 0 75 0 75 0 
543 76 3 76 0 76 0 76 3 76 0 76 0 76 0 76 0 76 0 76 0 76 0 
558 77 4 77 0 77 0 77 4 77 0 77 0 77 0 77 0 77 0 77 0 77 0 
573 78 3 78 0 78 0 78 3 78 0 78 0 78 0 78 0 78 0 78 0 78 0 
588 79 0 79 0 79 0 79 0 79 0 79 0 79 0 79 0 79 0 79 0 79 0 
664 80 2 80 0 80 0 80 0 80 2 80 0 80 0 80 0 80 0 80 0 80 0 
679 81 3 81 0 81 0 81 0 81 3 81 0 81 0 81 0 81 0 81 0 81 0 
694 82 4 82 0 82 0 82 0 82 4 82 0 82 0 82 0 82 0 82 0 82 0 
697 83 3 83 0 83 0 83 0 83 4 83 0 83 0 83 3 83 0 83 0 83 0 
712 84 4 84 0 84 0 84 0 84 4 84 0 84 0 84 4 84 0 84 0 84 0 
727 85 3 85 0 85 0 85 0 85 4 85 0 85 0 85 3 85 0 85 0 85 0 
742 86 3.5 86 0 86 0 86 0 86 3 86 0 86 0 86 4 86 0 86 0 86 0 
754 87 4 87 0 87 0 87 0 87 4 87 0 87 0 87 4 87 0 87 0 87 0 
769 88 2 88 0 88 0 88 0 88 2 88 0 88 0 88 4 88 0 88 0 88 0 
771 89 1 89 0 89 0 89 0 89 2 89 0 89 1 89 4 89 0 89 0 89 0 
772 90 3 90 0 90 0 90 0 90 2 90 0 90 1 90 3 90 0 90 0 90 0 
784 91 0 91 0 91 0 91 0 91 0 91 0 91 1 91 3 91 0 91 0 91 0 
786 92 4 92 0 92 0 92 0 92 0 92 0 92 4 92 3 92 0 92 0 92 0 
787 93 0 93 0 93 0 93 0 93 0 93 0 93 4 93 0 93 0 93 0 93 0 
801 94 6 94 0 94 0 94 0 94 0 94 0 94 6 94 0 94 0 94 0 94 0 
816 95 4 95 0 95 0 95 0 95 0 95 0 95 4 95 0 95 0 95 0 95 0 
817 96 6 96 0 96 0 96 0 96 0 96 0 96 4 96 6 96 0 96 0 96 0 
831 97 3 97 0 97 0 97 0 97 0 97 0 97 3 97 6 97 0 97 0 97 0 
832 98 4 98 0 98 0 98 0 98 0 98 0 98 3 98 4 98 0 98 0 98 0 
847 99 3.5 99 0 99 0 99 0 99 0 99 0 99 4 99 3 99 0 99 0 99 0 
862 100 4 100 0 100 0 100 0 100 0 100 0 100 4 100 4 100 0 100 0 100 0 
877 101 2 101 0 101 0 101 0 101 0 101 0 101 4 101 2 101 0 101 0 101 0 
891 102 3 102 0 102 0 102 0 102 0 102 0 102 3 102 2 102 0 102 0 102 0 
892 103 0 103 0 103 0 103 0 103 0 103 0 103 3 103 0 103 0 103 0 103 0 
918 104 0.5 104 0 104 0 104 1 104 0 104 0 104 0 104 0 104 0 104 0 104 0 
933 105 4 105 0 105 0 105 4 105 0 105 0 105 0 105 0 105 0 105 0 105 0 
963 106 3 106 0 106 0 106 3 106 0 106 0 106 0 106 0 106 0 106 0 106 0 
978 107 4 107 0 107 0 107 4 107 0 107 0 107 0 107 0 107 0 107 0 107 0 
1023 108 0 108 0 108 0 108 0 108 0 108 0 108 0 108 0 108 0 108 0 108 0 
1777 109 1 109 0 109 0 109 0 109 0 109 0 109 0 109 1 109 0 109 0 109 0 
1792 110 4 110 0 110 0 110 0 110 0 110 0 110 0 110 4 110 0 110 0 110 0 
1807 111 3 111 0 111 0 111 0 111 0 111 0 111 0 111 3 111 0 111 0 111 0 
1822 112 4 112 0 112 0 112 0 112 0 112 0 112 0 112 4 112 0 112 0 112 0 
1867 113 3 113 0 113 0 113 0 113 0 113 0 113 0 113 3 113 0 113 0 113 0 
1882 114 4 114 0 114 0 114 0 114 0 114 0 114 0 114 4 114 0 114 0 114 0 
1897 115 3 115 0 115 0 115 0 115 0 115 0 115 0 115 3 115 0 115 0 115 0 
1912 116 0 116 0 116 0 116 0 116 0 116 0 116 0 116 0 116 0 116 0 116 0 
2301 117 2 117 0 117 0 117 0 117 0 117 0 117 2 117 0 117 0 117 0 117 0 
2316 118 4 118 0 118 0 118 0 118 0 118 0 118 4 118 0 118 0 118 0 118 0 
2331 119 3 119 0 119 0 119 0 119 0 119 0 119 3 119 0 119 0 119 0 119 0 
2346 120 4 120 0 120 0 120 0 120 0 120 0 120 4 120 0 120 0 120 0 120 0 
2391 121 3 121 0 121 0 121 0 121 0 121 0 121 3 121 0 121 0 121 0 121 0 
2402 122 2 122 0 122 2 122 0 122 0 122 0 122 3 122 0 122 0 122 0 122 0 
2406 123 4 123 0 123 2 123 0 123 0 123 0 123 4 123 0 123 0 123 0 123 0 
2436 124 2 124 0 124 4 124 0 124 0 124 0 124 0 124 0 124 0 124 0 124 0 
2447 125 3 125 0 125 3 125 0 125 0 125 0 125 0 125 0 125 0 125 0 125 0 
2462 126 4 126 0 126 4 126 0 126 0 126 0 126 0 126 0 126 0 126 0 126 0 
2507 127 3 127 0 127 3 127 0 127 0 127 0 127 0 127 0 127 0 127 0 127 0 
2522 128 2 128 0 128 2 128 0 128 0 128 0 128 0 128 0 128 0 128 0 128 0 
2537 129 0 129 0 129 0 129 0 129 0 129 0 129 0 129 0 129 0 129 0 129 0 
3197 130 1 130 0 130 1 130 0 130 0 130 0 130 0 130 0 130 0 130 0 130 0 
3212 131 4 131 0 131 4 131 0 131 0 131 0 131 0 131 0 131 0 131 0 131 0 
3227 132 3 132 0 132 3 132 0 132 0 132 0 132 0 132 0 132 0 132 0 132 0 
3242 133 4 133 0 133 4 133 0 133 0 133 0 133 0 133 0 133 0 133 0 133 0 
3287 134 3 134 0 134 3 134 0 134 0 134 0 134 0 134 0 134 0 134 0 134 0 
3302 135 6 135 0 135 6 135 0 135 0 135 0 135 0 135 0 135 0 135 0 135 0 
3317 136 2 136 0 136 2 136 0 136 0 136 0 136 0 136 0 136 0 136 0 136 0 
3332 137 0 137 0 137 0 137 0 137 0 137 0 137 0 137 0 137 0 137 0 137 0 
3651 138 3 138 0 138 0 138 0 138 0 138 0 138 3 138 0 138 0 138 0 138 0 
3666 139 4 139 0 139 0 139 0 139 0 139 0 139 4 139 0 139 0 139 0 139 0 
3711 140 14 140 0 140 0 140 0 140 0 140 0 140 14 140 0 140 0 140 0 140 0 
3726 141 4 141 0 141 0 141 0 141 0 141 0 141 4 141 0 141 0 141 0 141 0 
3771 142 14 142 0 142 0 142 0 142 0 142 0 142 14 142 0 142 0 142 0 142 0 
3786 143 1 143 0 143 0 143 0 143 0 143 0 143 1 143 0 143 0 143 0 143 0 
3801 144 0 144 0 144 0 144 0 144 0 144 0 144 0 144 0 144 0 144 0 144 0 
5644 145 8 145 0 145 0 145 0 145 8 145 0 145 0 145 0 145 0 145 0 145 0 
5659 146 5 146 0 146 0 146 0 146 5 146 0 146 0 146 0 146 0 146 0 146 0 
5674 147 14 147 0 147 0 147 0 147 14 147 0 147 0 147 0 147 0 147 0 147 0 
5689 148 1 148 0 148 0 148 0 148 1 148 0 148 0 148 0 148 0 148 0 148 0 
5704 149 6 149 0 149 0 149 0 149 6 149 0 149 0 149 0 149 0 149 0 149 0 
5719 150 3 150 0 150 0 150 0 150 3 150 0 150 0 150 0 150 0 150 0 150 0 
5734 151 12 151 0 151 0 151 0 151 12 151 0 151 0 151 0 151 0 151 0 151 0 
5749 152 7 152 0 152 0 152 0 152 7 152 0 152 0 152 0 152 0 152 0 152 0 
5762 153 1 153 0 153 1 153 0 153 7 153 0 153 0 153 0 153 0 153 0 153 0 
5764 154 3 154 0 154 1 154 0 154 3 154 0 154 0 154 0 154 0 154 0 154 0 
5777 155 15 155 0 155 15 155 0 155 3 155 0 155 0 155 0 155 0 155 0 155 0 
5794 156 6 156 0 156 15 156 0 156 6 156 0 156 0 156 0 156 0 156 0 156 0 
5807 157 3 157 0 157 3 157 0 157 6 157 0 157 0 157 0 157 0 157 0 157 0 
5809 158 4 158 0 158 3 158 0 158 4 158 0 158 0 158 0 158 0 158 0 158 0 
5839 159 2.5 159 0 159 4 159 0 159 1 159 0 159 0 159 0 159 0 159 0 159 0 
5854 160 4 160 0 160 4 160 0 160 4 160 0 160 0 160 0 160 0 160 0 160 0 
5867 161 1 161 0 161 1 161 0 161 4 161 0 161 0 161 0 161 0 161 0 161 0 
5882 162 0 162 0 162 0 162 0 162 4 162 0 162 0 162 0 162 0 162 0 162 0 
5884 163 6 163 0 163 0 163 0 163 6 163 0 163 0 163 0 163 0 163 0 163 0 
5899 164 5 164 0 164 0 164 0 164 5 164 0 164 0 164 0 164 0 164 0 164 0 
5914 165 0 165 0 165 0 165 0 165 0 165 0 165 0 165 0 165 0 165 0 165 0 
5994 166 9 166 0 166 0 166 0 166 0 166 0 166 0 166 0 166 0 166 9 166 0 
6009 167 12 167 0 167 0 167 0 167 0 167 0 167 0 167 0 167 0 167 12 167 0 
6024 168 7 168 0 168 0 168 0 168 0 168 0 168 0 168 0 168 0 168 7 168 0 
6054 169 6 169 0 169 0 169 0 169 0 169 0 169 0 169 0 169 0 169 6 169 0 
6069 170 14 170 0 170 0 170 0 170 0 170 0 170 0 170 0 170 0 170 14 170 0 
6084 171 2 171 0 171 0 171 0 171 0 171 0 171 0 171 0 171 0 171 2 171 0 
6099 172 3 172 0 172 0 172 0 172 0 172 0 172 0 172 0 172 0 172 3 172 0 
6114 173 4 173 0 173 0 173 0 173 0 173 0 173 0 173 0 173 0 173 4 173 0 
6129 174 8 174 0 174 0 174 0 174 0 174 0 174 0 174 0 174 0 174 8 174 0 
6144 175 6 175 0 175 0 175 0 175 0 175 0 175 0 175 0 175 0 175 6 175 0 
6159 176 0 176 0 176 0 176 0 176 0 176 0 176 0 176 0 176 0 176 0 176 0 
6174 177 5 177 0 177 0 177 0 177 0 177 0 177 0 177 0 177 0 177 5 177 0 
6189 178 4 178 0 178 0 178 0 178 0 178 0 178 0 178 0 178 0 178 4 178 0 
6204 179 6 179 0 179 0 179 0 179 0 179 0 179 0 179 0 179 0 179 6 179 0 
6219 180 3 180 0 180 0 180 0 180 0 180 0 180 0 180 0 180 0 180 3 180 0 
6234 181 4 181 0 181 0 181 0 181 0 181 0 181 0 181 0 181 0 181 4 181 0 
6249 182 -6 182 0 182 0 182 0 182 0 182 0 182 0 182 0 182 0 182 -6 182 0 
6264 183 -20 183 0 183 0 183 0 183 0 183 0 183 0 183 0 183 0 183 -20 183 0 
6279 184 -8 184 0 184 0 184 0 184 0 184 0 184 0 184 0 184 0 184 -8 184 0 
6294 185 -20 185 0 185 0 185 0 185 0 185 0 185 0 185 0 185 0 185 -20 185 0 
6309 186 -7 186 0 186 0 186 0 186 0 186 0 186 0 186 0 186 0 186 -7 186 0 
6324 187 -4 187 0 187 0 187 0 187 0 187 0 187 0 187 0 187 0 187 -4 187 0 
6339 188 -6 188 0 188 0 188 0 188 0 188 0 188 0 188 0 188 0 188 -6 188 0 
6354 189 -4 189 0 189 0 189 0 189 0 189 0 189 0 189 0 189 0 189 -4 189 0 
6369 190 -6 190 0 190 0 190 0 190 0 190 0 190 0 190 0 190 0 190 -6 190 0 
6384 191 -4 191 0 191 0 191 0 191 0 191 0 191 0 191 0 191 0 191 -4 191 0 
6399 192 -6 192 0 192 0 192 0 192 0 192 0 192 0 192 0 192 0 192 -6 192 0 
6414 193 -4 193 0 193 0 193 0 193 0 193 0 193 0 193 0 193 0 193 -4 193 0 
6429 194 -1 194 0 194 0 194 0 194 0 194 0 194 0 194 0 194 0 194 -1 194 0 
6444 195 0 195 0 195 0 195 0 195 0 195 0 195 0 195 0 195 0 195 0 195 0 
6694 196 3 196 0 196 0 196 0 196 3 196 0 196 0 196 0 196 0 196 0 196 0 
6709 197 4 197 0 197 0 197 0 197 4 197 0 197 0 197 0 197 0 197 0 197 0 
6739 198 18 198 0 198 0 198 0 198 18 198 0 198 0 198 0 198 0 198 0 198 0 
6754 199 4 199 0 199 0 199 0 199 4 199 0 199 0 199 0 199 0 199 0 199 0 
6769 200 0 200 0 200 0 200 0 200 0 200 0 200 0 200 0 200 0 200 0 200 0 
6834 201 2 201 0 201 0 201 0 201 0 201 0 201 0 201 0 201 0 201 2 201 0 
6849 202 10 202 0 202 0 202 0 202 0 202 0 202 0 202 0 202 0 202 10 202 0 
6864 203 7 203 0 203 0 203 0 203 0 203 0 203 0 203 0 203 0 203 7 203 0 
6894 204 0 204 0 204 0 204 0 204 0 204 0 204 0 204 0 204 0 204 0 204 0 
6949 205 4 205 0 205 0 205 0 205 4 205 0 205 0 205 0 205 0 205 0 205 0 
6979 206 5 206 0 206 0 206 0 206 5 206 0 206 0 206 0 206 0 206 0 206 0 
6994 207 4 207 0 207 0 207 0 207 4 207 0 207 0 207 0 207 0 207 0 207 0 
7039 208 2 208 0 208 0 208 0 208 2 208 0 208 0 208 0 208 0 208 0 208 0 
7054 209 0 209 0 209 0 209 0 209 0 209 0 209 0 209 0 209 0 209 0 209 0 
7324 210 4 210 0 210 0 210 0 210 4 210 0 210 0 210 0 210 0 210 0 210 0 
7339 211 3 211 0 211 0 211 0 211 3 211 0 211 0 211 0 211 0 211 0 211 0 
7354 212 4 212 0 212 0 212 0 212 4 212 0 212 0 212 0 212 0 212 0 212 0 
7399 213 3 213 0 213 0 213 0 213 3 213 0 213 0 213 0 213 0 213 0 213 0 
7404 214 1 214 0 214 0 214 0 214 3 214 0 214 0 214 0 214 0 214 1 214 0 
7414 215 0 215 0 215 0 215 0 215 0 215 0 215 0 215 0 215 0 215 1 215 0 
7419 216 3 216 0 216 0 216 0 216 0 216 0 216 0 216 0 216 0 216 3 216 0 
7434 217 4 217 0 217 0 217 0 217 0 217 0 217 0 217 0 217 0 217 4 217 0 
7479 218 26 218 0 218 0 218 0 218 0 218 0 218 0 218 0 218 0 218 26 218 0 
7494 219 4 219 0 219 0 219 0 219 0 219 0 219 0 219 0 219 0 219 4 219 0 
7509 220 0 220 0 220 0 220 0 220 0 220 0 220 0 220 0 220 0 220 0 220 0 
9511 221 8 221 8 221 0 221 0 221 0 221 0 221 0 221 0 221 0 221 0 221 0 
9541 222 12 222 12 222 0 222 0 222 0 222 0 222 0 222 0 222 0 222 0 222 0 
9556 223 0 223 0 223 0 223 0 223 0 223 0 223 0 223 0 223 0 223 0 223 0 
9571 224 6 224 6 224 0 224 0 224 0 224 0 224 0 224 0 224 0 224 0 224 0 
9586 225 4 225 4 225 0 225 0 225 0 225 0 225 0 225 0 225 0 225 0 225 0 
9601 226 16 226 16 226 0 226 0 226 0 226 0 226 0 226 0 226 0 226 0 226 0 
9616 227 2 227 2 227 0 227 0 227 0 227 0 227 0 227 0 227 0 227 0 227 0 
9631 228 3 228 3 228 0 228 0 228 0 228 0 228 0 228 0 228 0 228 0 228 0 
9646 229 4 229 4 229 0 229 0 229 0 229 0 229 0 229 0 229 0 229 0 229 0 
9661 230 6 230 6 230 0 230 0 230 0 230 0 230 0 230 0 230 0 230 0 230 0 
9691 231 3 231 3 231 0 231 0 231 0 231 0 231 0 231 0 231 0 231 0 231 0 
9706 232 2 232 2 232 0 232 0 232 0 232 0 232 0 232 0 232 0 232 0 232 0 
9721 233 4 233 4 233 0 233 0 233 0 233 0 233 0 233 0 233 0 233 0 233 0 
9736 234 6 234 6 234 0 234 0 234 0 234 0 234 0 234 0 234 0 234 0 234 0 
9751 235 3 235 3 235 0 235 0 235 0 235 0 235 0 235 0 235 0 235 0 235 0 
9766 236 5 236 5 236 0 236 0 236 0 236 0 236 0 236 0 236 0 236 0 236 0 
9781 237 0 237 0 237 0 237 0 237 0 237 0 237 0 237 0 237 0 237 0 237 0 
10105 238 6 238 0 238 0 238 0 238 0 238 0 238 0 238 0 238 0 238 0 238 6 
10120 239 4 239 0 239 0 239 0 239 0 239 0 239 0 239 0 239 0 239 0 239 4 
10135 240 11 240 0 240 0 240 0 240 0 240 0 240 0 240 0 240 0 240 0 240 11 
10150 241 7 241 0 241 0 241 0 241 0 241 0 241 0 241 0 241 0 241 0 241 7 
10165 242 8 242 0 242 0 242 0 242 0 242 0 242 0 242 0 242 0 242 0 242 8 
10195 243 11 243 0 243 0 243 0 243 0 243 0 243 0 243 0 243 0 243 0 243 11 
10210 244 2 244 0 244 0 244 0 244 0 244 0 244 0 244 0 244 0 244 0 244 2 
10225 245 4 245 0 245 0 245 0 245 0 245 0 245 0 245 0 245 0 245 0 245 4 
10255 246 5 246 0 246 0 246 0 246 0 246 0 246 0 246 0 246 0 246 0 246 5 
10270 247 8 247 0 247 0 247 0 247 0 247 0 247 0 247 0 247 0 247 0 247 8 
10285 248 0 248 0 248 0 248 0 248 0 248 0 248 0 248 0 248 0 248 0 248 0 
10300 249 4 249 0 249 0 249 0 249 0 249 0 249 0 249 0 249 0 249 0 249 4 
10315 250 3 250 0 250 0 250 0 250 0 250 0 250 0 250 0 250 0 250 0 250 3 
10330 251 6 251 0 251 0 251 0 251 0 251 0 251 0 251 0 251 0 251 0 251 6 
10345 252 4 252 0 252 0 252 0 252 0 252 0 252 0 252 0 252 0 252 0 252 4 
10360 253 3 253 0 253 0 253 0 253 0 253 0 253 0 253 0 253 0 253 0 253 3 
10375 254 0 254 0 254 0 254 0 254 0 254 0 254 0 254 0 254 0 254 0 254 0 
12289 255 12 255 0 255 0 255 0 255 12 255 0 255 0 255 0 255 0 255 0 255 0 
12304 256 6 256 0 256 0 256 0 256 6 256 0 256 0 256 0 256 0 256 0 256 0 
12319 257 9 257 0 257 0 257 0 257 9 257 0 257 0 257 0 257 0 257 0 257 0 
12334 258 1 258 0 258 0 258 0 258 1 258 0 258 0 258 0 258 0 258 0 258 0 
12349 259 0 259 0 259 0 259 0 259 0 259 0 259 0 259 0 259 0 259 0 259 0 
13381 260 1 260 1 260 0 260 0 260 0 260 0 260 0 260 0 260 0 260 0 260 0 
13396 261 19 261 19 261 0 261 0 261 0 261 0 261 0 261 0 261 0 261 0 261 0 
13411 262 3 262 3 262 0 262 0 262 0 262 0 262 0 262 0 262 0 262 0 262 0 
13426 263 4 263 4 263 0 263 0 263 0 263 0 263 0 263 0 263 0 263 0 263 0 
13456 264 15 264 15 264 0 264 0 264 0 264 0 264 0 264 0 264 0 264 0 264 0 
13471 265 3 265 3 265 0 265 0 265 0 265 0 265 0 265 0 265 0 265 0 265 0 
13486 266 4 266 4 266 0 266 0 266 0 266 0 266 0 266 0 266 0 266 0 266 0 
13516 267 0 267 0 267 0 267 0 267 0 267 0 267 0 267 0 267 0 267 0 267 0 
14236 268 1 268 1 268 0 268 0 268 0 268 0 268 0 268 0 268 0 268 0 268 0 
14251 269 3 269 3 269 0 269 0 269 0 269 0 269 0 269 0 269 0 269 0 269 0 
14266 270 4 270 4 270 0 270 0 270 0 270 0 270 0 270 0 270 0 270 0 270 0 
14311 271 3 271 3 271 0 271 0 271 0 271 0 271 0 271 0 271 0 271 0 271 0 
14326 272 4 272 4 272 0 272 0 272 0 272 0 272 0 272 0 272 0 272 0 272 0 
14371 273 3 273 3 273 0 273 0 273 0 273 0 273 0 273 0 273 0 273 0 273 0 
14386 274 4 274 4 274 0 274 0 274 0 274 0 274 0 274 0 274 0 274 0 274 0 
14401 275 19 275 19 275 0 275 0 275 0 275 0 275 0 275 0 275 0 275 0 275 0 
14416 276 4 276 4 276 0 276 0 276 0 276 0 276 0 276 0 276 0 276 0 276 0 
14431 277 0 277 0 277 0 277 0 277 0 277 0 277 0 277 0 277 0 277 0 277 0 
15439 278 1 278 0 278 0 278 0 278 1 278 0 278 0 278 0 278 0 278 0 278 0 
15454 279 4 279 0 279 0 279 0 279 4 279 0 279 0 279 0 279 0 279 0 279 0 
15469 280 23 280 0 280 0 280 0 280 23 280 0 280 0 280 0 280 0 280 0 280 0 
15484 281 4 281 0 281 0 281 0 281 4 281 0 281 0 281 0 281 0 281 0 281 0 
15499 282 3 282 0 282 0 282 0 282 3 282 0 282 0 282 0 282 0 282 0 282 0 
15514 283 4 283 0 283 0 283 0 283 4 283 0 283 0 283 0 283 0 283 0 283 0 
15559 284 3 284 0 284 0 284 0 284 3 284 0 284 0 284 0 284 0 284 0 284 0 
15574 285 4 285 0 285 0 285 0 285 4 285 0 285 0 285 0 285 0 285 0 285 0 
15604 286 3 286 0 286 0 286 0 286 3 286 0 286 0 286 0 286 0 286 0 286 0 
15619 287 0 287 0 287 0 287 0 287 0 287 0 287 0 287 0 287 0 287 0 287 0 
16510 288 3 288 0 288 0 288 0 288 0 288 0 288 0 288 0 288 0 288 0 288 3 
16525 289 4 289 0 289 0 289 0 289 0 289 0 289 0 289 0 289 0 289 0 289 4 
16540 290 15 290 0 290 0 290 0 290 0 290 0 290 0 290 0 290 0 290 0 290 15 
16555 291 3 291 0 291 0 291 0 291 0 291 0 291 0 291 0 291 0 291 0 291 3 
16570 292 8 292 0 292 0 292 0 292 0 292 0 292 0 292 0 292 0 292 0 292 8 
16585 293 4 293 0 293 0 293 0 293 0 293 0 293 0 293 0 293 0 293 0 293 4 
16615 294 3 294 0 294 0 294 0 294 0 294 0 294 0 294 0 294 0 294 0 294 3 
16630 295 19 295 0 295 0 295 0 295 0 295 0 295 0 295 0 295 0 295 0 295 19 
16645 296 2 296 0 296 0 296 0 296 0 296 0 296 0 296 0 296 0 296 0 296 2 
16660 297 0 297 0 297 0 297 0 297 0 297 0 297 0 297 0 297 0 297 0 297 0 
16876 298 4 298 4 298 0 298 0 298 0 298 0 298 0 298 0 298 0 298 0 298 0 
16891 299 14 299 14 299 0 299 0 299 0 299 0 299 0 299 0 299 0 299 0 299 0 
16906 300 4 300 4 300 0 300 0 300 0 300 0 300 0 300 0 300 0 300 0 300 0 
16936 301 15 301 15 301 0 301 0 301 0 301 0 301 0 301 0 301 0 301 0 301 0 
16951 302 3 302 3 302 0 302 0 302 0 302 0 302 0 302 0 302 0 302 0 302 0 
16966 303 4 303 4 303 0 303 0 303 0 303 0 303 0 303 0 303 0 303 0 303 0 
16981 304 2 304 2 304 0 304 0 304 0 304 0 304 0 304 0 304 0 304 0 304 0 
16996 305 0 305 0 305 0 305 0 305 0 305 0 305 0 305 0 305 0 305 0 305 0 
17200 306 1 306 0 306 0 306 0 306 0 306 0 306 0 306 0 306 0 306 0 306 1 
17215 307 14 307 0 307 0 307 0 307 0 307 0 307 0 307 0 307 0 307 0 307 14 
17230 308 4 308 0 308 0 308 0 308 0 308 0 308 0 308 0 308 0 308 0 308 4 
17245 309 0 309 0 309 0 309 0 309 0 309 0 309 0 309 0 309 0 309 0 309 0 
17260 310 -1 310 0 310 0 310 0 310 0 310 0 310 0 310 0 310 0 310 0 310 -1 
17275 311 0 311 0 311 0 311 0 311 0 311 0 311 0 311 0 311 0 311 0 311 0 
17425 312 3 312 0 312 0 312 0 312 0 312 0 312 0 312 0 312 0 312 0 312 3 
17440 313 15 313 0 313 0 313 0 313 0 313 0 313 0 313 0 313 0 313 0 313 15 
17455 314 0 314 0 314 0 314 0 314 0 314 0 314 0 314 0 314 0 314 0 314 0 
17560 315 1 315 0 315 0 315 0 315 0 315 0 315 0 315 0 315 0 315 0 315 1 
17575 316 3 316 0 316 0 316 0 316 0 316 0 316 0 316 0 316 0 316 0 316 3 
17590 317 4 317 0 317 0 317 0 317 0 317 0 317 0 317 0 317 0 317 0 317 4 
17635 318 3 318 0 318 0 318 0 318 0 318 0 318 0 318 0 318 0 318 0 318 3 
17650 319 1 319 0 319 0 319 0 319 0 319 0 319 0 319 0 319 0 319 0 319 1 
17665 320 0 320 0 320 0 320 0 320 0 320 0 320 0 320 0 320 0 320 0 320 0 
17752 321 6 321 0 321 0 321 0 321 0 321 0 321 0 321 6 321 0 321 0 321 0 
17767 322 3 322 0 322 0 322 0 322 0 322 0 322 0 322 3 322 0 322 0 322 0 
17782 323 12 323 0 323 0 323 0 323 0 323 0 323 0 323 12 323 0 323 0 323 0 
17797 324 7 324 0 324 0 324 0 324 0 324 0 324 0 324 7 324 0 324 0 324 0 
17812 325 10 325 0 325 0 325 0 325 0 325 0 325 0 325 10 325 0 325 0 325 0 
17827 326 5 326 0 326 0 326 0 326 0 326 0 326 0 326 5 326 0 326 0 326 0 
17842 327 14 327 0 327 0 327 0 327 0 327 0 327 0 327 14 327 0 327 0 327 0 
17857 328 2 328 0 328 0 328 0 328 0 328 0 328 0 328 2 328 0 328 0 328 0 
17872 329 4 329 0 329 0 329 0 329 0 329 0 329 0 329 4 329 0 329 0 329 0 
17887 330 3 330 0 330 0 330 0 330 0 330 0 330 0 330 3 330 0 330 0 330 0 
17888 331 7 331 0 331 0 331 0 331 0 331 0 331 0 331 3 331 7 331 0 331 0 
17902 332 6 332 0 332 0 332 0 332 0 332 0 332 0 332 6 332 7 332 0 332 0 
17903 333 3 333 0 333 0 333 0 333 0 333 0 333 0 333 6 333 3 333 0 333 0 
17918 334 16 334 0 334 0 334 0 334 0 334 0 334 0 334 6 334 16 334 0 334 0 
17932 335 0 335 0 335 0 335 0 335 0 335 0 335 0 335 0 335 16 335 0 335 0 
17933 336 2 336 0 336 0 336 0 336 0 336 0 336 0 336 0 336 2 336 0 336 0 
17947 337 3 337 0 337 0 337 0 337 0 337 0 337 0 337 3 337 2 337 0 337 0 
17948 338 9 338 0 338 0 338 0 338 0 338 0 338 0 338 3 338 9 338 0 338 0 
17962 339 4 339 0 339 0 339 0 339 0 339 0 339 0 339 4 339 9 339 0 339 0 
17963 340 7 340 0 340 0 340 0 340 0 340 0 340 0 340 4 340 7 340 0 340 0 
17977 341 6 341 0 341 0 341 0 341 0 341 0 341 0 341 6 341 7 341 0 341 0 
17978 342 12 342 0 342 0 342 0 342 0 342 0 342 0 342 6 342 12 342 0 342 0 
17992 343 4 343 0 343 0 343 0 343 0 343 0 343 0 343 4 343 12 343 0 343 0 
17993 344 2 344 0 344 0 344 0 344 0 344 0 344 0 344 4 344 2 344 0 344 0 
18007 345 3 345 0 345 0 345 0 345 0 345 0 345 0 345 3 345 2 345 0 345 0 
18008 346 4 346 0 346 0 346 0 346 0 346 0 346 0 346 3 346 4 346 0 346 0 
18022 347 0 347 0 347 0 347 0 347 0 347 0 347 0 347 0 347 4 347 0 347 0 
18023 348 3 348 0 348 0 348 0 348 0 348 0 348 0 348 0 348 3 348 0 348 0 
18038 349 8 349 0 349 0 349 0 349 0 349 0 349 0 349 0 349 8 349 0 349 0 
18053 350 5 350 0 350 0 350 0 350 0 350 0 350 0 350 0 350 5 350 0 350 0 
18068 351 1 351 0 351 0 351 0 351 0 351 0 351 0 351 0 351 1 351 0 351 0 
18083 352 3 352 0 352 0 352 0 352 0 352 0 352 0 352 0 352 3 352 0 352 0 
18098 353 4 353 0 353 0 353 0 353 0 353 0 353 0 353 0 353 4 353 0 353 0 
18113 354 6 354 0 354 0 354 0 354 0 354 0 354 0 354 0 354 6 354 0 354 0 
18143 355 0 355 0 355 0 355 0 355 0 355 0 355 0 355 0 355 0 355 0 355 0 
18188 356 1 356 0 356 0 356 0 356 0 356 0 356 0 356 0 356 1 356 0 356 0 
18203 357 3 357 0 357 0 357 0 357 0 357 0 357 0 357 0 357 3 357 0 357 0 
18218 358 4 358 0 358 0 358 0 358 0 358 0 358 0 358 0 358 4 358 0 358 0 
18263 359 3 359 0 359 0 359 0 359 0 359 0 359 0 359 0 359 3 359 0 359 0 
18278 360 4 360 0 360 0 360 0 360 0 360 0 360 0 360 0 360 4 360 0 360 0 
18293 361 0 361 0 361 0 361 0 361 0 361 0 361 0 361 0 361 0 361 0 361 0 
18442 362 4 362 0 362 0 362 0 362 0 362 0 362 0 362 4 362 0 362 0 362 0 
18473 363 3 363 0 363 0 363 0 363 0 363 0 363 0 363 4 363 3 363 0 363 0 
18488 364 3.5 364 0 364 0 364 0 364 0 364 0 364 0 364 3 364 4 364 0 364 0 
18502 365 4 365 0 365 0 365 0 365 0 365 0 365 0 365 4 365 4 365 0 365 0 
18503 366 3 366 0 366 0 366 0 366 0 366 0 366 0 366 4 366 3 366 0 366 0 
18518 367 4 367 0 367 0 367 0 367 0 367 0 367 0 367 4 367 4 367 0 367 0 
18547 368 3 368 0 368 0 368 0 368 0 368 0 368 0 368 3 368 4 368 0 368 0 
18548 369 0 369 0 369 0 369 0 369 0 369 0 369 0 369 3 369 0 369 0 369 0 
18562 370 4 370 0 370 0 370 0 370 0 370 0 370 0 370 4 370 0 370 0 370 0 
18577 371 0 371 0 371 0 371 0 371 0 371 0 371 0 371 0 371 0 371 0 371 0 
18772 372 1 372 0 372 0 372 0 372 0 372 0 372 0 372 1 372 0 372 0 372 0 
18787 373 3 373 0 373 0 373 0 373 0 373 0 373 0 373 3 373 0 373 0 373 0 
18802 374 4 374 0 374 0 374 0 374 0 374 0 374 0 374 4 374 0 374 0 374 0 
18847 375 3 375 0 375 0 375 0 375 0 375 0 375 0 375 3 375 0 375 0 375 0 
18862 376 4 376 0 376 0 376 0 376 0 376 0 376 0 376 4 376 0 376 0 376 0 
18907 377 3 377 0 377 0 377 0 377 0 377 0 377 0 377 3 377 0 377 0 377 0 
18922 378 0 378 0 378 0 378 0 378 0 378 0 378 0 378 0 378 0 378 0 378 0 
19522 379 1 379 0 379 0 379 0 379 0 379 0 379 0 379 1 379 0 379 0 379 0 
19537 380 4 380 0 380 0 380 0 380 0 380 0 380 0 380 4 380 0 380 0 380 0 
19552 381 15 381 0 381 0 381 0 381 0 381 0 381 0 381 15 381 0 381 0 381 0 
19567 382 3 382 0 382 0 382 0 382 0 382 0 382 0 382 3 382 0 382 0 382 0 
19582 383 4 383 0 383 0 383 0 383 0 383 0 383 0 383 4 383 0 383 0 383 0 
19610 384 9 384 0 384 0 384 0 384 0 384 9 384 0 384 4 384 0 384 0 384 0 
19625 385 14 385 0 385 0 385 0 385 0 385 14 385 0 385 4 385 0 385 0 385 0 
19627 386 3 386 0 386 0 386 0 386 0 386 14 386 0 386 3 386 0 386 0 386 0 
19640 387 7 387 0 387 0 387 0 387 0 387 7 387 0 387 3 387 0 387 0 387 0 
19642 388 1 388 0 388 0 388 0 388 0 388 7 388 0 388 1 388 0 388 0 388 0 
19655 389 0 389 0 389 0 389 0 389 0 389 0 389 0 389 1 389 0 389 0 389 0 
19670 390 3.5 390 0 390 0 390 0 390 0 390 7 390 0 390 0 390 0 390 0 390 0 
19685 391 6 391 0 391 0 391 0 391 0 391 6 391 0 391 0 391 0 391 0 391 0 
19700 392 14 392 0 392 0 392 0 392 0 392 14 392 0 392 0 392 0 392 0 392 0 
19715 393 1 393 0 393 0 393 0 393 0 393 1 393 0 393 0 393 0 393 0 393 0 
19730 394 4 394 0 394 0 394 0 394 0 394 4 394 0 394 0 394 0 394 0 394 0 
19760 395 6 395 0 395 0 395 0 395 0 395 6 395 0 395 0 395 0 395 0 395 0 
19775 396 3 396 0 396 0 396 0 396 0 396 3 396 0 396 0 396 0 396 0 396 0 
19820 397 4 397 0 397 0 397 0 397 0 397 4 397 0 397 0 397 0 397 0 397 0 
19835 398 5 398 0 398 0 398 0 398 0 398 5 398 0 398 0 398 0 398 0 398 0 
19850 399 4 399 0 399 0 399 0 399 0 399 4 399 0 399 0 399 0 399 0 399 0 
19880 400 0 400 0 400 0 400 0 400 0 400 0 400 0 400 0 400 0 400 0 400 0 
20738 401 2 401 0 401 0 401 0 401 0 401 0 401 0 401 0 401 2 401 0 401 0 
20753 402 15 402 0 402 0 402 0 402 0 402 0 402 0 402 0 402 15 402 0 402 0 
20768 403 4 403 0 403 0 403 0 403 0 403 0 403 0 403 0 403 4 403 0 403 0 
20783 404 38 404 0 404 0 404 0 404 0 404 0 404 0 404 0 404 38 404 0 404 0 
20798 405 3 405 0 405 0 405 0 405 0 405 0 405 0 405 0 405 3 405 0 405 0 
20813 406 0 406 0 406 0 406 0 406 0 406 0 406 0 406 0 406 0 406 0 406 0 
22173 407 8 407 0 407 0 407 8 407 0 407 0 407 0 407 0 407 0 407 0 407 0 
22203 408 11 408 0 408 0 408 11 408 0 408 0 408 0 408 0 408 0 408 0 408 0 
22218 409 7 409 0 409 0 409 7 409 0 409 0 409 0 409 0 409 0 409 0 409 0 
22233 410 4 410 0 410 0 410 4 410 0 410 0 410 0 410 0 410 0 410 0 410 0 
22248 411 16 411 0 411 0 411 16 411 0 411 0 411 0 411 0 411 0 411 0 411 0 
22263 412 2 412 0 412 0 412 2 412 0 412 0 412 0 412 0 412 0 412 0 412 0 
22278 413 3 413 0 413 0 413 3 413 0 413 0 413 0 413 0 413 0 413 0 413 0 
22291 414 4 414 4 414 0 414 3 414 0 414 0 414 0 414 0 414 0 414 0 414 0 
22306 415 7 415 10 415 0 415 4 415 0 415 0 415 0 415 0 415 0 415 0 415 0 
22308 416 8 416 10 416 0 416 8 416 0 416 0 416 0 416 0 416 0 416 0 416 0 
22321 417 7 417 7 417 0 417 8 417 0 417 0 417 0 417 0 417 0 417 0 417 0 
22323 418 3 418 7 418 0 418 3 418 0 418 0 418 0 418 0 418 0 418 0 418 0 
22338 419 4 419 7 419 0 419 4 419 0 419 0 419 0 419 0 419 0 419 0 419 0 
22351 420 0 420 0 420 0 420 4 420 0 420 0 420 0 420 0 420 0 420 0 420 0 
22353 421 2 421 0 421 0 421 2 421 0 421 0 421 0 421 0 421 0 421 0 421 0 
22368 422 4 422 0 422 0 422 4 422 0 422 0 422 0 422 0 422 0 422 0 422 0 
22383 423 3 423 0 423 0 423 3 423 0 423 0 423 0 423 0 423 0 423 0 423 0 
22398 424 6 424 0 424 0 424 6 424 0 424 0 424 0 424 0 424 0 424 0 424 0 
22413 425 5 425 0 425 0 425 5 425 0 425 0 425 0 425 0 425 0 425 0 425 0 
22428 426 0 426 0 426 0 426 0 426 0 426 0 426 0 426 0 426 0 426 0 426 0 
22503 427 1 427 0 427 0 427 1 427 0 427 0 427 0 427 0 427 0 427 0 427 0 
22518 428 4 428 0 428 0 428 4 428 0 428 0 428 0 428 0 428 0 428 0 428 0 
22525 429 9 429 0 429 0 429 4 429 0 429 0 429 0 429 0 429 0 429 0 429 9 
22540 430 12 430 0 430 0 430 4 430 0 430 0 430 0 430 0 430 0 430 0 430 12 
22555 431 7 431 0 431 0 431 4 431 0 431 0 431 0 431 0 431 0 431 0 431 7 
22563 432 3 432 0 432 0 432 3 432 0 432 0 432 0 432 0 432 0 432 0 432 7 
22578 433 4 433 0 433 0 433 4 433 0 433 0 433 0 433 0 433 0 433 0 433 7 
22585 434 6 434 0 434 0 434 4 434 0 434 0 434 0 434 0 434 0 434 0 434 6 
22600 435 16 435 0 435 0 435 4 435 0 435 0 435 0 435 0 435 0 435 0 435 16 
22615 436 1 436 0 436 0 436 4 436 0 436 0 436 0 436 0 436 0 436 0 436 1 
22623 437 0 437 0 437 0 437 0 437 0 437 0 437 0 437 0 437 0 437 0 437 1 
22630 438 4 438 0 438 0 438 0 438 0 438 0 438 0 438 0 438 0 438 0 438 4 
22660 439 6 439 0 439 0 439 0 439 0 439 0 439 0 439 0 439 0 439 0 439 6 
22675 440 3 440 0 440 0 440 0 440 0 440 0 440 0 440 0 440 0 440 0 440 3 
22720 441 4 441 0 441 0 441 0 441 0 441 0 441 0 441 0 441 0 441 0 441 4 
22735 442 5 442 0 442 0 442 0 442 0 442 0 442 0 442 0 442 0 442 0 442 5 
22750 443 4 443 0 443 0 443 0 443 0 443 0 443 0 443 0 443 0 443 0 443 4 
22780 444 0 444 0 444 0 444 0 444 0 444 0 444 0 444 0 444 0 444 0 444 0 
22840 445 1 445 0 445 0 445 0 445 0 445 0 445 0 445 0 445 0 445 0 445 1 
22855 446 0 446 0 446 0 446 0 446 0 446 0 446 0 446 0 446 0 446 0 446 0 
23245 447 3 447 0 447 0 447 0 447 0 447 0 447 0 447 0 447 0 447 0 447 3 
23260 448 4 448 0 448 0 448 0 448 0 448 0 448 0 448 0 448 0 448 0 448 4 
23275 449 3 449 0 449 0 449 0 449 0 449 0 449 0 449 0 449 0 449 0 449 3 
23290 450 27 450 0 450 0 450 0 450 0 450 0 450 0 450 0 450 0 450 0 450 27 
23305 451 -2 451 0 451 0 451 0 451 0 451 0 451 0 451 0 451 0 451 0 451 -2 
23320 452 0 452 0 452 0 452 0 452 0 452 0 452 0 452 0 452 0 452 0 452 0 
23716 453 1 453 1 453 0 453 0 453 0 453 0 453 0 453 0 453 0 453 0 453 0 
23731 454 3 454 3 454 0 454 0 454 0 454 0 454 0 454 0 454 0 454 0 454 0 
23746 455 4 455 4 455 0 455 0 455 0 455 0 455 0 455 0 455 0 455 0 455 0 
23776 456 6 456 6 456 0 456 0 456 0 456 0 456 0 456 0 456 0 456 0 456 0 
23791 457 5 457 5 457 0 457 0 457 0 457 0 457 0 457 0 457 0 457 0 457 0 
23806 458 4 458 4 458 0 458 0 458 0 458 0 458 0 458 0 458 0 458 0 458 0 
23851 459 3 459 3 459 0 459 0 459 0 459 0 459 0 459 0 459 0 459 0 459 0 
23866 460 4 460 4 460 0 460 0 460 0 460 0 460 0 460 0 460 0 460 0 460 0 
23898 461 15 461 4 461 0 461 15 461 0 461 0 461 0 461 0 461 0 461 0 461 0 
23911 462 3 462 3 462 0 462 15 462 0 462 0 462 0 462 0 462 0 462 0 462 0 
23913 463 4 463 3 463 0 463 4 463 0 463 0 463 0 463 0 463 0 463 0 463 0 
23941 464 0 464 0 464 0 464 4 464 0 464 0 464 0 464 0 464 0 464 0 464 0 
23943 465 3 465 0 465 0 465 3 465 0 465 0 465 0 465 0 465 0 465 0 465 0 
23973 466 0 466 0 466 0 466 0 466 0 466 0 466 0 466 0 466 0 466 0 466 0 
24288 467 1 467 0 467 0 467 1 467 0 467 0 467 0 467 0 467 0 467 0 467 0 
24303 468 3 468 0 468 0 468 3 468 0 468 0 468 0 468 0 468 0 468 0 468 0 
24318 469 15 469 0 469 0 469 15 469 0 469 0 469 0 469 0 469 0 469 0 469 0 
24333 470 4 470 0 470 0 470 4 470 0 470 0 470 0 470 0 470 0 470 0 470 0 
24363 471 3 471 0 471 0 471 3 471 0 471 0 471 0 471 0 471 0 471 0 471 0 
24378 472 0 472 0 472 0 472 0 472 0 472 0 472 0 472 0 472 0 472 0 472 0 
24517 473 6 473 0 473 0 473 0 473 0 473 0 473 0 473 6 473 0 473 0 473 0 
24532 474 9 474 0 474 0 474 0 474 0 474 0 474 0 474 9 474 0 474 0 474 0 
24562 475 2 475 0 475 0 475 0 475 0 475 0 475 0 475 2 475 0 475 0 475 0 
24577 476 0 476 0 476 0 476 0 476 0 476 0 476 0 476 0 476 0 476 0 476 0 
24845 477 2 477 0 477 0 477 0 477 0 477 2 477 0 477 0 477 0 477 0 477 0 
24860 478 4 478 0 478 0 478 0 478 0 478 4 478 0 478 0 478 0 478 0 478 0 
24875 479 3 479 0 479 0 479 0 479 0 479 3 479 0 479 0 479 0 479 0 479 0 
24890 480 19 480 0 480 0 480 0 480 0 480 19 480 0 480 0 480 0 480 0 480 0 
24935 481 14 481 0 481 0 481 0 481 0 481 14 481 0 481 0 481 0 481 0 481 0 
24950 482 3 482 0 482 0 482 0 482 0 482 3 482 0 482 0 482 0 482 0 482 0 
24965 483 0 483 0 483 0 483 0 483 0 483 0 483 0 483 0 483 0 483 0 483 0 
25239 484 6 484 0 484 0 484 0 484 0 484 0 484 0 484 0 484 0 484 6 484 0 
25254 485 4 485 0 485 0 485 0 485 0 485 0 485 0 485 0 485 0 485 4 485 0 
25269 486 16 486 0 486 0 486 0 486 0 486 0 486 0 486 0 486 0 486 16 486 0 
25284 487 2 487 0 487 0 487 0 487 0 487 0 487 0 487 0 487 0 487 2 487 0 
25299 488 8 488 0 488 0 488 0 488 0 488 0 488 0 488 0 488 0 488 8 488 0 
25329 489 12 489 0 489 0 489 0 489 0 489 0 489 0 489 0 489 0 489 12 489 0 
25344 490 2 490 0 490 0 490 0 490 0 490 0 490 0 490 0 490 0 490 2 490 0 
25357 491 1 491 0 491 0 491 0 491 0 491 0 491 0 491 1 491 0 491 2 491 0 
25359 492 3 492 0 492 0 492 0 492 0 492 0 492 0 492 1 492 0 492 3 492 0 
25372 493 4 493 0 493 0 493 0 493 0 493 0 493 0 493 4 493 0 493 3 493 0 
25387 494 3.5 494 0 494 0 494 0 494 0 494 0 494 0 494 3 494 0 494 4 494 0 
25389 495 6 495 0 495 0 495 0 495 0 495 0 495 0 495 3 495 0 495 6 495 0 
25402 496 23 496 0 496 0 496 0 496 0 496 0 496 0 496 23 496 0 496 6 496 0 
25404 497 5 497 0 497 0 497 0 497 0 497 0 497 0 497 23 497 0 497 5 497 0 
25417 498 4 498 0 498 0 498 0 498 0 498 0 498 0 498 4 498 0 498 5 498 0 
25419 499 0 499 0 499 0 499 0 499 0 499 0 499 0 499 4 499 0 499 0 499 0 
25432 500 2 500 0 500 0 500 0 500 0 500 0 500 0 500 2 500 0 500 0 500 0 
25434 501 4 501 0 501 0 501 0 501 0 501 0 501 0 501 2 501 0 501 4 501 0 
25447 502 0 502 0 502 0 502 0 502 0 502 0 502 0 502 0 502 0 502 4 502 0 
25464 503 6 503 0 503 0 503 0 503 0 503 0 503 0 503 0 503 0 503 6 503 0 
25479 504 3 504 0 504 0 504 0 504 0 504 0 504 0 504 0 504 0 504 3 504 0 
25509 505 0 505 0 505 0 505 0 505 0 505 0 505 0 505 0 505 0 505 0 505 0 
25673 506 8 506 0 506 0 506 0 506 0 506 0 506 0 506 0 506 8 506 0 506 0 
25688 507 10 507 0 507 0 507 0 507 0 507 0 507 0 507 0 507 10 507 0 507 0 
25703 508 11 508 0 508 0 508 0 508 0 508 0 508 0 508 0 508 11 508 0 508 0 
25718 509 7 509 0 509 0 509 0 509 0 509 0 509 0 509 0 509 7 509 0 509 0 
25733 510 4 510 0 510 0 510 0 510 0 510 0 510 0 510 0 510 4 510 0 510 0 
25748 511 16 511 0 511 0 511 0 511 0 511 0 511 0 511 0 511 16 511 0 511 0 
25763 512 2 512 0 512 0 512 0 512 0 512 0 512 0 512 0 512 2 512 0 512 0 
25778 513 3 513 0 513 0 513 0 513 0 513 0 513 0 513 0 513 3 513 0 513 0 
25793 514 4 514 0 514 0 514 0 514 0 514 0 514 0 514 0 514 4 514 0 514 0 
25808 515 6 515 0 515 0 515 0 515 0 515 0 515 0 515 0 515 6 515 0 515 0 
25823 516 3 516 0 516 0 516 0 516 0 516 0 516 0 516 0 516 3 516 0 516 0 
25838 517 4 517 0 517 0 517 0 517 0 517 0 517 0 517 0 517 4 517 0 517 0 
25883 518 3 518 0 518 0 518 0 518 0 518 0 518 0 518 0 518 3 518 0 518 0 
25898 519 6 519 0 519 0 519 0 519 0 519 0 519 0 519 0 519 6 519 0 519 0 
25913 520 5 520 0 520 0 520 0 520 0 520 0 520 0 520 0 520 5 520 0 520 0 
25928 521 0 521 0 521 0 521 0 521 0 521 0 521 0 521 0 521 0 521 0 521 0 
25943 522 -16 522 0 522 0 522 0 522 0 522 0 522 0 522 0 522 -16 522 0 522 0 
25958 523 -12 523 0 523 0 523 0 523 0 523 0 523 0 523 0 523 -12 523 0 523 0 
25973 524 -17 524 0 524 0 524 0 524 0 524 0 524 0 524 0 524 -17 524 0 524 0 
25988 525 -12 525 0 525 0 525 0 525 0 525 0 525 0 525 0 525 -12 525 0 525 0 
26003 526 -6 526 0 526 0 526 0 526 0 526 0 526 0 526 0 526 -6 526 0 526 0 
26018 527 -7 527 0 527 0 527 0 527 0 527 0 527 0 527 0 527 -7 527 0 527 0 
26033 528 -4 528 0 528 0 528 0 528 0 528 0 528 0 528 0 528 -4 528 0 528 0 
26048 529 -3 529 0 529 0 529 0 529 0 529 0 529 0 529 0 529 -3 529 0 529 0 
26063 530 -6 530 0 530 0 530 0 530 0 530 0 530 0 530 0 530 -6 530 0 530 0 
26078 531 -7 531 0 531 0 531 0 531 0 531 0 531 0 531 0 531 -7 531 0 531 0 
26093 532 -4 532 0 532 0 532 0 532 0 532 0 532 0 532 0 532 -4 532 0 532 0 
26108 533 -2 533 0 533 0 533 0 533 0 533 0 533 0 533 0 533 -2 533 0 533 0 
26123 534 0 534 0 534 0 534 0 534 0 534 0 534 0 534 0 534 0 534 0 534 0 
26543 535 8 535 0 535 0 535 0 535 0 535 0 535 0 535 0 535 8 535 0 535 0 
26558 536 10 536 0 536 0 536 0 536 0 536 0 536 0 536 0 536 10 536 0 536 0 
26573 537 12 537 0 537 0 537 0 537 0 537 0 537 0 537 0 537 12 537 0 537 0 
26588 538 0 538 0 538 0 538 0 538 0 538 0 538 0 538 0 538 0 538 0 538 0 
26603 539 6 539 0 539 0 539 0 539 0 539 0 539 0 539 0 539 6 539 0 539 0 
26618 540 4 540 0 540 0 540 0 540 0 540 0 540 0 540 0 540 4 540 0 540 0 
26633 541 16 541 0 541 0 541 0 541 0 541 0 541 0 541 0 541 16 541 0 541 0 
26648 542 2 542 0 542 0 542 0 542 0 542 0 542 0 542 0 542 2 542 0 542 0 
26663 543 3 543 0 543 0 543 0 543 0 543 0 543 0 543 0 543 3 543 0 543 0 
26678 544 6 544 0 544 0 544 0 544 0 544 0 544 0 544 0 544 6 544 0 544 0 
26708 545 4 545 0 545 0 545 0 545 0 545 0 545 0 545 0 545 4 545 0 545 0 
26723 546 3 546 0 546 0 546 0 546 0 546 0 546 0 546 0 546 3 546 0 546 0 
26738 547 2 547 0 547 0 547 0 547 0 547 0 547 0 547 0 547 2 547 0 547 0 
26753 548 6 548 0 548 0 548 0 548 0 548 0 548 0 548 0 548 6 548 0 548 0 
26783 549 3 549 0 549 0 549 0 549 0 549 0 549 0 549 0 549 3 549 0 549 0 
26798 550 5 550 0 550 0 550 0 550 0 550 0 550 0 550 0 550 5 550 0 550 0 
26813 551 0 551 0 551 0 551 0 551 0 551 0 551 0 551 0 551 0 551 0 551 0 
26828 552 1 552 0 552 0 552 0 552 0 552 0 552 0 552 0 552 1 552 0 552 0 
26843 553 3 553 0 553 0 553 0 553 0 553 0 553 0 553 0 553 3 553 0 553 0 
26858 554 6 554 0 554 0 554 0 554 0 554 0 554 0 554 0 554 6 554 0 554 0 
26873 555 4 555 0 555 0 555 0 555 0 555 0 555 0 555 0 555 4 555 0 555 0 
26888 556 1 556 0 556 0 556 0 556 0 556 0 556 0 556 0 556 1 556 0 556 0 
26918 557 4 557 0 557 0 557 0 557 0 557 0 557 0 557 0 557 4 557 0 557 0 
26963 558 1 558 0 558 0 558 0 558 0 558 0 558 0 558 0 558 1 558 0 558 0 
26978 559 0 559 0 559 0 559 0 559 0 559 0 559 0 559 0 559 0 559 0 559 0 
