# deltaRoadVehicles deltaRailways
10 0 0 0 0 0 0 0 0 0 0 
121 0 8 0 8 0 0 0 0 0 0 
123 0 7 0 8 0 0 0 7 0 0 
124 0 9 0 8 0 0 0 7 0 9 
138 0 10 0 8 0 0 0 10 0 9 
139 0 7 0 8 0 0 0 10 0 7 
151 0 11 0 11 0 0 0 10 0 7 
154 0 12 0 11 0 0 0 10 0 12 
166 0 7 0 7 0 0 0 10 0 12 
168 0 1 0 7 0 0 0 1 0 12 
169 0 7 0 7 0 0 0 1 0 7 
181 0 4 0 4 0 0 0 1 0 7 
183 0 0 0 4 0 0 0 0 0 7 
184 0 6 0 4 0 0 0 0 0 6 
196 0 16 0 16 0 0 0 0 0 6 
199 0 13 0 16 0 0 0 0 0 13 
211 0 2 0 2 0 0 0 0 0 13 
226 0 2.5 0 3 0 0 0 0 0 2 
229 0 6 0 3 0 0 0 0 0 6 
241 0 4 0 4 0 0 0 0 0 6 
256 0 5 0 6 0 0 0 0 0 4 
271 0 4 0 3 0 0 0 0 0 5 
289 0 3.5 0 4 0 0 0 0 0 3 
301 0 2 0 2 0 0 0 0 0 3 
316 0 4 0 4 0 0 0 0 0 3 
331 0 3 0 3 0 0 0 0 0 3 
334 0 6 0 3 0 0 0 0 0 6 
349 0 5 0 6 0 0 0 0 0 4 
376 0 0 0 0 0 0 0 0 0 4 
526 0 2 0 4 0 0 0 0 0 0 
541 0 8 0 8 0 0 0 0 0 0 
556 0 4 0 4 0 0 0 0 0 0 
571 0 1 0 1 0 0 0 0 0 0 
586 0 0 0 0 0 0 0 0 0 0 
601 0 2 0 2 0 0 0 0 0 0 
616 0 4 0 4 0 0 0 0 0 0 
631 0 3 0 3 0 0 0 0 0 0 
646 0 4 0 4 0 0 0 0 0 0 
661 0 3 0 3 0 0 0 0 0 0 
676 0 0 0 0 0 0 0 0 0 0 
709 0 6 0 0 0 0 0 0 0 6 
724 0 4 0 0 0 0 0 0 0 4 
739 0 3 0 0 0 0 0 0 0 3 
754 0 4 0 0 0 0 0 0 0 4 
799 0 0 0 0 0 0 0 0 0 0 
826 0 2 0 2 0 0 0 0 0 0 
841 0 4 0 4 0 0 0 0 0 0 
871 0 5 0 5 0 0 0 0 0 0 
886 0 4 0 4 0 0 0 0 0 0 
901 0 0 0 0 0 0 0 0 0 0 
949 0 2 0 0 0 0 0 0 0 2 
964 0 4 0 0 0 0 0 0 0 4 
979 0 3 0 0 0 0 0 0 0 3 
994 0 4 0 0 0 0 0 0 0 4 
1024 0 6 0 0 0 0 0 0 0 6 
1039 0 3 0 0 0 0 0 0 0 3 
1054 0 -5 0 0 0 0 0 0 0 -5 
1069 0 -20 0 0 0 0 0 0 0 -20 
1084 0 -9 0 0 0 0 0 0 0 -9 
1099 0 -19 0 0 0 0 0 0 0 -19 
1114 0 -4 0 0 0 0 0 0 0 -4 
1159 0 -3 0 0 0 0 0 0 0 -3 
1174 0 -4 0 0 0 0 0 0 0 -4 
1204 0 -7 0 0 0 0 0 0 0 -7 
1219 0 -3 0 0 0 0 0 0 0 -3 
1234 0 -7 0 0 0 0 0 0 0 -7 
1249 0 -4 0 0 0 0 0 0 0 -4 
1279 0 -3 0 0 0 0 0 0 0 -3 
1294 0 -4 0 0 0 0 0 0 0 -4 
1339 0 -3 0 0 0 0 0 0 0 -3 
1354 0 -4 0 0 0 0 0 0 0 -4 
1369 0 -7 0 0 0 0 0 0 0 -7 
1399 0 -3 0 0 0 0 0 0 0 -3 
1429 0 0 0 0 0 0 0 0 0 0 
1834 0 7 0 0 0 0 0 0 0 7 
1849 0 6 0 0 0 0 0 0 0 6 
1864 0 14 0 0 0 0 0 0 0 14 
1879 0 1 0 0 0 0 0 0 0 1 
1894 0 9 0 0 0 0 0 0 0 9 
1909 0 12 0 0 0 0 0 0 0 12 
1924 0 7 0 0 0 0 0 0 0 7 
1939 0 2 0 0 0 0 0 0 0 2 
1954 0 4 0 0 0 0 0 0 0 4 
1969 0 8 0 0 0 0 0 0 0 8 
1984 0 4 0 0 0 0 0 0 0 4 
2014 0 1 0 0 0 0 0 0 0 1 
2029 0 4 0 0 0 0 0 0 0 4 
2044 0 6 0 0 0 0 0 0 0 6 
2059 0 5 0 0 0 0 0 0 0 5 
2074 0 6 0 0 0 0 0 0 0 6 
2089 0 0 0 0 0 0 0 0 0 0 
2509 0 2 0 0 0 0 0 0 0 2 
2524 0 4 0 0 0 0 0 0 0 4 
2539 0 3 0 0 0 0 0 0 0 3 
2554 0 4 0 0 0 0 0 0 0 4 
2584 0 6 0 0 0 0 0 0 0 6 
2599 0 0 0 0 0 0 0 0 0 0 
2794 0 2 0 0 0 0 0 0 0 2 
2809 0 4 0 0 0 0 0 0 0 4 
2839 0 3 0 0 0 0 0 0 0 3 
2854 0 6 0 0 0 0 0 0 0 6 
2869 0 4 0 0 0 0 0 0 0 4 
2899 0 0 0 0 0 0 0 0 0 0 
3214 0 4 0 0 0 0 0 0 0 4 
3259 0 3 0 0 0 0 0 0 0 3 
3274 0 4 0 0 0 0 0 0 0 4 
3289 0 6 0 0 0 0 0 0 0 6 
3304 0 3 0 0 0 0 0 0 0 3 
3319 0 0 0 0 0 0 0 0 0 0 
5073 0 1 0 0 0 0 0 1 0 0 
5088 0 4 0 0 0 0 0 4 0 0 
5103 0 3 0 0 0 0 0 3 0 0 
5118 0 4 0 0 0 0 0 4 0 0 
5133 0 35 0 0 0 0 0 35 0 0 
5148 0 4 0 0 0 0 0 4 0 0 
5163 0 3 0 0 0 0 0 3 0 0 
5178 0 4 0 0 0 0 0 4 0 0 
5208 0 17 0 0 0 0 0 17 0 0 
5223 0 3 0 0 0 0 0 3 0 0 
5238 0 1 0 0 0 0 0 1 0 0 
5253 0 0 0 0 0 0 0 0 0 0 
5761 0 7 0 7 0 0 0 0 0 0 
5776 0 6 0 6 0 0 0 0 0 0 
5791 0 13 0 13 0 0 0 0 0 0 
5806 0 2 0 2 0 0 0 0 0 0 
5821 0 9 0 9 0 0 0 0 0 0 
5836 0 14 0 14 0 0 0 0 0 0 
5851 0 7 0 7 0 0 0 0 0 0 
5866 0 2 0 2 0 0 0 0 0 0 
5881 0 4 0 4 0 0 0 0 0 0 
5896 0 6 0 6 0 0 0 0 0 0 
5911 0 5 0 5 0 0 0 0 0 0 
5941 0 1 0 1 0 0 0 0 0 0 
5956 0 4 0 4 0 0 0 0 0 0 
5971 0 3 0 3 0 0 0 0 0 0 
5986 0 6 0 6 0 0 0 0 0 0 
6016 0 0 0 0 0 0 0 0 0 0 
6061 0 4 0 4 0 0 0 0 0 0 
6091 0 3 0 3 0 0 0 0 0 0 
6106 0 4 0 4 0 0 0 0 0 0 
6151 0 3 0 3 0 0 0 0 0 0 
6166 0 4 0 4 0 0 0 0 0 0 
6181 0 0 0 0 0 0 0 0 0 0 
6752 1 0 0 0 1 0 0 0 0 0 
6767 0 0 0 0 0 0 0 0 0 0 
6782 4 0 0 0 4 0 0 0 0 0 
6812 0 0 0 0 0 0 0 0 0 0 
8161 0 12 0 12 0 0 0 0 0 0 
8176 0 4 0 4 0 0 0 0 0 0 
8191 0 3 0 3 0 0 0 0 0 0 
8206 0 4 0 4 0 0 0 0 0 0 
8251 0 3 0 3 0 0 0 0 0 0 
8266 0 4 0 4 0 0 0 0 0 0 
8296 0 1 0 1 0 0 0 0 0 0 
8311 0 0 0 0 0 0 0 0 0 0 
9301 0 4 0 4 0 0 0 0 0 0 
9331 0 3 0 3 0 0 0 0 0 0 
9346 0 15 0 15 0 0 0 0 0 0 
9361 0 4 0 4 0 0 0 0 0 0 
9391 0 3 0 3 0 0 0 0 0 0 
9406 0 1 0 1 0 0 0 0 0 0 
9421 0 0 0 0 0 0 0 0 0 0 
10504 1 0 0 0 0 0 0 0 1 0 
10534 2 0 0 0 0 0 0 0 2 0 
10549 1 0 0 0 0 0 0 0 1 0 
10564 0 0 0 0 0 0 0 0 0 0 
11388 1 0 0 0 0 0 1 0 0 0 
11418 2 0 0 0 0 0 2 0 0 0 
11433 1 0 0 0 0 0 1 0 0 0 
11448 0 0 0 0 0 0 0 0 0 0 
13037 1 0 0 0 1 0 0 0 0 0 
13052 0 0 0 0 0 0 0 0 0 0 
13067 2 0 0 0 2 0 0 0 0 0 
13097 0 0 0 0 0 0 0 0 0 0 
15256 1 0 1 0 0 0 0 0 0 0 
15286 2 0 2 0 0 0 0 0 0 0 
15301 1 0 1 0 0 0 0 0 0 0 
15316 0 0 0 0 0 0 0 0 0 0 
16204 1 0 0 0 0 0 0 0 1 0 
16234 2 0 0 0 0 0 0 0 2 0 
16249 1 0 0 0 0 0 0 0 1 0 
16264 0 0 0 0 0 0 0 0 0 0 
17897 0 3 0 0 0 3 0 0 0 0 
17912 0 10 0 0 0 10 0 0 0 0 
17927 0 1 0 0 0 1 0 0 0 0 
17942 0 12 0 0 0 12 0 0 0 0 
17957 0 2 0 0 0 2 0 0 0 0 
17972 0 0 0 0 0 0 0 0 0 0 
20146 0 9 0 9 0 0 0 0 0 0 
20161 0 12 0 12 0 0 0 0 0 0 
20176 0 7 0 7 0 0 0 0 0 0 
20191 0 0 0 0 0 0 0 0 0 0 
20206 0 7 0 7 0 0 0 0 0 0 
20221 0 6 0 6 0 0 0 0 0 0 
20236 0 14 0 14 0 0 0 0 0 0 
20251 0 1 0 1 0 0 0 0 0 0 
20266 0 4 0 4 0 0 0 0 0 0 
20281 0 6 0 6 0 0 0 0 0 0 
20311 0 3 0 3 0 0 0 0 0 0 
20356 0 4 0 4 0 0 0 0 0 0 
20371 0 5 0 5 0 0 0 0 0 0 
20386 0 4 0 4 0 0 0 0 0 0 
20416 0 0 0 0 0 0 0 0 0 0 
20821 0 1 0 1 0 0 0 0 0 0 
20836 0 4 0 4 0 0 0 0 0 0 
20851 0 3 0 3 0 0 0 0 0 0 
20866 0 4 0 4 0 0 0 0 0 0 
20868 1 0 0 4 0 0 1 0 0 0 
20896 0 15 0 15 0 0 1 0 0 0 
20898 2 0 0 15 0 0 2 0 0 0 
20911 0 3 0 3 0 0 2 0 0 0 
20913 1 0 0 3 0 0 1 0 0 0 
20926 0 2 0 2 0 0 1 0 0 0 
20928 0 0 0 2 0 0 0 0 0 0 
21064 0 3 0 0 0 0 0 0 0 6 
21094 0 12 0 0 0 0 0 0 0 12 
21109 0 7 0 0 0 0 0 0 0 7 
21124 0 8 0 0 0 0 0 0 0 8 
21139 0 5 0 0 0 0 0 0 0 5 
21154 0 14 0 0 0 0 0 0 0 14 
21169 0 1 0 0 0 0 0 0 0 1 
21184 0 4 0 0 0 0 0 0 0 4 
21199 0 3 0 0 0 0 0 0 0 3 
21214 0 6 0 0 0 0 0 0 0 6 
21229 0 4 0 0 0 0 0 0 0 4 
21244 0 3 0 0 0 0 0 0 0 3 
21259 0 2 0 0 0 0 0 0 0 2 
21274 0 4 0 0 0 0 0 0 0 4 
21289 0 6 0 0 0 0 0 0 0 6 
21304 0 4 0 0 0 0 0 0 0 4 
21334 0 0 0 0 0 0 0 0 0 0 
21349 0 2 0 0 0 0 0 0 0 2 
21364 0 4 0 0 0 0 0 0 0 4 
21379 0 5 0 0 0 0 0 0 0 5 
21394 0 1 0 0 0 0 0 0 0 1 
21409 0 0 0 0 0 0 0 0 0 0 
21574 0 3 0 0 0 0 0 0 0 3 
21589 0 4 0 0 0 0 0 0 0 4 
21619 0 3 0 0 0 0 0 0 0 3 
21634 0 6 0 0 0 0 0 0 0 6 
21649 0 4 0 0 0 0 0 0 0 4 
21664 0 6 0 0 0 0 0 0 0 6 
21679 0 3 0 0 0 0 0 0 0 3 
21694 0 4 0 0 0 0 0 0 0 4 
21739 0 0 0 0 0 0 0 0 0 0 
21904 0 4 0 0 0 0 0 0 0 4 
21919 0 3 0 0 0 0 0 0 0 3 
21934 0 4 0 0 0 0 0 0 0 4 
21979 0 3 0 0 0 0 0 0 0 3 
21994 0 1 0 0 0 0 0 0 0 1 
22009 0 0 0 0 0 0 0 0 0 0 
