# ValueCount deltaRoadVehicles
10 0 0 0 0 0 0 0 0 0 0 0 0 0 0 0 0 0 0 0 0 0 0 
662 1 2 1 0 1 2 1 0 1 0 1 0 1 0 1 0 1 0 1 0 1 0 
692 2 3 2 0 2 3 2 0 2 0 2 0 2 0 2 0 2 0 2 0 2 0 
707 3 0 3 0 3 0 3 0 3 0 3 0 3 0 3 0 3 0 3 0 3 0 
2720 4 2 4 0 4 0 4 0 4 0 4 2 4 0 4 0 4 0 4 0 4 0 
2735 5 1 5 0 5 0 5 0 5 0 5 1 5 0 5 0 5 0 5 0 5 0 
2750 6 1.5 6 0 6 0 6 0 6 1 6 2 6 0 6 0 6 0 6 0 6 0 
2765 7 1 7 0 7 0 7 0 7 1 7 1 7 0 7 0 7 0 7 0 7 0 
2779 8 2 8 0 8 0 8 0 8 2 8 1 8 0 8 0 8 0 8 0 8 0 
2780 9 0 9 0 9 0 9 0 9 2 9 0 9 0 9 0 9 0 9 0 9 0 
2794 10 1 10 0 10 0 10 0 10 1 10 0 10 0 10 0 10 0 10 0 10 0 
2809 11 0 11 0 11 0 11 0 11 0 11 0 11 0 11 0 11 0 11 0 11 0 
8465 12 1 12 0 12 0 12 0 12 0 12 1 12 0 12 0 12 0 12 0 12 0 
8510 13 3 13 0 13 0 13 0 13 0 13 3 13 0 13 0 13 0 13 0 13 0 
8525 14 0 14 0 14 0 14 0 14 0 14 0 14 0 14 0 14 0 14 0 14 0 
8691 15 1 15 0 15 0 15 0 15 0 15 0 15 1 15 0 15 0 15 0 15 0 
8706 16 0 16 0 16 0 16 0 16 0 16 0 16 0 16 0 16 0 16 0 16 0 
8721 17 2 17 0 17 0 17 0 17 0 17 0 17 2 17 0 17 0 17 0 17 0 
8736 18 3 18 0 18 0 18 0 18 0 18 0 18 3 18 0 18 0 18 0 18 0 
8751 19 0 19 0 19 0 19 0 19 0 19 0 19 0 19 0 19 0 19 0 19 0 
9529 20 1 20 0 20 0 20 0 20 1 20 0 20 0 20 0 20 0 20 0 20 0 
9544 21 0 21 0 21 0 21 0 21 0 21 0 21 0 21 0 21 0 21 0 21 0 
9559 22 4 22 0 22 0 22 0 22 4 22 0 22 0 22 0 22 0 22 0 22 0 
9574 23 3 23 0 23 0 23 0 23 3 23 0 23 0 23 0 23 0 23 0 23 0 
9589 24 0 24 0 24 0 24 0 24 0 24 0 24 0 24 0 24 0 24 0 24 0 
10342 25 1 25 0 25 0 25 0 25 0 25 0 25 0 25 1 25 0 25 0 25 0 
10357 26 2 26 0 26 0 26 0 26 0 26 0 26 0 26 2 26 0 26 0 26 0 
10372 27 3 27 0 27 0 27 0 27 0 27 0 27 0 27 3 27 0 27 0 27 0 
10387 28 0 28 0 28 0 28 0 28 0 28 0 28 0 28 0 28 0 28 0 28 0 
11643 29 1 29 0 29 0 29 1 29 0 29 0 29 0 29 0 29 0 29 0 29 0 
11658 30 0 30 0 30 0 30 0 30 0 30 0 30 0 30 0 30 0 30 0 30 0 
11673 31 3 31 0 31 0 31 3 31 0 31 0 31 0 31 0 31 0 31 0 31 0 
11688 32 2 32 0 32 0 32 2 32 0 32 0 32 0 32 0 32 0 32 0 32 0 
11703 33 0 33 0 33 0 33 0 33 0 33 0 33 0 33 0 33 0 33 0 33 0 
13171 34 1 34 1 34 0 34 0 34 0 34 0 34 0 34 0 34 0 34 0 34 0 
13186 35 0 35 0 35 0 35 0 35 0 35 0 35 0 35 0 35 0 35 0 35 0 
13201 36 2 36 2 36 0 36 0 36 0 36 0 36 0 36 0 36 0 36 0 36 0 
13231 37 0 37 0 37 0 37 0 37 0 37 0 37 0 37 0 37 0 37 0 37 0 
16865 38 1 38 0 38 0 38 0 38 0 38 1 38 0 38 0 38 0 38 0 38 0 
16880 39 2 39 0 39 0 39 0 39 0 39 2 39 0 39 0 39 0 39 0 39 0 
16910 40 1 40 0 40 0 40 0 40 0 40 1 40 0 40 0 40 0 40 0 40 0 
16925 41 0 41 0 41 0 41 0 41 0 41 0 41 0 41 0 41 0 41 0 41 0 
17012 42 1 42 0 42 1 42 0 42 0 42 0 42 0 42 0 42 0 42 0 42 0 
17042 43 2 43 0 43 2 43 0 43 0 43 0 43 0 43 0 43 0 43 0 43 0 
17057 44 1 44 0 44 1 44 0 44 0 44 0 44 0 44 0 44 0 44 0 44 0 
17072 45 0 45 0 45 0 45 0 45 0 45 0 45 0 45 0 45 0 45 0 45 0 
17209 46 1 46 0 46 0 46 0 46 1 46 0 46 0 46 0 46 0 46 0 46 0 
17224 47 2 47 0 47 0 47 0 47 2 47 0 47 0 47 0 47 0 47 0 47 0 
17239 48 1 48 0 48 0 48 0 48 1 48 0 48 0 48 0 48 0 48 0 48 0 
17254 49 2 49 0 49 0 49 0 49 2 49 0 49 0 49 0 49 0 49 0 49 0 
17269 50 0 50 0 50 0 50 0 50 0 50 0 50 0 50 0 50 0 50 0 50 0 
17485 51 1 51 0 51 0 51 0 51 0 51 0 51 0 51 0 51 0 51 0 51 1 
17500 52 3 52 0 52 0 52 0 52 0 52 0 52 0 52 0 52 0 52 0 52 3 
17515 53 1 53 0 53 0 53 0 53 0 53 0 53 0 53 0 53 0 53 0 53 1 
17545 54 0 54 0 54 0 54 0 54 0 54 0 54 0 54 0 54 0 54 0 54 0 
21438 55 1 55 0 55 0 55 1 55 0 55 0 55 0 55 0 55 0 55 0 55 0 
21453 56 3 56 0 56 0 56 3 56 0 56 0 56 0 56 0 56 0 56 0 56 0 
21468 57 2 57 0 57 0 57 2 57 0 57 0 57 0 57 0 57 0 57 0 57 0 
21483 58 0 58 0 58 0 58 0 58 0 58 0 58 0 58 0 58 0 58 0 58 0 
22118 59 1 59 0 59 0 59 0 59 0 59 0 59 0 59 0 59 1 59 0 59 0 
22133 60 3 60 0 60 0 60 0 60 0 60 0 60 0 60 0 60 3 60 0 60 0 
22148 61 2 61 0 61 0 61 0 61 0 61 0 61 0 61 0 61 2 61 0 61 0 
22163 62 1 62 0 62 0 62 0 62 0 62 0 62 0 62 0 62 1 62 0 62 0 
22178 63 0 63 0 63 0 63 0 63 0 63 0 63 0 63 0 63 0 63 0 63 0 
22761 64 1 64 0 64 0 64 0 64 0 64 0 64 1 64 0 64 0 64 0 64 0 
22776 65 0 65 0 65 0 65 0 65 0 65 0 65 0 65 0 65 0 65 0 65 0 
22777 66 1 66 0 66 0 66 0 66 0 66 0 66 0 66 1 66 0 66 0 66 0 
22791 67 2 67 0 67 0 67 0 67 0 67 0 67 2 67 1 67 0 67 0 67 0 
22792 68 0 68 0 68 0 68 0 68 0 68 0 68 2 68 0 68 0 68 0 68 0 
22807 69 3 69 0 69 0 69 0 69 0 69 0 69 2 69 3 69 0 69 0 69 0 
22821 70 0 70 0 70 0 70 0 70 0 70 0 70 0 70 3 70 0 70 0 70 0 
22922 71 0.5 71 0 71 1 71 0 71 0 71 0 71 0 71 0 71 0 71 0 71 0 
22937 72 0 72 0 72 0 72 0 72 0 72 0 72 0 72 0 72 0 72 0 72 0 
22952 73 2 73 0 73 2 73 0 73 0 73 0 73 0 73 0 73 0 73 0 73 0 
22982 74 0 74 0 74 0 74 0 74 0 74 0 74 0 74 0 74 0 74 0 74 0 
23094 75 1 75 0 75 0 75 0 75 0 75 0 75 0 75 0 75 0 75 1 75 0 
23109 76 0 76 0 76 0 76 0 76 0 76 0 76 0 76 0 76 0 76 0 76 0 
23124 77 4 77 0 77 0 77 0 77 0 77 0 77 0 77 0 77 0 77 4 77 0 
23139 78 2 78 0 78 0 78 0 78 0 78 0 78 0 78 0 78 0 78 2 78 0 
23154 79 0 79 0 79 0 79 0 79 0 79 0 79 0 79 0 79 0 79 0 79 0 
24841 80 1 80 1 80 0 80 0 80 0 80 0 80 0 80 0 80 0 80 0 80 0 
24856 81 2 81 2 81 0 81 0 81 0 81 0 81 0 81 0 81 0 81 0 81 0 
24901 82 0 82 0 82 0 82 0 82 0 82 0 82 0 82 0 82 0 82 0 82 0 
25955 83 1 83 0 83 0 83 0 83 0 83 1 83 0 83 0 83 0 83 0 83 0 
25970 84 2 84 0 84 0 84 0 84 0 84 2 84 0 84 0 84 0 84 0 84 0 
26000 85 1 85 0 85 0 85 0 85 0 85 1 85 0 85 0 85 0 85 0 85 0 
26015 86 0 86 0 86 0 86 0 86 0 86 0 86 0 86 0 86 0 86 0 86 0 
26965 87 1 87 0 87 0 87 0 87 0 87 0 87 0 87 0 87 0 87 0 87 1 
26980 88 0 88 0 88 0 88 0 88 0 88 0 88 0 88 0 88 0 88 0 88 0 
26995 89 2 89 0 89 0 89 0 89 0 89 0 89 0 89 0 89 0 89 0 89 2 
