# ValueCount deltaRailways
10 0 0 0 0 0 0 0 0 0 0 0 0 0 0 0 0 0 0 0 0 0 0 
121 1 7 1 7 1 0 1 0 1 0 1 0 1 0 1 0 1 0 1 0 1 0 
130 2 7.5 2 7 2 0 2 0 2 0 2 0 2 0 2 7 2 0 2 0 2 8 
136 3 10 3 10 3 0 3 0 3 0 3 0 3 0 3 7 3 0 3 0 3 8 
138 4 6 4 10 4 0 4 6 4 0 4 0 4 0 4 7 4 0 4 0 4 8 
142 5 10 5 10 5 0 5 6 5 0 5 0 5 0 5 10 5 0 5 0 5 8 
151 6 9 6 9 6 0 6 6 6 0 6 0 6 0 6 10 6 0 6 0 6 8 
153 7 4 7 9 7 0 7 4 7 0 7 0 7 0 7 10 7 0 7 0 7 8 
160 8 12 8 9 8 0 8 4 8 0 8 0 8 0 8 10 8 0 8 0 8 12 
166 9 2 9 2 9 0 9 4 9 0 9 0 9 0 9 10 9 0 9 0 9 12 
168 10 16 10 2 10 0 10 16 10 0 10 0 10 0 10 10 10 0 10 0 10 12 
172 11 1 11 2 11 0 11 16 11 0 11 0 11 0 11 1 11 0 11 0 11 12 
175 12 6 12 2 12 0 12 16 12 0 12 0 12 0 12 1 12 0 12 0 12 6 
181 13 0 13 0 13 0 13 16 13 0 13 0 13 0 13 1 13 0 13 0 13 6 
183 14 2 14 0 14 0 14 2 14 0 14 0 14 0 14 1 14 0 14 0 14 6 
187 15 0 15 0 15 0 15 2 15 0 15 0 15 0 15 0 15 0 15 0 15 6 
190 16 4 16 0 16 0 16 2 16 0 16 0 16 0 16 0 16 0 16 0 16 4 
198 17 0 17 0 17 0 17 0 17 0 17 0 17 0 17 0 17 0 17 0 17 4 
205 18 16 18 0 18 0 18 0 18 0 18 0 18 0 18 0 18 0 18 0 18 16 
213 19 8 19 0 19 0 19 8 19 0 19 0 19 0 19 0 19 0 19 0 19 16 
220 20 2 20 0 20 0 20 8 20 0 20 0 20 0 20 0 20 0 20 0 20 2 
235 21 3 21 0 21 0 21 8 21 0 21 0 21 0 21 0 21 0 21 0 21 3 
243 22 13 22 0 22 0 22 13 22 0 22 0 22 0 22 0 22 0 22 0 22 3 
250 23 4 23 0 23 0 23 13 23 0 23 0 23 0 23 0 23 0 23 0 23 4 
258 24 2 24 0 24 0 24 2 24 0 24 0 24 0 24 0 24 0 24 0 24 4 
265 25 6 25 0 25 0 25 2 25 0 25 0 25 0 25 0 25 0 25 0 25 6 
273 26 4 26 0 26 0 26 4 26 0 26 0 26 0 26 0 26 0 26 0 26 6 
288 27 5 27 0 27 0 27 6 27 0 27 0 27 0 27 0 27 0 27 0 27 4 
295 28 3 28 0 28 0 28 6 28 0 28 0 28 0 28 0 28 0 28 0 28 3 
303 29 5 29 0 29 0 29 5 29 0 29 0 29 0 29 0 29 0 29 0 29 3 
310 30 2 30 0 30 0 30 5 30 0 30 0 30 0 30 0 30 0 30 0 30 2 
318 31 6 31 0 31 0 31 6 31 0 31 0 31 0 31 0 31 0 31 0 31 2 
325 32 4 32 0 32 0 32 6 32 0 32 0 32 0 32 0 32 0 32 0 32 4 
333 33 0 33 0 33 0 33 0 33 0 33 0 33 0 33 0 33 0 33 0 33 4 
340 34 6 34 0 34 0 34 0 34 0 34 0 34 0 34 0 34 0 34 0 34 6 
348 35 4 35 0 35 0 35 4 35 0 35 0 35 0 35 0 35 0 35 0 35 6 
355 36 3 36 0 36 0 36 4 36 0 36 0 36 0 36 0 36 0 36 0 36 3 
370 37 4 37 0 37 0 37 3 37 0 37 0 37 0 37 0 37 0 37 0 37 5 
378 38 6 38 0 38 0 38 6 38 0 38 0 38 0 38 0 38 0 38 0 38 5 
385 39 0 39 0 39 0 39 6 39 0 39 0 39 0 39 0 39 0 39 0 39 0 
393 40 4 40 0 40 0 40 4 40 0 40 0 40 0 40 0 40 0 40 0 40 0 
408 41 3 41 0 41 0 41 3 41 0 41 0 41 0 41 0 41 0 41 0 41 0 
423 42 0 42 0 42 0 42 0 42 0 42 0 42 0 42 0 42 0 42 0 42 0 
535 43 3 43 0 43 0 43 0 43 0 43 0 43 0 43 0 43 0 43 0 43 3 
548 44 9 44 0 44 0 44 0 44 0 44 0 44 0 44 0 44 9 44 0 44 3 
550 45 4 45 0 45 0 45 0 45 0 45 0 45 0 45 0 45 9 45 0 45 4 
563 46 7 46 0 46 0 46 0 46 0 46 0 46 0 46 0 46 7 46 0 46 4 
564 47 9 47 0 47 0 47 0 47 0 47 0 47 0 47 0 47 7 47 9 47 4 
565 48 6 48 0 48 0 48 0 48 0 48 0 48 0 48 0 48 7 48 9 48 6 
578 49 12 49 0 49 0 49 0 49 0 49 0 49 0 49 0 49 12 49 9 49 6 
580 50 4 50 0 50 0 50 0 50 0 50 0 50 0 50 0 50 12 50 9 50 4 
593 51 7 51 0 51 0 51 0 51 0 51 0 51 0 51 0 51 7 51 9 51 4 
594 52 12 52 0 52 0 52 0 52 0 52 0 52 0 52 0 52 7 52 12 52 4 
603 53 1 53 0 53 0 53 1 53 0 53 0 53 0 53 0 53 7 53 12 53 4 
608 54 8 54 0 54 0 54 1 54 0 54 0 54 0 54 0 54 8 54 12 54 4 
609 55 7 55 0 55 0 55 1 55 0 55 0 55 0 55 0 55 8 55 7 55 4 
610 56 0 56 0 56 0 56 1 56 0 56 0 56 0 56 0 56 8 56 7 56 0 
618 57 4 57 0 57 0 57 4 57 0 57 0 57 0 57 0 57 8 57 7 57 0 
623 58 13 58 0 58 0 58 4 58 0 58 0 58 0 58 0 58 13 58 7 58 0 
624 59 6 59 0 59 0 59 4 59 0 59 0 59 0 59 0 59 13 59 6 59 0 
638 60 2 60 0 60 0 60 4 60 0 60 0 60 0 60 0 60 2 60 6 60 0 
639 61 13 61 0 61 0 61 4 61 0 61 0 61 0 61 0 61 2 61 13 61 0 
653 62 4 62 0 62 0 62 4 62 0 62 0 62 0 62 0 62 4 62 13 62 0 
654 63 2 63 0 63 0 63 4 63 0 63 0 63 0 63 0 63 4 63 2 63 0 
663 64 3 64 0 64 0 64 3 64 0 64 0 64 0 64 0 64 4 64 2 64 0 
669 65 4 65 0 65 0 65 3 65 0 65 0 65 0 65 0 65 4 65 4 65 0 
683 66 4.5 66 0 66 0 66 4 66 0 66 0 66 0 66 0 66 5 66 4 66 0 
684 67 6 67 0 67 0 67 4 67 0 67 0 67 0 67 0 67 5 67 6 67 0 
693 68 1 68 0 68 0 68 1 68 0 68 0 68 0 68 0 68 5 68 6 68 0 
698 69 4 69 0 69 0 69 1 69 0 69 0 69 0 69 0 69 4 69 6 69 0 
699 70 5 70 0 70 0 70 1 70 0 70 0 70 0 70 0 70 4 70 5 70 0 
708 71 0 71 0 71 0 71 0 71 0 71 0 71 0 71 0 71 4 71 5 71 0 
713 72 3 72 0 72 0 72 0 72 0 72 0 72 0 72 0 72 3 72 5 72 0 
714 73 4 73 0 73 0 73 0 73 0 73 0 73 0 73 0 73 3 73 4 73 0 
728 74 5 74 0 74 0 74 0 74 0 74 0 74 0 74 0 74 5 74 4 74 0 
729 75 3 75 0 75 0 75 0 75 0 75 0 75 0 75 0 75 5 75 3 75 0 
745 76 3.5 76 0 76 0 76 0 76 0 76 0 76 0 76 0 76 3 76 3 76 4 
758 77 6 77 0 77 0 77 0 77 0 77 0 77 0 77 0 77 6 77 3 77 4 
773 78 4 78 0 78 0 78 0 78 0 78 0 78 0 78 0 78 4 78 3 78 4 
774 79 6 79 0 79 0 79 0 79 0 79 0 79 0 79 0 79 4 79 6 79 4 
775 80 3 80 0 80 0 80 0 80 0 80 0 80 0 80 0 80 4 80 6 80 3 
789 81 4 81 0 81 0 81 0 81 0 81 0 81 0 81 0 81 4 81 4 81 3 
803 82 2 82 0 82 0 82 0 82 0 82 0 82 0 82 0 82 0 82 4 82 4 
818 83 1 83 0 83 0 83 0 83 0 83 0 83 0 83 0 83 1 83 4 83 4 
819 84 0 84 0 84 0 84 0 84 0 84 0 84 0 84 0 84 1 84 0 84 4 
820 85 1 85 0 85 0 85 0 85 0 85 0 85 0 85 0 85 1 85 0 85 1 
833 86 4 86 0 86 0 86 0 86 0 86 0 86 0 86 0 86 4 86 0 86 1 
835 87 0 87 0 87 0 87 0 87 0 87 0 87 0 87 0 87 4 87 0 87 0 
848 88 6 88 0 88 0 88 0 88 0 88 0 88 0 88 0 88 6 88 0 88 0 
863 89 3 89 0 89 0 89 0 89 0 89 0 89 0 89 0 89 3 89 0 89 0 
878 90 4 90 0 90 0 90 0 90 0 90 0 90 0 90 0 90 4 90 0 90 0 
908 91 1 91 0 91 0 91 0 91 0 91 0 91 0 91 0 91 1 91 0 91 0 
923 92 0 92 0 92 0 92 0 92 0 92 0 92 0 92 0 92 0 92 0 92 0 
1113 93 1 93 0 93 0 93 1 93 0 93 0 93 0 93 0 93 0 93 0 93 0 
1128 94 4 94 0 94 0 94 4 94 0 94 0 94 0 94 0 94 0 94 0 94 0 
1143 95 3 95 0 95 0 95 3 95 0 95 0 95 0 95 0 95 0 95 0 95 0 
1158 96 4 96 0 96 0 96 4 96 0 96 0 96 0 96 0 96 0 96 0 96 0 
1203 97 0 97 0 97 0 97 0 97 0 97 0 97 0 97 0 97 0 97 0 97 0 
1223 98 1 98 0 98 0 98 0 98 0 98 0 98 0 98 0 98 1 98 0 98 0 
1238 99 4 99 0 99 0 99 0 99 0 99 0 99 0 99 0 99 4 99 0 99 0 
1283 100 3 100 0 100 0 100 0 100 0 100 0 100 0 100 0 100 3 100 0 100 0 
1298 101 4 101 0 101 0 101 0 101 0 101 0 101 0 101 0 101 4 101 0 101 0 
1313 102 2 102 0 102 0 102 0 102 0 102 0 102 0 102 0 102 2 102 0 102 0 
1328 103 0 103 0 103 0 103 0 103 0 103 0 103 0 103 0 103 0 103 0 103 0 
1434 104 1 104 0 104 0 104 0 104 0 104 0 104 0 104 0 104 0 104 1 104 0 
1449 105 4 105 0 105 0 105 0 105 0 105 0 105 0 105 0 105 0 105 4 105 0 
1479 106 5 106 0 106 0 106 0 106 0 106 0 106 0 106 0 106 0 106 5 106 0 
1494 107 15 107 0 107 0 107 0 107 0 107 0 107 0 107 0 107 0 107 15 107 0 
1509 108 4 108 0 108 0 108 0 108 0 108 0 108 0 108 0 108 0 108 4 108 0 
1524 109 3 109 0 109 0 109 0 109 0 109 0 109 0 109 0 109 0 109 3 109 0 
1539 110 0 110 0 110 0 110 0 110 0 110 0 110 0 110 0 110 0 110 0 110 0 
1666 111 4 111 4 111 0 111 0 111 0 111 0 111 0 111 0 111 0 111 0 111 0 
1668 112 3 112 4 112 0 112 3 112 0 112 0 112 0 112 0 112 0 112 0 112 0 
1698 113 4 113 4 113 0 113 4 113 0 113 0 113 0 113 0 113 0 113 0 113 0 
1711 114 3 114 3 114 0 114 4 114 0 114 0 114 0 114 0 114 0 114 0 114 0 
1726 115 4 115 4 115 0 115 4 115 0 115 0 115 0 115 0 115 0 115 0 115 0 
1743 116 3 116 4 116 0 116 3 116 0 116 0 116 0 116 0 116 0 116 0 116 0 
1758 117 4 117 4 117 0 117 4 117 0 117 0 117 0 117 0 117 0 117 0 117 0 
1771 118 3 118 3 118 0 118 4 118 0 118 0 118 0 118 0 118 0 118 0 118 0 
1773 119 0 119 3 119 0 119 0 119 0 119 0 119 0 119 0 119 0 119 0 119 0 
1786 120 4 120 4 120 0 120 0 120 0 120 0 120 0 120 0 120 0 120 0 120 0 
1816 121 6 121 6 121 0 121 0 121 0 121 0 121 0 121 0 121 0 121 0 121 0 
1831 122 3 122 3 122 0 122 0 122 0 122 0 122 0 122 0 122 0 122 0 122 0 
1846 123 0 123 0 123 0 123 0 123 0 123 0 123 0 123 0 123 0 123 0 123 0 
2425 124 15 124 0 124 0 124 0 124 0 124 0 124 0 124 0 124 0 124 0 124 15 
2440 125 4 125 0 125 0 125 0 125 0 125 0 125 0 125 0 125 0 125 0 125 4 
2455 126 3 126 0 126 0 126 0 126 0 126 0 126 0 126 0 126 0 126 0 126 3 
2470 127 4 127 0 127 0 127 0 127 0 127 0 127 0 127 0 127 0 127 0 127 4 
2515 128 1 128 0 128 0 128 0 128 0 128 0 128 0 128 0 128 0 128 0 128 1 
2530 129 0 129 0 129 0 129 0 129 0 129 0 129 0 129 0 129 0 129 0 129 0 
2634 130 2 130 0 130 0 130 0 130 0 130 0 130 0 130 0 130 0 130 2 130 0 
2649 131 4 131 0 131 0 131 0 131 0 131 0 131 0 131 0 131 0 131 4 131 0 
2664 132 23 132 0 132 0 132 0 132 0 132 0 132 0 132 0 132 0 132 23 132 0 
2679 133 3 133 0 133 0 133 0 133 0 133 0 133 0 133 0 133 0 133 3 133 0 
2694 134 4 134 0 134 0 134 0 134 0 134 0 134 0 134 0 134 0 134 4 134 0 
2709 135 2 135 0 135 0 135 0 135 0 135 0 135 0 135 0 135 0 135 2 135 0 
2724 136 0 136 0 136 0 136 0 136 0 136 0 136 0 136 0 136 0 136 0 136 0 
3099 137 1 137 0 137 0 137 0 137 0 137 0 137 0 137 0 137 0 137 1 137 0 
3114 138 6 138 0 138 0 138 0 138 0 138 0 138 0 138 0 138 0 138 6 138 0 
3129 139 4 139 0 139 0 139 0 139 0 139 0 139 0 139 0 139 0 139 4 139 0 
3159 140 3 140 0 140 0 140 0 140 0 140 0 140 0 140 0 140 0 140 3 140 0 
3174 141 4 141 0 141 0 141 0 141 0 141 0 141 0 141 0 141 0 141 4 141 0 
3204 142 0 142 0 142 0 142 0 142 0 142 0 142 0 142 0 142 0 142 0 142 0 
5032 143 3 143 0 143 0 143 0 143 0 143 0 143 0 143 3 143 0 143 0 143 0 
5047 144 5 144 0 144 0 144 0 144 0 144 0 144 0 144 5 144 0 144 0 144 0 
5062 145 4 145 0 145 0 145 0 145 0 145 0 145 0 145 4 145 0 145 0 145 0 
5077 146 15 146 0 146 0 146 0 146 0 146 0 146 0 146 15 146 0 146 0 146 0 
5092 147 4 147 0 147 0 147 0 147 0 147 0 147 0 147 4 147 0 147 0 147 0 
5107 148 3 148 0 148 0 148 0 148 0 148 0 148 0 148 3 148 0 148 0 148 0 
5122 149 4 149 0 149 0 149 0 149 0 149 0 149 0 149 4 149 0 149 0 149 0 
5167 150 3 150 0 150 0 150 0 150 0 150 0 150 0 150 3 150 0 150 0 150 0 
5182 151 4 151 0 151 0 151 0 151 0 151 0 151 0 151 4 151 0 151 0 151 0 
5212 152 0 152 0 152 0 152 0 152 0 152 0 152 0 152 0 152 0 152 0 152 0 
5522 153 9 153 0 153 9 153 0 153 0 153 0 153 0 153 0 153 0 153 0 153 0 
5537 154 12 154 0 154 12 154 0 154 0 154 0 154 0 154 0 154 0 154 0 154 0 
5552 155 7 155 0 155 7 155 0 155 0 155 0 155 0 155 0 155 0 155 0 155 0 
5582 156 6 156 0 156 6 156 0 156 0 156 0 156 0 156 0 156 0 156 0 156 0 
5597 157 14 157 0 157 14 157 0 157 0 157 0 157 0 157 0 157 0 157 0 157 0 
5612 158 2 158 0 158 2 158 0 158 0 158 0 158 0 158 0 158 0 158 0 158 0 
5627 159 3 159 0 159 3 159 0 159 0 159 0 159 0 159 0 159 0 159 0 159 0 
5642 160 4 160 0 160 4 160 0 160 0 160 0 160 0 160 0 160 0 160 0 160 0 
5657 161 6 161 0 161 6 161 0 161 0 161 0 161 0 161 0 161 0 161 0 161 0 
5687 162 0 162 0 162 0 162 0 162 0 162 0 162 0 162 0 162 0 162 0 162 0 
5702 163 3 163 0 163 3 163 0 163 0 163 0 163 0 163 0 163 0 163 0 163 0 
5717 164 4 164 0 164 4 164 0 164 0 164 0 164 0 164 0 164 0 164 0 164 0 
5732 165 6 165 0 165 6 165 0 165 0 165 0 165 0 165 0 165 0 165 0 165 0 
5747 166 3 166 0 166 3 166 0 166 0 166 0 166 0 166 0 166 0 166 0 166 0 
5762 167 4 167 0 167 4 167 0 167 0 167 0 167 0 167 0 167 0 167 0 167 0 
5777 168 0 168 0 168 0 168 0 168 0 168 0 168 0 168 0 168 0 168 0 168 0 
5807 169 2 169 0 169 2 169 0 169 0 169 0 169 0 169 0 169 0 169 0 169 0 
5822 170 4 170 0 170 4 170 0 170 0 170 0 170 0 170 0 170 0 170 0 170 0 
5867 171 3 171 0 171 3 171 0 171 0 171 0 171 0 171 0 171 0 171 0 171 0 
5882 172 4 172 0 172 4 172 0 172 0 172 0 172 0 172 0 172 0 172 0 172 0 
5897 173 3 173 0 173 3 173 0 173 0 173 0 173 0 173 0 173 0 173 0 173 0 
5912 174 0 174 0 174 0 174 0 174 0 174 0 174 0 174 0 174 0 174 0 174 0 
6002 175 4 175 0 175 4 175 0 175 0 175 0 175 0 175 0 175 0 175 0 175 0 
6047 176 3 176 0 176 3 176 0 176 0 176 0 176 0 176 0 176 0 176 0 176 0 
6062 177 4 177 0 177 4 177 0 177 0 177 0 177 0 177 0 177 0 177 0 177 0 
6092 178 0 178 0 178 0 178 0 178 0 178 0 178 0 178 0 178 0 178 0 178 0 
6512 179 1 179 0 179 1 179 0 179 0 179 0 179 0 179 0 179 0 179 0 179 0 
6527 180 3 180 0 180 3 180 0 180 0 180 0 180 0 180 0 180 0 180 0 180 0 
6542 181 4 181 0 181 4 181 0 181 0 181 0 181 0 181 0 181 0 181 0 181 0 
6587 182 3 182 0 182 3 182 0 182 0 182 0 182 0 182 0 182 0 182 0 182 0 
6602 183 4 183 0 183 4 183 0 183 0 183 0 183 0 183 0 183 0 183 0 183 0 
6617 184 1 184 0 184 1 184 0 184 0 184 0 184 0 184 0 184 0 184 0 184 0 
6632 185 0 185 0 185 0 185 0 185 0 185 0 185 0 185 0 185 0 185 0 185 0 
7390 186 9 186 0 186 0 186 0 186 0 186 0 186 0 186 0 186 0 186 0 186 9 
7405 187 12 187 0 187 0 187 0 187 0 187 0 187 0 187 0 187 0 187 0 187 12 
7420 188 7 188 0 188 0 188 0 188 0 188 0 188 0 188 0 188 0 188 0 188 7 
7450 189 6 189 0 189 0 189 0 189 0 189 0 189 0 189 0 189 0 189 0 189 6 
7465 190 14 190 0 190 0 190 0 190 0 190 0 190 0 190 0 190 0 190 0 190 14 
7480 191 2 191 0 191 0 191 0 191 0 191 0 191 0 191 0 191 0 191 0 191 2 
7495 192 3 192 0 192 0 192 0 192 0 192 0 192 0 192 0 192 0 192 0 192 3 
7510 193 4 193 0 193 0 193 0 193 0 193 0 193 0 193 0 193 0 193 0 193 4 
7525 194 6 194 0 194 0 194 0 194 0 194 0 194 0 194 0 194 0 194 0 194 6 
7555 195 0 195 0 195 0 195 0 195 0 195 0 195 0 195 0 195 0 195 0 195 0 
7570 196 3 196 0 196 0 196 0 196 0 196 0 196 0 196 0 196 0 196 0 196 3 
7585 197 4 197 0 197 0 197 0 197 0 197 0 197 0 197 0 197 0 197 0 197 4 
7600 198 6 198 0 198 0 198 0 198 0 198 0 198 0 198 0 198 0 198 0 198 6 
7615 199 3 199 0 199 0 199 0 199 0 199 0 199 0 199 0 199 0 199 0 199 3 
7630 200 4 200 0 200 0 200 0 200 0 200 0 200 0 200 0 200 0 200 0 200 4 
7645 201 0 201 0 201 0 201 0 201 0 201 0 201 0 201 0 201 0 201 0 201 0 
8079 202 6 202 0 202 0 202 0 202 0 202 0 202 0 202 0 202 0 202 6 202 0 
8094 203 4 203 0 203 0 203 0 203 0 203 0 203 0 203 0 203 0 203 4 203 0 
8109 204 16 204 0 204 0 204 0 204 0 204 0 204 0 204 0 204 0 204 16 204 0 
8124 205 2 205 0 205 0 205 0 205 0 205 0 205 0 205 0 205 0 205 2 205 0 
8139 206 0 206 0 206 0 206 0 206 0 206 0 206 0 206 0 206 0 206 0 206 0 
8154 207 8 207 0 207 0 207 0 207 0 207 0 207 0 207 0 207 0 207 8 207 0 
8184 208 12 208 0 208 0 208 0 208 0 208 0 208 0 208 0 208 0 208 12 208 0 
8199 209 1 209 0 209 0 209 0 209 0 209 0 209 0 209 0 209 0 209 1 209 0 
8214 210 4 210 0 210 0 210 0 210 0 210 0 210 0 210 0 210 0 210 4 210 0 
8244 211 6 211 0 211 0 211 0 211 0 211 0 211 0 211 0 211 0 211 6 211 0 
8259 212 5 212 0 212 0 212 0 212 0 212 0 212 0 212 0 212 0 212 5 212 0 
8274 213 0 213 0 213 0 213 0 213 0 213 0 213 0 213 0 213 0 213 0 213 0 
8275 214 1 214 0 214 0 214 0 214 0 214 0 214 0 214 0 214 0 214 0 214 1 
8289 215 4 215 0 215 0 215 0 215 0 215 0 215 0 215 0 215 0 215 4 215 1 
8304 216 5 216 0 216 0 216 0 216 0 216 0 216 0 216 0 216 0 216 6 216 4 
8334 217 4 217 0 217 0 217 0 217 0 217 0 217 0 217 0 217 0 217 4 217 4 
8335 218 3 218 0 218 0 218 0 218 0 218 0 218 0 218 0 218 0 218 4 218 3 
8350 219 11 219 0 219 0 219 0 219 0 219 0 219 0 219 0 219 0 219 3 219 19 
8364 220 0 220 0 220 0 220 0 220 0 220 0 220 0 220 0 220 0 220 0 220 19 
8365 221 4 221 0 221 0 221 0 221 0 221 0 221 0 221 0 221 0 221 0 221 4 
8395 222 0 222 0 222 0 222 0 222 0 222 0 222 0 222 0 222 0 222 0 222 0 
8574 223 4 223 0 223 0 223 0 223 0 223 0 223 0 223 0 223 0 223 4 223 0 
8619 224 3 224 0 224 0 224 0 224 0 224 0 224 0 224 0 224 0 224 3 224 0 
8634 225 4 225 0 225 0 225 0 225 0 225 0 225 0 225 0 225 0 225 4 225 0 
8649 226 2 226 0 226 0 226 0 226 0 226 0 226 0 226 0 226 0 226 2 226 0 
8664 227 0 227 0 227 0 227 0 227 0 227 0 227 0 227 0 227 0 227 0 227 0 
9054 228 2 228 0 228 0 228 0 228 0 228 0 228 0 228 0 228 0 228 2 228 0 
9069 229 4 229 0 229 0 229 0 229 0 229 0 229 0 229 0 229 0 229 4 229 0 
9099 230 3 230 0 230 0 230 0 230 0 230 0 230 0 230 0 230 0 230 3 230 0 
9100 231 1 231 0 231 0 231 0 231 0 231 0 231 0 231 0 231 0 231 3 231 1 
9114 232 4 232 0 232 0 232 0 232 0 232 0 232 0 232 0 232 0 232 4 232 1 
9115 233 3 233 0 233 0 233 0 233 0 233 0 233 0 233 0 233 0 233 4 233 3 
9129 234 1 234 0 234 0 234 0 234 0 234 0 234 0 234 0 234 0 234 1 234 3 
9130 235 4 235 0 235 0 235 0 235 0 235 0 235 0 235 0 235 0 235 1 235 4 
9144 236 0 236 0 236 0 236 0 236 0 236 0 236 0 236 0 236 0 236 0 236 4 
9175 237 3 237 0 237 0 237 0 237 0 237 0 237 0 237 0 237 0 237 0 237 3 
9189 238 4 238 0 238 0 238 0 238 0 238 0 238 0 238 0 238 0 238 4 238 3 
9190 239 6 239 0 239 0 239 0 239 0 239 0 239 0 239 0 239 0 239 4 239 6 
9205 240 4 240 0 240 0 240 0 240 0 240 0 240 0 240 0 240 0 240 4 240 4 
9219 241 3 241 0 241 0 241 0 241 0 241 0 241 0 241 0 241 0 241 3 241 4 
9220 242 5 242 0 242 0 242 0 242 0 242 0 242 0 242 0 242 0 242 3 242 5 
9234 243 6 243 0 243 0 243 0 243 0 243 0 243 0 243 0 243 0 243 6 243 5 
9235 244 0 244 0 244 0 244 0 244 0 244 0 244 0 244 0 244 0 244 6 244 0 
9249 245 4 245 0 245 0 245 0 245 0 245 0 245 0 245 0 245 0 245 4 245 0 
9264 246 3 246 0 246 0 246 0 246 0 246 0 246 0 246 0 246 0 246 3 246 0 
9279 247 0 247 0 247 0 247 0 247 0 247 0 247 0 247 0 247 0 247 0 247 0 
9370 248 2 248 0 248 0 248 0 248 0 248 0 248 0 248 0 248 0 248 0 248 2 
9385 249 4 249 0 249 0 249 0 249 0 249 0 249 0 249 0 249 0 249 0 249 4 
9415 250 3 250 0 250 0 250 0 250 0 250 0 250 0 250 0 250 0 250 0 250 3 
9430 251 6 251 0 251 0 251 0 251 0 251 0 251 0 251 0 251 0 251 0 251 6 
9445 252 4 252 0 252 0 252 0 252 0 252 0 252 0 252 0 252 0 252 0 252 4 
9475 253 5 253 0 253 0 253 0 253 0 253 0 253 0 253 0 253 0 253 0 253 5 
9490 254 4 254 0 254 0 254 0 254 0 254 0 254 0 254 0 254 0 254 0 254 4 
9505 255 0 255 0 255 0 255 0 255 0 255 0 255 0 255 0 255 0 255 0 255 0 
13551 256 3 256 0 256 0 256 0 256 0 256 0 256 3 256 0 256 0 256 0 256 0 
13566 257 10 257 0 257 0 257 0 257 0 257 0 257 10 257 0 257 0 257 0 257 0 
13581 258 8 258 0 258 0 258 0 258 0 258 0 258 8 258 0 258 0 258 0 258 0 
13596 259 7 259 0 259 0 259 0 259 0 259 0 259 7 259 0 259 0 259 0 259 0 
13611 260 0 260 0 260 0 260 0 260 0 260 0 260 0 260 0 260 0 260 0 260 0 
14091 261 1 261 0 261 0 261 0 261 0 261 0 261 1 261 0 261 0 261 0 261 0 
14106 262 4 262 0 262 0 262 0 262 0 262 0 262 4 262 0 262 0 262 0 262 0 
14151 263 3 263 0 263 0 263 0 263 0 263 0 263 3 263 0 263 0 263 0 263 0 
14154 264 9 264 0 264 0 264 0 264 0 264 0 264 3 264 0 264 0 264 9 264 0 
14166 265 4 265 0 265 0 265 0 265 0 265 0 265 4 265 0 265 0 265 9 265 0 
14169 266 12 266 0 266 0 266 0 266 0 266 0 266 4 266 0 266 0 266 12 266 0 
14184 267 7 267 0 267 0 267 0 267 0 267 0 267 4 267 0 267 0 267 7 267 0 
14211 268 3 268 0 268 0 268 0 268 0 268 0 268 3 268 0 268 0 268 7 268 0 
14214 269 6 269 0 269 0 269 0 269 0 269 0 269 3 269 0 269 0 269 6 269 0 
14226 270 0 270 0 270 0 270 0 270 0 270 0 270 0 270 0 270 0 270 6 270 0 
14229 271 14 271 0 271 0 271 0 271 0 271 0 271 0 271 0 271 0 271 14 271 0 
14244 272 2 272 0 272 0 272 0 272 0 272 0 272 0 272 0 272 0 272 2 272 0 
14259 273 3 273 0 273 0 273 0 273 0 273 0 273 0 273 0 273 0 273 3 273 0 
14274 274 4 274 0 274 0 274 0 274 0 274 0 274 0 274 0 274 0 274 4 274 0 
14289 275 6 275 0 275 0 275 0 275 0 275 0 275 0 275 0 275 0 275 6 275 0 
14319 276 0 276 0 276 0 276 0 276 0 276 0 276 0 276 0 276 0 276 0 276 0 
14334 277 3 277 0 277 0 277 0 277 0 277 0 277 0 277 0 277 0 277 3 277 0 
14349 278 4 278 0 278 0 278 0 278 0 278 0 278 0 278 0 278 0 278 4 278 0 
14364 279 6 279 0 279 0 279 0 279 0 279 0 279 0 279 0 279 0 279 6 279 0 
14379 280 3 280 0 280 0 280 0 280 0 280 0 280 0 280 0 280 0 280 3 280 0 
14394 281 4 281 0 281 0 281 0 281 0 281 0 281 0 281 0 281 0 281 4 281 0 
14409 282 0 282 0 282 0 282 0 282 0 282 0 282 0 282 0 282 0 282 0 282 0 
14709 283 3 283 0 283 0 283 0 283 0 283 0 283 0 283 0 283 0 283 3 283 0 
14724 284 4 284 0 284 0 284 0 284 0 284 0 284 0 284 0 284 0 284 4 284 0 
14739 285 26 285 0 285 0 285 0 285 0 285 0 285 0 285 0 285 0 285 26 285 0 
14754 286 1 286 0 286 0 286 0 286 0 286 0 286 0 286 0 286 0 286 1 286 0 
14769 287 0 287 0 287 0 287 0 287 0 287 0 287 0 287 0 287 0 287 0 287 0 
14799 288 3 288 0 288 0 288 0 288 0 288 0 288 0 288 0 288 0 288 3 288 0 
14814 289 4 289 0 289 0 289 0 289 0 289 0 289 0 289 0 289 0 289 4 289 0 
14859 290 0 290 0 290 0 290 0 290 0 290 0 290 0 290 0 290 0 290 0 290 0 
14874 291 1 291 0 291 0 291 0 291 0 291 0 291 0 291 0 291 0 291 1 291 0 
14889 292 6 292 0 292 0 292 0 292 0 292 0 292 0 292 0 292 0 292 6 292 0 
14904 293 4 293 0 293 0 293 0 293 0 293 0 293 0 293 0 293 0 293 4 293 0 
14919 294 3 294 0 294 0 294 0 294 0 294 0 294 0 294 0 294 0 294 3 294 0 
14949 295 0 295 0 295 0 295 0 295 0 295 0 295 0 295 0 295 0 295 0 295 0 
15202 296 8 296 0 296 0 296 0 296 0 296 0 296 0 296 8 296 0 296 0 296 0 
15232 297 12 297 0 297 0 297 0 297 0 297 0 297 0 297 12 297 0 297 0 297 0 
15247 298 6 298 0 298 0 298 0 298 0 298 0 298 0 298 6 298 0 298 0 298 0 
15262 299 4 299 0 299 0 299 0 299 0 299 0 299 0 299 4 299 0 299 0 299 0 
15277 300 16 300 0 300 0 300 0 300 0 300 0 300 0 300 16 300 0 300 0 300 0 
15292 301 2 301 0 301 0 301 0 301 0 301 0 301 0 301 2 301 0 301 0 301 0 
15307 302 3 302 0 302 0 302 0 302 0 302 0 302 0 302 3 302 0 302 0 302 0 
15322 303 4 303 0 303 0 303 0 303 0 303 0 303 0 303 4 303 0 303 0 303 0 
15337 304 6 304 0 304 0 304 0 304 0 304 0 304 0 304 6 304 0 304 0 304 0 
15352 305 4 305 0 305 0 305 0 305 0 305 0 305 0 305 4 305 0 305 0 305 0 
15367 306 3 306 0 306 0 306 0 306 0 306 0 306 0 306 3 306 0 306 0 306 0 
15382 307 2 307 0 307 0 307 0 307 0 307 0 307 0 307 2 307 0 307 0 307 0 
15397 308 4 308 0 308 0 308 0 308 0 308 0 308 0 308 4 308 0 308 0 308 0 
15412 309 6 309 0 309 0 309 0 309 0 309 0 309 0 309 6 309 0 309 0 309 0 
15427 310 3 310 0 310 0 310 0 310 0 310 0 310 0 310 3 310 0 310 0 310 0 
15442 311 5 311 0 311 0 311 0 311 0 311 0 311 0 311 5 311 0 311 0 311 0 
15457 312 0 312 0 312 0 312 0 312 0 312 0 312 0 312 0 312 0 312 0 312 0 
15727 313 5 313 0 313 0 313 0 313 0 313 0 313 0 313 5 313 0 313 0 313 0 
15742 314 6 314 0 314 0 314 0 314 0 314 0 314 0 314 6 314 0 314 0 314 0 
15757 315 4 315 0 315 0 315 0 315 0 315 0 315 0 315 4 315 0 315 0 315 0 
15787 316 3 316 0 316 0 316 0 316 0 316 0 316 0 316 3 316 0 316 0 316 0 
15802 317 4 317 0 317 0 317 0 317 0 317 0 317 0 317 4 317 0 317 0 317 0 
15832 318 3 318 0 318 0 318 0 318 0 318 0 318 0 318 3 318 0 318 0 318 0 
15847 319 0 319 0 319 0 319 0 319 0 319 0 319 0 319 0 319 0 319 0 319 0 
16404 320 1 320 0 320 0 320 0 320 0 320 0 320 0 320 0 320 0 320 1 320 0 
16419 321 0 321 0 321 0 321 0 321 0 321 0 321 0 321 0 321 0 321 0 321 0 
16597 322 3 322 0 322 0 322 0 322 0 322 0 322 0 322 3 322 0 322 0 322 0 
16612 323 4 323 0 323 0 323 0 323 0 323 0 323 0 323 4 323 0 323 0 323 0 
16627 324 3 324 0 324 0 324 0 324 0 324 0 324 0 324 3 324 0 324 0 324 0 
16642 325 4 325 0 325 0 325 0 325 0 325 0 325 0 325 4 325 0 325 0 325 0 
16687 326 3 326 0 326 0 326 0 326 0 326 0 326 0 326 3 326 0 326 0 326 0 
16702 327 4 327 0 327 0 327 0 327 0 327 0 327 0 327 4 327 0 327 0 327 0 
16717 328 2 328 0 328 0 328 0 328 0 328 0 328 0 328 2 328 0 328 0 328 0 
16732 329 0 329 0 329 0 329 0 329 0 329 0 329 0 329 0 329 0 329 0 329 0 
16882 330 1 330 0 330 0 330 0 330 0 330 0 330 0 330 1 330 0 330 0 330 0 
16897 331 4 331 0 331 0 331 0 331 0 331 0 331 0 331 4 331 0 331 0 331 0 
16927 332 3 332 0 332 0 332 0 332 0 332 0 332 0 332 3 332 0 332 0 332 0 
16942 333 4 333 0 333 0 333 0 333 0 333 0 333 0 333 4 333 0 333 0 333 0 
16987 334 1 334 0 334 0 334 0 334 0 334 0 334 0 334 1 334 0 334 0 334 0 
17002 335 0 335 0 335 0 335 0 335 0 335 0 335 0 335 0 335 0 335 0 335 0 
17798 336 -17 336 0 336 0 336 0 336 0 336 0 336 0 336 0 336 -17 336 0 336 0 
17828 337 -20 337 0 337 0 337 0 337 0 337 0 337 0 337 0 337 -20 337 0 337 0 
17843 338 -3 338 0 338 0 338 0 338 0 338 0 338 0 338 0 338 -3 338 0 338 0 
17858 339 -4 339 0 339 0 339 0 339 0 339 0 339 0 339 0 339 -4 339 0 339 0 
17903 340 -3 340 0 340 0 340 0 340 0 340 0 340 0 340 0 340 -3 340 0 340 0 
17918 341 -4 341 0 341 0 341 0 341 0 341 0 341 0 341 0 341 -4 341 0 341 0 
17933 342 -7 342 0 342 0 342 0 342 0 342 0 342 0 342 0 342 -7 342 0 342 0 
17948 343 -4 343 0 343 0 343 0 343 0 343 0 343 0 343 0 343 -4 343 0 343 0 
17963 344 -6 344 0 344 0 344 0 344 0 344 0 344 0 344 0 344 -6 344 0 344 0 
17978 345 -4 345 0 345 0 345 0 345 0 345 0 345 0 345 0 345 -4 345 0 345 0 
18023 346 -3 346 0 346 0 346 0 346 0 346 0 346 0 346 0 346 -3 346 0 346 0 
18038 347 -4 347 0 347 0 347 0 347 0 347 0 347 0 347 0 347 -4 347 0 347 0 
18046 348 12 348 12 348 0 348 0 348 0 348 0 348 0 348 0 348 -4 348 0 348 0 
18053 349 -7 349 12 349 0 349 0 349 0 349 0 349 0 349 0 349 -7 349 0 349 0 
18061 350 6 350 6 350 0 350 0 350 0 350 0 350 0 350 0 350 -7 350 0 350 0 
18068 351 -4 351 6 351 0 351 0 351 0 351 0 351 0 351 0 351 -4 351 0 351 0 
18076 352 10 352 10 352 0 352 0 352 0 352 0 352 0 352 0 352 -4 352 0 352 0 
18083 353 -6 353 10 353 0 353 0 353 0 353 0 353 0 353 0 353 -6 353 0 353 0 
18091 354 0 354 0 354 0 354 0 354 0 354 0 354 0 354 0 354 -6 354 0 354 0 
18098 355 -4 355 0 355 0 355 0 355 0 355 0 355 0 355 0 355 -4 355 0 355 0 
18113 356 -3 356 0 356 0 356 0 356 0 356 0 356 0 356 0 356 -3 356 0 356 0 
18143 357 0 357 0 357 0 357 0 357 0 357 0 357 0 357 0 357 0 357 0 357 0 
18548 358 8 358 0 358 0 358 0 358 0 358 0 358 0 358 0 358 8 358 0 358 0 
18563 359 5 359 0 359 0 359 0 359 0 359 0 359 0 359 0 359 5 359 0 359 0 
18578 360 14 360 0 360 0 360 0 360 0 360 0 360 0 360 0 360 14 360 0 360 0 
18593 361 7 361 0 361 0 361 0 361 0 361 0 361 0 361 0 361 7 361 0 361 0 
18608 362 4 362 0 362 0 362 0 362 0 362 0 362 0 362 0 362 4 362 0 362 0 
18623 363 11 363 0 363 0 363 0 363 0 363 0 363 0 363 0 363 11 363 0 363 0 
18638 364 7 364 0 364 0 364 0 364 0 364 0 364 0 364 0 364 7 364 0 364 0 
18653 365 3 365 0 365 0 365 0 365 0 365 0 365 0 365 0 365 3 365 0 365 0 
18668 366 4 366 0 366 0 366 0 366 0 366 0 366 0 366 0 366 4 366 0 366 0 
18683 367 5 367 0 367 0 367 0 367 0 367 0 367 0 367 0 367 5 367 0 367 0 
18698 368 4 368 0 368 0 368 0 368 0 368 0 368 0 368 0 368 4 368 0 368 0 
18728 369 -6 369 0 369 0 369 0 369 0 369 0 369 0 369 0 369 -6 369 0 369 0 
18736 370 4 370 4 370 0 370 0 370 0 370 0 370 0 370 0 370 -6 370 0 370 0 
18743 371 -11 371 4 371 0 371 0 371 0 371 0 371 0 371 0 371 -11 371 0 371 0 
18751 372 3 372 3 372 0 372 0 372 0 372 0 372 0 372 0 372 -11 372 0 372 0 
18758 373 -17 373 3 373 0 373 0 373 0 373 0 373 0 373 0 373 -17 373 0 373 0 
18766 374 4 374 4 374 0 374 0 374 0 374 0 374 0 374 0 374 -17 374 0 374 0 
18773 375 -20 375 4 375 0 375 0 375 0 375 0 375 0 375 0 375 -20 375 0 375 0 
18788 376 -7 376 4 376 0 376 0 376 0 376 0 376 0 376 0 376 -7 376 0 376 0 
18796 377 17 377 17 377 0 377 0 377 0 377 0 377 0 377 0 377 -7 377 0 377 0 
18803 378 -3 378 17 378 0 378 0 378 0 378 0 378 0 378 0 378 -3 378 0 378 0 
18811 379 3 379 3 379 0 379 0 379 0 379 0 379 0 379 0 379 -3 379 0 379 0 
18818 380 -7 380 3 380 0 380 0 380 0 380 0 380 0 380 0 380 -7 380 0 380 0 
18826 381 4 381 4 381 0 381 0 381 0 381 0 381 0 381 0 381 -7 381 0 381 0 
18833 382 -4 382 4 382 0 382 0 382 0 382 0 382 0 382 0 382 -4 382 0 382 0 
18848 383 -1 383 4 383 0 383 0 383 0 383 0 383 0 383 0 383 -1 383 0 383 0 
18856 384 0 384 0 384 0 384 0 384 0 384 0 384 0 384 0 384 -1 384 0 384 0 
22564 385 3.5 385 0 385 0 385 0 385 7 385 0 385 0 385 0 385 0 385 0 385 0 
22579 386 3 386 0 386 0 386 0 386 3 386 0 386 0 386 0 386 0 386 0 386 0 
22594 387 16 387 0 387 0 387 0 387 16 387 0 387 0 387 0 387 0 387 0 387 0 
22609 388 2 388 0 388 0 388 0 388 2 388 0 388 0 388 0 388 0 388 0 388 0 
22624 389 9 389 0 389 0 389 0 389 9 389 0 389 0 389 0 389 0 389 0 389 0 
22639 390 7 390 0 390 0 390 0 390 7 390 0 390 0 390 0 390 0 390 0 390 0 
22654 391 12 391 0 391 0 391 0 391 12 391 0 391 0 391 0 391 0 391 0 391 0 
22669 392 2 392 0 392 0 392 0 392 2 392 0 392 0 392 0 392 0 392 0 392 0 
22684 393 4 393 0 393 0 393 0 393 4 393 0 393 0 393 0 393 0 393 0 393 0 
22699 394 3 394 0 394 0 394 0 394 3 394 0 394 0 394 0 394 0 394 0 394 0 
22714 395 6 395 0 395 0 395 0 395 6 395 0 395 0 395 0 395 0 395 0 395 0 
22729 396 5 396 0 396 0 396 0 396 5 396 0 396 0 396 0 396 0 396 0 396 0 
22744 397 1 397 0 397 0 397 0 397 1 397 0 397 0 397 0 397 0 397 0 397 0 
22759 398 3 398 0 398 0 398 0 398 3 398 0 398 0 398 0 398 0 398 0 398 0 
22774 399 4 399 0 399 0 399 0 399 4 399 0 399 0 399 0 399 0 399 0 399 0 
22789 400 6 400 0 400 0 400 0 400 6 400 0 400 0 400 0 400 0 400 0 400 0 
22819 401 0 401 0 401 0 401 0 401 0 401 0 401 0 401 0 401 0 401 0 401 0 
22849 402 3 402 0 402 0 402 0 402 3 402 0 402 0 402 0 402 0 402 0 402 0 
22864 403 4 403 0 403 0 403 0 403 4 403 0 403 0 403 0 403 0 403 0 403 0 
22879 404 3 404 0 404 0 404 0 404 3 404 0 404 0 404 0 404 0 404 0 404 0 
22894 405 4 405 0 405 0 405 0 405 4 405 0 405 0 405 0 405 0 405 0 405 0 
22924 406 3 406 0 406 0 406 0 406 3 406 0 406 0 406 0 406 0 406 0 406 0 
22939 407 0 407 0 407 0 407 0 407 0 407 0 407 0 407 0 407 0 407 0 407 0 
23254 408 2 408 0 408 0 408 0 408 2 408 0 408 0 408 0 408 0 408 0 408 0 
23269 409 4 409 0 409 0 409 0 409 4 409 0 409 0 409 0 409 0 409 0 409 0 
23299 410 3 410 0 410 0 410 0 410 3 410 0 410 0 410 0 410 0 410 0 410 0 
23314 411 4 411 0 411 0 411 0 411 4 411 0 411 0 411 0 411 0 411 0 411 0 
23344 412 1 412 0 412 0 412 0 412 1 412 0 412 0 412 0 412 0 412 0 412 0 
23359 413 0 413 0 413 0 413 0 413 0 413 0 413 0 413 0 413 0 413 0 413 0 
