# ValueCount deltaRailways
10 0 0 0 0 0 0 0 0 0 0 0 0 0 0 0 0 0 0 0 0 0 0 
121 1 7 1 7 1 0 1 0 1 0 1 0 1 0 1 0 1 0 1 0 1 0 
130 2 7.5 2 7 2 0 2 0 2 0 2 0 2 0 2 7 2 0 2 0 2 8 
136 3 10 3 10 3 0 3 0 3 0 3 0 3 0 3 7 3 0 3 0 3 8 
138 4 6 4 10 4 0 4 6 4 0 4 0 4 0 4 7 4 0 4 0 4 8 
142 5 10 5 10 5 0 5 6 5 0 5 0 5 0 5 10 5 0 5 0 5 8 
151 6 9 6 9 6 0 6 6 6 0 6 0 6 0 6 10 6 0 6 0 6 8 
153 7 4 7 9 7 0 7 4 7 0 7 0 7 0 7 10 7 0 7 0 7 8 
160 8 12 8 9 8 0 8 4 8 0 8 0 8 0 8 10 8 0 8 0 8 12 
166 9 2 9 2 9 0 9 4 9 0 9 0 9 0 9 10 9 0 9 0 9 12 
168 10 16 10 2 10 0 10 16 10 0 10 0 10 0 10 10 10 0 10 0 10 12 
172 11 1 11 2 11 0 11 16 11 0 11 0 11 0 11 1 11 0 11 0 11 12 
175 12 6 12 2 12 0 12 16 12 0 12 0 12 0 12 1 12 0 12 0 12 6 
181 13 0 13 0 13 0 13 16 13 0 13 0 13 0 13 1 13 0 13 0 13 6 
183 14 2 14 0 14 0 14 2 14 0 14 0 14 0 14 1 14 0 14 0 14 6 
187 15 0 15 0 15 0 15 2 15 0 15 0 15 0 15 0 15 0 15 0 15 6 
190 16 4 16 0 16 0 16 2 16 0 16 0 16 0 16 0 16 0 16 0 16 4 
198 17 0 17 0 17 0 17 0 17 0 17 0 17 0 17 0 17 0 17 0 17 4 
205 18 16 18 0 18 0 18 0 18 0 18 0 18 0 18 0 18 0 18 0 18 16 
213 19 8 19 0 19 0 19 8 19 0 19 0 19 0 19 0 19 0 19 0 19 16 
220 20 2 20 0 20 0 20 8 20 0 20 0 20 0 20 0 20 0 20 0 20 2 
235 21 3 21 0 21 0 21 8 21 0 21 0 21 0 21 0 21 0 21 0 21 3 
243 22 12 22 0 22 0 22 12 22 0 22 0 22 0 22 0 22 0 22 0 22 3 
250 23 4 23 0 23 0 23 12 23 0 23 0 23 0 23 0 23 0 23 0 23 4 
258 24 2 24 0 24 0 24 2 24 0 24 0 24 0 24 0 24 0 24 0 24 4 
265 25 6 25 0 25 0 25 2 25 0 25 0 25 0 25 0 25 0 25 0 25 6 
273 26 4 26 0 26 0 26 4 26 0 26 0 26 0 26 0 26 0 26 0 26 6 
288 27 4.5 27 0 27 0 27 5 27 0 27 0 27 0 27 0 27 0 27 0 27 4 
295 28 3 28 0 28 0 28 5 28 0 28 0 28 0 28 0 28 0 28 0 28 3 
310 29 2 29 0 29 0 29 5 29 0 29 0 29 0 29 0 29 0 29 0 29 2 
318 30 6 30 0 30 0 30 6 30 0 30 0 30 0 30 0 30 0 30 0 30 2 
325 31 4 31 0 31 0 31 6 31 0 31 0 31 0 31 0 31 0 31 0 31 4 
333 32 0 32 0 32 0 32 0 32 0 32 0 32 0 32 0 32 0 32 0 32 4 
340 33 6 33 0 33 0 33 0 33 0 33 0 33 0 33 0 33 0 33 0 33 6 
348 34 4 34 0 34 0 34 4 34 0 34 0 34 0 34 0 34 0 34 0 34 6 
355 35 3 35 0 35 0 35 4 35 0 35 0 35 0 35 0 35 0 35 0 35 3 
370 36 4 36 0 36 0 36 3 36 0 36 0 36 0 36 0 36 0 36 0 36 5 
378 37 6 37 0 37 0 37 6 37 0 37 0 37 0 37 0 37 0 37 0 37 5 
385 38 0 38 0 38 0 38 6 38 0 38 0 38 0 38 0 38 0 38 0 38 0 
393 39 4 39 0 39 0 39 4 39 0 39 0 39 0 39 0 39 0 39 0 39 0 
408 40 3 40 0 40 0 40 3 40 0 40 0 40 0 40 0 40 0 40 0 40 0 
423 41 0 41 0 41 0 41 0 41 0 41 0 41 0 41 0 41 0 41 0 41 0 
535 42 3 42 0 42 0 42 0 42 0 42 0 42 0 42 0 42 0 42 0 42 3 
548 43 9 43 0 43 0 43 0 43 0 43 0 43 0 43 0 43 9 43 0 43 3 
550 44 4 44 0 44 0 44 0 44 0 44 0 44 0 44 0 44 9 44 0 44 4 
563 45 7 45 0 45 0 45 0 45 0 45 0 45 0 45 0 45 7 45 0 45 4 
564 46 9 46 0 46 0 46 0 46 0 46 0 46 0 46 0 46 7 46 9 46 4 
565 47 5 47 0 47 0 47 0 47 0 47 0 47 0 47 0 47 7 47 9 47 5 
578 48 12 48 0 48 0 48 0 48 0 48 0 48 0 48 0 48 12 48 9 48 5 
579 49 8 49 0 49 0 49 0 49 0 49 0 49 0 49 0 49 12 49 8 49 5 
580 50 4 50 0 50 0 50 0 50 0 50 0 50 0 50 0 50 12 50 8 50 4 
593 51 7 51 0 51 0 51 0 51 0 51 0 51 0 51 0 51 7 51 8 51 4 
594 52 12 52 0 52 0 52 0 52 0 52 0 52 0 52 0 52 7 52 12 52 4 
595 53 3 53 0 53 0 53 0 53 0 53 0 53 0 53 0 53 7 53 12 53 3 
603 54 1 54 0 54 0 54 1 54 0 54 0 54 0 54 0 54 7 54 12 54 3 
609 55 7 55 0 55 0 55 1 55 0 55 0 55 0 55 0 55 7 55 7 55 3 
610 56 0 56 0 56 0 56 1 56 0 56 0 56 0 56 0 56 7 56 7 56 0 
618 57 4 57 0 57 0 57 4 57 0 57 0 57 0 57 0 57 7 57 7 57 0 
623 58 13 58 0 58 0 58 4 58 0 58 0 58 0 58 0 58 13 58 7 58 0 
624 59 6 59 0 59 0 59 4 59 0 59 0 59 0 59 0 59 13 59 6 59 0 
638 60 2 60 0 60 0 60 4 60 0 60 0 60 0 60 0 60 2 60 6 60 0 
639 61 13 61 0 61 0 61 4 61 0 61 0 61 0 61 0 61 2 61 13 61 0 
653 62 4 62 0 62 0 62 4 62 0 62 0 62 0 62 0 62 4 62 13 62 0 
654 63 2 63 0 63 0 63 4 63 0 63 0 63 0 63 0 63 4 63 2 63 0 
663 64 3 64 0 64 0 64 3 64 0 64 0 64 0 64 0 64 4 64 2 64 0 
669 65 4 65 0 65 0 65 3 65 0 65 0 65 0 65 0 65 4 65 4 65 0 
683 66 4.5 66 0 66 0 66 4 66 0 66 0 66 0 66 0 66 5 66 4 66 0 
684 67 5 67 0 67 0 67 4 67 0 67 0 67 0 67 0 67 5 67 5 67 0 
693 68 1 68 0 68 0 68 1 68 0 68 0 68 0 68 0 68 5 68 5 68 0 
698 69 4 69 0 69 0 69 1 69 0 69 0 69 0 69 0 69 4 69 5 69 0 
708 70 0 70 0 70 0 70 0 70 0 70 0 70 0 70 0 70 4 70 5 70 0 
713 71 3 71 0 71 0 71 0 71 0 71 0 71 0 71 0 71 3 71 5 71 0 
714 72 4 72 0 72 0 72 0 72 0 72 0 72 0 72 0 72 3 72 4 72 0 
729 73 3.5 73 0 73 0 73 0 73 0 73 0 73 0 73 0 73 4 73 3 73 0 
743 74 3 74 0 74 0 74 0 74 0 74 0 74 0 74 0 74 3 74 3 74 0 
745 75 4 75 0 75 0 75 0 75 0 75 0 75 0 75 0 75 3 75 3 75 4 
758 76 6 76 0 76 0 76 0 76 0 76 0 76 0 76 0 76 6 76 3 76 4 
773 77 4 77 0 77 0 77 0 77 0 77 0 77 0 77 0 77 4 77 3 77 4 
774 78 6 78 0 78 0 78 0 78 0 78 0 78 0 78 0 78 4 78 6 78 4 
775 79 3 79 0 79 0 79 0 79 0 79 0 79 0 79 0 79 4 79 6 79 3 
789 80 4 80 0 80 0 80 0 80 0 80 0 80 0 80 0 80 4 80 4 80 3 
803 81 2 81 0 81 0 81 0 81 0 81 0 81 0 81 0 81 0 81 4 81 4 
818 82 1 82 0 82 0 82 0 82 0 82 0 82 0 82 0 82 1 82 4 82 4 
819 83 0 83 0 83 0 83 0 83 0 83 0 83 0 83 0 83 1 83 0 83 4 
820 84 1 84 0 84 0 84 0 84 0 84 0 84 0 84 0 84 1 84 0 84 1 
833 85 4 85 0 85 0 85 0 85 0 85 0 85 0 85 0 85 4 85 0 85 1 
835 86 0 86 0 86 0 86 0 86 0 86 0 86 0 86 0 86 4 86 0 86 0 
848 87 5 87 0 87 0 87 0 87 0 87 0 87 0 87 0 87 5 87 0 87 0 
863 88 3 88 0 88 0 88 0 88 0 88 0 88 0 88 0 88 3 88 0 88 0 
878 89 4 89 0 89 0 89 0 89 0 89 0 89 0 89 0 89 4 89 0 89 0 
908 90 1 90 0 90 0 90 0 90 0 90 0 90 0 90 0 90 1 90 0 90 0 
923 91 0 91 0 91 0 91 0 91 0 91 0 91 0 91 0 91 0 91 0 91 0 
1113 92 1 92 0 92 0 92 1 92 0 92 0 92 0 92 0 92 0 92 0 92 0 
1128 93 4 93 0 93 0 93 4 93 0 93 0 93 0 93 0 93 0 93 0 93 0 
1143 94 3 94 0 94 0 94 3 94 0 94 0 94 0 94 0 94 0 94 0 94 0 
1158 95 4 95 0 95 0 95 4 95 0 95 0 95 0 95 0 95 0 95 0 95 0 
1203 96 0 96 0 96 0 96 0 96 0 96 0 96 0 96 0 96 0 96 0 96 0 
1223 97 1 97 0 97 0 97 0 97 0 97 0 97 0 97 0 97 1 97 0 97 0 
1238 98 4 98 0 98 0 98 0 98 0 98 0 98 0 98 0 98 4 98 0 98 0 
1283 99 3 99 0 99 0 99 0 99 0 99 0 99 0 99 0 99 3 99 0 99 0 
1298 100 4 100 0 100 0 100 0 100 0 100 0 100 0 100 0 100 4 100 0 100 0 
1313 101 2 101 0 101 0 101 0 101 0 101 0 101 0 101 0 101 2 101 0 101 0 
1328 102 0 102 0 102 0 102 0 102 0 102 0 102 0 102 0 102 0 102 0 102 0 
1434 103 1 103 0 103 0 103 0 103 0 103 0 103 0 103 0 103 0 103 1 103 0 
1449 104 4 104 0 104 0 104 0 104 0 104 0 104 0 104 0 104 0 104 4 104 0 
1494 105 15 105 0 105 0 105 0 105 0 105 0 105 0 105 0 105 0 105 15 105 0 
1509 106 4 106 0 106 0 106 0 106 0 106 0 106 0 106 0 106 0 106 4 106 0 
1524 107 3 107 0 107 0 107 0 107 0 107 0 107 0 107 0 107 0 107 3 107 0 
1539 108 0 108 0 108 0 108 0 108 0 108 0 108 0 108 0 108 0 108 0 108 0 
1666 109 4 109 4 109 0 109 0 109 0 109 0 109 0 109 0 109 0 109 0 109 0 
1668 110 3 110 4 110 0 110 3 110 0 110 0 110 0 110 0 110 0 110 0 110 0 
1698 111 4 111 4 111 0 111 4 111 0 111 0 111 0 111 0 111 0 111 0 111 0 
1711 112 3 112 3 112 0 112 4 112 0 112 0 112 0 112 0 112 0 112 0 112 0 
1726 113 4 113 4 113 0 113 4 113 0 113 0 113 0 113 0 113 0 113 0 113 0 
1743 114 3 114 4 114 0 114 3 114 0 114 0 114 0 114 0 114 0 114 0 114 0 
1758 115 4 115 4 115 0 115 4 115 0 115 0 115 0 115 0 115 0 115 0 115 0 
1771 116 3 116 3 116 0 116 4 116 0 116 0 116 0 116 0 116 0 116 0 116 0 
1773 117 0 117 3 117 0 117 0 117 0 117 0 117 0 117 0 117 0 117 0 117 0 
1786 118 4 118 4 118 0 118 0 118 0 118 0 118 0 118 0 118 0 118 0 118 0 
1816 119 5 119 5 119 0 119 0 119 0 119 0 119 0 119 0 119 0 119 0 119 0 
1831 120 3 120 3 120 0 120 0 120 0 120 0 120 0 120 0 120 0 120 0 120 0 
1846 121 0 121 0 121 0 121 0 121 0 121 0 121 0 121 0 121 0 121 0 121 0 
2425 122 15 122 0 122 0 122 0 122 0 122 0 122 0 122 0 122 0 122 0 122 15 
2440 123 4 123 0 123 0 123 0 123 0 123 0 123 0 123 0 123 0 123 0 123 4 
2455 124 3 124 0 124 0 124 0 124 0 124 0 124 0 124 0 124 0 124 0 124 3 
2470 125 4 125 0 125 0 125 0 125 0 125 0 125 0 125 0 125 0 125 0 125 4 
2515 126 1 126 0 126 0 126 0 126 0 126 0 126 0 126 0 126 0 126 0 126 1 
2530 127 0 127 0 127 0 127 0 127 0 127 0 127 0 127 0 127 0 127 0 127 0 
2634 128 2 128 0 128 0 128 0 128 0 128 0 128 0 128 0 128 0 128 2 128 0 
2649 129 4 129 0 129 0 129 0 129 0 129 0 129 0 129 0 129 0 129 4 129 0 
2664 130 23 130 0 130 0 130 0 130 0 130 0 130 0 130 0 130 0 130 23 130 0 
2679 131 3 131 0 131 0 131 0 131 0 131 0 131 0 131 0 131 0 131 3 131 0 
2694 132 4 132 0 132 0 132 0 132 0 132 0 132 0 132 0 132 0 132 4 132 0 
2709 133 2 133 0 133 0 133 0 133 0 133 0 133 0 133 0 133 0 133 2 133 0 
2724 134 0 134 0 134 0 134 0 134 0 134 0 134 0 134 0 134 0 134 0 134 0 
3099 135 1 135 0 135 0 135 0 135 0 135 0 135 0 135 0 135 0 135 1 135 0 
3114 136 5 136 0 136 0 136 0 136 0 136 0 136 0 136 0 136 0 136 5 136 0 
3129 137 4 137 0 137 0 137 0 137 0 137 0 137 0 137 0 137 0 137 4 137 0 
3159 138 3 138 0 138 0 138 0 138 0 138 0 138 0 138 0 138 0 138 3 138 0 
3174 139 4 139 0 139 0 139 0 139 0 139 0 139 0 139 0 139 0 139 4 139 0 
3204 140 0 140 0 140 0 140 0 140 0 140 0 140 0 140 0 140 0 140 0 140 0 
5032 141 3 141 0 141 0 141 0 141 0 141 0 141 0 141 3 141 0 141 0 141 0 
5047 142 4 142 0 142 0 142 0 142 0 142 0 142 0 142 4 142 0 142 0 142 0 
5077 143 15 143 0 143 0 143 0 143 0 143 0 143 0 143 15 143 0 143 0 143 0 
5092 144 4 144 0 144 0 144 0 144 0 144 0 144 0 144 4 144 0 144 0 144 0 
5107 145 3 145 0 145 0 145 0 145 0 145 0 145 0 145 3 145 0 145 0 145 0 
5122 146 4 146 0 146 0 146 0 146 0 146 0 146 0 146 4 146 0 146 0 146 0 
5167 147 3 147 0 147 0 147 0 147 0 147 0 147 0 147 3 147 0 147 0 147 0 
5182 148 4 148 0 148 0 148 0 148 0 148 0 148 0 148 4 148 0 148 0 148 0 
5212 149 0 149 0 149 0 149 0 149 0 149 0 149 0 149 0 149 0 149 0 149 0 
5522 150 9 150 0 150 9 150 0 150 0 150 0 150 0 150 0 150 0 150 0 150 0 
5537 151 12 151 0 151 12 151 0 151 0 151 0 151 0 151 0 151 0 151 0 151 0 
5552 152 7 152 0 152 7 152 0 152 0 152 0 152 0 152 0 152 0 152 0 152 0 
5582 153 6 153 0 153 6 153 0 153 0 153 0 153 0 153 0 153 0 153 0 153 0 
5597 154 14 154 0 154 14 154 0 154 0 154 0 154 0 154 0 154 0 154 0 154 0 
5612 155 2 155 0 155 2 155 0 155 0 155 0 155 0 155 0 155 0 155 0 155 0 
5627 156 3 156 0 156 3 156 0 156 0 156 0 156 0 156 0 156 0 156 0 156 0 
5642 157 4 157 0 157 4 157 0 157 0 157 0 157 0 157 0 157 0 157 0 157 0 
5657 158 6 158 0 158 6 158 0 158 0 158 0 158 0 158 0 158 0 158 0 158 0 
5687 159 0 159 0 159 0 159 0 159 0 159 0 159 0 159 0 159 0 159 0 159 0 
5702 160 3 160 0 160 3 160 0 160 0 160 0 160 0 160 0 160 0 160 0 160 0 
5717 161 4 161 0 161 4 161 0 161 0 161 0 161 0 161 0 161 0 161 0 161 0 
5732 162 6 162 0 162 6 162 0 162 0 162 0 162 0 162 0 162 0 162 0 162 0 
5747 163 3 163 0 163 3 163 0 163 0 163 0 163 0 163 0 163 0 163 0 163 0 
5762 164 4 164 0 164 4 164 0 164 0 164 0 164 0 164 0 164 0 164 0 164 0 
5777 165 0 165 0 165 0 165 0 165 0 165 0 165 0 165 0 165 0 165 0 165 0 
5807 166 2 166 0 166 2 166 0 166 0 166 0 166 0 166 0 166 0 166 0 166 0 
5822 167 4 167 0 167 4 167 0 167 0 167 0 167 0 167 0 167 0 167 0 167 0 
5867 168 3 168 0 168 3 168 0 168 0 168 0 168 0 168 0 168 0 168 0 168 0 
5882 169 4 169 0 169 4 169 0 169 0 169 0 169 0 169 0 169 0 169 0 169 0 
5897 170 3 170 0 170 3 170 0 170 0 170 0 170 0 170 0 170 0 170 0 170 0 
5912 171 0 171 0 171 0 171 0 171 0 171 0 171 0 171 0 171 0 171 0 171 0 
6002 172 4 172 0 172 4 172 0 172 0 172 0 172 0 172 0 172 0 172 0 172 0 
6047 173 3 173 0 173 3 173 0 173 0 173 0 173 0 173 0 173 0 173 0 173 0 
6062 174 4 174 0 174 4 174 0 174 0 174 0 174 0 174 0 174 0 174 0 174 0 
6092 175 0 175 0 175 0 175 0 175 0 175 0 175 0 175 0 175 0 175 0 175 0 
6512 176 1 176 0 176 1 176 0 176 0 176 0 176 0 176 0 176 0 176 0 176 0 
6527 177 3 177 0 177 3 177 0 177 0 177 0 177 0 177 0 177 0 177 0 177 0 
6542 178 4 178 0 178 4 178 0 178 0 178 0 178 0 178 0 178 0 178 0 178 0 
6587 179 3 179 0 179 3 179 0 179 0 179 0 179 0 179 0 179 0 179 0 179 0 
6602 180 4 180 0 180 4 180 0 180 0 180 0 180 0 180 0 180 0 180 0 180 0 
6617 181 1 181 0 181 1 181 0 181 0 181 0 181 0 181 0 181 0 181 0 181 0 
6632 182 0 182 0 182 0 182 0 182 0 182 0 182 0 182 0 182 0 182 0 182 0 
7390 183 9 183 0 183 0 183 0 183 0 183 0 183 0 183 0 183 0 183 0 183 9 
7405 184 12 184 0 184 0 184 0 184 0 184 0 184 0 184 0 184 0 184 0 184 12 
7420 185 7 185 0 185 0 185 0 185 0 185 0 185 0 185 0 185 0 185 0 185 7 
7450 186 6 186 0 186 0 186 0 186 0 186 0 186 0 186 0 186 0 186 0 186 6 
7465 187 14 187 0 187 0 187 0 187 0 187 0 187 0 187 0 187 0 187 0 187 14 
7480 188 2 188 0 188 0 188 0 188 0 188 0 188 0 188 0 188 0 188 0 188 2 
7495 189 3 189 0 189 0 189 0 189 0 189 0 189 0 189 0 189 0 189 0 189 3 
7510 190 4 190 0 190 0 190 0 190 0 190 0 190 0 190 0 190 0 190 0 190 4 
7525 191 6 191 0 191 0 191 0 191 0 191 0 191 0 191 0 191 0 191 0 191 6 
7555 192 0 192 0 192 0 192 0 192 0 192 0 192 0 192 0 192 0 192 0 192 0 
7570 193 3 193 0 193 0 193 0 193 0 193 0 193 0 193 0 193 0 193 0 193 3 
7585 194 4 194 0 194 0 194 0 194 0 194 0 194 0 194 0 194 0 194 0 194 4 
7600 195 6 195 0 195 0 195 0 195 0 195 0 195 0 195 0 195 0 195 0 195 6 
7615 196 3 196 0 196 0 196 0 196 0 196 0 196 0 196 0 196 0 196 0 196 3 
7630 197 4 197 0 197 0 197 0 197 0 197 0 197 0 197 0 197 0 197 0 197 4 
7645 198 0 198 0 198 0 198 0 198 0 198 0 198 0 198 0 198 0 198 0 198 0 
8079 199 6 199 0 199 0 199 0 199 0 199 0 199 0 199 0 199 0 199 6 199 0 
8094 200 4 200 0 200 0 200 0 200 0 200 0 200 0 200 0 200 0 200 4 200 0 
8109 201 16 201 0 201 0 201 0 201 0 201 0 201 0 201 0 201 0 201 16 201 0 
8124 202 2 202 0 202 0 202 0 202 0 202 0 202 0 202 0 202 0 202 2 202 0 
8139 203 0 203 0 203 0 203 0 203 0 203 0 203 0 203 0 203 0 203 0 203 0 
8154 204 8 204 0 204 0 204 0 204 0 204 0 204 0 204 0 204 0 204 8 204 0 
8184 205 12 205 0 205 0 205 0 205 0 205 0 205 0 205 0 205 0 205 12 205 0 
8199 206 1 206 0 206 0 206 0 206 0 206 0 206 0 206 0 206 0 206 1 206 0 
8214 207 4 207 0 207 0 207 0 207 0 207 0 207 0 207 0 207 0 207 4 207 0 
8244 208 6 208 0 208 0 208 0 208 0 208 0 208 0 208 0 208 0 208 6 208 0 
8259 209 5 209 0 209 0 209 0 209 0 209 0 209 0 209 0 209 0 209 5 209 0 
8274 210 0 210 0 210 0 210 0 210 0 210 0 210 0 210 0 210 0 210 0 210 0 
8275 211 1 211 0 211 0 211 0 211 0 211 0 211 0 211 0 211 0 211 0 211 1 
8289 212 4 212 0 212 0 212 0 212 0 212 0 212 0 212 0 212 0 212 4 212 1 
8304 213 4.5 213 0 213 0 213 0 213 0 213 0 213 0 213 0 213 0 213 5 213 4 
8334 214 4 214 0 214 0 214 0 214 0 214 0 214 0 214 0 214 0 214 4 214 4 
8335 215 3 215 0 215 0 215 0 215 0 215 0 215 0 215 0 215 0 215 4 215 3 
8350 216 11 216 0 216 0 216 0 216 0 216 0 216 0 216 0 216 0 216 3 216 19 
8364 217 0 217 0 217 0 217 0 217 0 217 0 217 0 217 0 217 0 217 0 217 19 
8365 218 4 218 0 218 0 218 0 218 0 218 0 218 0 218 0 218 0 218 0 218 4 
8395 219 0 219 0 219 0 219 0 219 0 219 0 219 0 219 0 219 0 219 0 219 0 
8574 220 4 220 0 220 0 220 0 220 0 220 0 220 0 220 0 220 0 220 4 220 0 
8619 221 3 221 0 221 0 221 0 221 0 221 0 221 0 221 0 221 0 221 3 221 0 
8634 222 4 222 0 222 0 222 0 222 0 222 0 222 0 222 0 222 0 222 4 222 0 
8649 223 2 223 0 223 0 223 0 223 0 223 0 223 0 223 0 223 0 223 2 223 0 
8664 224 0 224 0 224 0 224 0 224 0 224 0 224 0 224 0 224 0 224 0 224 0 
9054 225 2 225 0 225 0 225 0 225 0 225 0 225 0 225 0 225 0 225 2 225 0 
9069 226 4 226 0 226 0 226 0 226 0 226 0 226 0 226 0 226 0 226 4 226 0 
9099 227 3 227 0 227 0 227 0 227 0 227 0 227 0 227 0 227 0 227 3 227 0 
9100 228 1 228 0 228 0 228 0 228 0 228 0 228 0 228 0 228 0 228 3 228 1 
9114 229 4 229 0 229 0 229 0 229 0 229 0 229 0 229 0 229 0 229 4 229 1 
9115 230 3 230 0 230 0 230 0 230 0 230 0 230 0 230 0 230 0 230 4 230 3 
9129 231 1 231 0 231 0 231 0 231 0 231 0 231 0 231 0 231 0 231 1 231 3 
9130 232 4 232 0 232 0 232 0 232 0 232 0 232 0 232 0 232 0 232 1 232 4 
9144 233 0 233 0 233 0 233 0 233 0 233 0 233 0 233 0 233 0 233 0 233 4 
9175 234 3 234 0 234 0 234 0 234 0 234 0 234 0 234 0 234 0 234 0 234 3 
9189 235 4 235 0 235 0 235 0 235 0 235 0 235 0 235 0 235 0 235 4 235 3 
9190 236 5 236 0 236 0 236 0 236 0 236 0 236 0 236 0 236 0 236 4 236 5 
9205 237 4 237 0 237 0 237 0 237 0 237 0 237 0 237 0 237 0 237 4 237 4 
9219 238 3 238 0 238 0 238 0 238 0 238 0 238 0 238 0 238 0 238 3 238 4 
9234 239 5 239 0 239 0 239 0 239 0 239 0 239 0 239 0 239 0 239 5 239 4 
9235 240 0 240 0 240 0 240 0 240 0 240 0 240 0 240 0 240 0 240 5 240 0 
9249 241 4 241 0 241 0 241 0 241 0 241 0 241 0 241 0 241 0 241 4 241 0 
9264 242 3 242 0 242 0 242 0 242 0 242 0 242 0 242 0 242 0 242 3 242 0 
9279 243 0 243 0 243 0 243 0 243 0 243 0 243 0 243 0 243 0 243 0 243 0 
9370 244 2 244 0 244 0 244 0 244 0 244 0 244 0 244 0 244 0 244 0 244 2 
9385 245 4 245 0 245 0 245 0 245 0 245 0 245 0 245 0 245 0 245 0 245 4 
9415 246 3 246 0 246 0 246 0 246 0 246 0 246 0 246 0 246 0 246 0 246 3 
9430 247 5 247 0 247 0 247 0 247 0 247 0 247 0 247 0 247 0 247 0 247 5 
9445 248 4 248 0 248 0 248 0 248 0 248 0 248 0 248 0 248 0 248 0 248 4 
9505 249 0 249 0 249 0 249 0 249 0 249 0 249 0 249 0 249 0 249 0 249 0 
13551 250 3 250 0 250 0 250 0 250 0 250 0 250 3 250 0 250 0 250 0 250 0 
13566 251 10 251 0 251 0 251 0 251 0 251 0 251 10 251 0 251 0 251 0 251 0 
13581 252 8 252 0 252 0 252 0 252 0 252 0 252 8 252 0 252 0 252 0 252 0 
13596 253 7 253 0 253 0 253 0 253 0 253 0 253 7 253 0 253 0 253 0 253 0 
13611 254 0 254 0 254 0 254 0 254 0 254 0 254 0 254 0 254 0 254 0 254 0 
14091 255 1 255 0 255 0 255 0 255 0 255 0 255 1 255 0 255 0 255 0 255 0 
14106 256 4 256 0 256 0 256 0 256 0 256 0 256 4 256 0 256 0 256 0 256 0 
14151 257 3 257 0 257 0 257 0 257 0 257 0 257 3 257 0 257 0 257 0 257 0 
14154 258 9 258 0 258 0 258 0 258 0 258 0 258 3 258 0 258 0 258 9 258 0 
14166 259 4 259 0 259 0 259 0 259 0 259 0 259 4 259 0 259 0 259 9 259 0 
14169 260 12 260 0 260 0 260 0 260 0 260 0 260 4 260 0 260 0 260 12 260 0 
14184 261 7 261 0 261 0 261 0 261 0 261 0 261 4 261 0 261 0 261 7 261 0 
14211 262 3 262 0 262 0 262 0 262 0 262 0 262 3 262 0 262 0 262 7 262 0 
14214 263 6 263 0 263 0 263 0 263 0 263 0 263 3 263 0 263 0 263 6 263 0 
14226 264 0 264 0 264 0 264 0 264 0 264 0 264 0 264 0 264 0 264 6 264 0 
14229 265 14 265 0 265 0 265 0 265 0 265 0 265 0 265 0 265 0 265 14 265 0 
14244 266 2 266 0 266 0 266 0 266 0 266 0 266 0 266 0 266 0 266 2 266 0 
14259 267 3 267 0 267 0 267 0 267 0 267 0 267 0 267 0 267 0 267 3 267 0 
14274 268 4 268 0 268 0 268 0 268 0 268 0 268 0 268 0 268 0 268 4 268 0 
14289 269 6 269 0 269 0 269 0 269 0 269 0 269 0 269 0 269 0 269 6 269 0 
14319 270 0 270 0 270 0 270 0 270 0 270 0 270 0 270 0 270 0 270 0 270 0 
14334 271 3 271 0 271 0 271 0 271 0 271 0 271 0 271 0 271 0 271 3 271 0 
14349 272 4 272 0 272 0 272 0 272 0 272 0 272 0 272 0 272 0 272 4 272 0 
14364 273 6 273 0 273 0 273 0 273 0 273 0 273 0 273 0 273 0 273 6 273 0 
14379 274 3 274 0 274 0 274 0 274 0 274 0 274 0 274 0 274 0 274 3 274 0 
14394 275 4 275 0 275 0 275 0 275 0 275 0 275 0 275 0 275 0 275 4 275 0 
14409 276 0 276 0 276 0 276 0 276 0 276 0 276 0 276 0 276 0 276 0 276 0 
14709 277 3 277 0 277 0 277 0 277 0 277 0 277 0 277 0 277 0 277 3 277 0 
14724 278 4 278 0 278 0 278 0 278 0 278 0 278 0 278 0 278 0 278 4 278 0 
14739 279 26 279 0 279 0 279 0 279 0 279 0 279 0 279 0 279 0 279 26 279 0 
14754 280 1 280 0 280 0 280 0 280 0 280 0 280 0 280 0 280 0 280 1 280 0 
14769 281 0 281 0 281 0 281 0 281 0 281 0 281 0 281 0 281 0 281 0 281 0 
14799 282 3 282 0 282 0 282 0 282 0 282 0 282 0 282 0 282 0 282 3 282 0 
14814 283 4 283 0 283 0 283 0 283 0 283 0 283 0 283 0 283 0 283 4 283 0 
14859 284 0 284 0 284 0 284 0 284 0 284 0 284 0 284 0 284 0 284 0 284 0 
14874 285 1 285 0 285 0 285 0 285 0 285 0 285 0 285 0 285 0 285 1 285 0 
14889 286 5 286 0 286 0 286 0 286 0 286 0 286 0 286 0 286 0 286 5 286 0 
14904 287 4 287 0 287 0 287 0 287 0 287 0 287 0 287 0 287 0 287 4 287 0 
14919 288 3 288 0 288 0 288 0 288 0 288 0 288 0 288 0 288 0 288 3 288 0 
14949 289 0 289 0 289 0 289 0 289 0 289 0 289 0 289 0 289 0 289 0 289 0 
15202 290 8 290 0 290 0 290 0 290 0 290 0 290 0 290 8 290 0 290 0 290 0 
15232 291 12 291 0 291 0 291 0 291 0 291 0 291 0 291 12 291 0 291 0 291 0 
15247 292 6 292 0 292 0 292 0 292 0 292 0 292 0 292 6 292 0 292 0 292 0 
15262 293 4 293 0 293 0 293 0 293 0 293 0 293 0 293 4 293 0 293 0 293 0 
15277 294 16 294 0 294 0 294 0 294 0 294 0 294 0 294 16 294 0 294 0 294 0 
15292 295 2 295 0 295 0 295 0 295 0 295 0 295 0 295 2 295 0 295 0 295 0 
15307 296 3 296 0 296 0 296 0 296 0 296 0 296 0 296 3 296 0 296 0 296 0 
15322 297 4 297 0 297 0 297 0 297 0 297 0 297 0 297 4 297 0 297 0 297 0 
15337 298 6 298 0 298 0 298 0 298 0 298 0 298 0 298 6 298 0 298 0 298 0 
15352 299 4 299 0 299 0 299 0 299 0 299 0 299 0 299 4 299 0 299 0 299 0 
15367 300 3 300 0 300 0 300 0 300 0 300 0 300 0 300 3 300 0 300 0 300 0 
15382 301 2 301 0 301 0 301 0 301 0 301 0 301 0 301 2 301 0 301 0 301 0 
15397 302 4 302 0 302 0 302 0 302 0 302 0 302 0 302 4 302 0 302 0 302 0 
15412 303 6 303 0 303 0 303 0 303 0 303 0 303 0 303 6 303 0 303 0 303 0 
15427 304 3 304 0 304 0 304 0 304 0 304 0 304 0 304 3 304 0 304 0 304 0 
15442 305 5 305 0 305 0 305 0 305 0 305 0 305 0 305 5 305 0 305 0 305 0 
15457 306 0 306 0 306 0 306 0 306 0 306 0 306 0 306 0 306 0 306 0 306 0 
15727 307 4 307 0 307 0 307 0 307 0 307 0 307 0 307 4 307 0 307 0 307 0 
15742 308 5 308 0 308 0 308 0 308 0 308 0 308 0 308 5 308 0 308 0 308 0 
15757 309 4 309 0 309 0 309 0 309 0 309 0 309 0 309 4 309 0 309 0 309 0 
15787 310 3 310 0 310 0 310 0 310 0 310 0 310 0 310 3 310 0 310 0 310 0 
15802 311 4 311 0 311 0 311 0 311 0 311 0 311 0 311 4 311 0 311 0 311 0 
15832 312 3 312 0 312 0 312 0 312 0 312 0 312 0 312 3 312 0 312 0 312 0 
15847 313 0 313 0 313 0 313 0 313 0 313 0 313 0 313 0 313 0 313 0 313 0 
16404 314 1 314 0 314 0 314 0 314 0 314 0 314 0 314 0 314 0 314 1 314 0 
16419 315 0 315 0 315 0 315 0 315 0 315 0 315 0 315 0 315 0 315 0 315 0 
16597 316 3 316 0 316 0 316 0 316 0 316 0 316 0 316 3 316 0 316 0 316 0 
16612 317 4 317 0 317 0 317 0 317 0 317 0 317 0 317 4 317 0 317 0 317 0 
16627 318 3 318 0 318 0 318 0 318 0 318 0 318 0 318 3 318 0 318 0 318 0 
16642 319 4 319 0 319 0 319 0 319 0 319 0 319 0 319 4 319 0 319 0 319 0 
16687 320 3 320 0 320 0 320 0 320 0 320 0 320 0 320 3 320 0 320 0 320 0 
16702 321 4 321 0 321 0 321 0 321 0 321 0 321 0 321 4 321 0 321 0 321 0 
16717 322 2 322 0 322 0 322 0 322 0 322 0 322 0 322 2 322 0 322 0 322 0 
16732 323 0 323 0 323 0 323 0 323 0 323 0 323 0 323 0 323 0 323 0 323 0 
16882 324 1 324 0 324 0 324 0 324 0 324 0 324 0 324 1 324 0 324 0 324 0 
16897 325 4 325 0 325 0 325 0 325 0 325 0 325 0 325 4 325 0 325 0 325 0 
16927 326 3 326 0 326 0 326 0 326 0 326 0 326 0 326 3 326 0 326 0 326 0 
16942 327 4 327 0 327 0 327 0 327 0 327 0 327 0 327 4 327 0 327 0 327 0 
16987 328 1 328 0 328 0 328 0 328 0 328 0 328 0 328 1 328 0 328 0 328 0 
17002 329 0 329 0 329 0 329 0 329 0 329 0 329 0 329 0 329 0 329 0 329 0 
17798 330 -17 330 0 330 0 330 0 330 0 330 0 330 0 330 0 330 -17 330 0 330 0 
17828 331 -20 331 0 331 0 331 0 331 0 331 0 331 0 331 0 331 -20 331 0 331 0 
17843 332 -3 332 0 332 0 332 0 332 0 332 0 332 0 332 0 332 -3 332 0 332 0 
17858 333 -4 333 0 333 0 333 0 333 0 333 0 333 0 333 0 333 -4 333 0 333 0 
17903 334 -3 334 0 334 0 334 0 334 0 334 0 334 0 334 0 334 -3 334 0 334 0 
17918 335 -4 335 0 335 0 335 0 335 0 335 0 335 0 335 0 335 -4 335 0 335 0 
17933 336 -7 336 0 336 0 336 0 336 0 336 0 336 0 336 0 336 -7 336 0 336 0 
17948 337 -4 337 0 337 0 337 0 337 0 337 0 337 0 337 0 337 -4 337 0 337 0 
17963 338 -6 338 0 338 0 338 0 338 0 338 0 338 0 338 0 338 -6 338 0 338 0 
17978 339 -4 339 0 339 0 339 0 339 0 339 0 339 0 339 0 339 -4 339 0 339 0 
18023 340 -3 340 0 340 0 340 0 340 0 340 0 340 0 340 0 340 -3 340 0 340 0 
18038 341 -4 341 0 341 0 341 0 341 0 341 0 341 0 341 0 341 -4 341 0 341 0 
18046 342 12 342 12 342 0 342 0 342 0 342 0 342 0 342 0 342 -4 342 0 342 0 
18053 343 -7 343 12 343 0 343 0 343 0 343 0 343 0 343 0 343 -7 343 0 343 0 
18061 344 6 344 6 344 0 344 0 344 0 344 0 344 0 344 0 344 -7 344 0 344 0 
18068 345 -4 345 6 345 0 345 0 345 0 345 0 345 0 345 0 345 -4 345 0 345 0 
18076 346 10 346 10 346 0 346 0 346 0 346 0 346 0 346 0 346 -4 346 0 346 0 
18083 347 -6 347 10 347 0 347 0 347 0 347 0 347 0 347 0 347 -6 347 0 347 0 
18091 348 0 348 0 348 0 348 0 348 0 348 0 348 0 348 0 348 -6 348 0 348 0 
18098 349 -4 349 0 349 0 349 0 349 0 349 0 349 0 349 0 349 -4 349 0 349 0 
18113 350 -3 350 0 350 0 350 0 350 0 350 0 350 0 350 0 350 -3 350 0 350 0 
18143 351 0 351 0 351 0 351 0 351 0 351 0 351 0 351 0 351 0 351 0 351 0 
18548 352 8 352 0 352 0 352 0 352 0 352 0 352 0 352 0 352 8 352 0 352 0 
18563 353 5 353 0 353 0 353 0 353 0 353 0 353 0 353 0 353 5 353 0 353 0 
18578 354 14 354 0 354 0 354 0 354 0 354 0 354 0 354 0 354 14 354 0 354 0 
18593 355 7 355 0 355 0 355 0 355 0 355 0 355 0 355 0 355 7 355 0 355 0 
18608 356 4 356 0 356 0 356 0 356 0 356 0 356 0 356 0 356 4 356 0 356 0 
18623 357 11 357 0 357 0 357 0 357 0 357 0 357 0 357 0 357 11 357 0 357 0 
18638 358 7 358 0 358 0 358 0 358 0 358 0 358 0 358 0 358 7 358 0 358 0 
18653 359 3 359 0 359 0 359 0 359 0 359 0 359 0 359 0 359 3 359 0 359 0 
18668 360 4 360 0 360 0 360 0 360 0 360 0 360 0 360 0 360 4 360 0 360 0 
18683 361 5 361 0 361 0 361 0 361 0 361 0 361 0 361 0 361 5 361 0 361 0 
18698 362 4 362 0 362 0 362 0 362 0 362 0 362 0 362 0 362 4 362 0 362 0 
18728 363 -6 363 0 363 0 363 0 363 0 363 0 363 0 363 0 363 -6 363 0 363 0 
18736 364 4 364 4 364 0 364 0 364 0 364 0 364 0 364 0 364 -6 364 0 364 0 
18743 365 -11 365 4 365 0 365 0 365 0 365 0 365 0 365 0 365 -11 365 0 365 0 
18751 366 3 366 3 366 0 366 0 366 0 366 0 366 0 366 0 366 -11 366 0 366 0 
18758 367 -17 367 3 367 0 367 0 367 0 367 0 367 0 367 0 367 -17 367 0 367 0 
18766 368 4 368 4 368 0 368 0 368 0 368 0 368 0 368 0 368 -17 368 0 368 0 
18773 369 -20 369 4 369 0 369 0 369 0 369 0 369 0 369 0 369 -20 369 0 369 0 
18788 370 -7 370 4 370 0 370 0 370 0 370 0 370 0 370 0 370 -7 370 0 370 0 
18796 371 16 371 16 371 0 371 0 371 0 371 0 371 0 371 0 371 -7 371 0 371 0 
18803 372 -3 372 16 372 0 372 0 372 0 372 0 372 0 372 0 372 -3 372 0 372 0 
18811 373 3 373 3 373 0 373 0 373 0 373 0 373 0 373 0 373 -3 373 0 373 0 
18818 374 -7 374 3 374 0 374 0 374 0 374 0 374 0 374 0 374 -7 374 0 374 0 
18826 375 4 375 4 375 0 375 0 375 0 375 0 375 0 375 0 375 -7 375 0 375 0 
18833 376 -4 376 4 376 0 376 0 376 0 376 0 376 0 376 0 376 -4 376 0 376 0 
18848 377 -1 377 4 377 0 377 0 377 0 377 0 377 0 377 0 377 -1 377 0 377 0 
18856 378 0 378 0 378 0 378 0 378 0 378 0 378 0 378 0 378 -1 378 0 378 0 
22564 379 3.5 379 0 379 0 379 0 379 7 379 0 379 0 379 0 379 0 379 0 379 0 
22579 380 3 380 0 380 0 380 0 380 3 380 0 380 0 380 0 380 0 380 0 380 0 
22594 381 16 381 0 381 0 381 0 381 16 381 0 381 0 381 0 381 0 381 0 381 0 
22609 382 2 382 0 382 0 382 0 382 2 382 0 382 0 382 0 382 0 382 0 382 0 
22624 383 9 383 0 383 0 383 0 383 9 383 0 383 0 383 0 383 0 383 0 383 0 
22639 384 7 384 0 384 0 384 0 384 7 384 0 384 0 384 0 384 0 384 0 384 0 
22654 385 12 385 0 385 0 385 0 385 12 385 0 385 0 385 0 385 0 385 0 385 0 
22669 386 2 386 0 386 0 386 0 386 2 386 0 386 0 386 0 386 0 386 0 386 0 
22684 387 4 387 0 387 0 387 0 387 4 387 0 387 0 387 0 387 0 387 0 387 0 
22699 388 3 388 0 388 0 388 0 388 3 388 0 388 0 388 0 388 0 388 0 388 0 
22714 389 6 389 0 389 0 389 0 389 6 389 0 389 0 389 0 389 0 389 0 389 0 
22729 390 5 390 0 390 0 390 0 390 5 390 0 390 0 390 0 390 0 390 0 390 0 
22744 391 1 391 0 391 0 391 0 391 1 391 0 391 0 391 0 391 0 391 0 391 0 
22759 392 3 392 0 392 0 392 0 392 3 392 0 392 0 392 0 392 0 392 0 392 0 
22774 393 4 393 0 393 0 393 0 393 4 393 0 393 0 393 0 393 0 393 0 393 0 
22789 394 6 394 0 394 0 394 0 394 6 394 0 394 0 394 0 394 0 394 0 394 0 
22819 395 0 395 0 395 0 395 0 395 0 395 0 395 0 395 0 395 0 395 0 395 0 
22849 396 3 396 0 396 0 396 0 396 3 396 0 396 0 396 0 396 0 396 0 396 0 
22864 397 4 397 0 397 0 397 0 397 4 397 0 397 0 397 0 397 0 397 0 397 0 
22879 398 3 398 0 398 0 398 0 398 3 398 0 398 0 398 0 398 0 398 0 398 0 
22894 399 4 399 0 399 0 399 0 399 4 399 0 399 0 399 0 399 0 399 0 399 0 
22924 400 3 400 0 400 0 400 0 400 3 400 0 400 0 400 0 400 0 400 0 400 0 
22939 401 0 401 0 401 0 401 0 401 0 401 0 401 0 401 0 401 0 401 0 401 0 
23254 402 2 402 0 402 0 402 0 402 2 402 0 402 0 402 0 402 0 402 0 402 0 
23269 403 4 403 0 403 0 403 0 403 4 403 0 403 0 403 0 403 0 403 0 403 0 
23299 404 3 404 0 404 0 404 0 404 3 404 0 404 0 404 0 404 0 404 0 404 0 
23314 405 4 405 0 405 0 405 0 405 4 405 0 405 0 405 0 405 0 405 0 405 0 
23344 406 1 406 0 406 0 406 0 406 1 406 0 406 0 406 0 406 0 406 0 406 0 
23359 407 0 407 0 407 0 407 0 407 0 407 0 407 0 407 0 407 0 407 0 407 0 
