# ValueCount deltaRailways
10 0 0 0 0 0 0 0 0 0 0 0 0 0 0 0 0 0 0 0 0 0 0 
123 1 8 1 0 1 0 1 8 1 0 1 0 1 0 1 0 1 0 1 0 1 0 
124 2 9 2 0 2 0 2 8 2 9 2 0 2 0 2 0 2 0 2 0 2 0 
125 3 8 3 0 3 0 3 8 3 9 3 8 3 0 3 0 3 0 3 0 3 0 
128 4 8.33333 4 0 4 0 4 8 4 9 4 8 4 8 4 8 4 9 4 0 4 0 
130 5 8 5 0 5 0 5 8 5 9 5 8 5 8 5 8 5 9 5 0 5 8 
136 6 7 6 7 6 0 6 8 6 9 6 8 6 8 6 8 6 9 6 0 6 8 
153 7 8.66667 7 7 7 0 7 12 7 7 7 8 7 8 7 8 7 7 7 0 7 8 
154 8 12 8 7 8 0 8 12 8 12 8 8 8 8 8 8 8 7 8 0 8 8 
155 9 11 9 7 9 0 9 12 9 12 9 11 9 8 9 8 9 7 9 0 9 8 
156 10 12 10 7 10 0 10 12 10 12 10 11 10 12 10 8 10 7 10 0 10 8 
168 11 10.75 11 7 11 0 11 7 11 12 11 11 11 12 11 12 11 12 11 0 11 12 
169 12 7 12 7 12 0 12 7 12 7 12 11 12 12 12 12 12 12 12 0 12 12 
171 13 6.5 13 7 13 0 13 7 13 7 13 7 13 6 13 12 13 12 13 0 13 12 
172 14 7 14 7 14 0 14 7 14 7 14 7 14 6 14 7 14 12 14 0 14 12 
175 15 6.5 15 7 15 0 15 7 15 7 15 7 15 6 15 7 15 7 15 0 15 6 
183 16 3 16 7 16 0 16 3 16 7 16 7 16 6 16 7 16 7 16 0 16 6 
184 17 6 17 7 17 0 17 3 17 6 17 7 17 6 17 7 17 7 17 0 17 6 
185 18 4 18 7 18 0 18 3 18 6 18 4 18 6 18 7 18 7 18 0 18 6 
187 19 8.5 19 7 19 0 19 3 19 6 19 4 19 4 19 13 19 7 19 0 19 6 
188 20 6 20 7 20 0 20 3 20 6 20 4 20 4 20 13 20 6 20 0 20 6 
190 21 4 21 7 21 0 21 3 21 6 21 4 21 4 21 13 21 6 21 0 21 4 
196 22 0 22 0 22 0 22 3 22 6 22 4 22 4 22 13 22 6 22 0 22 4 
198 23 16 23 0 23 0 23 16 23 6 23 4 23 4 23 13 23 6 23 0 23 4 
199 24 13 24 0 24 0 24 16 24 13 24 4 24 4 24 13 24 6 24 0 24 4 
200 25 16 25 0 25 0 25 16 25 13 25 16 25 4 25 13 25 6 25 0 25 4 
203 26 15 26 0 26 0 26 16 26 13 26 16 26 16 26 16 26 13 26 0 26 4 
205 27 16 27 0 27 0 27 16 27 13 27 16 27 16 27 16 27 13 27 0 27 16 
213 28 2 28 0 28 0 28 2 28 13 28 16 28 16 28 16 28 13 28 0 28 16 
228 29 2.14286 29 0 29 0 29 3 29 2 29 2 29 2 29 2 29 2 29 0 29 2 
229 30 4 30 0 30 0 30 3 30 4 30 2 30 2 30 2 30 2 30 0 30 2 
230 31 3 31 0 31 0 31 3 31 4 31 3 31 2 31 2 31 2 31 0 31 2 
232 32 3.5 32 0 32 0 32 3 32 4 32 3 32 3 32 4 32 2 32 0 32 2 
233 33 4 33 0 33 0 33 3 33 4 33 3 33 3 33 4 33 4 33 0 33 2 
235 34 3 34 0 34 0 34 3 34 4 34 3 34 3 34 4 34 4 34 0 34 3 
245 35 4 35 0 35 0 35 3 35 4 35 4 35 3 35 4 35 4 35 0 35 3 
247 36 3.5 36 0 36 0 36 3 36 4 36 4 36 4 36 3 36 4 36 0 36 3 
250 37 4 37 0 37 0 37 3 37 4 37 4 37 4 37 3 37 4 37 0 37 4 
258 38 6 38 0 38 0 38 6 38 4 38 4 38 4 38 3 38 4 38 0 38 4 
259 39 5 39 0 39 0 39 6 39 5 39 4 39 4 39 3 39 4 39 0 39 4 
260 40 6 40 0 40 0 40 6 40 5 40 6 40 4 40 3 40 4 40 0 40 4 
263 41 5.66667 41 0 41 0 41 6 41 5 41 6 41 6 41 6 41 5 41 0 41 4 
265 42 6 42 0 42 0 42 6 42 5 42 6 42 6 42 6 42 5 42 0 42 6 
273 43 4 43 0 43 0 43 4 43 5 43 6 43 6 43 6 43 5 43 0 43 6 
275 44 3.5 44 0 44 0 44 4 44 4 44 3 44 6 44 6 44 5 44 0 44 6 
276 45 4 45 0 45 0 45 4 45 4 45 3 45 4 45 6 45 5 45 0 45 6 
278 46 9 46 0 46 0 46 4 46 4 46 3 46 4 46 4 46 14 46 0 46 6 
280 47 4 47 0 47 0 47 4 47 4 47 3 47 4 47 4 47 14 47 0 47 4 
289 48 3 48 0 48 0 48 4 48 3 48 3 48 4 48 4 48 14 48 0 48 4 
290 49 4 49 0 49 0 49 4 49 3 49 4 49 4 49 4 49 14 49 0 49 4 
291 50 3 50 0 50 0 50 4 50 3 50 4 50 3 50 4 50 14 50 0 50 4 
303 51 2.5 51 0 51 0 51 1 51 3 51 4 51 3 51 3 51 3 51 0 51 3 
305 52 2 52 0 52 0 52 1 52 3 52 2 52 3 52 3 52 3 52 0 52 3 
318 53 2.5 53 0 53 0 53 4 53 3 53 2 53 2 53 2 53 3 53 0 53 2 
320 54 4 54 0 54 0 54 4 54 3 54 4 54 2 54 2 54 3 54 0 54 2 
334 55 4.5 55 0 55 0 55 4 55 6 55 4 55 4 55 4 55 3 55 0 55 4 
335 56 3 56 0 56 0 56 4 56 6 56 3 56 4 56 4 56 3 56 0 56 4 
336 57 6 57 0 57 0 57 4 57 6 57 3 57 6 57 4 57 3 57 0 57 4 
349 58 5.6 58 0 58 0 58 6 58 4 58 3 58 6 58 6 58 6 58 0 58 6 
350 59 6 59 0 59 0 59 6 59 4 59 6 59 6 59 6 59 6 59 0 59 6 
351 60 3 60 0 60 0 60 6 60 4 60 6 60 3 60 6 60 6 60 0 60 6 
352 61 4 61 0 61 0 61 6 61 4 61 6 61 3 61 4 61 6 61 0 61 6 
355 62 3.5 62 0 62 0 62 6 62 4 62 6 62 3 62 4 62 4 62 0 62 3 
363 63 5 63 0 63 0 63 5 63 4 63 6 63 3 63 4 63 4 63 0 63 3 
378 64 3.75 64 0 64 0 64 0 64 4 64 5 64 5 64 4 64 4 64 0 64 5 
379 65 0 65 0 65 0 65 0 65 0 65 5 65 5 65 4 65 4 65 0 65 5 
440 66 0.2 66 0 66 0 66 0 66 0 66 1 66 0 66 0 66 0 66 0 66 0 
455 67 3 67 0 67 0 67 0 67 0 67 3 67 0 67 0 67 0 67 0 67 0 
460 68 2 68 0 68 0 68 0 68 0 68 3 68 0 68 0 68 0 68 0 68 2 
470 69 4 69 0 69 0 69 0 69 0 69 4 69 0 69 0 69 0 69 0 69 2 
475 70 3 70 0 70 0 70 0 70 0 70 4 70 0 70 0 70 0 70 0 70 3 
490 71 4 71 0 71 0 71 0 71 0 71 4 71 0 71 0 71 0 71 0 71 4 
502 72 2 72 0 72 0 72 0 72 0 72 4 72 0 72 2 72 0 72 0 72 4 
515 73 3 73 0 73 0 73 0 73 0 73 3 73 0 73 2 73 0 73 0 73 4 
517 74 4 74 0 74 0 74 0 74 0 74 3 74 0 74 4 74 0 74 0 74 4 
520 75 43 75 0 75 0 75 0 75 0 75 3 75 0 75 4 75 0 75 0 75 43 
530 76 4 76 0 76 0 76 0 76 0 76 4 76 0 76 4 76 0 76 0 76 43 
535 77 2 77 0 77 0 77 0 77 0 77 4 77 0 77 4 77 0 77 0 77 2 
542 78 6 78 0 78 6 78 0 78 0 78 4 78 0 78 4 78 0 78 0 78 2 
547 79 3 79 0 79 6 79 0 79 0 79 4 79 0 79 3 79 0 79 0 79 2 
550 80 0 80 0 80 6 80 0 80 0 80 4 80 0 80 3 80 0 80 0 80 0 
557 81 4 81 0 81 4 81 0 81 0 81 4 81 0 81 3 81 0 81 0 81 0 
560 82 0 82 0 82 4 82 0 82 0 82 0 82 0 82 3 82 0 82 0 82 0 
562 83 -16 83 0 83 4 83 0 83 0 83 0 83 0 83 -16 83 0 83 0 83 0 
572 84 16 84 0 84 16 84 0 84 0 84 0 84 0 84 -16 84 0 84 0 84 0 
576 85 2 85 0 85 16 85 0 85 0 85 0 85 2 85 -16 85 0 85 0 85 0 
577 86 -12 86 0 86 16 86 0 86 0 86 0 86 2 86 -12 86 0 86 0 86 0 
587 87 12 87 0 87 12 87 0 87 0 87 0 87 2 87 -12 87 0 87 0 87 0 
591 88 3 88 0 88 12 88 0 88 0 88 0 88 3 88 -12 88 0 88 0 88 0 
592 89 -17 89 0 89 12 89 0 89 0 89 0 89 3 89 -17 89 0 89 0 89 0 
602 90 8 90 0 90 8 90 0 90 0 90 0 90 3 90 -17 90 0 90 0 90 0 
606 91 14 91 0 91 8 91 0 91 0 91 0 91 14 91 -17 91 0 91 0 91 0 
607 92 -11 92 0 92 8 92 0 92 0 92 0 92 14 92 -11 92 0 92 0 92 0 
621 93 4 93 0 93 8 93 0 93 0 93 0 93 4 93 -11 93 0 93 0 93 0 
622 94 -4 94 0 94 8 94 0 94 0 94 0 94 4 94 -4 94 0 94 0 94 0 
632 95 12 95 0 95 12 95 0 95 0 95 0 95 4 95 -4 95 0 95 0 95 0 
647 96 1 96 0 96 1 96 0 96 0 96 0 96 4 96 -4 96 0 96 0 96 0 
651 97 3 97 0 97 1 97 0 97 0 97 0 97 3 97 -4 97 0 97 0 97 0 
662 98 4 98 0 98 4 98 0 98 0 98 0 98 3 98 -4 98 0 98 0 98 0 
667 99 -1 99 0 99 4 99 0 99 0 99 0 99 4 99 -6 99 0 99 0 99 0 
678 100 4 100 0 100 4 100 4 100 0 100 0 100 4 100 -6 100 0 100 0 100 0 
681 101 2 101 0 101 4 101 4 101 0 101 0 101 2 101 -6 101 0 101 0 101 0 
682 102 -4 102 0 102 4 102 4 102 0 102 0 102 2 102 -4 102 0 102 0 102 0 
692 103 6 103 0 103 6 103 4 103 0 103 0 103 2 103 -4 103 0 103 0 103 0 
696 104 0 104 0 104 6 104 4 104 0 104 0 104 0 104 -4 104 0 104 0 104 0 
697 105 -7 105 0 105 6 105 4 105 0 105 0 105 0 105 -7 105 0 105 0 105 0 
707 106 5 106 0 106 5 106 4 106 0 106 0 106 0 106 -7 106 0 106 0 106 0 
712 107 -3 107 0 107 5 107 4 107 0 107 0 107 0 107 -3 107 0 107 0 107 0 
722 108 0 108 0 108 0 108 4 108 0 108 0 108 0 108 -3 108 0 108 0 108 0 
723 109 3 109 0 109 0 109 3 109 0 109 0 109 0 109 -3 109 0 109 0 109 0 
727 110 -6 110 0 110 0 110 3 110 0 110 0 110 0 110 -6 110 0 110 0 110 0 
737 111 14 111 0 111 14 111 3 111 0 111 0 111 0 111 -6 111 0 111 0 111 0 
738 112 4 112 0 112 14 112 4 112 0 112 0 112 0 112 -6 112 0 112 0 112 0 
742 113 -4 113 0 113 14 113 4 113 0 113 0 113 0 113 -4 113 0 113 0 113 0 
752 114 4 114 0 114 4 114 4 114 0 114 0 114 0 114 -4 114 0 114 0 114 0 
757 115 -7 115 0 115 4 115 4 115 0 115 0 115 0 115 -7 115 0 115 0 115 0 
767 116 5 116 0 116 5 116 4 116 0 116 0 116 0 116 -7 116 0 116 0 116 0 
768 117 1 117 0 117 5 117 1 117 0 117 0 117 0 117 -7 117 0 117 0 117 0 
772 118 -4 118 0 118 5 118 1 118 0 118 0 118 0 118 -4 118 0 118 0 118 0 
782 119 4 119 0 119 4 119 1 119 0 119 0 119 0 119 -4 119 0 119 0 119 0 
783 120 0 120 0 120 4 120 0 120 0 120 0 120 0 120 -4 120 0 120 0 120 0 
797 121 1.5 121 0 121 3 121 0 121 0 121 0 121 0 121 0 121 0 121 0 121 0 
812 122 0 122 0 122 0 122 0 122 0 122 0 122 0 122 0 122 0 122 0 122 0 
863 123 2 123 0 123 0 123 0 123 0 123 0 123 0 123 0 123 2 123 0 123 0 
878 124 19 124 0 124 0 124 0 124 0 124 0 124 0 124 0 124 19 124 0 124 0 
893 125 4 125 0 125 0 125 0 125 0 125 0 125 0 125 0 125 4 125 0 125 0 
908 126 1 126 0 126 0 126 0 126 0 126 0 126 0 126 0 126 1 126 0 126 0 
923 127 0 127 0 127 0 127 0 127 0 127 0 127 0 127 0 127 0 127 0 127 0 
1082 128 3 128 0 128 3 128 0 128 0 128 0 128 0 128 0 128 0 128 0 128 0 
1097 129 14 129 0 129 14 129 0 129 0 129 0 129 0 129 0 129 0 129 0 129 0 
1112 130 4 130 0 130 4 130 0 130 0 130 0 130 0 130 0 130 0 130 0 130 0 
1127 131 13 131 0 131 13 131 0 131 0 131 0 131 0 131 0 131 0 131 0 131 0 
1142 132 4 132 0 132 4 132 0 132 0 132 0 132 0 132 0 132 0 132 0 132 0 
1157 133 1 133 0 133 1 133 0 133 0 133 0 133 0 133 0 133 0 133 0 133 0 
1172 134 0 134 0 134 0 134 0 134 0 134 0 134 0 134 0 134 0 134 0 134 0 
1192 135 7 135 0 135 0 135 0 135 0 135 0 135 0 135 7 135 0 135 0 135 0 
1207 136 3 136 0 136 0 136 0 136 0 136 0 136 0 136 3 136 0 136 0 136 0 
1222 137 16 137 0 137 0 137 0 137 0 137 0 137 0 137 16 137 0 137 0 137 0 
1237 138 2 138 0 138 0 138 0 138 0 138 0 138 0 138 2 138 0 138 0 138 0 
1252 139 9 139 0 139 0 139 0 139 0 139 0 139 0 139 9 139 0 139 0 139 0 
1267 140 7 140 0 140 0 140 0 140 0 140 0 140 0 140 7 140 0 140 0 140 0 
1282 141 12 141 0 141 0 141 0 141 0 141 0 141 0 141 12 141 0 141 0 141 0 
1291 142 1 142 1 142 0 142 0 142 0 142 0 142 0 142 12 142 0 142 0 142 0 
1297 143 2 143 1 143 0 143 0 143 0 143 0 143 0 143 2 143 0 143 0 143 0 
1306 144 4 144 4 144 0 144 0 144 0 144 0 144 0 144 2 144 0 144 0 144 0 
1327 145 3 145 4 145 0 145 0 145 0 145 0 145 0 145 3 145 0 145 0 145 0 
1342 146 6 146 4 146 0 146 0 146 0 146 0 146 0 146 6 146 0 146 0 146 0 
1351 147 3 147 3 147 0 147 0 147 0 147 0 147 0 147 6 147 0 147 0 147 0 
1357 148 5 148 3 148 0 148 0 148 0 148 0 148 0 148 5 148 0 148 0 148 0 
1366 149 4 149 4 149 0 149 0 149 0 149 0 149 0 149 5 149 0 149 0 149 0 
1372 150 1 150 4 150 0 150 0 150 0 150 0 150 0 150 1 150 0 150 0 150 0 
1387 151 3 151 4 151 0 151 0 151 0 151 0 151 0 151 3 151 0 151 0 151 0 
1396 152 14 152 14 152 0 152 0 152 0 152 0 152 0 152 3 152 0 152 0 152 0 
1411 153 8.5 153 3 153 0 153 0 153 0 153 0 153 0 153 14 153 0 153 0 153 0 
1417 154 6 154 3 154 0 154 0 154 0 154 0 154 0 154 6 154 0 154 0 154 0 
1426 155 4 155 4 155 0 155 0 155 0 155 0 155 0 155 6 155 0 155 0 155 0 
1435 156 2 156 4 156 0 156 0 156 0 156 0 156 0 156 6 156 0 156 0 156 2 
1447 157 0 157 4 157 0 157 0 157 0 157 0 157 0 157 0 157 0 157 0 157 2 
1450 158 4 158 4 158 0 158 0 158 0 158 0 158 0 158 0 158 0 158 0 158 4 
1465 159 15 159 4 159 0 159 0 159 0 159 0 159 0 159 0 159 0 159 0 159 15 
1471 160 3 160 3 160 0 160 0 160 0 160 0 160 0 160 0 160 0 160 0 160 15 
1480 161 4 161 3 161 0 161 0 161 0 161 0 161 0 161 0 161 0 161 0 161 4 
1495 162 3.5 162 4 162 0 162 0 162 0 162 0 162 0 162 0 162 0 162 0 162 3 
1510 163 4 163 4 163 0 163 0 163 0 163 0 163 0 163 0 163 0 163 0 163 4 
1516 164 0 164 0 164 0 164 0 164 0 164 0 164 0 164 0 164 0 164 0 164 4 
1525 165 3 165 0 165 0 165 0 165 0 165 0 165 0 165 0 165 0 165 0 165 3 
1540 166 0 166 0 166 0 166 0 166 0 166 0 166 0 166 0 166 0 166 0 166 0 
1881 167 14 167 0 167 0 167 0 167 0 167 0 167 14 167 0 167 0 167 0 167 0 
1896 168 4 168 0 168 0 168 0 168 0 168 0 168 4 168 0 168 0 168 0 168 0 
1911 169 3 169 0 169 0 169 0 169 0 169 0 169 3 169 0 169 0 169 0 169 0 
1926 170 4 170 0 170 0 170 0 170 0 170 0 170 4 170 0 170 0 170 0 170 0 
1941 171 15 171 0 171 0 171 0 171 0 171 0 171 15 171 0 171 0 171 0 171 0 
1956 172 1 172 0 172 0 172 0 172 0 172 0 172 1 172 0 172 0 172 0 172 0 
1971 173 0 173 0 173 0 173 0 173 0 173 0 173 0 173 0 173 0 173 0 173 0 
2075 174 1 174 0 174 0 174 0 174 0 174 1 174 0 174 0 174 0 174 0 174 0 
2090 175 4 175 0 175 0 175 0 175 0 175 4 175 0 175 0 175 0 175 0 175 0 
2104 176 24 176 0 176 0 176 0 176 24 176 4 176 0 176 0 176 0 176 0 176 0 
2105 177 15 177 0 177 0 177 0 177 24 177 15 177 0 177 0 177 0 177 0 177 0 
2119 178 3 178 0 178 0 178 0 178 3 178 15 178 0 178 0 178 0 178 0 178 0 
2120 179 14 179 0 179 0 179 0 179 3 179 14 179 0 179 0 179 0 179 0 179 0 
2134 180 4 180 0 180 0 180 0 180 4 180 14 180 0 180 0 180 0 180 0 180 0 
2135 181 3 181 0 181 0 181 0 181 4 181 3 181 0 181 0 181 0 181 0 181 0 
2136 182 2 182 0 182 0 182 0 182 4 182 3 182 2 182 0 182 0 182 0 182 0 
2150 183 4 183 0 183 0 183 0 183 4 183 4 183 2 183 0 183 0 183 0 183 0 
2151 184 3 184 0 184 0 184 0 184 4 184 4 184 3 184 0 184 0 184 0 184 0 
2166 185 4 185 0 185 0 185 0 185 4 185 4 185 4 185 0 185 0 185 0 185 0 
2179 186 3 186 0 186 0 186 0 186 3 186 4 186 4 186 0 186 0 186 0 186 0 
2180 187 2 187 0 187 0 187 0 187 3 187 2 187 4 187 0 187 0 187 0 187 0 
2181 188 19 188 0 188 0 188 0 188 3 188 2 188 19 188 0 188 0 188 0 188 0 
2194 189 1 189 0 189 0 189 0 189 1 189 2 189 19 189 0 189 0 189 0 189 0 
2195 190 0 190 0 190 0 190 0 190 1 190 0 190 19 190 0 190 0 190 0 190 0 
2196 191 4 191 0 191 0 191 0 191 1 191 0 191 4 191 0 191 0 191 0 191 0 
2209 192 0 192 0 192 0 192 0 192 0 192 0 192 4 192 0 192 0 192 0 192 0 
2211 193 1 193 0 193 0 193 0 193 0 193 0 193 1 193 0 193 0 193 0 193 0 
2225 194 13 194 0 194 0 194 0 194 0 194 13 194 1 194 0 194 0 194 0 194 0 
2226 195 0 195 0 195 0 195 0 195 0 195 13 195 0 195 0 195 0 195 0 195 0 
2240 196 4 196 0 196 0 196 0 196 0 196 4 196 0 196 0 196 0 196 0 196 0 
2255 197 3 197 0 197 0 197 0 197 0 197 3 197 0 197 0 197 0 197 0 197 0 
2270 198 4 198 0 198 0 198 0 198 0 198 4 198 0 198 0 198 0 198 0 198 0 
2315 199 3 199 0 199 0 199 0 199 0 199 3 199 0 199 0 199 0 199 0 199 0 
2345 200 0 200 0 200 0 200 0 200 0 200 0 200 0 200 0 200 0 200 0 200 0 
2707 201 3 201 0 201 0 201 0 201 0 201 0 201 0 201 3 201 0 201 0 201 0 
2722 202 4 202 0 202 0 202 0 202 0 202 0 202 0 202 4 202 0 202 0 202 0 
2767 203 3 203 0 203 0 203 0 203 0 203 0 203 0 203 3 203 0 203 0 203 0 
2782 204 4 204 0 204 0 204 0 204 0 204 0 204 0 204 4 204 0 204 0 204 0 
2827 205 3 205 0 205 0 205 0 205 0 205 0 205 0 205 3 205 0 205 0 205 0 
2842 206 14 206 0 206 0 206 0 206 0 206 0 206 0 206 14 206 0 206 0 206 0 
2857 207 0 207 0 207 0 207 0 207 0 207 0 207 0 207 0 207 0 207 0 207 0 
2995 208 1 208 0 208 0 208 0 208 0 208 0 208 0 208 0 208 0 208 0 208 1 
3010 209 4 209 0 209 0 209 0 209 0 209 0 209 0 209 0 209 0 209 0 209 4 
3025 210 14 210 0 210 0 210 0 210 0 210 0 210 0 210 0 210 0 210 0 210 14 
3040 211 4 211 0 211 0 211 0 211 0 211 0 211 0 211 0 211 0 211 0 211 4 
3055 212 3 212 0 212 0 212 0 212 0 212 0 212 0 212 0 212 0 212 0 212 3 
3070 213 3.5 213 0 213 3 213 0 213 0 213 0 213 0 213 0 213 0 213 0 213 4 
3077 214 4 214 0 214 4 214 0 214 0 214 0 214 0 214 0 214 0 214 0 214 4 
3107 215 3 215 0 215 3 215 0 215 0 215 0 215 0 215 0 215 0 215 0 215 4 
3122 216 29 216 0 216 55 216 0 216 0 216 0 216 0 216 0 216 0 216 0 216 3 
3130 217 4 217 0 217 55 217 0 217 0 217 0 217 0 217 0 217 0 217 0 217 4 
3137 218 2 218 0 218 2 218 0 218 0 218 0 218 0 218 0 218 0 218 0 218 4 
3152 219 0 219 0 219 0 219 0 219 0 219 0 219 0 219 0 219 0 219 0 219 4 
3160 220 14 220 0 220 0 220 0 220 0 220 0 220 0 220 0 220 0 220 0 220 14 
3175 221 3 221 0 221 0 221 0 221 0 221 0 221 0 221 0 221 0 221 0 221 3 
3205 222 0 222 0 222 0 222 0 222 0 222 0 222 0 222 0 222 0 222 0 222 0 
3682 223 2 223 0 223 0 223 0 223 0 223 0 223 0 223 2 223 0 223 0 223 0 
3697 224 4 224 0 224 0 224 0 224 0 224 0 224 0 224 4 224 0 224 0 224 0 
3727 225 3 225 0 225 0 225 0 225 0 225 0 225 0 225 3 225 0 225 0 225 0 
3742 226 4 226 0 226 0 226 0 226 0 226 0 226 0 226 4 226 0 226 0 226 0 
3757 227 15 227 0 227 0 227 0 227 0 227 0 227 0 227 15 227 0 227 0 227 0 
3772 228 4 228 0 228 0 228 0 228 0 228 0 228 0 228 4 228 0 228 0 228 0 
3787 229 0 229 0 229 0 229 0 229 0 229 0 229 0 229 0 229 0 229 0 229 0 
4204 230 1 230 0 230 0 230 0 230 1 230 0 230 0 230 0 230 0 230 0 230 0 
4219 231 2 231 0 231 1 231 0 231 3 231 0 231 0 231 0 231 0 231 0 231 0 
4232 232 4 232 0 232 4 232 0 232 3 232 0 232 0 232 0 232 0 232 0 232 0 
4247 233 3.5 233 0 233 3 233 0 233 4 233 0 233 0 233 0 233 0 233 0 233 0 
4262 234 43 234 0 234 43 234 0 234 4 234 0 234 0 234 0 234 0 234 0 234 0 
4277 235 4 235 0 235 4 235 0 235 4 235 0 235 0 235 0 235 0 235 0 235 0 
4279 236 3 236 0 236 4 236 0 236 3 236 0 236 0 236 0 236 0 236 0 236 0 
4292 237 0 237 0 237 0 237 0 237 3 237 0 237 0 237 0 237 0 237 0 237 0 
4294 238 4 238 0 238 0 238 0 238 4 238 0 238 0 238 0 238 0 238 0 238 0 
4339 239 0 239 0 239 0 239 0 239 0 239 0 239 0 239 0 239 0 239 0 239 0 
4372 240 3 240 0 240 0 240 0 240 0 240 0 240 0 240 3 240 0 240 0 240 0 
4402 241 4 241 0 241 0 241 0 241 0 241 0 241 0 241 4 241 0 241 0 241 0 
4447 242 14 242 0 242 0 242 0 242 0 242 0 242 0 242 14 242 0 242 0 242 0 
4477 243 0 243 0 243 0 243 0 243 0 243 0 243 0 243 0 243 0 243 0 243 0 
5043 244 3 244 0 244 0 244 3 244 0 244 0 244 0 244 0 244 0 244 0 244 0 
5058 245 83 245 0 245 0 245 83 245 0 245 0 245 0 245 0 245 0 245 0 245 0 
5073 246 4 246 0 246 0 246 4 246 0 246 0 246 0 246 0 246 0 246 0 246 0 
5103 247 3 247 0 247 0 247 3 247 0 247 0 247 0 247 0 247 0 247 0 247 0 
5118 248 0 248 0 248 0 248 0 248 0 248 0 248 0 248 0 248 0 248 0 248 0 
5963 249 3 249 0 249 0 249 0 249 0 249 0 249 0 249 0 249 3 249 0 249 0 
5978 250 4 250 0 250 0 250 0 250 0 250 0 250 0 250 0 250 4 250 0 250 0 
6023 251 3 251 0 251 0 251 0 251 0 251 0 251 0 251 0 251 3 251 0 251 0 
6038 252 4 252 0 252 0 252 0 252 0 252 0 252 0 252 0 252 4 252 0 252 0 
6053 253 14 253 0 253 0 253 0 253 0 253 0 253 0 253 0 253 14 253 0 253 0 
6068 254 15 254 0 254 0 254 0 254 0 254 0 254 0 254 0 254 15 254 0 254 0 
6083 255 3 255 0 255 0 255 0 255 0 255 0 255 0 255 0 255 3 255 0 255 0 
6098 256 1 256 0 256 0 256 0 256 0 256 0 256 0 256 0 256 1 256 0 256 0 
6113 257 0 257 0 257 0 257 0 257 0 257 0 257 0 257 0 257 0 257 0 257 0 
6158 258 3 258 0 258 0 258 0 258 0 258 0 258 0 258 0 258 3 258 0 258 0 
6173 259 4 259 0 259 0 259 0 259 0 259 0 259 0 259 0 259 4 259 0 259 0 
6188 260 1 260 0 260 0 260 0 260 0 260 0 260 0 260 0 260 1 260 0 260 0 
6203 261 0 261 0 261 0 261 0 261 0 261 0 261 0 261 0 261 0 261 0 261 0 
6243 262 2 262 0 262 0 262 2 262 0 262 0 262 0 262 0 262 0 262 0 262 0 
6258 263 4 263 0 263 0 263 4 263 0 263 0 263 0 263 0 263 0 263 0 263 0 
6303 264 26 264 0 264 0 264 26 264 0 264 0 264 0 264 0 264 0 264 0 264 0 
6318 265 4 265 0 265 0 265 4 265 0 265 0 265 0 265 0 265 0 265 0 265 0 
6333 266 3 266 0 266 0 266 3 266 0 266 0 266 0 266 0 266 0 266 0 266 0 
6348 267 0 267 0 267 0 267 0 267 0 267 0 267 0 267 0 267 0 267 0 267 0 
7086 268 8 268 0 268 0 268 0 268 0 268 0 268 8 268 0 268 0 268 0 268 0 
7116 269 12 269 0 269 0 269 0 269 0 269 0 269 12 269 0 269 0 269 0 269 0 
7131 270 6 270 0 270 0 270 0 270 0 270 0 270 6 270 0 270 0 270 0 270 0 
7146 271 4 271 0 271 0 271 0 271 0 271 0 271 4 271 0 271 0 271 0 271 0 
7161 272 16 272 0 272 0 272 0 272 0 272 0 272 16 272 0 272 0 272 0 272 0 
7176 273 2 273 0 273 0 273 0 273 0 273 0 273 2 273 0 273 0 273 0 273 0 
7191 274 13 274 0 274 0 274 0 274 0 274 0 274 13 274 0 274 0 274 0 274 0 
7206 275 4 275 0 275 0 275 0 275 0 275 0 275 4 275 0 275 0 275 0 275 0 
7221 276 6 276 0 276 0 276 0 276 0 276 0 276 6 276 0 276 0 276 0 276 0 
7236 277 4 277 0 277 0 277 0 277 0 277 0 277 4 277 0 277 0 277 0 277 0 
7251 278 3 278 0 278 0 278 0 278 0 278 0 278 3 278 0 278 0 278 0 278 0 
7266 279 2 279 0 279 0 279 0 279 0 279 0 279 2 279 0 279 0 279 0 279 0 
7281 280 4 280 0 280 0 280 0 280 0 280 0 280 4 280 0 280 0 280 0 280 0 
7296 281 6 281 0 281 0 281 0 281 0 281 0 281 6 281 0 281 0 281 0 281 0 
7311 282 3 282 0 282 0 282 0 282 0 282 0 282 3 282 0 282 0 282 0 282 0 
7326 283 5 283 0 283 0 283 0 283 0 283 0 283 5 283 0 283 0 283 0 283 0 
7341 284 0 284 0 284 0 284 0 284 0 284 0 284 0 284 0 284 0 284 0 284 0 
8346 285 51 285 0 285 0 285 0 285 0 285 0 285 51 285 0 285 0 285 0 285 0 
8361 286 4 286 0 286 0 286 0 286 0 286 0 286 4 286 0 286 0 286 0 286 0 
8391 287 3 287 0 287 0 287 0 287 0 287 0 287 3 287 0 287 0 287 0 287 0 
8406 288 2 288 0 288 0 288 0 288 0 288 0 288 2 288 0 288 0 288 0 288 0 
8421 289 0 289 0 289 0 289 0 289 0 289 0 289 0 289 0 289 0 289 0 289 0 
10431 290 3 290 0 290 0 290 0 290 0 290 0 290 3 290 0 290 0 290 0 290 0 
10446 291 4 291 0 291 0 291 0 291 0 291 0 291 4 291 0 291 0 291 0 291 0 
10476 292 19 292 0 292 0 292 0 292 0 292 0 292 19 292 0 292 0 292 0 292 0 
10491 293 3 293 0 293 0 293 0 293 0 293 0 293 3 293 0 293 0 293 0 293 0 
10506 294 14 294 0 294 0 294 0 294 0 294 0 294 14 294 0 294 0 294 0 294 0 
10521 295 4 295 0 295 0 295 0 295 0 295 0 295 4 295 0 295 0 295 0 295 0 
10551 296 3 296 0 296 0 296 0 296 0 296 0 296 3 296 0 296 0 296 0 296 0 
10566 297 14 297 0 297 0 297 0 297 0 297 0 297 14 297 0 297 0 297 0 297 0 
10581 298 0 298 0 298 0 298 0 298 0 298 0 298 0 298 0 298 0 298 0 298 0 
10776 299 1 299 0 299 0 299 0 299 0 299 0 299 1 299 0 299 0 299 0 299 0 
10791 300 3 300 0 300 0 300 0 300 0 300 0 300 3 300 0 300 0 300 0 300 0 
10806 301 4 301 0 301 0 301 0 301 0 301 0 301 4 301 0 301 0 301 0 301 0 
10821 302 14 302 0 302 0 302 0 302 0 302 0 302 14 302 0 302 0 302 0 302 0 
10836 303 4 303 0 303 0 303 0 303 0 303 0 303 4 303 0 303 0 303 0 303 0 
10851 304 3 304 0 304 0 304 0 304 0 304 0 304 3 304 0 304 0 304 0 304 0 
10866 305 15 305 0 305 0 305 0 305 0 305 0 305 15 305 0 305 0 305 0 305 0 
10881 306 14 306 0 306 0 306 0 306 0 306 0 306 14 306 0 306 0 306 0 306 0 
10896 307 2 307 0 307 0 307 0 307 0 307 0 307 2 307 0 307 0 307 0 307 0 
10911 308 0 308 0 308 0 308 0 308 0 308 0 308 0 308 0 308 0 308 0 308 0 
15775 309 7 309 0 309 0 309 0 309 0 309 0 309 0 309 0 309 0 309 0 309 7 
15790 310 6 310 0 310 0 310 0 310 0 310 0 310 0 310 0 310 0 310 0 310 6 
15805 311 14 311 0 311 0 311 0 311 0 311 0 311 0 311 0 311 0 311 0 311 14 
15820 312 7 312 0 312 0 312 0 312 0 312 0 312 0 312 0 312 0 312 0 312 7 
15835 313 3 313 0 313 0 313 0 313 0 313 0 313 0 313 0 313 0 313 0 313 3 
15850 314 12 314 0 314 0 314 0 314 0 314 0 314 0 314 0 314 0 314 0 314 12 
15865 315 7 315 0 315 0 315 0 315 0 315 0 315 0 315 0 315 0 315 0 315 7 
15880 316 3 316 0 316 0 316 0 316 0 316 0 316 0 316 0 316 0 316 0 316 3 
15910 317 6 317 0 317 0 317 0 317 0 317 0 317 0 317 0 317 0 317 0 317 6 
15925 318 4 318 0 318 0 318 0 318 0 318 0 318 0 318 0 318 0 318 0 318 4 
15955 319 1 319 0 319 0 319 0 319 0 319 0 319 0 319 0 319 0 319 0 319 1 
15970 320 14 320 0 320 0 320 0 320 0 320 0 320 0 320 0 320 0 320 0 320 14 
15985 321 4 321 0 321 0 321 0 321 0 321 0 321 0 321 0 321 0 321 0 321 4 
16000 322 16 322 0 322 0 322 0 322 0 322 0 322 0 322 0 322 0 322 0 322 16 
16015 323 5 323 0 323 0 323 0 323 0 323 0 323 0 323 0 323 0 323 0 323 5 
16030 324 0 324 0 324 0 324 0 324 0 324 0 324 0 324 0 324 0 324 0 324 0 
16120 325 3 325 0 325 0 325 0 325 0 325 0 325 0 325 0 325 0 325 0 325 3 
16150 326 4 326 0 326 0 326 0 326 0 326 0 326 0 326 0 326 0 326 0 326 4 
16195 327 3 327 0 327 0 327 0 327 0 327 0 327 0 327 0 327 0 327 0 327 3 
16210 328 4 328 0 328 0 328 0 328 0 328 0 328 0 328 0 328 0 328 0 328 4 
16225 329 0 329 0 329 0 329 0 329 0 329 0 329 0 329 0 329 0 329 0 329 0 
17035 330 3 330 0 330 0 330 0 330 0 330 0 330 0 330 0 330 0 330 0 330 3 
17050 331 4 331 0 331 0 331 0 331 0 331 0 331 0 331 0 331 0 331 0 331 4 
17095 332 3 332 0 332 0 332 0 332 0 332 0 332 0 332 0 332 0 332 0 332 3 
17110 333 4 333 0 333 0 333 0 333 0 333 0 333 0 333 0 333 0 333 0 333 4 
17155 334 1 334 0 334 0 334 0 334 0 334 0 334 0 334 0 334 0 334 0 334 1 
17162 335 8 335 0 335 8 335 0 335 0 335 0 335 0 335 0 335 0 335 0 335 1 
17170 336 0 336 0 336 8 336 0 336 0 336 0 336 0 336 0 336 0 336 0 336 0 
17177 337 18 337 0 337 18 337 0 337 0 337 0 337 0 337 0 337 0 337 0 337 0 
17192 338 12 338 0 338 12 338 0 338 0 338 0 338 0 338 0 338 0 338 0 338 0 
17207 339 6 339 0 339 6 339 0 339 0 339 0 339 0 339 0 339 0 339 0 339 0 
17222 340 4 340 0 340 4 340 0 340 0 340 0 340 0 340 0 340 0 340 0 340 0 
17237 341 16 341 0 341 16 341 0 341 0 341 0 341 0 341 0 341 0 341 0 341 0 
17252 342 2 342 0 342 2 342 0 342 0 342 0 342 0 342 0 342 0 342 0 342 0 
17267 343 3 343 0 343 3 343 0 343 0 343 0 343 0 343 0 343 0 343 0 343 0 
17282 344 4 344 0 344 4 344 0 344 0 344 0 344 0 344 0 344 0 344 0 344 0 
17297 345 6 345 0 345 6 345 0 345 0 345 0 345 0 345 0 345 0 345 0 345 0 
17312 346 4 346 0 346 4 346 0 346 0 346 0 346 0 346 0 346 0 346 0 346 0 
17327 347 3 347 0 347 3 347 0 347 0 347 0 347 0 347 0 347 0 347 0 347 0 
17342 348 2 348 0 348 2 348 0 348 0 348 0 348 0 348 0 348 0 348 0 348 0 
17357 349 4 349 0 349 4 349 0 349 0 349 0 349 0 349 0 349 0 349 0 349 0 
17372 350 6 350 0 350 6 350 0 350 0 350 0 350 0 350 0 350 0 350 0 350 0 
17387 351 3 351 0 351 3 351 0 351 0 351 0 351 0 351 0 351 0 351 0 351 0 
17402 352 5 352 0 352 5 352 0 352 0 352 0 352 0 352 0 352 0 352 0 352 0 
17417 353 0 353 0 353 0 353 0 353 0 353 0 353 0 353 0 353 0 353 0 353 0 
18144 354 9 354 0 354 0 354 0 354 0 354 0 354 0 354 0 354 0 354 9 354 0 
18159 355 7 355 0 355 0 355 0 355 0 355 0 355 0 355 0 355 0 355 7 355 0 
18174 356 12 356 0 356 0 356 0 356 0 356 0 356 0 356 0 356 0 356 12 356 0 
18189 357 7 357 0 357 0 357 0 357 0 357 0 357 0 357 0 357 0 357 7 357 0 
18204 358 6 358 0 358 0 358 0 358 0 358 0 358 0 358 0 358 0 358 6 358 0 
18219 359 13 359 0 359 0 359 0 359 0 359 0 359 0 359 0 359 0 359 13 359 0 
18234 360 2 360 0 360 0 360 0 360 0 360 0 360 0 360 0 360 0 360 2 360 0 
18249 361 4 361 0 361 0 361 0 361 0 361 0 361 0 361 0 361 0 361 4 361 0 
18279 362 5 362 0 362 0 362 0 362 0 362 0 362 0 362 0 362 0 362 5 362 0 
18294 363 4 363 0 363 0 363 0 363 0 363 0 363 0 363 0 363 0 363 4 363 0 
18309 364 3 364 0 364 0 364 0 364 0 364 0 364 0 364 0 364 0 364 3 364 0 
18340 365 2 365 0 365 0 365 0 365 0 365 0 365 0 365 0 365 0 365 3 365 2 
18354 366 6 366 0 366 0 366 0 366 0 366 0 366 0 366 0 366 0 366 6 366 2 
18355 367 3 367 0 367 0 367 0 367 0 367 0 367 0 367 0 367 0 367 6 367 3 
18369 368 4 368 0 368 0 368 0 368 0 368 0 368 0 368 0 368 0 368 4 368 3 
18370 369 35 369 0 369 0 369 0 369 0 369 0 369 0 369 0 369 0 369 4 369 35 
18385 370 4 370 0 370 0 370 0 370 0 370 0 370 0 370 0 370 0 370 4 370 4 
18399 371 0 371 0 371 0 371 0 371 0 371 0 371 0 371 0 371 0 371 0 371 4 
18415 372 13 372 0 372 0 372 0 372 0 372 0 372 0 372 0 372 0 372 0 372 13 
18430 373 2 373 0 373 0 373 0 373 0 373 0 373 0 373 0 373 0 373 0 373 2 
18445 374 0 374 0 374 0 374 0 374 0 374 0 374 0 374 0 374 0 374 0 374 0 
18452 375 4 375 0 375 4 375 0 375 0 375 0 375 0 375 0 375 0 375 0 375 0 
18467 376 3 376 0 376 3 376 0 376 0 376 0 376 0 376 0 376 0 376 0 376 0 
18482 377 4 377 0 377 4 377 0 377 0 377 0 377 0 377 0 377 0 377 0 377 0 
18527 378 3 378 0 378 3 378 0 378 0 378 0 378 0 378 0 378 0 378 0 378 0 
18542 379 4 379 0 379 4 379 0 379 0 379 0 379 0 379 0 379 0 379 0 379 0 
18572 380 0 380 0 380 0 380 0 380 0 380 0 380 0 380 0 380 0 380 0 380 0 
18862 381 7 381 0 381 0 381 0 381 0 381 0 381 0 381 7 381 0 381 0 381 0 
18877 382 6 382 0 382 0 382 0 382 0 382 0 382 0 382 6 382 0 382 0 382 0 
18892 383 14 383 0 383 0 383 0 383 0 383 0 383 0 383 14 383 0 383 0 383 0 
18907 384 1 384 0 384 0 384 0 384 0 384 0 384 0 384 1 384 0 384 0 384 0 
18922 385 9 385 0 385 0 385 0 385 0 385 0 385 0 385 9 385 0 385 0 385 0 
18937 386 12 386 0 386 0 386 0 386 0 386 0 386 0 386 12 386 0 386 0 386 0 
18952 387 7 387 0 387 0 387 0 387 0 387 0 387 0 387 7 387 0 387 0 387 0 
18967 388 2 388 0 388 0 388 0 388 0 388 0 388 0 388 2 388 0 388 0 388 0 
18982 389 4 389 0 389 0 389 0 389 0 389 0 389 0 389 4 389 0 389 0 389 0 
18997 390 6 390 0 390 0 390 0 390 0 390 0 390 0 390 6 390 0 390 0 390 0 
19012 391 4 391 0 391 0 391 0 391 0 391 0 391 0 391 4 391 0 391 0 391 0 
19042 392 1 392 0 392 0 392 0 392 0 392 0 392 0 392 1 392 0 392 0 392 0 
19057 393 4 393 0 393 0 393 0 393 0 393 0 393 0 393 4 393 0 393 0 393 0 
19087 394 5 394 0 394 0 394 0 394 0 394 0 394 0 394 5 394 0 394 0 394 0 
19102 395 6 395 0 395 0 395 0 395 0 395 0 395 0 395 6 395 0 395 0 395 0 
19117 396 0 396 0 396 0 396 0 396 0 396 0 396 0 396 0 396 0 396 0 396 0 
19313 397 9 397 0 397 0 397 0 397 0 397 0 397 0 397 0 397 9 397 0 397 0 
19328 398 12 398 0 398 0 398 0 398 0 398 0 398 0 398 0 398 12 398 0 398 0 
19343 399 7 399 0 399 0 399 0 399 0 399 0 399 0 399 0 399 7 399 0 399 0 
19358 400 0 400 0 400 0 400 0 400 0 400 0 400 0 400 0 400 0 400 0 400 0 
19373 401 7 401 0 401 0 401 0 401 0 401 0 401 0 401 0 401 7 401 0 401 0 
19388 402 6 402 0 402 0 402 0 402 0 402 0 402 0 402 0 402 6 402 0 402 0 
19403 403 13 403 0 403 0 403 0 403 0 403 0 403 0 403 0 403 13 403 0 403 0 
19418 404 12 404 0 404 0 404 0 404 0 404 0 404 0 404 0 404 12 404 0 404 0 
19433 405 4 405 0 405 0 405 0 405 0 405 0 405 0 405 0 405 4 405 0 405 0 
19463 406 5 406 0 406 0 406 0 406 0 406 0 406 0 406 0 406 5 406 0 406 0 
19478 407 4 407 0 407 0 407 0 407 0 407 0 407 0 407 0 407 4 407 0 407 0 
19493 408 3 408 0 408 0 408 0 408 0 408 0 408 0 408 0 408 3 408 0 408 0 
19538 409 6 409 0 409 0 409 0 409 0 409 0 409 0 409 0 409 6 409 0 409 0 
19553 410 4 410 0 410 0 410 0 410 0 410 0 410 0 410 0 410 4 410 0 410 0 
19583 411 0 411 0 411 0 411 0 411 0 411 0 411 0 411 0 411 0 411 0 411 0 
19912 412 1 412 0 412 0 412 0 412 0 412 0 412 0 412 1 412 0 412 0 412 0 
19927 413 3 413 0 413 0 413 0 413 0 413 0 413 0 413 3 413 0 413 0 413 0 
19942 414 15 414 0 414 0 414 0 414 0 414 0 414 0 414 15 414 0 414 0 414 0 
19957 415 4 415 0 415 0 415 0 415 0 415 0 415 0 415 4 415 0 415 0 415 0 
19972 416 14 416 0 416 0 416 0 416 0 416 0 416 0 416 14 416 0 416 0 416 0 
19987 417 2 417 0 417 0 417 0 417 0 417 0 417 0 417 2 417 0 417 0 417 0 
20002 418 0 418 0 418 0 418 0 418 0 418 0 418 0 418 0 418 0 418 0 418 0 
20702 419 2 419 0 419 2 419 0 419 0 419 0 419 0 419 0 419 0 419 0 419 0 
20717 420 4 420 0 420 4 420 0 420 0 420 0 420 0 420 0 420 0 420 0 420 0 
20732 421 71 421 0 421 71 421 0 421 0 421 0 421 0 421 0 421 0 421 0 421 0 
20747 422 13 422 0 422 13 422 0 422 0 422 0 422 0 422 0 422 0 422 0 422 0 
20762 423 4 423 0 423 4 423 0 423 0 423 0 423 0 423 0 423 0 423 0 423 0 
20777 424 2 424 0 424 2 424 0 424 0 424 0 424 0 424 0 424 0 424 0 424 0 
20792 425 0 425 0 425 0 425 0 425 0 425 0 425 0 425 0 425 0 425 0 425 0 
21094 426 -17 426 0 426 0 426 0 426 -17 426 0 426 0 426 0 426 0 426 0 426 0 
21124 427 -20 427 0 427 0 427 0 427 -20 427 0 427 0 427 0 427 0 427 0 427 0 
21129 428 11 428 0 428 0 428 0 428 -20 428 0 428 0 428 0 428 0 428 11 428 0 
21139 429 -14 429 0 429 0 429 0 429 -14 429 0 429 0 429 0 429 0 429 11 429 0 
21144 430 4 430 0 430 0 430 0 430 -14 430 0 430 0 430 0 430 0 430 4 430 0 
21154 431 -4 431 0 431 0 431 0 431 -4 431 0 431 0 431 0 431 0 431 4 431 0 
21159 432 3 432 0 432 0 432 0 432 -4 432 0 432 0 432 0 432 0 432 3 432 0 
21174 433 4 433 0 433 0 433 0 433 -4 433 0 433 0 433 0 433 0 433 4 433 0 
21199 434 -3 434 0 434 0 434 0 434 -3 434 0 434 0 434 0 434 0 434 4 434 0 
21201 435 9 435 0 435 0 435 0 435 -3 435 0 435 9 435 0 435 0 435 4 435 0 
21214 436 -4 436 0 436 0 436 0 436 -4 436 0 436 9 436 0 436 0 436 4 436 0 
21216 437 12 437 0 437 0 437 0 437 -4 437 0 437 12 437 0 437 0 437 4 437 0 
21219 438 18 438 0 438 0 438 0 438 -4 438 0 438 12 438 0 438 0 438 18 438 0 
21229 439 -7 439 0 439 0 439 0 439 -7 439 0 439 12 439 0 439 0 439 18 439 0 
21231 440 7 440 0 440 0 440 0 440 -7 440 0 440 7 440 0 440 0 440 18 440 0 
21234 441 4 441 0 441 0 441 0 441 -7 441 0 441 7 441 0 441 0 441 4 441 0 
21244 442 -4 442 0 442 0 442 0 442 -4 442 0 442 7 442 0 442 0 442 4 442 0 
21259 443 -6 443 0 443 0 443 0 443 -6 443 0 443 7 443 0 443 0 443 4 443 0 
21261 444 6 444 0 444 0 444 0 444 -6 444 0 444 6 444 0 444 0 444 4 444 0 
21274 445 -4 445 0 445 0 445 0 445 -4 445 0 445 6 445 0 445 0 445 4 445 0 
21276 446 14 446 0 446 0 446 0 446 -4 446 0 446 14 446 0 446 0 446 4 446 0 
21279 447 1 447 0 447 0 447 0 447 -4 447 0 447 14 447 0 447 0 447 1 447 0 
21306 448 4 448 0 448 0 448 0 448 -4 448 0 448 4 448 0 448 0 448 1 448 0 
21319 449 0.5 449 0 449 0 449 0 449 -3 449 0 449 4 449 0 449 0 449 4 449 0 
21321 450 14 450 0 450 0 450 0 450 -3 450 0 450 14 450 0 450 0 450 4 450 0 
21334 451 -4 451 0 451 0 451 0 451 -4 451 0 451 14 451 0 451 0 451 4 451 0 
21336 452 6 452 0 452 0 452 0 452 -4 452 0 452 6 452 0 452 0 452 4 452 0 
21339 453 3 453 0 453 0 453 0 453 -4 453 0 453 6 453 0 453 0 453 3 453 0 
21354 454 2.5 454 0 454 0 454 0 454 -4 454 0 454 3 454 0 454 0 454 2 454 0 
21369 455 1 455 0 455 0 455 0 455 -4 455 0 455 3 455 0 455 0 455 1 455 0 
21379 456 -3 456 0 456 0 456 0 456 -3 456 0 456 3 456 0 456 0 456 1 456 0 
21384 457 4 457 0 457 0 457 0 457 -3 457 0 457 3 457 0 457 0 457 4 457 0 
21394 458 -4 458 0 458 0 458 0 458 -4 458 0 458 3 458 0 458 0 458 4 458 0 
21396 459 4 459 0 459 0 459 0 459 -4 459 0 459 4 459 0 459 0 459 4 459 0 
21399 460 3 460 0 460 0 460 0 460 -4 460 0 460 4 460 0 460 0 460 3 460 0 
21409 461 -7 461 0 461 0 461 0 461 -7 461 0 461 4 461 0 461 0 461 3 461 0 
21411 462 5 462 0 462 0 462 0 462 -7 462 0 462 5 462 0 462 0 462 3 462 0 
21414 463 4 463 0 463 0 463 0 463 -7 463 0 463 5 463 0 463 0 463 4 463 0 
21424 464 -4 464 0 464 0 464 0 464 -4 464 0 464 5 464 0 464 0 464 4 464 0 
21426 465 4 465 0 465 0 465 0 465 -4 465 0 465 4 465 0 465 0 465 4 465 0 
21439 466 -6 466 0 466 0 466 0 466 -6 466 0 466 4 466 0 466 0 466 4 466 0 
21454 467 -4 467 0 467 0 467 0 467 -4 467 0 467 4 467 0 467 0 467 4 467 0 
21456 468 0 468 0 468 0 468 0 468 -4 468 0 468 0 468 0 468 0 468 4 468 0 
21459 469 3 469 0 469 0 469 0 469 -4 469 0 469 0 469 0 469 0 469 3 469 0 
21469 470 -1 470 0 470 0 470 0 470 -1 470 0 470 0 470 0 470 0 470 3 470 0 
21474 471 0 471 0 471 0 471 0 471 -1 471 0 471 0 471 0 471 0 471 0 471 0 
21693 472 6 472 0 472 0 472 12 472 0 472 0 472 0 472 0 472 0 472 0 472 0 
21723 473 9 473 0 473 0 473 9 473 0 473 0 473 0 473 0 473 0 473 0 473 0 
21738 474 1 474 0 474 0 474 1 474 0 474 0 474 0 474 0 474 0 474 0 474 0 
21753 475 0 475 0 475 0 475 0 475 0 475 0 475 0 475 0 475 0 475 0 475 0 
21921 476 3 476 0 476 0 476 0 476 0 476 0 476 3 476 0 476 0 476 0 476 0 
21936 477 4 477 0 477 0 477 0 477 0 477 0 477 4 477 0 477 0 477 0 477 0 
21951 478 3 478 0 478 0 478 0 478 0 478 0 478 3 478 0 478 0 478 0 478 0 
21966 479 4 479 0 479 0 479 0 479 0 479 0 479 4 479 0 479 0 479 0 479 0 
21981 480 2 480 0 480 0 480 0 480 0 480 0 480 2 480 0 480 0 480 0 480 0 
21996 481 0 481 0 481 0 481 0 481 0 481 0 481 0 481 0 481 0 481 0 481 0 
22161 482 2 482 0 482 0 482 0 482 0 482 0 482 2 482 0 482 0 482 0 482 0 
22176 483 4 483 0 483 0 483 0 483 0 483 0 483 4 483 0 483 0 483 0 483 0 
22191 484 3 484 0 484 0 484 0 484 0 484 0 484 3 484 0 484 0 484 0 484 0 
22206 485 4 485 0 485 0 485 0 485 0 485 0 485 4 485 0 485 0 485 0 485 0 
22236 486 13 486 0 486 0 486 0 486 0 486 0 486 13 486 0 486 0 486 0 486 0 
22251 487 0 487 0 487 0 487 0 487 0 487 0 487 0 487 0 487 0 487 0 487 0 
22476 488 1 488 0 488 0 488 0 488 0 488 0 488 1 488 0 488 0 488 0 488 0 
22491 489 3 489 0 489 0 489 0 489 0 489 0 489 3 489 0 489 0 489 0 489 0 
22506 490 4 490 0 490 0 490 0 490 0 490 0 490 4 490 0 490 0 490 0 490 0 
22551 491 0 491 0 491 0 491 0 491 0 491 0 491 0 491 0 491 0 491 0 491 0 
22744 492 6 492 0 492 0 492 0 492 6 492 0 492 0 492 0 492 0 492 0 492 0 
22759 493 3 493 0 493 0 493 0 493 3 493 0 493 0 493 0 493 0 493 0 493 0 
22774 494 12 494 0 494 0 494 0 494 12 494 0 494 0 494 0 494 0 494 0 494 0 
22789 495 7 495 0 495 0 495 0 495 7 495 0 495 0 495 0 495 0 495 0 495 0 
22804 496 8 496 0 496 0 496 0 496 8 496 0 496 0 496 0 496 0 496 0 496 0 
22819 497 5 497 0 497 0 497 0 497 5 497 0 497 0 497 0 497 0 497 0 497 0 
22834 498 14 498 0 498 0 498 0 498 14 498 0 498 0 498 0 498 0 498 0 498 0 
22849 499 2 499 0 499 0 499 0 499 2 499 0 499 0 499 0 499 0 499 0 499 0 
22864 500 4 500 0 500 0 500 0 500 4 500 0 500 0 500 0 500 0 500 0 500 0 
22879 501 3 501 0 501 0 501 0 501 3 501 0 501 0 501 0 501 0 501 0 501 0 
22894 502 6 502 0 502 0 502 0 502 6 502 0 502 0 502 0 502 0 502 0 502 0 
22924 503 0 503 0 503 0 503 0 503 0 503 0 503 0 503 0 503 0 503 0 503 0 
22939 504 3 504 0 504 0 504 0 504 3 504 0 504 0 504 0 504 0 504 0 504 0 
22954 505 4 505 0 505 0 505 0 505 4 505 0 505 0 505 0 505 0 505 0 505 0 
22969 506 6 506 0 506 0 506 0 506 6 506 0 506 0 506 0 506 0 506 0 506 0 
22984 507 4 507 0 507 0 507 0 507 4 507 0 507 0 507 0 507 0 507 0 507 0 
22999 508 3 508 0 508 0 508 0 508 3 508 0 508 0 508 0 508 0 508 0 508 0 
23014 509 0 509 0 509 0 509 0 509 0 509 0 509 0 509 0 509 0 509 0 509 0 
23305 510 6 510 0 510 0 510 0 510 0 510 0 510 0 510 0 510 0 510 0 510 6 
23320 511 4 511 0 511 0 511 0 511 0 511 0 511 0 511 0 511 0 511 0 511 4 
23335 512 11 512 0 512 0 512 0 512 0 512 0 512 0 512 0 512 0 512 0 512 11 
23350 513 7 513 0 513 0 513 0 513 0 513 0 513 0 513 0 513 0 513 0 513 7 
23365 514 8 514 0 514 0 514 0 514 0 514 0 514 0 514 0 514 0 514 0 514 8 
23395 515 11 515 0 515 0 515 0 515 0 515 0 515 0 515 0 515 0 515 0 515 11 
23410 516 2 516 0 516 0 516 0 516 0 516 0 516 0 516 0 516 0 516 0 516 2 
23425 517 4 517 0 517 0 517 0 517 0 517 0 517 0 517 0 517 0 517 0 517 4 
23455 518 5 518 0 518 0 518 0 518 0 518 0 518 0 518 0 518 0 518 0 518 5 
23470 519 6 519 0 519 0 519 0 519 0 519 0 519 0 519 0 519 0 519 0 519 6 
23485 520 0 520 0 520 0 520 0 520 0 520 0 520 0 520 0 520 0 520 0 520 0 
23500 521 4 521 0 521 0 521 0 521 0 521 0 521 0 521 0 521 0 521 0 521 4 
23515 522 3 522 0 522 0 522 0 522 0 522 0 522 0 522 0 522 0 522 0 522 3 
23530 523 6 523 0 523 0 523 0 523 0 523 0 523 0 523 0 523 0 523 0 523 6 
23545 524 4 524 0 524 0 524 0 524 0 524 0 524 0 524 0 524 0 524 0 524 4 
23560 525 3.5 525 0 525 0 525 0 525 0 525 0 525 0 525 0 525 4 525 0 525 3 
23573 526 15 526 0 526 0 526 0 526 0 526 0 526 0 526 0 526 15 526 0 526 3 
23575 527 0 527 0 527 0 527 0 527 0 527 0 527 0 527 0 527 15 527 0 527 0 
23588 528 4 528 0 528 0 528 0 528 0 528 0 528 0 528 0 528 4 528 0 528 0 
23603 529 3 529 0 529 0 529 0 529 0 529 0 529 0 529 0 529 3 529 0 529 0 
23618 530 4 530 0 530 0 530 0 530 0 530 0 530 0 530 0 530 4 530 0 530 0 
23663 531 3 531 0 531 0 531 0 531 0 531 0 531 0 531 0 531 3 531 0 531 0 
23678 532 1 532 0 532 0 532 0 532 0 532 0 532 0 532 0 532 1 532 0 532 0 
23693 533 0 533 0 533 0 533 0 533 0 533 0 533 0 533 0 533 0 533 0 533 0 
23708 534 3 534 0 534 0 534 0 534 0 534 0 534 0 534 0 534 3 534 0 534 0 
23738 535 14 535 0 535 0 535 0 535 0 535 0 535 0 535 0 535 14 535 0 535 0 
23753 536 4 536 0 536 0 536 0 536 0 536 0 536 0 536 0 536 4 536 0 536 0 
23783 537 13 537 0 537 0 537 0 537 0 537 0 537 0 537 0 537 13 537 0 537 0 
23798 538 4 538 0 538 0 538 0 538 0 538 0 538 0 538 0 538 4 538 0 538 0 
23813 539 2 539 0 539 0 539 0 539 0 539 0 539 0 539 0 539 2 539 0 539 0 
23828 540 0 540 0 540 0 540 0 540 0 540 0 540 0 540 0 540 0 540 0 540 0 
24023 541 1 541 0 541 0 541 0 541 0 541 0 541 0 541 0 541 1 541 0 541 0 
24038 542 4 542 0 542 0 542 0 542 0 542 0 542 0 542 0 542 4 542 0 542 0 
24083 543 3 543 0 543 0 543 0 543 0 543 0 543 0 543 0 543 3 543 0 543 0 
24098 544 14 544 0 544 0 544 0 544 0 544 0 544 0 544 0 544 14 544 0 544 0 
24113 545 4 545 0 545 0 545 0 545 0 545 0 545 0 545 0 545 4 545 0 545 0 
24128 546 3 546 0 546 0 546 0 546 0 546 0 546 0 546 0 546 3 546 0 546 0 
24143 547 0 547 0 547 0 547 0 547 0 547 0 547 0 547 0 547 0 547 0 547 0 
24392 548 3 548 0 548 3 548 0 548 0 548 0 548 0 548 0 548 0 548 0 548 0 
24422 549 4 549 0 549 4 549 0 549 0 549 0 549 0 549 0 549 0 549 0 549 0 
24467 550 3 550 0 550 3 550 0 550 0 550 0 550 0 550 0 550 0 550 0 550 0 
24482 551 4 551 0 551 4 551 0 551 0 551 0 551 0 551 0 551 0 551 0 551 0 
24512 552 14 552 0 552 14 552 0 552 0 552 0 552 0 552 0 552 0 552 0 552 0 
24527 553 3 553 0 553 3 553 0 553 0 553 0 553 0 553 0 553 0 553 0 553 0 
24542 554 4 554 0 554 4 554 0 554 0 554 0 554 0 554 0 554 0 554 0 554 0 
24572 555 3 555 0 555 3 555 0 555 0 555 0 555 0 555 0 555 0 555 0 555 0 
24587 556 0 556 0 556 0 556 0 556 0 556 0 556 0 556 0 556 0 556 0 556 0 
24664 557 1 557 0 557 0 557 0 557 1 557 0 557 0 557 0 557 0 557 0 557 0 
24679 558 3 558 0 558 0 558 0 558 3 558 0 558 0 558 0 558 0 558 0 558 0 
24694 559 4 559 0 559 0 559 0 559 4 559 0 559 0 559 0 559 0 559 0 559 0 
24709 560 29 560 0 560 0 560 0 560 29 560 0 560 0 560 0 560 0 560 0 560 0 
24724 561 4 561 0 561 0 561 0 561 4 561 0 561 0 561 0 561 0 561 0 561 0 
24739 562 3 562 0 562 0 562 0 562 3 562 0 562 0 562 0 562 0 562 0 562 0 
24769 563 0 563 0 563 0 563 0 563 0 563 0 563 0 563 0 563 0 563 0 563 0 
24889 564 4 564 0 564 0 564 0 564 4 564 0 564 0 564 0 564 0 564 0 564 0 
24919 565 3 565 0 565 0 565 0 565 3 565 0 565 0 565 0 565 0 565 0 565 0 
24934 566 4 566 0 566 0 566 0 566 4 566 0 566 0 566 0 566 0 566 0 566 0 
24964 567 18 567 0 567 0 567 0 567 18 567 0 567 0 567 0 567 0 567 0 567 0 
24979 568 0 568 0 568 0 568 0 568 0 568 0 568 0 568 0 568 0 568 0 568 0 
25045 569 1 569 0 569 0 569 0 569 0 569 0 569 0 569 0 569 0 569 0 569 1 
25060 570 4 570 0 570 0 570 0 570 0 570 0 570 0 570 0 570 0 570 0 570 4 
25075 571 3 571 0 571 0 571 0 571 0 571 0 571 0 571 0 571 0 571 0 571 3 
25090 572 4 572 0 572 0 572 0 572 0 572 0 572 0 572 0 572 0 572 0 572 4 
25105 573 39 573 0 573 0 573 0 573 0 573 0 573 0 573 0 573 0 573 0 573 39 
25120 574 4 574 0 574 0 574 0 574 0 574 0 574 0 574 0 574 0 574 0 574 4 
25135 575 0 575 0 575 0 575 0 575 0 575 0 575 0 575 0 575 0 575 0 575 0 
25846 576 4 576 4 576 0 576 0 576 0 576 0 576 0 576 0 576 0 576 0 576 0 
25861 577 10 577 10 577 0 577 0 577 0 577 0 577 0 577 0 577 0 577 0 577 0 
25876 578 7 578 7 578 0 578 0 578 0 578 0 578 0 578 0 578 0 578 0 578 0 
25906 579 0 579 0 579 0 579 0 579 0 579 0 579 0 579 0 579 0 579 0 579 0 
26209 580 3 580 0 580 0 580 0 580 3 580 0 580 0 580 0 580 0 580 0 580 0 
26224 581 4 581 0 581 0 581 0 581 4 581 0 581 0 581 0 581 0 581 0 581 0 
26239 582 3 582 0 582 0 582 0 582 3 582 0 582 0 582 0 582 0 582 0 582 0 
26254 583 4 583 0 583 0 583 0 583 4 583 0 583 0 583 0 583 0 583 0 583 0 
26299 584 3 584 0 584 0 584 0 584 3 584 0 584 0 584 0 584 0 584 0 584 0 
26314 585 0 585 0 585 0 585 0 585 0 585 0 585 0 585 0 585 0 585 0 585 0 
