# deltaRailways deltaRailVehicles
10 0 0 0 0 0 0 0 0 0 0 
122 7 0 0 0 7 0 0 0 0 0 
124 9 0 0 0 7 0 0 0 9 0 
137 10 0 0 0 10 0 0 0 9 0 
139 7 0 0 0 10 0 0 0 7 0 
154 12 0 0 0 10 0 0 0 12 0 
167 1 0 0 0 1 0 0 0 12 0 
169 7 0 0 0 1 0 0 0 7 0 
182 0 0 0 0 0 0 0 0 7 0 
184 6 0 0 0 0 0 0 0 6 0 
199 13 0 0 0 0 0 0 0 13 0 
214 2 0 0 0 0 0 0 0 2 0 
229 4 0 0 0 0 0 0 0 4 0 
259 5 0 0 0 0 0 0 0 5 0 
274 4 0 0 0 0 0 0 0 4 0 
289 3 0 0 0 0 0 0 0 3 0 
334 6 0 0 0 0 0 0 0 6 0 
349 4 0 0 0 0 0 0 0 4 0 
379 0 0 0 0 0 0 0 0 0 0 
664 1 0 0 0 0 0 0 0 1 0 
679 3 0 0 0 0 0 0 0 3 0 
694 4 0 0 0 0 0 0 0 4 0 
739 2.5 0 0 0 4 0 0 0 1 0 
754 0 0 0 0 4 0 0 0 0 0 
767 3 0 0 0 3 0 0 0 0 0 
769 2 0 0 0 3 0 0 0 2 0 
782 4 0 0 0 4 0 0 0 2 0 
799 3 0 0 0 4 0 0 0 3 0 
812 0 0 0 0 0 0 0 0 3 0 
814 4 0 0 0 0 0 0 0 4 0 
827 -1 0 0 0 -1 0 0 0 4 0 
842 0 0 0 0 0 0 0 0 4 0 
844 2 0 0 0 0 0 0 0 2 0 
859 0 0 0 0 0 0 0 0 0 0 
874 1 0 0 0 0 0 0 0 1 0 
889 4 0 0 0 0 0 0 0 4 0 
919 3 0 0 0 0 0 0 0 3 0 
934 4 0 0 0 0 0 0 0 4 0 
964 0 1 0 0 0 0 0 0 0 1 
979 0 0 0 0 0 0 0 0 0 0 
994 0 1 0 0 0 0 0 0 0 1 
1009 0 3 0 0 0 0 0 0 0 3 
1024 0 0 0 0 0 0 0 0 0 0 
1487 4 0 0 0 4 0 0 0 0 0 
1517 15 0 0 0 15 0 0 0 0 0 
1532 4 0 0 0 4 0 0 0 0 0 
1547 2 0 0 0 2 0 0 0 0 0 
1562 0 1 0 0 0 1 0 0 0 0 
1577 0 0 0 0 0 0 0 0 0 0 
6422 7 0 0 0 7 0 0 0 0 0 
6437 10 0 0 0 10 0 0 0 0 0 
6467 1 0 0 0 1 0 0 0 0 0 
6482 0 0 0 0 0 0 0 0 0 0 
7217 4 0 0 0 4 0 0 0 0 0 
7247 3 0 0 0 3 0 0 0 0 0 
7262 4 0 0 0 4 0 0 0 0 0 
7277 5 0 0 0 5 0 0 0 0 0 
7292 15 0 0 0 15 0 0 0 0 0 
7307 4 0 0 0 4 0 0 0 0 0 
7322 0 1 0 0 0 1 0 0 0 0 
7337 0 0 0 0 0 0 0 0 0 0 
12182 8 0 0 0 8 0 0 0 0 0 
12212 12 0 0 0 12 0 0 0 0 0 
12227 6 0 0 0 6 0 0 0 0 0 
12242 4 0 0 0 4 0 0 0 0 0 
12257 16 0 0 0 16 0 0 0 0 0 
12272 2 0 0 0 2 0 0 0 0 0 
12287 3 0 0 0 3 0 0 0 0 0 
12302 4 0 0 0 4 0 0 0 0 0 
12317 6 0 0 0 6 0 0 0 0 0 
12332 4 0 0 0 4 0 0 0 0 0 
12347 3 0 0 0 3 0 0 0 0 0 
12362 2 0 0 0 2 0 0 0 0 0 
12377 4 0 0 0 4 0 0 0 0 0 
12392 6 0 0 0 6 0 0 0 0 0 
12407 3 0 0 0 3 0 0 0 0 0 
12422 5 0 0 0 5 0 0 0 0 0 
12437 0 0 0 0 0 0 0 0 0 0 
12452 2 0 0 0 2 0 0 0 0 0 
12467 3 0 0 0 3 0 0 0 0 0 
12482 4 0 0 0 4 0 0 0 0 0 
12512 1 0 0 0 1 0 0 0 0 0 
12527 3 0 0 0 3 0 0 0 0 0 
12542 4 0 0 0 4 0 0 0 0 0 
12572 0 0 0 0 0 0 0 0 0 0 
12934 6 0 0 0 0 0 0 0 6 0 
12949 4 0 0 0 0 0 0 0 4 0 
12964 16 0 0 0 0 0 0 0 16 0 
12979 2 0 0 0 0 0 0 0 2 0 
12994 8 0 0 0 0 0 0 0 8 0 
13024 12 0 0 0 0 0 0 0 12 0 
13039 1 0 0 0 0 0 0 0 1 0 
13054 4 0 0 0 0 0 0 0 4 0 
13084 6 0 0 0 0 0 0 0 6 0 
13099 5 0 0 0 0 0 0 0 5 0 
13114 0 0 0 0 0 0 0 0 0 0 
13129 4 0 0 0 0 0 0 0 4 0 
13159 5 0 0 0 0 0 0 0 5 0 
13174 4 0 0 0 0 0 0 0 4 0 
13189 3 0 0 0 0 0 0 0 3 0 
13204 0 0 0 0 0 0 0 0 0 0 
13294 1 0 0 0 0 0 0 0 1 0 
13309 4 0 0 0 0 0 0 0 4 0 
13339 3 0 0 0 0 0 0 0 3 0 
13354 4 0 0 0 0 0 0 0 4 0 
13399 3 0 0 0 0 0 0 0 3 0 
13414 0 0 0 0 0 0 0 0 0 0 
13429 2 0 0 0 0 0 0 0 2 0 
13444 4 0 0 0 0 0 0 0 4 0 
13459 3 0 0 0 0 0 0 0 3 0 
13474 4 0 0 0 0 0 0 0 4 0 
13519 3 0 0 0 0 0 0 0 3 0 
13534 5 0 0 0 0 0 0 0 5 0 
13549 4 0 0 0 0 0 0 0 4 0 
13564 1 0 0 0 0 0 0 0 1 0 
13594 4 0 0 0 0 0 0 0 4 0 
13639 3 0 0 0 0 0 0 0 3 0 
13654 4 0 0 0 0 0 0 0 4 0 
13684 1 1 0 0 0 0 0 0 1 1 
13699 0 0 0 0 0 0 0 0 0 0 
13744 0 3 0 0 0 0 0 0 0 3 
13759 0 0 0 0 0 0 0 0 0 0 
14537 1 0 0 0 1 0 0 0 0 0 
14552 4 0 0 0 4 0 0 0 0 0 
14567 18 0 0 0 18 0 0 0 0 0 
14582 4 0 0 0 4 0 0 0 0 0 
14627 3 0 0 0 3 0 0 0 0 0 
14642 4 0 0 0 4 0 0 0 0 0 
14657 3 0 0 0 3 0 0 0 0 0 
14672 0 2 0 0 0 2 0 0 0 0 
14687 0 0 0 0 0 0 0 0 0 0 
14717 0 2 0 0 0 2 0 0 0 0 
14732 0 0 0 0 0 0 0 0 0 0 
18559 7 0 0 0 0 0 0 0 7 0 
18574 6 0 0 0 0 0 0 0 6 0 
18589 14 0 0 0 0 0 0 0 14 0 
18604 7 0 0 0 0 0 0 0 7 0 
18619 3 0 0 0 0 0 0 0 3 0 
18634 12 0 0 0 0 0 0 0 12 0 
18649 7 0 0 0 0 0 0 0 7 0 
18664 3 0 0 0 0 0 0 0 3 0 
18694 7 0 0 0 0 0 0 0 7 0 
18709 4 0 0 0 0 0 0 0 4 0 
18739 1 0 0 0 0 0 0 0 1 0 
18754 4 0 0 0 0 0 0 0 4 0 
18784 6 0 0 0 0 0 0 0 6 0 
18799 5 0 0 0 0 0 0 0 5 0 
18814 0 0 0 0 0 0 0 0 0 0 
18844 2 0 0 0 0 0 0 0 2 0 
18859 3 0 0 0 0 0 0 0 3 0 
18874 4 0 0 0 0 0 0 0 4 0 
18904 3 0 0 0 0 0 0 0 3 0 
18919 0 0 0 0 0 0 0 0 0 0 
18964 1 0 0 0 0 0 0 0 1 0 
18979 3 0 0 0 0 0 0 0 3 0 
18994 4 0 0 0 0 0 0 0 4 0 
19024 3 0 0 0 0 0 0 0 3 0 
19039 0 0 0 0 0 0 0 0 0 0 
19054 4 0 0 0 0 0 0 0 4 0 
19069 5 0 0 0 0 0 0 0 5 0 
19084 4 0 0 0 0 0 0 0 4 0 
19099 3 0 0 0 0 0 0 0 3 0 
19129 0 1 0 0 0 0 0 0 0 1 
19144 0 0 0 0 0 0 0 0 0 0 
19174 0 1 0 0 0 0 0 0 0 1 
19189 0 0 0 0 0 0 0 0 0 0 
19547 3 0 0 0 3 0 0 0 0 0 
19562 10 0 0 0 10 0 0 0 0 0 
19577 4 0 0 0 4 0 0 0 0 0 
19592 10 0 0 0 10 0 0 0 0 0 
19607 1 0 0 0 1 0 0 0 0 0 
19622 0 0 0 0 0 0 0 0 0 0 
19743 3 0 0 0 0 0 3 0 0 0 
19758 10 0 0 0 0 0 10 0 0 0 
19773 4 0 0 0 0 0 4 0 0 0 
19788 10 0 0 0 0 0 10 0 0 0 
19803 1 0 0 0 0 0 1 0 0 0 
19818 0 0 0 0 0 0 0 0 0 0 
21137 2 0 0 0 2 0 0 0 0 0 
21152 4 0 0 0 4 0 0 0 0 0 
21167 3 0 0 0 3 0 0 0 0 0 
21182 4 0 0 0 4 0 0 0 0 0 
21227 3 0 0 0 3 0 0 0 0 0 
21242 4 0 0 0 4 0 0 0 0 0 
21287 3 0 0 0 3 0 0 0 0 0 
21302 4 0 0 0 4 0 0 0 0 0 
21317 14 0 0 0 14 0 0 0 0 0 
21332 0 2 0 0 0 2 0 0 0 0 
21347 0 0 0 0 0 0 0 0 0 0 
21706 9 0 9 0 0 0 0 0 0 0 
21721 12 0 12 0 0 0 0 0 0 0 
21736 7 0 7 0 0 0 0 0 0 0 
21766 6 0 6 0 0 0 0 0 0 0 
21781 14 0 14 0 0 0 0 0 0 0 
21796 2 0 2 0 0 0 0 0 0 0 
21811 4 0 4 0 0 0 0 0 0 0 
21841 6 0 6 0 0 0 0 0 0 0 
21871 0 0 0 0 0 0 0 0 0 0 
21886 3 0 3 0 0 0 0 0 0 0 
21901 4 0 4 0 0 0 0 0 0 0 
21916 6 0 6 0 0 0 0 0 0 0 
21931 3 0 3 0 0 0 0 0 0 0 
21946 4 0 4 0 0 0 0 0 0 0 
21961 0 0 0 0 0 0 0 0 0 0 
22158 1 0 0 0 0 0 1 0 0 0 
22173 4 0 0 0 0 0 4 0 0 0 
22233 0 0 0 0 0 0 0 0 0 0 
22248 -1 0 0 0 0 0 -1 0 0 0 
22263 0 0 0 0 0 0 0 0 0 0 
22411 3 0 3 0 0 0 0 0 0 0 
22426 2 0 2 0 0 0 0 0 0 0 
22441 -2 0 -2 0 0 0 0 0 0 0 
22456 0 0 0 0 0 0 0 0 0 0 
22711 2 0 2 0 0 0 0 0 0 0 
22726 4 0 4 0 0 0 0 0 0 0 
22741 27 0 27 0 0 0 0 0 0 0 
22756 0 0 0 0 0 0 0 0 0 0 
23041 1 0 1 0 0 0 0 0 0 0 
23056 5 0 5 0 0 0 0 0 0 0 
23071 3 0 3 0 0 0 0 0 0 0 
23086 4 0 4 0 0 0 0 0 0 0 
23116 1 0 1 0 0 0 0 0 0 0 
23131 0 0 0 0 0 0 0 0 0 0 
23341 2 0 2 0 0 0 0 0 0 0 
23356 4 0 4 0 0 0 0 0 0 0 
23371 3 0 3 0 0 0 0 0 0 0 
23386 5 0 5 0 0 0 0 0 0 0 
23401 2 0 2 0 0 0 0 0 0 0 
23416 0 2 0 2 0 0 0 0 0 0 
23431 0 0 0 0 0 0 0 0 0 0 
23461 0 2 0 2 0 0 0 0 0 0 
23476 0 0 0 0 0 0 0 0 0 0 
23913 3 0 0 0 0 0 3 0 0 0 
23928 4 0 0 0 0 0 4 0 0 0 
23943 3 0 0 0 0 0 3 0 0 0 
23958 4 0 0 0 0 0 4 0 0 0 
23973 27 0 0 0 0 0 27 0 0 0 
23988 4 0 0 0 0 0 4 0 0 0 
24003 3 0 0 0 0 0 3 0 0 0 
24018 4 0 0 0 0 0 4 0 0 0 
24033 0 1 0 0 0 0 0 1 0 0 
24048 0 0 0 0 0 0 0 0 0 0 
26192 7 0 0 0 7 0 0 0 0 0 
26207 3 0 0 0 3 0 0 0 0 0 
26222 16 0 0 0 16 0 0 0 0 0 
26237 2 0 0 0 2 0 0 0 0 0 
26252 9 0 0 0 9 0 0 0 0 0 
26267 7 0 0 0 7 0 0 0 0 0 
26282 12 0 0 0 12 0 0 0 0 0 
26297 2 0 0 0 2 0 0 0 0 0 
26312 5 0 0 0 5 0 0 0 0 0 
26327 3 0 0 0 3 0 0 0 0 0 
26342 6 0 0 0 6 0 0 0 0 0 
26357 5 0 0 0 5 0 0 0 0 0 
26372 1 0 0 0 1 0 0 0 0 0 
26387 3 0 0 0 3 0 0 0 0 0 
26402 4 0 0 0 4 0 0 0 0 0 
26417 6 0 0 0 6 0 0 0 0 0 
26432 7 0 0 0 7 0 0 0 0 0 
26447 0 0 0 0 0 0 0 0 0 0 
