# deltaRoads deltaRailways
10 0 0 0 0 0 0 0 0 0 0 0 0 0 0 0 0 0 0 0 0 0 0 
121 0 8 0 8 0 0 0 0 0 0 0 0 0 0 0 0 0 0 0 0 0 0 
122 0 7 0 8 0 7 0 0 0 0 0 0 0 0 0 0 0 0 0 0 0 0 
123 0 8 0 8 0 7 0 8 0 0 0 0 0 0 0 0 0 0 0 0 0 0 
124 0 11 0 8 0 7 0 8 0 11 0 0 0 0 0 0 0 0 0 0 0 0 
125 0 7 0 8 0 7 0 8 0 11 0 7 0 0 0 0 0 0 0 0 0 0 
128 3.5 3.5 0 8 0 7 0 8 0 11 0 7 0 0 0 7 7 0 0 0 0 0 
129 0 8 0 8 0 7 0 8 0 11 0 7 0 0 0 7 7 0 0 8 0 0 
130 0 7 0 8 0 7 0 8 0 11 0 7 0 0 0 7 7 0 0 8 0 7 
137 0 10 0 8 0 10 0 8 0 11 0 7 0 0 0 7 7 0 0 8 0 7 
139 0 4 0 8 0 10 0 8 0 4 0 7 0 0 0 7 7 0 0 8 0 7 
140 0 12 0 8 0 10 0 8 0 4 0 12 0 0 0 7 7 0 0 8 0 7 
142 0 -7 0 8 0 10 0 8 0 4 0 12 0 0 0 -7 7 0 0 8 0 7 
143 5 0 0 8 0 10 0 8 0 4 0 12 0 0 0 -7 5 0 0 8 0 7 
145 0 10 0 8 0 10 0 8 0 4 0 12 0 0 0 -7 5 0 0 8 0 10 
151 0 11 0 11 0 10 0 8 0 4 0 12 0 0 0 -7 5 0 0 8 0 10 
153 0 12 0 11 0 10 0 12 0 4 0 12 0 0 0 -7 5 0 0 8 0 10 
154 0 10 0 11 0 10 0 12 0 10 0 12 0 0 0 -7 5 0 0 8 0 10 
155 0 9 0 11 0 10 0 12 0 10 0 9 0 0 0 -7 5 0 0 8 0 10 
157 0 0 0 11 0 10 0 12 0 10 0 9 0 0 0 0 5 0 0 8 0 10 
158 4 0 0 11 0 10 0 12 0 10 0 9 0 0 0 0 4 0 0 8 0 10 
159 0 11 0 11 0 10 0 12 0 10 0 9 0 0 0 0 4 0 0 11 0 10 
166 0 7 0 7 0 10 0 12 0 10 0 9 0 0 0 0 4 0 0 11 0 10 
167 0 1 0 7 0 1 0 12 0 10 0 9 0 0 0 0 4 0 0 11 0 10 
168 0 7 0 7 0 1 0 7 0 10 0 9 0 0 0 0 4 0 0 11 0 10 
169 0 1 0 7 0 1 0 7 0 1 0 9 0 0 0 0 4 0 0 11 0 10 
170 0 2 0 7 0 1 0 7 0 1 0 2 0 0 0 0 4 0 0 11 0 10 
173 0 0 0 7 0 1 0 7 0 1 0 2 0 0 0 0 0 0 0 11 0 10 
174 0 7 0 7 0 1 0 7 0 1 0 2 0 0 0 0 0 0 0 7 0 10 
175 0 1 0 7 0 1 0 7 0 1 0 2 0 0 0 0 0 0 0 7 0 1 
181 0 4 0 4 0 1 0 7 0 1 0 2 0 0 0 0 0 0 0 7 0 1 
182 0 0 0 4 0 0 0 7 0 1 0 2 0 0 0 0 0 0 0 7 0 1 
183 0 3 0 4 0 0 0 3 0 1 0 2 0 0 0 0 0 0 0 7 0 1 
184 0 0 0 4 0 0 0 3 0 0 0 2 0 0 0 0 0 0 0 7 0 1 
189 0 2 0 4 0 0 0 3 0 0 0 0 0 0 0 0 0 0 0 4 0 1 
190 0 0 0 4 0 0 0 3 0 0 0 0 0 0 0 0 0 0 0 4 0 0 
196 0 16 0 16 0 0 0 3 0 0 0 0 0 0 0 0 0 0 0 4 0 0 
211 0 11.3333 0 2 0 0 0 16 0 0 0 0 0 0 0 0 0 0 0 16 0 0 
213 0 2 0 2 0 0 0 2 0 0 0 0 0 0 0 0 0 0 0 16 0 0 
226 0 2.5 0 3 0 0 0 2 0 0 0 0 0 0 0 0 0 0 0 2 0 0 
228 0 4 0 3 0 0 0 4 0 0 0 0 0 0 0 0 0 0 0 2 0 0 
234 0 3 0 3 0 0 0 4 0 0 0 0 0 0 0 0 0 0 0 3 0 0 
241 0 4 0 4 0 0 0 4 0 0 0 0 0 0 0 0 0 0 0 3 0 0 
243 0 5 0 4 0 0 0 5 0 0 0 0 0 0 0 0 0 0 0 3 0 0 
249 0 4 0 4 0 0 0 5 0 0 0 0 0 0 0 0 0 0 0 4 0 0 
256 0 6 0 6 0 0 0 5 0 0 0 0 0 0 0 0 0 0 0 4 0 0 
271 0 5 0 3 0 0 0 6 0 0 0 0 0 0 0 0 0 0 0 6 0 0 
273 0 4 0 3 0 0 0 4 0 0 0 0 0 0 0 0 0 0 0 6 0 0 
279 0 3 0 3 0 0 0 4 0 0 0 0 0 0 0 0 0 0 0 3 0 0 
286 0 4 0 4 0 0 0 4 0 0 0 0 0 0 0 0 0 0 0 3 0 0 
288 0 3 0 4 0 0 0 3 0 0 0 0 0 0 0 0 0 0 0 3 0 0 
294 0 4 0 4 0 0 0 3 0 0 0 0 0 0 0 0 0 0 0 4 0 0 
301 0 2 0 2 0 0 0 3 0 0 0 0 0 0 0 0 0 0 0 4 0 0 
303 0 4 0 2 0 0 0 4 0 0 0 0 0 0 0 0 0 0 0 4 0 0 
309 0 -6 0 2 0 0 0 4 0 0 0 0 0 0 0 0 0 0 0 -6 0 0 
316 0 4 0 4 0 0 0 4 0 0 0 0 0 0 0 0 0 0 0 -6 0 0 
324 0 -20 0 4 0 0 0 4 0 0 0 0 0 0 0 0 0 0 0 -20 0 0 
331 0 3 0 3 0 0 0 4 0 0 0 0 0 0 0 0 0 0 0 -20 0 0 
333 0 6 0 3 0 0 0 6 0 0 0 0 0 0 0 0 0 0 0 -20 0 0 
339 0 -8 0 3 0 0 0 6 0 0 0 0 0 0 0 0 0 0 0 -8 0 0 
346 0 6 0 6 0 0 0 6 0 0 0 0 0 0 0 0 0 0 0 -8 0 0 
348 0 4 0 6 0 0 0 4 0 0 0 0 0 0 0 0 0 0 0 -8 0 0 
354 0 -20 0 6 0 0 0 4 0 0 0 0 0 0 0 0 0 0 0 -20 0 0 
361 0 5 0 5 0 0 0 4 0 0 0 0 0 0 0 0 0 0 0 -20 0 0 
369 0 -7 0 5 0 0 0 4 0 0 0 0 0 0 0 0 0 0 0 -7 0 0 
376 0 0 0 0 0 0 0 4 0 0 0 0 0 0 0 0 0 0 0 -7 0 0 
384 0 -2 0 0 0 0 0 0 0 0 0 0 0 0 0 0 0 0 0 -4 0 0 
399 0 -6 0 0 0 0 0 0 0 0 0 0 0 0 0 0 0 0 0 -6 0 0 
414 0 -4 0 0 0 0 0 0 0 0 0 0 0 0 0 0 0 0 0 -4 0 0 
429 0 -1 0 0 0 0 0 0 0 0 0 0 0 0 0 0 0 0 0 -1 0 0 
444 0 0 0 0 0 0 0 0 0 0 0 0 0 0 0 0 0 0 0 0 0 0 
529 0 2 0 0 0 0 0 0 0 2 0 0 0 0 0 0 0 0 0 0 0 0 
544 0 4 0 0 0 0 0 0 0 4 0 0 0 0 0 0 0 0 0 0 0 0 
546 0 8 0 0 0 0 0 0 0 4 0 0 0 8 0 0 0 0 0 0 0 0 
559 0 54 0 0 0 0 0 0 0 54 0 0 0 8 0 0 0 0 0 0 0 0 
574 0 0 0 0 0 0 0 0 0 0 0 0 0 8 0 0 0 0 0 0 0 0 
576 0 12 0 0 0 0 0 0 0 0 0 0 0 12 0 0 0 0 0 0 0 0 
577 0 7 0 0 0 0 0 0 0 0 0 0 0 12 0 7 0 0 0 0 0 0 
591 0 6 0 0 0 0 0 0 0 0 0 0 0 6 0 7 0 0 0 0 0 0 
606 0 5 0 0 0 0 0 0 0 0 0 0 0 4 0 6 0 0 0 0 0 0 
607 0 13 0 0 0 0 0 0 0 0 0 0 0 4 0 13 0 0 0 0 0 0 
621 0 16 0 0 0 0 0 0 0 0 0 0 0 16 0 13 0 0 0 0 0 0 
622 0 2 0 0 0 0 0 0 0 0 0 0 0 16 0 2 0 0 0 0 0 0 
637 0 1 0 0 0 0 0 0 0 0 0 0 0 2 0 0 0 0 0 0 0 0 
651 0 3 0 0 0 0 0 0 0 0 0 0 0 3 0 0 0 0 0 0 0 0 
652 0 11 0 0 0 0 0 0 0 0 0 0 0 3 0 11 0 0 0 0 0 0 
666 0 4 0 0 0 0 0 0 0 0 0 0 0 4 0 11 0 0 0 0 0 0 
667 0 7 0 0 0 0 0 0 0 0 0 0 0 4 0 7 0 0 0 0 0 0 
681 0 6 0 0 0 0 0 0 0 0 0 0 0 6 0 7 0 0 0 0 0 0 
682 0 12 0 0 0 0 0 0 0 0 0 0 0 6 0 12 0 0 0 0 0 0 
696 0 4 0 0 0 0 0 0 0 0 0 0 0 4 0 12 0 0 0 0 0 0 
697 0 2 0 0 0 0 0 0 0 0 0 0 0 4 0 2 0 0 0 0 0 0 
711 0 3 0 0 0 0 0 0 0 0 0 0 0 3 0 2 0 0 0 0 0 0 
712 0 4 0 0 0 0 0 0 0 0 0 0 0 3 0 4 0 0 0 0 0 0 
726 0 3 0 4 0 0 0 0 0 0 0 0 0 2 0 4 0 0 0 0 0 0 
741 0 3.5 0 4 0 0 0 0 0 0 0 0 0 4 0 3 0 0 0 0 0 0 
742 0 6 0 4 0 0 0 0 0 0 0 0 0 4 0 6 0 0 0 0 0 0 
751 0 3 0 3 0 0 0 0 0 0 0 0 0 4 0 6 0 0 0 0 0 0 
753 0 2 0 3 0 0 0 2 0 0 0 0 0 4 0 6 0 0 0 0 0 0 
756 0 6 0 3 0 0 0 2 0 0 0 0 0 6 0 6 0 0 0 0 0 0 
757 0 5 0 3 0 0 0 2 0 0 0 0 0 6 0 5 0 0 0 0 0 0 
766 0 4 0 4 0 0 0 2 0 0 0 0 0 6 0 5 0 0 0 0 0 0 
768 0 6 0 4 0 0 0 6 0 0 0 0 0 6 0 5 0 0 0 0 0 0 
771 0 3 0 4 0 0 0 6 0 0 0 0 0 3 0 5 0 0 0 0 0 0 
772 0 1 0 4 0 0 0 6 0 0 0 0 0 3 0 1 0 0 0 0 0 0 
783 0 3 0 4 0 0 0 3 0 0 0 0 0 3 0 1 0 0 0 0 0 0 
786 0 5 0 4 0 0 0 3 0 0 0 0 0 5 0 1 0 0 0 0 0 0 
787 0 3 0 4 0 0 0 3 0 0 0 0 0 5 0 3 0 0 0 0 0 0 
798 0 4 0 4 0 0 0 4 0 0 0 0 0 5 0 3 0 0 0 0 0 0 
801 0 0 0 4 0 0 0 4 0 0 0 0 0 0 0 3 0 0 0 0 0 0 
802 0 4 0 4 0 0 0 4 0 0 0 0 0 0 0 4 0 0 0 0 0 0 
811 0 3 0 3 0 0 0 4 0 0 0 0 0 0 0 4 0 0 0 0 0 0 
817 0 4.5 0 3 0 0 0 4 0 0 0 0 0 3 0 6 0 0 0 0 0 0 
826 0 2 0 2 0 0 0 4 0 0 0 0 0 3 0 6 0 0 0 0 0 0 
834 0 6 0 2 0 0 0 4 0 0 0 0 0 3 0 6 0 0 0 6 0 0 
841 0 0 0 0 0 0 0 4 0 0 0 0 0 3 0 6 0 0 0 6 0 0 
843 0 2 0 0 0 0 0 2 0 0 0 0 0 3 0 6 0 0 0 6 0 0 
846 0 4 0 0 0 0 0 2 0 0 0 0 0 4 0 6 0 0 0 6 0 0 
847 0 0 0 0 0 0 0 2 0 0 0 0 0 4 0 0 0 0 0 6 0 0 
849 0 4 0 0 0 0 0 2 0 0 0 0 0 4 0 0 0 0 0 4 0 0 
856 0 2 0 2 0 0 0 2 0 0 0 0 0 4 0 0 0 0 0 4 0 0 
858 0 0 0 2 0 0 0 0 0 0 0 0 0 4 0 0 0 0 0 4 0 0 
864 0 8 0 2 0 0 0 0 0 0 0 0 0 0 0 0 0 0 0 16 0 0 
871 0 3 0 3 0 0 0 0 0 0 0 0 0 0 0 0 0 0 0 16 0 0 
876 0 2 0 3 0 0 0 0 0 0 0 0 0 2 0 0 0 0 0 16 0 0 
886 0 3 0 4 0 0 0 0 0 0 0 0 0 2 0 0 0 0 0 2 0 0 
894 0 5.5 0 4 0 0 0 0 0 0 0 0 0 3 0 0 0 0 0 8 0 0 
906 0 4 0 4 0 0 0 0 0 0 0 0 0 4 0 0 0 0 0 8 0 0 
921 0 6 0 4 0 0 0 0 0 0 0 0 0 6 0 0 0 0 0 8 0 0 
924 0 12 0 4 0 0 0 0 0 0 0 0 0 6 0 0 0 0 0 12 0 0 
931 0 3 0 3 0 0 0 0 0 0 0 0 0 6 0 0 0 0 0 12 0 0 
936 0 1 0 3 0 0 0 0 0 0 0 0 0 1 0 0 0 0 0 12 0 0 
946 0 2.5 0 4 0 0 0 0 0 0 0 0 0 1 0 0 0 0 0 1 0 0 
951 0 0 0 4 0 0 0 0 0 0 0 0 0 0 0 0 0 0 0 1 0 0 
954 0 4 0 4 0 0 0 0 0 0 0 0 0 0 0 0 0 0 0 4 0 0 
961 0 0 0 0 0 0 0 0 0 0 0 0 0 0 0 0 0 0 0 4 0 0 
984 0 6 0 0 0 0 0 0 0 0 0 0 0 0 0 0 0 0 0 6 0 0 
999 0 5 0 0 0 0 0 0 0 0 0 0 0 0 0 0 0 0 0 5 0 0 
1012 0 1 0 0 0 0 0 0 0 0 0 0 0 0 0 1 0 0 0 5 0 0 
1014 0 0 0 0 0 0 0 0 0 0 0 0 0 0 0 1 0 0 0 0 0 0 
1027 0 3 0 0 0 0 0 0 0 0 0 0 0 0 0 3 0 0 0 0 0 0 
1029 0 4 0 0 0 0 0 0 0 0 0 0 0 0 0 3 0 0 0 4 0 0 
1059 0 4.5 0 0 0 0 0 0 0 0 0 0 0 0 0 4 0 0 0 5 0 0 
1074 0 4 0 0 0 0 0 0 0 0 0 0 0 0 0 4 0 0 0 4 0 0 
1087 0 5 0 0 0 0 0 0 0 0 0 0 0 0 0 5 0 0 0 4 0 0 
1089 0 3 0 0 0 0 0 0 0 0 0 0 0 0 0 5 0 0 0 3 0 0 
1102 0 4 0 0 0 0 0 0 0 0 0 0 0 0 0 4 0 0 0 3 0 0 
1104 0 0 0 0 0 0 0 0 0 0 0 0 0 0 0 4 0 0 0 0 0 0 
1117 0 3 0 0 0 0 0 0 0 0 0 0 0 0 0 3 0 0 0 0 0 0 
1132 0 0 0 0 0 0 0 0 0 0 0 0 0 0 0 0 0 0 0 0 0 0 
1176 0 4 0 0 0 0 0 0 0 0 0 0 0 4 0 0 0 0 0 0 0 0 
1191 0 3 0 0 0 0 0 0 0 0 0 0 0 3 0 0 0 0 0 0 0 0 
1206 0 4 0 0 0 0 0 0 0 0 0 0 0 4 0 0 0 0 0 0 0 0 
1225 0 1 0 0 0 0 0 0 0 0 0 0 0 4 0 0 0 0 0 0 0 1 
1236 0 0 0 0 0 0 0 0 0 0 0 0 0 0 0 0 0 0 0 0 0 1 
1240 0 4 0 0 0 0 0 0 0 0 0 0 0 0 0 0 0 0 0 0 0 4 
1255 0 3 0 0 0 0 0 0 0 0 0 0 0 0 0 0 0 0 0 0 0 3 
1270 0 4 0 0 0 0 0 0 0 0 0 0 0 0 0 0 0 0 0 0 0 4 
1315 0 3 0 0 0 0 0 0 0 0 0 0 0 0 0 0 0 0 0 0 0 3 
1330 0 3.5 0 0 0 0 0 3 0 0 0 0 0 0 0 0 0 0 0 0 0 4 
1338 0 4 0 0 0 0 0 4 0 0 0 0 0 0 0 0 0 0 0 0 0 4 
1360 0 2 0 0 0 0 0 4 0 0 0 0 0 0 0 0 0 0 0 0 0 2 
1375 0 -2 0 0 0 0 0 4 0 0 0 0 0 0 0 0 0 0 0 0 0 -2 
1383 0 3 0 0 0 0 0 3 0 0 0 0 0 0 0 0 0 0 0 0 0 -2 
1390 0 0 0 0 0 0 0 3 0 0 0 0 0 0 0 0 0 0 0 0 0 0 
1398 0 4 0 0 0 0 0 4 0 0 0 0 0 0 0 0 0 0 0 0 0 0 
1413 0 3 0 0 0 0 0 3 0 0 0 0 0 0 0 0 0 0 0 0 0 0 
1428 0 0 0 0 0 0 0 0 0 0 0 0 0 0 0 0 0 0 0 0 0 0 
1728 0 3 0 0 0 0 0 3 0 0 0 0 0 0 0 0 0 0 0 0 0 0 
1758 0 4 0 0 0 0 0 4 0 0 0 0 0 0 0 0 0 0 0 0 0 0 
1803 0 3 0 0 0 0 0 3 0 0 0 0 0 0 0 0 0 0 0 0 0 0 
1818 0 1 0 0 0 0 0 1 0 0 0 0 0 0 0 0 0 0 0 0 0 0 
1833 0 0.5 0 0 0 0 0 0 0 0 0 0 0 0 0 0 0 0 0 0 0 1 
1840 0 4 0 0 0 0 0 0 0 0 0 0 0 0 0 0 0 0 0 0 0 4 
1855 0 3 0 0 0 0 0 0 0 0 0 0 0 0 0 0 0 0 0 0 0 3 
1870 0 4 0 0 0 0 0 0 0 0 0 0 0 0 0 0 0 0 0 0 0 4 
1900 0 15 0 0 0 0 0 0 0 0 0 0 0 0 0 0 0 0 0 0 0 15 
1915 0 0 0 0 0 0 0 0 0 0 0 0 0 0 0 0 0 0 0 0 0 0 
2377 0 3 0 0 0 0 0 0 0 0 0 0 0 0 0 3 0 0 0 0 0 0 
2392 0 15 0 0 0 0 0 0 0 0 0 0 0 0 0 15 0 0 0 0 0 0 
2407 0 3 0 0 0 0 0 0 0 0 0 0 0 0 0 3 0 0 0 0 0 0 
2422 0 4 0 0 0 0 0 0 0 0 0 0 0 0 0 4 0 0 0 0 0 0 
2467 0 2 0 0 0 0 0 0 0 0 0 0 0 0 0 2 0 0 0 0 0 0 
2482 0 0 0 0 0 0 0 0 0 0 0 0 0 0 0 0 0 0 0 0 0 0 
2887 0 3 0 0 0 0 0 0 0 0 0 0 0 0 0 3 0 0 0 0 0 0 
2902 0 4 0 0 0 0 0 0 0 0 0 0 0 0 0 4 0 0 0 0 0 0 
2947 0 3 0 0 0 0 0 0 0 0 0 0 0 0 0 3 0 0 0 0 0 0 
2962 0 4 0 0 0 0 0 0 0 0 0 0 0 0 0 4 0 0 0 0 0 0 
2977 0 15 0 0 0 0 0 0 0 0 0 0 0 0 0 15 0 0 0 0 0 0 
2992 0 1 0 0 0 0 0 0 0 0 0 0 0 0 0 1 0 0 0 0 0 0 
3007 0 0 0 0 0 0 0 0 0 0 0 0 0 0 0 0 0 0 0 0 0 0 
3204 0 1 0 0 0 0 0 0 0 0 0 0 0 0 0 0 0 0 0 1 0 0 
3219 0 3 0 0 0 0 0 0 0 0 0 0 0 0 0 0 0 0 0 3 0 0 
3234 0 4 0 0 0 0 0 0 0 0 0 0 0 0 0 0 0 0 0 4 0 0 
3264 0 6 0 0 0 0 0 0 0 0 0 0 0 0 0 0 0 0 0 6 0 0 
3279 0 3 0 0 0 0 0 0 0 0 0 0 0 0 0 0 0 0 0 3 0 0 
3294 0 4 0 0 0 0 0 0 0 0 0 0 0 0 0 0 0 0 0 4 0 0 
3324 0 3 0 0 0 0 0 0 0 0 0 0 0 0 0 0 0 0 0 3 0 0 
3339 0 0 0 0 0 0 0 0 0 0 0 0 0 0 0 0 0 0 0 0 0 0 
3560 0 4 0 0 0 0 0 0 0 0 0 4 0 0 0 0 0 0 0 0 0 0 
3575 0 3 0 0 0 0 0 0 0 0 0 3 0 0 0 0 0 0 0 0 0 0 
3590 0 4 0 0 0 0 0 0 0 0 0 4 0 0 0 0 0 0 0 0 0 0 
3635 0 3 0 0 0 0 0 0 0 0 0 3 0 0 0 0 0 0 0 0 0 0 
3650 0 4 0 0 0 0 0 0 0 0 0 4 0 0 0 0 0 0 0 0 0 0 
3695 0 3 0 0 0 0 0 0 0 0 0 3 0 0 0 0 0 0 0 0 0 0 
3710 0 4 0 0 0 0 0 0 0 0 0 4 0 0 0 0 0 0 0 0 0 0 
3725 0 6 0 0 0 0 0 0 0 0 0 6 0 0 0 0 0 0 0 0 0 0 
3740 0 4 0 0 0 0 0 0 0 0 0 4 0 0 0 0 0 0 0 0 0 0 
3755 0 3 0 0 0 0 0 0 0 0 0 3 0 0 0 0 0 0 0 0 0 0 
3770 0 6 0 0 0 0 0 0 0 0 0 6 0 0 0 0 0 0 0 0 0 0 
3785 0 0 0 0 0 0 0 0 0 0 0 0 0 0 0 0 0 0 0 0 0 0 
4283 2 0 0 0 0 0 0 0 0 0 0 0 0 0 0 0 2 0 0 0 0 0 
4298 8 0 0 0 0 0 0 0 0 0 0 0 0 0 0 0 8 0 0 0 0 0 
4313 10 0 0 0 0 0 0 0 0 0 0 0 0 0 0 0 10 0 0 0 0 0 
4328 8 0 0 0 0 0 0 0 0 0 0 0 0 0 0 0 8 0 0 0 0 0 
4358 10 0 0 0 0 0 0 0 0 0 0 0 0 0 0 0 10 0 0 0 0 0 
4373 8 0 0 0 0 0 0 0 0 0 0 0 0 0 0 0 8 0 0 0 0 0 
4403 6 0 0 0 0 0 0 0 0 0 0 0 0 0 0 0 6 0 0 0 0 0 
4418 8 0 0 0 0 0 0 0 0 0 0 0 0 0 0 0 8 0 0 0 0 0 
4463 6 0 0 0 0 0 0 0 0 0 0 0 0 0 0 0 6 0 0 0 0 0 
4478 8 0 0 0 0 0 0 0 0 0 0 0 0 0 0 0 8 0 0 0 0 0 
4508 51 0 0 0 0 0 0 0 0 0 0 0 0 0 0 0 51 0 0 0 0 0 
4523 7 0 0 0 0 0 0 0 0 0 0 0 0 0 0 0 7 0 0 0 0 0 
4538 8 0 0 0 0 0 0 0 0 0 0 0 0 0 0 0 8 0 0 0 0 0 
4583 2 0 0 0 0 0 0 0 0 0 0 0 0 0 0 0 2 0 0 0 0 0 
4598 0 0 0 0 0 0 0 0 0 0 0 0 0 0 0 0 0 0 0 0 0 0 
4914 0 4 0 0 0 0 0 0 0 0 0 0 0 0 0 0 0 0 0 4 0 0 
4944 0 19 0 0 0 0 0 0 0 0 0 0 0 0 0 0 0 0 0 19 0 0 
4959 0 3 0 0 0 0 0 0 0 0 0 0 0 0 0 0 0 0 0 3 0 0 
4974 0 4 0 0 0 0 0 0 0 0 0 0 0 0 0 0 0 0 0 4 0 0 
5019 0 3 0 0 0 0 0 0 0 0 0 0 0 0 0 0 0 0 0 3 0 0 
5034 0 2 0 0 0 0 0 0 0 0 0 0 0 0 0 0 0 0 0 2 0 0 
5049 0 0 0 0 0 0 0 0 0 0 0 0 0 0 0 0 0 0 0 0 0 0 
5259 0 1 0 0 0 0 0 0 0 0 0 0 0 0 0 0 0 0 0 1 0 0 
5274 0 4 0 0 0 0 0 0 0 0 0 0 0 0 0 0 0 0 0 4 0 0 
5289 0 6 0 0 0 0 0 0 0 0 0 0 0 0 0 0 0 0 0 6 0 0 
5319 0 3 0 0 0 0 0 0 0 0 0 0 0 0 0 0 0 0 0 3 0 0 
5334 0 4 0 0 0 0 0 0 0 0 0 0 0 0 0 0 0 0 0 4 0 0 
5349 0 6 0 0 0 0 0 0 0 0 0 0 0 0 0 0 0 0 0 6 0 0 
5364 0 4 0 0 0 0 0 0 0 0 0 0 0 0 0 0 0 0 0 4 0 0 
5379 0 5 0 0 0 0 0 0 0 0 0 0 0 0 0 0 0 0 0 5 0 0 
5394 0 1 0 0 0 0 0 0 0 0 0 0 0 0 0 0 0 0 0 1 0 0 
5409 0 0 0 0 0 0 0 0 0 0 0 0 0 0 0 0 0 0 0 0 0 0 
5419 0 3 0 0 0 0 0 0 0 3 0 0 0 0 0 0 0 0 0 0 0 0 
5434 0 10 0 0 0 0 0 0 0 10 0 0 0 0 0 0 0 0 0 0 0 0 
5449 0 8 0 0 0 0 0 0 0 8 0 0 0 0 0 0 0 0 0 0 0 0 
5464 0 7 0 0 0 0 0 0 0 7 0 0 0 0 0 0 0 0 0 0 0 0 
5479 0 0 0 0 0 0 0 0 0 0 0 0 0 0 0 0 0 0 0 0 0 0 
6111 6 0 0 0 0 0 0 0 0 0 0 0 6 0 0 0 0 0 0 0 0 0 
6126 4 0 0 0 0 0 0 0 0 0 0 0 4 0 0 0 0 0 0 0 0 0 
6141 6 0 0 0 0 0 0 0 0 0 0 0 6 0 0 0 0 0 0 0 0 0 
6156 0 0 0 0 0 0 0 0 0 0 0 0 0 0 0 0 0 0 0 0 0 0 
6693 6 0 0 0 0 0 6 0 0 0 0 0 0 0 0 0 0 0 0 0 0 0 
6708 4 0 0 0 0 0 4 0 0 0 0 0 0 0 0 0 0 0 0 0 0 0 
6723 5 0 0 0 0 0 5 0 0 0 0 0 0 0 0 0 0 0 0 0 0 0 
6738 1 0 0 0 0 0 1 0 0 0 0 0 0 0 0 0 0 0 0 0 0 0 
6753 0 0 0 0 0 0 0 0 0 0 0 0 0 0 0 0 0 0 0 0 0 0 
6775 0 4 0 0 0 0 0 0 0 0 0 0 0 0 0 0 0 0 0 0 0 4 
6790 0 10 0 0 0 0 0 0 0 0 0 0 0 0 0 0 0 0 0 0 0 10 
6805 0 12 0 0 0 0 0 0 0 0 0 0 0 0 0 0 0 0 0 0 0 12 
6820 0 2 0 0 0 0 0 0 0 0 0 0 0 0 0 0 0 0 0 0 0 2 
6835 0 0 0 0 0 0 0 0 0 0 0 0 0 0 0 0 0 0 0 0 0 0 
6856 0 1 0 1 0 0 0 0 0 0 0 0 0 0 0 0 0 0 0 0 0 0 
6871 0 14 0 14 0 0 0 0 0 0 0 0 0 0 0 0 0 0 0 0 0 0 
6886 0 4 0 4 0 0 0 0 0 0 0 0 0 0 0 0 0 0 0 0 0 0 
6931 0 3 0 3 0 0 0 0 0 0 0 0 0 0 0 0 0 0 0 0 0 0 
6946 0 4 0 4 0 0 0 0 0 0 0 0 0 0 0 0 0 0 0 0 0 0 
6991 0 3 0 3 0 0 0 0 0 0 0 0 0 0 0 0 0 0 0 0 0 0 
7006 0 4 0 4 0 0 0 0 0 0 0 0 0 0 0 0 0 0 0 0 0 0 
7021 0 6 0 6 0 0 0 0 0 0 0 0 0 0 0 0 0 0 0 0 0 0 
7036 0 0 0 0 0 0 0 0 0 0 0 0 0 0 0 0 0 0 0 0 0 0 
7818 10 0 0 0 0 0 10 0 0 0 0 0 0 0 0 0 0 0 0 0 0 0 
7833 12 0 0 0 0 0 12 0 0 0 0 0 0 0 0 0 0 0 0 0 0 0 
7848 8 0 0 0 0 0 8 0 0 0 0 0 0 0 0 0 0 0 0 0 0 0 
7863 6 0 0 0 0 0 6 0 0 0 0 0 0 0 0 0 0 0 0 0 0 0 
7867 0 8 0 0 0 0 6 0 0 0 0 0 0 0 0 8 0 0 0 0 0 0 
7878 8 0 0 0 0 0 8 0 0 0 0 0 0 0 0 8 0 0 0 0 0 0 
7897 0 12 0 0 0 0 8 0 0 0 0 0 0 0 0 12 0 0 0 0 0 0 
7912 0 7 0 0 0 0 8 0 0 0 0 0 0 0 0 7 0 0 0 0 0 0 
7927 0 3 0 0 0 0 8 0 0 0 0 0 0 0 0 3 0 0 0 0 0 0 
7941 5 0 0 0 0 0 8 0 0 0 0 0 5 0 0 3 0 0 0 0 0 0 
7942 0 16 0 0 0 0 8 0 0 0 0 0 5 0 0 16 0 0 0 0 0 0 
7953 6 0 0 0 0 0 6 0 0 0 0 0 5 0 0 16 0 0 0 0 0 0 
7956 7 0 0 0 0 0 6 0 0 0 0 0 7 0 0 16 0 0 0 0 0 0 
7957 0 2 0 0 0 0 6 0 0 0 0 0 7 0 0 2 0 0 0 0 0 0 
7968 2 0 0 0 0 0 2 0 0 0 0 0 7 0 0 2 0 0 0 0 0 0 
7971 6 0 0 0 0 0 2 0 0 0 0 0 6 0 0 2 0 0 0 0 0 0 
7972 0 4 0 0 0 0 2 0 0 0 0 0 6 0 0 4 0 0 0 0 0 0 
7983 0 0 0 0 0 0 0 0 0 0 0 0 6 0 0 4 0 0 0 0 0 0 
7986 8 0 0 0 0 0 0 0 0 0 0 0 8 0 0 4 0 0 0 0 0 0 
7987 0 3 0 0 0 0 0 0 0 0 0 0 8 0 0 3 0 0 0 0 0 0 
8002 0 6 0 0 0 0 0 0 0 0 0 0 8 0 0 6 0 0 0 0 0 0 
8016 10 0 0 0 0 0 0 0 0 0 0 0 10 0 0 6 0 0 0 0 0 0 
8017 0 4 0 0 0 0 0 0 0 0 0 0 10 0 0 4 0 0 0 0 0 0 
8031 6 0 0 0 0 0 0 0 0 0 0 0 6 0 0 4 0 0 0 0 0 0 
8032 0 3 0 0 0 0 0 0 0 0 0 0 6 0 0 3 0 0 0 0 0 0 
8046 8 0 0 0 0 0 0 0 0 0 0 0 8 0 0 3 0 0 0 0 0 0 
8047 0 2 0 0 0 0 0 0 0 0 0 0 8 0 0 2 0 0 0 0 0 0 
8062 0 4 0 0 0 0 0 0 0 0 0 0 8 0 0 4 0 0 0 0 0 0 
8076 35 0 0 0 0 0 0 0 0 0 0 0 35 0 0 4 0 0 0 0 0 0 
8077 0 8 0 0 0 0 0 0 0 0 0 0 35 0 0 8 0 0 0 0 0 0 
8091 4 0 0 0 0 0 0 0 0 0 0 0 4 0 0 8 0 0 0 0 0 0 
8092 0 4 0 0 0 0 0 0 0 0 0 0 4 0 0 4 0 0 0 0 0 0 
8106 3 0 0 0 0 0 0 0 0 0 0 0 3 0 0 4 0 0 0 0 0 0 
8121 0 0 0 0 0 0 0 0 0 0 0 0 0 0 0 4 0 0 0 0 0 0 
8207 0 1.5 0 0 0 3 0 0 0 0 0 0 0 0 0 0 0 0 0 0 0 0 
8222 0 4 0 0 0 4 0 0 0 0 0 0 0 0 0 0 0 0 0 0 0 0 
8267 0 3.5 0 0 0 3 0 0 0 0 0 0 0 0 0 4 0 0 0 0 0 0 
8282 0 4 0 0 0 4 0 0 0 0 0 0 0 0 0 4 0 0 0 0 0 0 
8287 0 3 0 0 0 4 0 0 0 0 0 0 0 0 0 3 0 0 0 0 0 0 
8297 0 6 0 0 0 6 0 0 0 0 0 0 0 0 0 3 0 0 0 0 0 0 
8302 0 2 0 0 0 6 0 0 0 0 0 0 0 0 0 2 0 0 0 0 0 0 
8312 0 4 0 0 0 4 0 0 0 0 0 0 0 0 0 2 0 0 0 0 0 0 
8317 0 0 0 0 0 4 0 0 0 0 0 0 0 0 0 0 0 0 0 0 0 0 
8327 0 3 0 0 0 3 0 0 0 0 0 0 0 0 0 0 0 0 0 0 0 0 
8342 0 4 0 0 0 4 0 0 0 0 0 0 0 0 0 0 0 0 0 0 0 0 
8387 0 3 0 0 0 3 0 0 0 0 0 0 0 0 0 0 0 0 0 0 0 0 
8417 0 0 0 0 0 0 0 0 0 0 0 0 0 0 0 0 0 0 0 0 0 0 
8452 0 2 0 0 0 0 0 0 0 0 0 0 0 0 0 2 0 0 0 0 0 0 
8467 0 3 0 0 0 0 0 0 0 0 0 0 0 0 0 3 0 0 0 0 0 0 
8482 0 4 0 0 0 0 0 0 0 0 0 0 0 0 0 4 0 0 0 0 0 0 
8512 0 1 0 0 0 0 0 0 0 0 0 0 0 0 0 1 0 0 0 0 0 0 
8527 0 0 0 0 0 0 0 0 0 0 0 0 0 0 0 0 0 0 0 0 0 0 
8545 0 4 0 0 0 0 0 0 0 0 0 0 0 0 0 0 0 0 0 0 0 4 
8575 0 5 0 0 0 0 0 0 0 0 0 0 0 0 0 0 0 0 0 0 0 5 
8590 0 4 0 0 0 0 0 0 0 0 0 0 0 0 0 0 0 0 0 0 0 4 
8620 0 6 0 0 0 0 0 0 0 0 0 0 0 0 0 0 0 0 0 0 0 6 
8635 0 18 0 0 0 0 0 0 0 0 0 0 0 0 0 0 0 0 0 0 0 18 
8645 0 8 0 0 0 0 0 0 0 0 0 8 0 0 0 0 0 0 0 0 0 18 
8650 0 4 0 0 0 0 0 0 0 0 0 8 0 0 0 0 0 0 0 0 0 4 
8675 0 11 0 0 0 0 0 0 0 0 0 11 0 0 0 0 0 0 0 0 0 4 
8690 0 7 0 0 0 0 0 0 0 0 0 7 0 0 0 0 0 0 0 0 0 4 
8695 0 5 0 0 0 0 0 0 0 0 0 7 0 0 0 0 0 0 0 0 0 5 
8705 0 4 0 0 0 0 0 0 0 0 0 4 0 0 0 0 0 0 0 0 0 5 
8710 0 0 0 0 0 0 0 0 0 0 0 4 0 0 0 0 0 0 0 0 0 0 
8720 0 16 0 0 0 0 0 0 0 0 0 16 0 0 0 0 0 0 0 0 0 0 
8735 0 2 0 0 0 0 0 0 0 0 0 2 0 0 0 0 0 0 0 0 0 0 
8737 0 3 0 0 0 0 0 0 0 0 0 2 0 0 0 3 0 0 0 0 0 0 
8752 0 4 0 0 0 0 0 0 0 0 0 2 0 0 0 4 0 0 0 0 0 0 
8767 0 3.5 0 0 0 0 0 0 0 0 0 4 0 0 0 3 0 0 0 0 0 0 
8780 0 6 0 0 0 0 0 0 0 0 0 6 0 0 0 3 0 0 0 0 0 0 
8782 0 4 0 0 0 0 0 0 0 0 0 6 0 0 0 4 0 0 0 0 0 0 
8795 0 3 0 0 0 0 0 0 0 0 0 3 0 0 0 4 0 0 0 0 0 0 
8797 0 2 0 0 0 0 0 0 0 0 0 3 0 0 0 2 0 0 0 0 0 0 
8810 0 5 0 0 0 0 0 0 0 0 0 5 0 0 0 2 0 0 0 0 0 0 
8812 0 0 0 0 0 0 0 0 0 0 0 5 0 0 0 0 0 0 0 0 0 0 
8825 0 1 0 0 0 0 0 0 0 0 0 1 0 0 0 0 0 0 0 0 0 0 
8840 0 4 0 0 0 0 0 0 0 0 0 4 0 0 0 0 0 0 0 0 0 0 
8855 0 3 0 0 0 0 0 0 0 0 0 3 0 0 0 0 0 0 0 0 0 0 
8870 0 6 0 0 0 0 0 0 0 0 0 6 0 0 0 0 0 0 0 0 0 0 
8900 0 0 0 0 0 0 0 0 0 0 0 0 0 0 0 0 0 0 0 0 0 0 
9110 0 3 0 0 0 0 0 0 0 0 0 3 0 0 0 0 0 0 0 0 0 0 
9125 0 4 0 0 0 0 0 0 0 0 0 4 0 0 0 0 0 0 0 0 0 0 
9155 0 3 0 0 0 0 0 0 0 0 0 3 0 0 0 0 0 0 0 0 0 0 
9170 0 6 0 0 0 0 0 0 0 0 0 6 0 0 0 0 0 0 0 0 0 0 
9185 0 4 0 0 0 0 0 0 0 0 0 4 0 0 0 0 0 0 0 0 0 0 
9215 0 3 0 0 0 0 0 0 0 0 0 3 0 0 0 0 0 0 0 0 0 0 
9230 0 4 0 0 0 0 0 0 0 0 0 4 0 0 0 0 0 0 0 0 0 0 
9245 0 2 0 0 0 0 0 0 0 0 0 2 0 0 0 0 0 0 0 0 0 0 
9260 0 0 0 0 0 0 0 0 0 0 0 0 0 0 0 0 0 0 0 0 0 0 
9458 4 0 0 0 0 0 0 0 0 0 0 0 0 0 0 0 4 0 0 0 0 0 
9488 7 0 0 0 0 0 0 0 0 0 0 0 0 0 0 0 7 0 0 0 0 0 
9503 1 0 0 0 0 0 0 0 0 0 0 0 0 0 0 0 1 0 0 0 0 0 
9518 0 0 0 0 0 0 0 0 0 0 0 0 0 0 0 0 0 0 0 0 0 0 
10269 4 0 0 0 0 0 0 0 0 0 0 0 0 0 0 0 0 0 4 0 0 0 
10299 -6 0 0 0 0 0 0 0 0 0 0 0 0 0 0 0 0 0 -6 0 0 0 
10314 -2 0 0 0 0 0 0 0 0 0 0 0 0 0 0 0 0 0 -2 0 0 0 
10329 0 0 0 0 0 0 0 0 0 0 0 0 0 0 0 0 0 0 0 0 0 0 
10734 7 0 0 0 0 0 0 0 0 0 0 0 0 0 0 0 0 0 7 0 0 0 
10749 -3 0 0 0 0 0 0 0 0 0 0 0 0 0 0 0 0 0 -3 0 0 0 
10764 -4 0 0 0 0 0 0 0 0 0 0 0 0 0 0 0 0 0 -4 0 0 0 
10779 0 0 0 0 0 0 0 0 0 0 0 0 0 0 0 0 0 0 0 0 0 0 
11169 0 6 0 0 0 0 0 0 0 0 0 0 0 0 0 0 0 0 0 6 0 0 
11184 0 4 0 0 0 0 0 0 0 0 0 0 0 0 0 0 0 0 0 4 0 0 
11199 0 11 0 0 0 0 0 0 0 0 0 0 0 0 0 0 0 0 0 11 0 0 
11214 0 7 0 0 0 0 0 0 0 0 0 0 0 0 0 0 0 0 0 7 0 0 
11229 0 8 0 0 0 0 0 0 0 0 0 0 0 0 0 0 0 0 0 8 0 0 
11259 0 11 0 0 0 0 0 0 0 0 0 0 0 0 0 0 0 0 0 11 0 0 
11274 0 2 0 0 0 0 0 0 0 0 0 0 0 0 0 0 0 0 0 2 0 0 
11289 0 4 0 0 0 0 0 0 0 0 0 0 0 0 0 0 0 0 0 4 0 0 
11319 0 5 0 0 0 0 0 0 0 0 0 0 0 0 0 0 0 0 0 5 0 0 
11334 0 6 0 0 0 0 0 0 0 0 0 0 0 0 0 0 0 0 0 6 0 0 
11349 0 0 0 0 0 0 0 0 0 0 0 0 0 0 0 0 0 0 0 0 0 0 
11364 0 4 0 0 0 0 0 0 0 0 0 0 0 0 0 0 0 0 0 4 0 0 
11379 0 3 0 0 0 0 0 0 0 0 0 0 0 0 0 0 0 0 0 3 0 0 
11394 0 6 0 0 0 0 0 0 0 0 0 0 0 0 0 0 0 0 0 6 0 0 
11424 0 3 0 0 0 0 0 0 0 0 0 0 0 0 0 0 0 0 0 3 0 0 
11439 0 0 0 0 0 0 0 0 0 0 0 0 0 0 0 0 0 0 0 0 0 0 
11453 2 0 0 0 0 0 0 0 0 0 0 0 0 0 0 0 2 0 0 0 0 0 
11468 8 0 0 0 0 0 0 0 0 0 0 0 0 0 0 0 8 0 0 0 0 0 
11483 6 0 0 0 0 0 0 0 0 0 0 0 0 0 0 0 6 0 0 0 0 0 
11498 8 0 0 0 0 0 0 0 0 0 0 0 0 0 0 0 8 0 0 0 0 0 
11513 9 0 0 0 0 0 0 0 0 0 0 0 0 0 0 0 9 0 0 0 0 0 
11528 5 0 0 0 0 0 0 0 0 0 0 0 0 0 0 0 5 0 0 0 0 0 
11543 6 0 0 0 0 0 0 0 0 0 0 0 0 0 0 0 6 0 0 0 0 0 
11558 8 0 0 0 0 0 0 0 0 0 0 0 0 0 0 0 8 0 0 0 0 0 
11589 0 1 0 0 0 0 0 0 0 0 0 0 0 0 0 0 8 0 0 1 0 0 
11603 6 0 0 0 0 0 0 0 0 0 0 0 0 0 0 0 6 0 0 1 0 0 
11604 0 6 0 0 0 0 0 0 0 0 0 0 0 0 0 0 6 0 0 6 0 0 
11618 8 0 0 0 0 0 0 0 0 0 0 0 0 0 0 0 8 0 0 6 0 0 
11619 0 3 0 0 0 0 0 0 0 0 0 0 0 0 0 0 8 0 0 3 0 0 
11633 2 0 0 0 0 0 0 0 0 0 0 0 0 0 0 0 2 0 0 3 0 0 
11634 0 4 0 0 0 0 0 0 0 0 0 0 0 0 0 0 2 0 0 4 0 0 
11648 0 0 0 0 0 0 0 0 0 0 0 0 0 0 0 0 0 0 0 4 0 0 
11679 0 3 0 0 0 0 0 0 0 0 0 0 0 0 0 0 0 0 0 3 0 0 
11694 0 2 0 0 0 0 0 0 0 0 0 0 0 0 0 0 0 0 0 2 0 0 
11709 0 0 0 0 0 0 0 0 0 0 0 0 0 0 0 0 0 0 0 0 0 0 
11911 4 0 4 0 0 0 0 0 0 0 0 0 0 0 0 0 0 0 0 0 0 0 
11941 -8 0 -8 0 0 0 0 0 0 0 0 0 0 0 0 0 0 0 0 0 0 0 
11956 0 0 0 0 0 0 0 0 0 0 0 0 0 0 0 0 0 0 0 0 0 0 
12361 0 6 0 6 0 0 0 0 0 0 0 0 0 0 0 0 0 0 0 0 0 0 
12376 0 9 0 9 0 0 0 0 0 0 0 0 0 0 0 0 0 0 0 0 0 0 
12406 0 2 0 2 0 0 0 0 0 0 0 0 0 0 0 0 0 0 0 0 0 0 
12421 0 0 0 0 0 0 0 0 0 0 0 0 0 0 0 0 0 0 0 0 0 0 
12466 0 4 0 4 0 0 0 0 0 0 0 0 0 0 0 0 0 0 0 0 0 0 
12474 0 3 0 4 0 0 0 0 0 0 0 0 0 0 0 0 0 0 0 3 0 0 
12489 0 4 0 4 0 0 0 0 0 0 0 0 0 0 0 0 0 0 0 4 0 0 
12511 0 3 0 3 0 0 0 0 0 0 0 0 0 0 0 0 0 0 0 4 0 0 
12526 0 3.5 0 4 0 0 0 0 0 0 0 0 0 0 0 0 0 0 0 3 0 0 
12534 0 15 0 4 0 0 0 0 0 0 0 0 0 0 0 0 0 0 0 15 0 0 
12541 0 2 0 2 0 0 0 0 0 0 0 0 0 0 0 0 0 0 0 15 0 0 
12549 0 4 0 2 0 0 0 0 0 0 0 0 0 0 0 0 0 0 0 4 0 0 
12556 0 0 0 0 0 0 0 0 0 0 0 0 0 0 0 0 0 0 0 4 0 0 
12564 0 1 0 0 0 0 0 0 0 0 0 0 0 0 0 0 0 0 0 1 0 0 
12579 0 0 0 0 0 0 0 0 0 0 0 0 0 0 0 0 0 0 0 0 0 0 
12729 0 4 0 0 0 0 0 0 0 0 0 0 0 0 0 0 0 0 0 4 0 0 
12759 0 3 0 0 0 0 0 0 0 0 0 0 0 0 0 0 0 0 0 3 0 0 
12774 0 4 0 0 0 0 0 0 0 0 0 0 0 0 0 0 0 0 0 4 0 0 
12819 0 3 0 0 0 0 0 0 0 0 0 0 0 0 0 0 0 0 0 3 0 0 
12828 0 6 0 0 0 0 0 6 0 0 0 0 0 0 0 0 0 0 0 3 0 0 
12834 0 4 0 0 0 0 0 6 0 0 0 0 0 0 0 0 0 0 0 4 0 0 
12843 0 3 0 0 0 0 0 3 0 0 0 0 0 0 0 0 0 0 0 4 0 0 
12858 0 7.5 0 0 0 0 0 12 0 0 0 0 0 0 0 0 0 0 0 3 0 0 
12864 0 0 0 0 0 0 0 12 0 0 0 0 0 0 0 0 0 0 0 0 0 0 
12873 0 7 0 0 0 0 0 7 0 0 0 0 0 0 0 0 0 0 0 0 0 0 
12888 0 8 0 0 0 0 0 8 0 0 0 0 0 0 0 0 0 0 0 0 0 0 
12903 0 5 0 0 0 0 0 5 0 0 0 0 0 0 0 0 0 0 0 0 0 0 
12918 0 14 0 0 0 0 0 14 0 0 0 0 0 0 0 0 0 0 0 0 0 0 
12933 0 2 0 0 0 0 0 2 0 0 0 0 0 0 0 0 0 0 0 0 0 0 
12948 0 4 0 0 0 0 0 4 0 0 0 0 0 0 0 0 0 0 0 0 0 0 
12963 0 3 0 0 0 0 0 3 0 0 0 0 0 0 0 0 0 0 0 0 0 0 
12978 0 6 0 0 0 0 0 6 0 0 0 0 0 0 0 0 0 0 0 0 0 0 
12981 4 0 0 0 0 0 0 6 0 0 0 0 4 0 0 0 0 0 0 0 0 0 
13008 0 0 0 0 0 0 0 0 0 0 0 0 4 0 0 0 0 0 0 0 0 0 
13011 -6 0 0 0 0 0 0 0 0 0 0 0 -6 0 0 0 0 0 0 0 0 0 
13023 0 3 0 0 0 0 0 3 0 0 0 0 -6 0 0 0 0 0 0 0 0 0 
13026 -2 0 0 0 0 0 0 3 0 0 0 0 -2 0 0 0 0 0 0 0 0 0 
13038 0 4 0 0 0 0 0 4 0 0 0 0 -2 0 0 0 0 0 0 0 0 0 
13041 0 0 0 0 0 0 0 4 0 0 0 0 0 0 0 0 0 0 0 0 0 0 
13053 0 8 0 0 0 0 0 8 0 0 0 0 0 0 0 0 0 0 0 0 0 0 
13068 0 4 0 0 0 0 0 4 0 0 0 0 0 0 0 0 0 0 0 0 0 0 
13083 0 3 0 0 0 0 0 3 0 0 0 0 0 0 0 0 0 0 0 0 0 0 
13098 0 0 0 0 0 0 0 0 0 0 0 0 0 0 0 0 0 0 0 0 0 0 
13173 0 1 0 0 0 0 0 1 0 0 0 0 0 0 0 0 0 0 0 0 0 0 
13188 0 4 0 0 0 0 0 4 0 0 0 0 0 0 0 0 0 0 0 0 0 0 
13203 0 3 0 0 0 0 0 3 0 0 0 0 0 0 0 0 0 0 0 0 0 0 
13218 0 4 0 0 0 0 0 4 0 0 0 0 0 0 0 0 0 0 0 0 0 0 
13248 0 3 0 0 0 0 0 3 0 0 0 0 0 0 0 0 0 0 0 0 0 0 
13263 0 0 0 0 0 0 0 0 0 0 0 0 0 0 0 0 0 0 0 0 0 0 
13277 0 12 0 0 0 12 0 0 0 0 0 0 0 0 0 0 0 0 0 0 0 0 
13292 0 6 0 0 0 6 0 0 0 0 0 0 0 0 0 0 0 0 0 0 0 0 
13307 0 9 0 0 0 9 0 0 0 0 0 0 0 0 0 0 0 0 0 0 0 0 
13322 0 1 0 0 0 1 0 0 0 0 0 0 0 0 0 0 0 0 0 0 0 0 
13337 0 0 0 0 0 0 0 0 0 0 0 0 0 0 0 0 0 0 0 0 0 0 
13446 0 12 0 0 0 0 0 0 0 0 0 0 0 12 0 0 0 0 0 0 0 0 
13461 0 5 0 0 0 0 0 0 0 0 0 0 0 5 0 0 0 0 0 0 0 0 
13476 0 10 0 0 0 0 0 0 0 0 0 0 0 10 0 0 0 0 0 0 0 0 
13491 0 1 0 0 0 0 0 0 0 0 0 0 0 1 0 0 0 0 0 0 0 0 
13506 0 0 0 0 0 0 0 0 0 0 0 0 0 0 0 0 0 0 0 0 0 0 
13570 6 0 0 0 0 0 0 0 0 0 0 0 0 0 0 0 0 0 0 0 6 0 
13600 4 0 0 0 0 0 0 0 0 0 0 0 0 0 0 0 0 0 0 0 4 0 
13615 0 0 0 0 0 0 0 0 0 0 0 0 0 0 0 0 0 0 0 0 0 0 
13687 0 7 0 0 0 0 0 0 0 0 0 0 0 0 0 7 0 0 0 0 0 0 
13702 0 10 0 0 0 0 0 0 0 0 0 0 0 0 0 10 0 0 0 0 0 0 
13732 0 1 0 0 0 0 0 0 0 0 0 0 0 0 0 1 0 0 0 0 0 0 
13747 0 0 0 0 0 0 0 0 0 0 0 0 0 0 0 0 0 0 0 0 0 0 
13880 0 1 0 0 0 0 0 0 0 0 0 1 0 0 0 0 0 0 0 0 0 0 
13895 0 58 0 0 0 0 0 0 0 0 0 58 0 0 0 0 0 0 0 0 0 0 
13910 0 4 0 0 0 0 0 0 0 0 0 4 0 0 0 0 0 0 0 0 0 0 
13925 0 2 0 0 0 0 0 0 0 0 0 2 0 0 0 0 0 0 0 0 0 0 
13940 0 -2 0 0 0 0 0 0 0 0 0 -2 0 0 0 0 0 0 0 0 0 0 
13955 0 0 0 0 0 0 0 0 0 0 0 0 0 0 0 0 0 0 0 0 0 0 
14150 0 2 0 0 0 0 0 0 0 0 0 2 0 0 0 0 0 0 0 0 0 0 
14165 0 4 0 0 0 0 0 0 0 0 0 4 0 0 0 0 0 0 0 0 0 0 
14195 0 3 0 0 0 0 0 0 0 0 0 3 0 0 0 0 0 0 0 0 0 0 
14210 0 4 0 0 0 0 0 0 0 0 0 4 0 0 0 0 0 0 0 0 0 0 
14225 0 13 0 0 0 0 0 0 0 0 0 13 0 0 0 0 0 0 0 0 0 0 
14240 0 0 0 0 0 0 0 0 0 0 0 0 0 0 0 0 0 0 0 0 0 0 
14268 0 2 0 0 0 0 0 2 0 0 0 0 0 0 0 0 0 0 0 0 0 0 
14283 0 3 0 0 0 0 0 3 0 0 0 0 0 0 0 0 0 0 0 0 0 0 
14298 0 4 0 0 0 0 0 4 0 0 0 0 0 0 0 0 0 0 0 0 0 0 
14313 0 37.5 0 0 0 4 0 71 0 0 0 0 0 0 0 0 0 0 0 0 0 0 
14327 0 3 0 0 0 3 0 71 0 0 0 0 0 0 0 0 0 0 0 0 0 0 
14328 0 1 0 0 0 3 0 1 0 0 0 0 0 0 0 0 0 0 0 0 0 0 
14342 0 4 0 0 0 4 0 1 0 0 0 0 0 0 0 0 0 0 0 0 0 0 
14343 0 0 0 0 0 4 0 0 0 0 0 0 0 0 0 0 0 0 0 0 0 0 
14387 0 3 0 0 0 3 0 0 0 0 0 0 0 0 0 0 0 0 0 0 0 0 
14402 0 4 0 0 0 4 0 0 0 0 0 0 0 0 0 0 0 0 0 0 0 0 
14447 0 2 0 0 0 2 0 0 0 0 0 0 0 0 0 0 0 0 0 0 0 0 
14462 0 0 0 0 0 0 0 0 0 0 0 0 0 0 0 0 0 0 0 0 0 0 
14599 0 2 0 0 0 0 0 0 0 2 0 0 0 0 0 0 0 0 0 0 0 0 
14614 0 4 0 0 0 0 0 0 0 4 0 0 0 0 0 0 0 0 0 0 0 0 
14659 0 3 0 0 0 0 0 0 0 3 0 0 0 0 0 0 0 0 0 0 0 0 
14674 0 4 0 0 0 0 0 0 0 4 0 0 0 0 0 0 0 0 0 0 0 0 
14719 0 3 0 0 0 0 0 0 0 3 0 0 0 0 0 0 0 0 0 0 0 0 
14734 0 15 0 0 0 0 0 0 0 15 0 0 0 0 0 0 0 0 0 0 0 0 
14749 0 4 0 0 0 0 0 0 0 4 0 0 0 0 0 0 0 0 0 0 0 0 
14779 0 3 0 0 0 0 0 0 0 3 0 0 0 0 0 0 0 0 0 0 0 0 
14794 0 4 0 0 0 0 0 0 0 4 0 0 0 0 0 0 0 0 0 0 0 0 
14824 0 1 0 0 0 0 0 0 0 1 0 0 0 0 0 0 0 0 0 0 0 0 
14839 0 0 0 0 0 0 0 0 0 0 0 0 0 0 0 0 0 0 0 0 0 0 
14857 0 4 0 0 0 0 0 0 0 0 0 0 0 0 0 4 0 0 0 0 0 0 
14872 0 6 0 0 0 0 0 0 0 0 0 0 0 0 0 6 0 0 0 0 0 0 
14887 0 3 0 0 0 0 0 0 0 0 0 0 0 0 0 3 0 0 0 0 0 0 
14902 0 6 0 0 0 0 0 0 0 0 0 0 0 0 0 6 0 0 0 0 0 0 
14917 0 4 0 0 0 0 0 0 0 0 0 0 0 0 0 4 0 0 0 0 0 0 
14947 0 3 0 0 0 0 0 0 0 0 0 0 0 0 0 3 0 0 0 0 0 0 
14962 0 4 0 0 0 0 0 0 0 0 0 0 0 0 0 4 0 0 0 0 0 0 
15003 0 3 0 0 0 0 0 3 0 0 0 0 0 0 0 4 0 0 0 0 0 0 
15018 0 9 0 0 0 0 0 15 0 0 0 0 0 0 0 3 0 0 0 0 0 0 
15022 0 4 0 0 0 0 0 15 0 0 0 0 0 0 0 4 0 0 0 0 0 0 
15048 0 5 0 0 0 0 0 5 0 0 0 0 0 0 0 4 0 0 0 0 0 0 
15063 0 0 0 0 0 0 0 0 0 0 0 0 0 0 0 4 0 0 0 0 0 0 
15067 0 3 0 0 0 0 0 0 0 0 0 0 0 0 0 3 0 0 0 0 0 0 
15082 0 0 0 0 0 0 0 0 0 0 0 0 0 0 0 0 0 0 0 0 0 0 
15790 2 0 0 0 0 0 0 0 0 0 0 0 0 0 0 0 0 0 0 0 2 0 
15805 8 0 0 0 0 0 0 0 0 0 0 0 0 0 0 0 0 0 0 0 8 0 
15835 6 0 0 0 0 0 0 0 0 0 0 0 0 0 0 0 0 0 0 0 6 0 
15850 8 0 0 0 0 0 0 0 0 0 0 0 0 0 0 0 0 0 0 0 8 0 
15940 42 0 0 0 0 0 0 0 0 0 0 0 0 0 0 0 0 0 0 0 42 0 
15955 6 0 0 0 0 0 0 0 0 0 0 0 0 0 0 0 0 0 0 0 6 0 
15970 8 0 0 0 0 0 0 0 0 0 0 0 0 0 0 0 0 0 0 0 8 0 
16015 6 0 0 0 0 0 0 0 0 0 0 0 0 0 0 0 0 0 0 0 6 0 
16030 10 0 0 0 0 0 0 0 0 0 0 0 0 0 0 0 0 0 0 0 10 0 
16045 8 0 0 0 0 0 0 0 0 0 0 0 0 0 0 0 0 0 0 0 8 0 
16060 2 0 0 0 0 0 0 0 0 0 0 0 0 0 0 0 0 0 0 0 2 0 
16075 0 0 0 0 0 0 0 0 0 0 0 0 0 0 0 0 0 0 0 0 0 0 
16235 0 1 0 0 0 0 0 0 0 0 0 1 0 0 0 0 0 0 0 0 0 0 
16250 0 4 0 0 0 0 0 0 0 0 0 4 0 0 0 0 0 0 0 0 0 0 
16295 0 3 0 0 0 0 0 0 0 0 0 3 0 0 0 0 0 0 0 0 0 0 
16310 0 21 0 0 0 0 0 0 0 0 0 21 0 0 0 0 0 0 0 0 0 0 
16325 0 4 0 0 0 0 0 0 0 0 0 4 0 0 0 0 0 0 0 0 0 0 
16355 0 3 0 0 0 0 0 0 0 0 0 3 0 0 0 0 0 0 0 0 0 0 
16370 0 4 0 0 0 0 0 0 0 0 0 4 0 0 0 0 0 0 0 0 0 0 
16415 0 1 0 0 0 0 0 0 0 0 0 1 0 0 0 0 0 0 0 0 0 0 
16430 0 0 0 0 0 0 0 0 0 0 0 0 0 0 0 0 0 0 0 0 0 0 
16493 0 6 0 0 0 0 0 0 0 0 0 0 0 0 0 0 0 6 0 0 0 0 
16508 0 4 0 0 0 0 0 0 0 0 0 0 0 0 0 0 0 4 0 0 0 0 
16523 0 11 0 0 0 0 0 0 0 0 0 0 0 0 0 0 0 11 0 0 0 0 
16538 0 7 0 0 0 0 0 0 0 0 0 0 0 0 0 0 0 7 0 0 0 0 
16553 0 8 0 0 0 0 0 0 0 0 0 0 0 0 0 0 0 8 0 0 0 0 
16583 0 11 0 0 0 0 0 0 0 0 0 0 0 0 0 0 0 11 0 0 0 0 
16598 0 2 0 0 0 0 0 0 0 0 0 0 0 0 0 0 0 2 0 0 0 0 
16613 0 4 0 0 0 0 0 0 0 0 0 0 0 0 0 0 0 4 0 0 0 0 
16643 0 5 0 0 0 0 0 0 0 0 0 0 0 0 0 0 0 5 0 0 0 0 
16658 0 6 0 0 0 0 0 0 0 0 0 0 0 0 0 0 0 6 0 0 0 0 
16673 0 0 0 0 0 0 0 0 0 0 0 0 0 0 0 0 0 0 0 0 0 0 
16688 0 4 0 0 0 0 0 0 0 0 0 0 0 0 0 0 0 4 0 0 0 0 
16703 0 3 0 0 0 0 0 0 0 0 0 0 0 0 0 0 0 3 0 0 0 0 
16718 0 6 0 0 0 0 0 0 0 0 0 0 0 0 0 0 0 6 0 0 0 0 
16733 0 4 0 0 0 0 0 0 0 0 0 0 0 0 0 0 0 4 0 0 0 0 
16748 0 3 0 0 0 0 0 0 0 0 0 0 0 0 0 0 0 3 0 0 0 0 
16763 0 0 0 0 0 0 0 0 0 0 0 0 0 0 0 0 0 0 0 0 0 0 
17401 6 0 6 0 0 0 0 0 0 0 0 0 0 0 0 0 0 0 0 0 0 0 
17408 0 2 6 0 0 0 0 0 0 0 0 0 0 0 0 0 0 2 0 0 0 0 
17423 0 3 6 0 0 0 0 0 0 0 0 0 0 0 0 0 0 3 0 0 0 0 
17431 4 0 4 0 0 0 0 0 0 0 0 0 0 0 0 0 0 3 0 0 0 0 
17438 0 4 4 0 0 0 0 0 0 0 0 0 0 0 0 0 0 4 0 0 0 0 
17446 0 0 0 0 0 0 0 0 0 0 0 0 0 0 0 0 0 4 0 0 0 0 
17483 0 3 0 0 0 0 0 0 0 0 0 0 0 0 0 0 0 3 0 0 0 0 
17498 0 15 0 0 0 0 0 0 0 0 0 0 0 0 0 0 0 15 0 0 0 0 
17513 0 4 0 0 0 0 0 0 0 0 0 0 0 0 0 0 0 4 0 0 0 0 
17528 0 2 0 0 0 0 0 0 0 0 0 0 0 0 0 0 0 2 0 0 0 0 
17543 0 0 0 0 0 0 0 0 0 0 0 0 0 0 0 0 0 0 0 0 0 0 
17693 0 2 0 0 0 0 0 0 0 0 0 0 0 0 0 0 0 2 0 0 0 0 
17708 0 4 0 0 0 0 0 0 0 0 0 0 0 0 0 0 0 4 0 0 0 0 
17723 0 3 0 0 0 0 0 0 0 0 0 0 0 0 0 0 0 3 0 0 0 0 
17738 0 4 0 0 0 0 0 0 0 0 0 0 0 0 0 0 0 4 0 0 0 0 
17739 0 7 0 0 0 0 0 0 0 0 0 0 0 0 0 0 0 4 0 7 0 0 
17754 0 6 0 0 0 0 0 0 0 0 0 0 0 0 0 0 0 4 0 6 0 0 
17769 0 14 0 0 0 0 0 0 0 0 0 0 0 0 0 0 0 4 0 14 0 0 
17783 0 1 0 0 0 0 0 0 0 0 0 0 0 0 0 0 0 1 0 14 0 0 
17784 0 7 0 0 0 0 0 0 0 0 0 0 0 0 0 0 0 1 0 7 0 0 
17798 0 0 0 0 0 0 0 0 0 0 0 0 0 0 0 0 0 0 0 7 0 0 
17799 0 3 0 0 0 0 0 0 0 0 0 0 0 0 0 0 0 0 0 3 0 0 
17814 0 12 0 0 0 0 0 0 0 0 0 0 0 0 0 0 0 0 0 12 0 0 
17829 0 9 0 0 0 0 0 0 0 0 0 0 0 0 0 0 0 0 0 9 0 0 
17844 0 3 0 0 0 0 0 0 0 0 0 0 0 0 0 0 0 0 0 3 0 0 
17874 0 6 0 0 0 0 0 0 0 0 0 0 0 0 0 0 0 0 0 6 0 0 
17889 0 4 0 0 0 0 0 0 0 0 0 0 0 0 0 0 0 0 0 4 0 0 
17919 0 1 0 0 0 0 0 0 0 0 0 0 0 0 0 0 0 0 0 1 0 0 
17934 0 4 0 0 0 0 0 0 0 0 0 0 0 0 0 0 0 0 0 4 0 0 
17964 0 6 0 0 0 0 0 0 0 0 0 0 0 0 0 0 0 0 0 6 0 0 
17979 0 5 0 0 0 0 0 0 0 0 0 0 0 0 0 0 0 0 0 5 0 0 
17994 0 0 0 0 0 0 0 0 0 0 0 0 0 0 0 0 0 0 0 0 0 0 
18009 0 1 0 0 0 0 0 0 0 0 0 0 0 0 0 0 0 0 0 1 0 0 
18024 0 4 0 0 0 0 0 0 0 0 0 0 0 0 0 0 0 0 0 4 0 0 
18039 0 3 0 0 0 0 0 0 0 0 0 0 0 0 0 0 0 0 0 3 0 0 
18054 0 4 0 0 0 0 0 0 0 0 0 0 0 0 0 0 0 0 0 4 0 0 
18069 0 1 0 0 0 0 0 0 0 0 0 0 0 0 0 0 0 0 0 1 0 0 
18084 0 0 0 0 0 0 0 0 0 0 0 0 0 0 0 0 0 0 0 0 0 0 
18189 0 4 0 0 0 0 0 0 0 0 0 0 0 0 0 0 0 0 0 4 0 0 
18219 0 3 0 0 0 0 0 0 0 0 0 0 0 0 0 0 0 0 0 3 0 0 
18234 0 19 0 0 0 0 0 0 0 0 0 0 0 0 0 0 0 0 0 19 0 0 
18249 0 2 0 0 0 0 0 0 0 0 0 0 0 0 0 0 0 0 0 2 0 0 
18264 0 0 0 0 0 0 0 0 0 0 0 0 0 0 0 0 0 0 0 0 0 0 
18414 0 1 0 0 0 0 0 0 0 0 0 0 0 0 0 0 0 0 0 1 0 0 
18429 0 4 0 0 0 0 0 0 0 0 0 0 0 0 0 0 0 0 0 4 0 0 
18459 0 3 0 0 0 0 0 0 0 0 0 0 0 0 0 0 0 0 0 3 0 0 
18474 0 4 0 0 0 0 0 0 0 0 0 0 0 0 0 0 0 0 0 4 0 0 
18489 0 0 0 0 0 0 0 0 0 0 0 0 0 0 0 0 0 0 0 0 0 0 
19322 6 0 0 0 6 0 0 0 0 0 0 0 0 0 0 0 0 0 0 0 0 0 
19337 4 0 0 0 4 0 0 0 0 0 0 0 0 0 0 0 0 0 0 0 0 0 
19367 0 0 0 0 0 0 0 0 0 0 0 0 0 0 0 0 0 0 0 0 0 0 
19411 2 0 2 0 0 0 0 0 0 0 0 0 0 0 0 0 0 0 0 0 0 0 
19426 8 0 8 0 0 0 0 0 0 0 0 0 0 0 0 0 0 0 0 0 0 0 
19471 6 0 6 0 0 0 0 0 0 0 0 0 0 0 0 0 0 0 0 0 0 0 
19486 8 0 8 0 0 0 0 0 0 0 0 0 0 0 0 0 0 0 0 0 0 0 
19516 10 0 10 0 0 0 0 0 0 0 0 0 0 0 0 0 0 0 0 0 0 0 
19531 6 0 6 0 0 0 0 0 0 0 0 0 0 0 0 0 0 0 0 0 0 0 
19546 8 0 8 0 0 0 0 0 0 0 0 0 0 0 0 0 0 0 0 0 0 0 
19561 10 0 10 0 0 0 0 0 0 0 0 0 0 0 0 0 0 0 0 0 0 0 
19576 8 0 8 0 0 0 0 0 0 0 0 0 0 0 0 0 0 0 0 0 0 0 
19585 2 0 8 0 0 0 0 0 0 0 0 0 0 0 0 0 0 0 0 0 2 0 
19600 1 0 2 0 0 0 0 0 0 0 0 0 0 0 0 0 0 0 0 0 0 0 
19606 0 0 0 0 0 0 0 0 0 0 0 0 0 0 0 0 0 0 0 0 0 0 
19684 4 0 0 0 0 0 0 0 4 0 0 0 0 0 0 0 0 0 0 0 0 0 
19714 9 0 0 0 0 0 0 0 9 0 0 0 0 0 0 0 0 0 0 0 0 0 
19729 1 0 0 0 0 0 0 0 1 0 0 0 0 0 0 0 0 0 0 0 0 0 
19744 0 0 0 0 0 0 0 0 0 0 0 0 0 0 0 0 0 0 0 0 0 0 
19957 7 0 0 0 0 0 0 0 0 0 0 0 0 0 7 0 0 0 0 0 0 0 
19987 2 0 0 0 0 0 0 0 0 0 0 0 0 0 2 0 0 0 0 0 0 0 
20002 0 0 0 0 0 0 0 0 0 0 0 0 0 0 0 0 0 0 0 0 0 0 
20524 2 0 0 0 0 0 0 0 2 0 0 0 0 0 0 0 0 0 0 0 0 0 
20539 6 0 0 0 0 0 0 0 6 0 0 0 0 0 0 0 0 0 0 0 0 0 
20541 0 2 0 0 0 0 0 0 6 0 0 0 0 2 0 0 0 0 0 0 0 0 
20554 8 0 0 0 0 0 0 0 8 0 0 0 0 2 0 0 0 0 0 0 0 0 
20556 0 4 0 0 0 0 0 0 8 0 0 0 0 4 0 0 0 0 0 0 0 0 
20571 0 3 0 0 0 0 0 0 8 0 0 0 0 3 0 0 0 0 0 0 0 0 
20586 0 4 0 0 0 0 0 0 8 0 0 0 0 4 0 0 0 0 0 0 0 0 
20599 6 0 0 0 0 0 0 0 6 0 0 0 0 4 0 0 0 0 0 0 0 0 
20614 10 0 0 0 0 0 0 0 10 0 0 0 0 4 0 0 0 0 0 0 0 0 
20616 0 27 0 0 0 0 0 0 10 0 0 0 0 27 0 0 0 0 0 0 0 0 
20629 27 0 0 0 0 0 0 0 27 0 0 0 0 27 0 0 0 0 0 0 0 0 
20631 0 3 0 0 0 0 0 0 27 0 0 0 0 3 0 0 0 0 0 0 0 0 
20644 7 0 0 0 0 0 0 0 7 0 0 0 0 3 0 0 0 0 0 0 0 0 
20646 0 4 0 0 0 0 0 0 7 0 0 0 0 4 0 0 0 0 0 0 0 0 
20659 6 0 0 0 0 0 0 0 6 0 0 0 0 4 0 0 0 0 0 0 0 0 
20674 10 0 0 0 0 0 0 0 10 0 0 0 0 4 0 0 0 0 0 0 0 0 
20689 8 0 0 0 0 0 0 0 8 0 0 0 0 4 0 0 0 0 0 0 0 0 
20691 0 3 0 0 0 0 0 0 8 0 0 0 0 3 0 0 0 0 0 0 0 0 
20706 0 4 0 0 0 0 0 0 8 0 0 0 0 4 0 0 0 0 0 0 0 0 
20719 6 0 0 0 0 0 0 0 6 0 0 0 0 4 0 0 0 0 0 0 0 0 
20734 4 0 0 0 0 0 0 0 4 0 0 0 0 4 0 0 0 0 0 0 0 0 
20749 0 0 0 0 0 0 0 0 0 0 0 0 0 4 0 0 0 0 0 0 0 0 
20751 0 3 0 0 0 0 0 0 0 0 0 0 0 3 0 0 0 0 0 0 0 0 
20766 0 4 0 0 0 0 0 0 0 0 0 0 0 4 0 0 0 0 0 0 0 0 
20777 6 0 0 0 6 0 0 0 0 0 0 0 0 4 0 0 0 0 0 0 0 0 
20781 0 3 0 0 6 0 0 0 0 0 0 0 0 3 0 0 0 0 0 0 0 0 
20792 8 0 0 0 8 0 0 0 0 0 0 0 0 3 0 0 0 0 0 0 0 0 
20796 0 0 0 0 8 0 0 0 0 0 0 0 0 0 0 0 0 0 0 0 0 0 
20807 6 0 0 0 6 0 0 0 0 0 0 0 0 0 0 0 0 0 0 0 0 0 
20822 8 0 0 0 8 0 0 0 0 0 0 0 0 0 0 0 0 0 0 0 0 0 
20852 39 0 0 0 39 0 0 0 0 0 0 0 0 0 0 0 0 0 0 0 0 0 
20867 5 0 0 0 5 0 0 0 0 0 0 0 0 0 0 0 0 0 0 0 0 0 
20897 37 0 0 0 37 0 0 0 0 0 0 0 0 0 0 0 0 0 0 0 0 0 
20912 10 0 0 0 10 0 0 0 0 0 0 0 0 0 0 0 0 0 0 0 0 0 
20927 6 0 0 0 6 0 0 0 0 0 0 0 0 0 0 0 0 0 0 0 0 0 
20935 0 4 0 0 6 0 0 0 0 0 0 0 0 0 0 0 0 0 0 0 0 4 
20942 5 0 0 0 5 0 0 0 0 0 0 0 0 0 0 0 0 0 0 0 0 4 
20950 0 10 0 0 5 0 0 0 0 0 0 0 0 0 0 0 0 0 0 0 0 10 
20957 0 0 0 0 0 0 0 0 0 0 0 0 0 0 0 0 0 0 0 0 0 10 
20965 0 7 0 0 0 0 0 0 0 0 0 0 0 0 0 0 0 0 0 0 0 7 
20995 0 0 0 0 0 0 0 0 0 0 0 0 0 0 0 0 0 0 0 0 0 0 
21037 2 0 0 0 0 0 0 0 0 0 0 0 0 0 2 0 0 0 0 0 0 0 
21052 8 0 0 0 0 0 0 0 0 0 0 0 0 0 8 0 0 0 0 0 0 0 
21067 6 0 0 0 0 0 0 0 0 0 0 0 0 0 6 0 0 0 0 0 0 0 
21082 8 0 0 0 0 0 0 0 0 0 0 0 0 0 8 0 0 0 0 0 0 0 
21127 6 0 0 0 0 0 0 0 0 0 0 0 0 0 6 0 0 0 0 0 0 0 
21142 8 0 0 0 0 0 0 0 0 0 0 0 0 0 8 0 0 0 0 0 0 0 
21157 5 0 0 0 0 0 0 0 0 0 0 0 0 0 5 0 0 0 0 0 0 0 
21172 29 0 0 0 0 0 0 0 0 0 0 0 0 0 29 0 0 0 0 0 0 0 
21187 6 0 0 0 0 0 0 0 0 0 0 0 0 0 6 0 0 0 0 0 0 0 
21202 8 0 0 0 0 0 0 0 0 0 0 0 0 0 8 0 0 0 0 0 0 0 
21247 6 0 0 0 0 0 0 0 0 0 0 0 0 0 6 0 0 0 0 0 0 0 
21262 8 0 0 0 0 0 0 0 0 0 0 0 0 0 8 0 0 0 0 0 0 0 
21277 10 0 0 0 0 0 0 0 0 0 0 0 0 0 10 0 0 0 0 0 0 0 
21290 4 0 0 0 0 0 0 0 0 0 4 0 0 0 10 0 0 0 0 0 0 0 
21292 6 0 0 0 0 0 0 0 0 0 4 0 0 0 6 0 0 0 0 0 0 0 
21307 3 0 0 0 0 0 0 0 0 0 6 0 0 0 0 0 0 0 0 0 0 0 
21335 0 0 0 0 0 0 0 0 0 0 0 0 0 0 0 0 0 0 0 0 0 0 
21963 0 6 0 0 0 0 0 6 0 0 0 0 0 0 0 0 0 0 0 0 0 0 
21978 0 4 0 0 0 0 0 4 0 0 0 0 0 0 0 0 0 0 0 0 0 0 
21993 0 16 0 0 0 0 0 16 0 0 0 0 0 0 0 0 0 0 0 0 0 0 
22008 0 2 0 0 0 0 0 2 0 0 0 0 0 0 0 0 0 0 0 0 0 0 
22023 0 0 0 0 0 0 0 0 0 0 0 0 0 0 0 0 0 0 0 0 0 0 
22038 0 8 0 0 0 0 0 8 0 0 0 0 0 0 0 0 0 0 0 0 0 0 
22068 0 12 0 0 0 0 0 12 0 0 0 0 0 0 0 0 0 0 0 0 0 0 
22083 0 1 0 0 0 0 0 1 0 0 0 0 0 0 0 0 0 0 0 0 0 0 
22098 0 4 0 0 0 0 0 4 0 0 0 0 0 0 0 0 0 0 0 0 0 0 
22128 0 6 0 0 0 0 0 6 0 0 0 0 0 0 0 0 0 0 0 0 0 0 
22143 0 5 0 0 0 0 0 5 0 0 0 0 0 0 0 0 0 0 0 0 0 0 
22158 0 0 0 0 0 0 0 0 0 0 0 0 0 0 0 0 0 0 0 0 0 0 
22173 0 4 0 0 0 0 0 4 0 0 0 0 0 0 0 0 0 0 0 0 0 0 
22203 0 5 0 0 0 0 0 5 0 0 0 0 0 0 0 0 0 0 0 0 0 0 
22218 0 4 0 0 0 0 0 4 0 0 0 0 0 0 0 0 0 0 0 0 0 0 
22233 0 3 0 0 0 0 0 3 0 0 0 0 0 0 0 0 0 0 0 0 0 0 
22248 0 0 0 0 0 0 0 0 0 0 0 0 0 0 0 0 0 0 0 0 0 0 
22383 0 5 0 0 0 0 0 5 0 0 0 0 0 0 0 0 0 0 0 0 0 0 
22398 0 4 0 0 0 0 0 4 0 0 0 0 0 0 0 0 0 0 0 0 0 0 
22443 0 3 0 0 0 0 0 3 0 0 0 0 0 0 0 0 0 0 0 0 0 0 
22458 0 4 0 0 0 0 0 4 0 0 0 0 0 0 0 0 0 0 0 0 0 0 
22473 0 1 0 0 0 0 0 1 0 0 0 0 0 0 0 0 0 0 0 0 0 0 
22488 0 0 0 0 0 0 0 0 0 0 0 0 0 0 0 0 0 0 0 0 0 0 
23330 6 0 0 0 0 0 0 0 0 0 6 0 0 0 0 0 0 0 0 0 0 0 
23345 26 0 0 0 0 0 0 0 0 0 26 0 0 0 0 0 0 0 0 0 0 0 
23360 8 0 0 0 0 0 0 0 0 0 8 0 0 0 0 0 0 0 0 0 0 0 
23404 2 0 0 0 0 0 0 0 2 0 8 0 0 0 0 0 0 0 0 0 0 0 
23405 6 0 0 0 0 0 0 0 2 0 6 0 0 0 0 0 0 0 0 0 0 0 
23419 0 0 0 0 0 0 0 0 0 0 6 0 0 0 0 0 0 0 0 0 0 0 
23420 5 0 0 0 0 0 0 0 0 0 5 0 0 0 0 0 0 0 0 0 0 0 
23435 0 0 0 0 0 0 0 0 0 0 0 0 0 0 0 0 0 0 0 0 0 0 
23585 25 0 0 0 0 0 0 0 0 0 25 0 0 0 0 0 0 0 0 0 0 0 
23600 9 0 0 0 0 0 0 0 0 0 9 0 0 0 0 0 0 0 0 0 0 0 
23615 6 0 0 0 0 0 0 0 0 0 6 0 0 0 0 0 0 0 0 0 0 0 
23645 0 0 0 0 0 0 0 0 0 0 0 0 0 0 0 0 0 0 0 0 0 0 
24466 0 7 0 7 0 0 0 0 0 0 0 0 0 0 0 0 0 0 0 0 0 0 
24481 0 6 0 6 0 0 0 0 0 0 0 0 0 0 0 0 0 0 0 0 0 0 
24496 0 14 0 14 0 0 0 0 0 0 0 0 0 0 0 0 0 0 0 0 0 0 
24511 0 1 0 1 0 0 0 0 0 0 0 0 0 0 0 0 0 0 0 0 0 0 
24526 0 8 0 8 0 0 0 0 0 0 0 0 0 0 0 0 0 0 0 0 0 0 
24556 0 12 0 12 0 0 0 0 0 0 0 0 0 0 0 0 0 0 0 0 0 0 
24571 0 1 0 1 0 0 0 0 0 0 0 0 0 0 0 0 0 0 0 0 0 0 
24586 0 4 0 4 0 0 0 0 0 0 0 0 0 0 0 0 0 0 0 0 0 0 
24588 0 13 0 4 0 0 0 13 0 0 0 0 0 0 0 0 0 0 0 0 0 0 
24603 0 3 0 4 0 0 0 3 0 0 0 0 0 0 0 0 0 0 0 0 0 0 
24616 0 6 0 6 0 0 0 3 0 0 0 0 0 0 0 0 0 0 0 0 0 0 
24618 0 4 0 6 0 0 0 4 0 0 0 0 0 0 0 0 0 0 0 0 0 0 
24631 0 5 0 5 0 0 0 4 0 0 0 0 0 0 0 0 0 0 0 0 0 0 
24646 0 0 0 0 0 0 0 4 0 0 0 0 0 0 0 0 0 0 0 0 0 0 
24661 0 4 0 4 0 0 0 4 0 0 0 0 0 0 0 0 0 0 0 0 0 0 
24663 0 3 0 4 0 0 0 3 0 0 0 0 0 0 0 0 0 0 0 0 0 0 
24678 0 4 0 4 0 0 0 4 0 0 0 0 0 0 0 0 0 0 0 0 0 0 
24691 0 5 0 5 0 0 0 4 0 0 0 0 0 0 0 0 0 0 0 0 0 0 
24706 0 4 0 4 0 0 0 4 0 0 0 0 0 0 0 0 0 0 0 0 0 0 
24708 0 3 0 4 0 0 0 3 0 0 0 0 0 0 0 0 0 0 0 0 0 0 
24723 0 1.5 0 3 0 0 0 0 0 0 0 0 0 0 0 0 0 0 0 0 0 0 
24736 0 0 0 0 0 0 0 0 0 0 0 0 0 0 0 0 0 0 0 0 0 0 
25021 0 4 0 4 0 0 0 0 0 0 0 0 0 0 0 0 0 0 0 0 0 0 
25051 0 3 0 3 0 0 0 0 0 0 0 0 0 0 0 0 0 0 0 0 0 0 
25066 0 4 0 4 0 0 0 0 0 0 0 0 0 0 0 0 0 0 0 0 0 0 
25081 0 15 0 15 0 0 0 0 0 0 0 0 0 0 0 0 0 0 0 0 0 0 
25096 0 6 0 6 0 0 0 0 0 0 0 0 0 0 0 0 0 0 0 0 0 0 
25111 0 3 0 3 0 0 0 0 0 0 0 0 0 0 0 0 0 0 0 0 0 0 
25126 0 5 0 5 0 0 0 0 0 0 0 0 0 0 0 0 0 0 0 0 0 0 
25141 0 2 0 2 0 0 0 0 0 0 0 0 0 0 0 0 0 0 0 0 0 0 
25156 0 0 0 0 0 0 0 0 0 0 0 0 0 0 0 0 0 0 0 0 0 0 
25624 7 0 0 0 0 0 0 0 7 0 0 0 0 0 0 0 0 0 0 0 0 0 
25639 3 0 0 0 0 0 0 0 3 0 0 0 0 0 0 0 0 0 0 0 0 0 
25654 6 0 0 0 0 0 0 0 6 0 0 0 0 0 0 0 0 0 0 0 0 0 
25669 3 0 0 0 0 0 0 0 0 0 0 0 6 0 0 0 0 0 0 0 0 0 
25671 4 0 0 0 0 0 0 0 0 0 0 0 4 0 0 0 0 0 0 0 0 0 
25686 6 0 0 0 0 0 0 0 0 0 0 0 6 0 0 0 0 0 0 0 0 0 
25701 0 0 0 0 0 0 0 0 0 0 0 0 0 0 0 0 0 0 0 0 0 0 
25817 6 0 0 0 6 0 0 0 0 0 0 0 0 0 0 0 0 0 0 0 0 0 
25847 4 0 0 0 4 0 0 0 0 0 0 0 0 0 0 0 0 0 0 0 0 0 
25862 0 0 0 0 0 0 0 0 0 0 0 0 0 0 0 0 0 0 0 0 0 0 
26342 4 0 0 0 4 0 0 0 0 0 0 0 0 0 0 0 0 0 0 0 0 0 
26357 8 0 0 0 8 0 0 0 0 0 0 0 0 0 0 0 0 0 0 0 0 0 
26387 6 0 0 0 6 0 0 0 0 0 0 0 0 0 0 0 0 0 0 0 0 0 
26402 8 0 0 0 8 0 0 0 0 0 0 0 0 0 0 0 0 0 0 0 0 0 
26417 10 0 0 0 10 0 0 0 0 0 0 0 0 0 0 0 0 0 0 0 0 0 
26432 8 0 0 0 8 0 0 0 0 0 0 0 0 0 0 0 0 0 0 0 0 0 
26447 6 0 0 0 6 0 0 0 0 0 0 0 0 0 0 0 0 0 0 0 0 0 
26462 8 0 0 0 8 0 0 0 0 0 0 0 0 0 0 0 0 0 0 0 0 0 
26477 4 0 0 0 4 0 0 0 0 0 0 0 0 0 0 0 0 0 0 0 0 0 
26492 0 0 0 0 0 0 0 0 0 0 0 0 0 0 0 0 0 0 0 0 0 0 
26763 0 14 0 0 0 0 0 14 0 0 0 0 0 0 0 0 0 0 0 0 0 0 
26778 0 4 0 0 0 0 0 4 0 0 0 0 0 0 0 0 0 0 0 0 0 0 
26823 0 14 0 0 0 0 0 14 0 0 0 0 0 0 0 0 0 0 0 0 0 0 
26838 0 4 0 0 0 0 0 4 0 0 0 0 0 0 0 0 0 0 0 0 0 0 
26853 0 1 0 0 0 0 0 1 0 0 0 0 0 0 0 0 0 0 0 0 0 0 
26868 0 0 0 0 0 0 0 0 0 0 0 0 0 0 0 0 0 0 0 0 0 0 
26995 0 2 0 0 0 0 0 0 0 0 0 0 0 0 0 0 0 0 0 0 0 2 
