# ValueCount deltaRoads
10 0 0 0 0 0 0 0 0 0 0 0 0 0 0 0 0 0 0 0 0 0 0 
121 1 6 1 6 1 0 1 0 1 0 1 0 1 0 1 0 1 0 1 0 1 0 
144 2 5.66667 2 6 2 6 2 0 2 0 2 6 2 0 2 0 2 0 2 5 2 0 
151 3 4 3 4 3 6 3 0 3 0 3 6 3 0 3 0 3 0 3 5 3 0 
159 4 3.66667 4 4 4 4 4 0 4 0 4 4 4 0 4 0 4 0 4 3 4 0 
166 5 0 5 0 5 4 5 0 5 0 5 4 5 0 5 0 5 0 5 3 5 0 
174 6 2 6 0 6 0 6 0 6 0 6 0 6 0 6 0 6 0 6 6 6 0 
189 7 0 7 0 7 0 7 0 7 0 7 0 7 0 7 0 7 0 7 0 7 0 
407 8 2 8 0 8 2 8 0 8 0 8 0 8 0 8 0 8 0 8 0 8 0 
422 9 8 9 0 9 8 9 0 9 0 9 0 9 0 9 0 9 0 9 0 9 0 
467 10 6 10 0 10 6 10 0 10 0 10 0 10 0 10 0 10 0 10 0 10 0 
482 11 8 11 0 11 8 11 0 11 0 11 0 11 0 11 0 11 0 11 0 11 0 
512 12 6 12 0 12 6 12 0 12 0 12 0 12 0 12 0 12 0 12 0 12 0 
527 13 0 13 0 13 0 13 0 13 0 13 0 13 0 13 0 13 0 13 0 13 0 
2424 14 1 14 0 14 0 14 0 14 0 14 0 14 0 14 0 14 0 14 1 14 0 
2439 15 6 15 0 15 0 15 0 15 0 15 0 15 0 15 0 15 0 15 6 15 0 
2454 16 8 16 0 16 0 16 0 16 0 16 0 16 0 16 0 16 0 16 8 16 0 
2499 17 6 17 0 17 0 17 0 17 0 17 0 17 0 17 0 17 0 17 6 17 0 
2514 18 8 18 0 18 0 18 0 18 0 18 0 18 0 18 0 18 0 18 8 18 0 
2559 19 6 19 0 19 0 19 0 19 0 19 0 19 0 19 0 19 0 19 6 19 0 
2574 20 9 20 0 20 0 20 0 20 0 20 0 20 0 20 0 20 0 20 9 20 0 
2589 21 7 21 0 21 0 21 0 21 0 21 0 21 0 21 0 21 0 21 7 21 0 
2604 22 8 22 0 22 0 22 0 22 0 22 0 22 0 22 0 22 0 22 8 22 0 
2649 23 6 23 0 23 0 23 0 23 0 23 0 23 0 23 0 23 0 23 6 23 0 
2664 24 4 24 0 24 0 24 0 24 0 24 0 24 0 24 0 24 0 24 4 24 0 
2679 25 0 25 0 25 0 25 0 25 0 25 0 25 0 25 0 25 0 25 0 25 0 
3046 26 6 26 6 26 0 26 0 26 0 26 0 26 0 26 0 26 0 26 0 26 0 
3061 27 9 27 9 27 0 27 0 27 0 27 0 27 0 27 0 27 0 27 0 27 0 
3076 28 7 28 7 28 0 28 0 28 0 28 0 28 0 28 0 28 0 28 0 28 0 
3091 29 6 29 6 29 0 29 0 29 0 29 0 29 0 29 0 29 0 29 0 29 0 
3106 30 10 30 10 30 0 30 0 30 0 30 0 30 0 30 0 30 0 30 0 30 0 
3136 31 8 31 8 31 0 31 0 31 0 31 0 31 0 31 0 31 0 31 0 31 0 
3151 32 89 32 89 32 0 32 0 32 0 32 0 32 0 32 0 32 0 32 0 32 0 
3166 33 9 33 9 33 0 33 0 33 0 33 0 33 0 33 0 33 0 33 0 33 0 
3181 34 8 34 8 34 0 34 0 34 0 34 0 34 0 34 0 34 0 34 0 34 0 
3211 35 6 35 6 35 0 35 0 35 0 35 0 35 0 35 0 35 0 35 0 35 0 
3226 36 8 36 8 36 0 36 0 36 0 36 0 36 0 36 0 36 0 36 0 36 0 
3271 37 6 37 6 37 0 37 0 37 0 37 0 37 0 37 0 37 0 37 0 37 0 
3286 38 8 38 8 38 0 38 0 38 0 38 0 38 0 38 0 38 0 38 0 38 0 
3316 39 6 39 6 39 0 39 0 39 0 39 0 39 0 39 0 39 0 39 0 39 0 
3331 40 0 40 0 40 0 40 0 40 0 40 0 40 0 40 0 40 0 40 0 40 0 
5960 41 6 41 0 41 0 41 0 41 0 41 6 41 0 41 0 41 0 41 0 41 0 
5990 42 8 42 0 42 0 42 0 42 0 42 8 42 0 42 0 42 0 42 0 42 0 
6035 43 6 43 0 43 0 43 0 43 0 43 6 43 0 43 0 43 0 43 0 43 0 
6050 44 8 44 0 44 0 44 0 44 0 44 8 44 0 44 0 44 0 44 0 44 0 
6080 45 12 45 0 45 0 45 0 45 0 45 12 45 0 45 0 45 0 45 0 45 0 
6082 46 4 46 0 46 0 46 0 46 0 46 12 46 0 46 4 46 0 46 0 46 0 
6095 47 6 47 0 47 0 47 0 47 0 47 6 47 0 47 4 47 0 47 0 47 0 
6110 48 7 48 0 48 0 48 0 48 0 48 8 48 0 48 6 48 0 48 0 48 0 
6125 49 10 49 0 49 0 49 0 49 0 49 10 49 0 49 6 49 0 49 0 49 0 
6127 50 0 50 0 50 0 50 0 50 0 50 10 50 0 50 0 50 0 50 0 50 0 
6140 51 43 51 0 51 0 51 0 51 0 51 43 51 0 51 0 51 0 51 0 51 0 
6155 52 5 52 0 52 0 52 0 52 0 52 5 52 0 52 0 52 0 52 0 52 0 
6170 53 8 53 0 53 0 53 0 53 0 53 8 53 0 53 0 53 0 53 0 53 0 
6215 54 6 54 0 54 0 54 0 54 0 54 6 54 0 54 0 54 0 54 0 54 0 
6230 55 10 55 0 55 0 55 0 55 0 55 10 55 0 55 0 55 0 55 0 55 0 
6256 56 2 56 2 56 0 56 0 56 0 56 10 56 0 56 0 56 0 56 0 56 0 
6260 57 6 57 2 57 0 57 0 57 0 57 6 57 0 57 0 57 0 57 0 57 0 
6271 58 0 58 0 58 0 58 0 58 0 58 6 58 0 58 0 58 0 58 0 58 0 
6290 59 8 59 0 59 0 59 0 59 0 59 8 59 0 59 0 59 0 59 0 59 0 
6305 60 0 60 0 60 0 60 0 60 0 60 0 60 0 60 0 60 0 60 0 60 0 
7539 61 2 61 0 61 0 61 0 61 0 61 0 61 0 61 0 61 0 61 2 61 0 
7554 62 6 62 0 62 0 62 0 62 0 62 0 62 0 62 0 62 0 62 6 62 0 
7584 63 2 63 0 63 0 63 0 63 0 63 0 63 0 63 0 63 0 63 2 63 0 
7599 64 0 64 0 64 0 64 0 64 0 64 0 64 0 64 0 64 0 64 0 64 0 
7611 65 8 65 0 65 0 65 0 65 0 65 0 65 8 65 0 65 0 65 0 65 0 
7626 66 6 66 0 66 0 66 0 66 0 66 0 66 6 66 0 66 0 66 0 66 0 
7641 67 4 67 0 67 0 67 0 67 0 67 0 67 4 67 0 67 0 67 0 67 0 
7656 68 0 68 0 68 0 68 0 68 0 68 0 68 0 68 0 68 0 68 0 68 0 
8191 69 4 69 4 69 0 69 0 69 0 69 0 69 0 69 0 69 0 69 0 69 0 
8206 70 6 70 6 70 0 70 0 70 0 70 0 70 0 70 0 70 0 70 0 70 0 
8236 71 0 71 0 71 0 71 0 71 0 71 0 71 0 71 0 71 0 71 0 71 0 
8244 72 2 72 0 72 0 72 0 72 0 72 0 72 0 72 0 72 0 72 2 72 0 
8259 73 104 73 0 73 0 73 0 73 0 73 0 73 0 73 0 73 0 73 104 73 0 
8274 74 10 74 0 74 0 74 0 74 0 74 0 74 0 74 0 74 0 74 10 74 0 
8289 75 8 75 0 75 0 75 0 75 0 75 0 75 0 75 0 75 0 75 8 75 0 
8304 76 10 76 0 76 0 76 0 76 0 76 0 76 0 76 0 76 0 76 10 76 0 
8319 77 65 77 0 77 0 77 0 77 0 77 0 77 0 77 0 77 0 77 65 77 0 
8349 78 8 78 0 78 0 78 0 78 0 78 0 78 0 78 0 78 0 78 8 78 0 
8364 79 0 79 0 79 0 79 0 79 0 79 0 79 0 79 0 79 0 79 0 79 0 
8629 80 8 80 0 80 0 80 0 80 8 80 0 80 0 80 0 80 0 80 0 80 0 
8644 81 4 81 0 81 0 81 0 81 4 81 0 81 0 81 0 81 0 81 0 81 0 
8659 82 7 82 0 82 0 82 0 82 7 82 0 82 0 82 0 82 0 82 0 82 0 
8674 83 -3 83 0 83 0 83 0 83 -3 83 0 83 0 83 0 83 0 83 0 83 0 
8689 84 -8 84 0 84 0 84 0 84 -8 84 0 84 0 84 0 84 0 84 0 84 0 
8704 85 -4 85 0 85 0 85 0 85 -4 85 0 85 0 85 0 85 0 85 0 85 0 
8719 86 0 86 0 86 0 86 0 86 0 86 0 86 0 86 0 86 0 86 0 86 0 
8886 87 2 87 0 87 0 87 0 87 0 87 0 87 2 87 0 87 0 87 0 87 0 
8901 88 130 88 0 88 0 88 0 88 0 88 0 88 130 88 0 88 0 88 0 88 0 
8916 89 8 89 0 89 0 89 0 89 0 89 0 89 8 89 0 89 0 89 0 89 0 
8931 90 6 90 0 90 0 90 0 90 0 90 0 90 6 90 0 90 0 90 0 90 0 
8946 91 8 91 0 91 0 91 0 91 0 91 0 91 8 91 0 91 0 91 0 91 0 
8976 92 10 92 0 92 0 92 0 92 0 92 0 92 10 92 0 92 0 92 0 92 0 
8991 93 6 93 0 93 0 93 0 93 0 93 0 93 6 93 0 93 0 93 0 93 0 
9006 94 162 94 0 94 0 94 0 94 0 94 0 94 162 94 0 94 0 94 0 94 0 
9021 95 3 95 0 95 0 95 0 95 0 95 0 95 3 95 0 95 0 95 0 95 0 
9036 96 0 96 0 96 0 96 0 96 0 96 0 96 0 96 0 96 0 96 0 96 0 
10150 97 4 97 0 97 0 97 0 97 0 97 0 97 0 97 0 97 0 97 0 97 4 
10165 98 6 98 0 98 0 98 0 98 0 98 0 98 0 98 0 98 0 98 0 98 6 
10180 99 7 99 0 99 0 99 0 99 0 99 0 99 0 99 0 99 0 99 0 99 7 
10195 100 1 100 0 100 0 100 0 100 0 100 0 100 0 100 0 100 0 100 0 100 1 
10210 101 0 101 0 101 0 101 0 101 0 101 0 101 0 101 0 101 0 101 0 101 0 
10990 102 4 102 0 102 0 102 0 102 0 102 0 102 0 102 0 102 0 102 0 102 4 
11004 103 2 103 0 103 0 103 0 103 0 103 0 103 0 103 0 103 0 103 2 103 4 
11005 104 3 104 0 104 0 104 0 104 0 104 0 104 0 104 0 104 0 104 2 104 3 
11019 105 0 105 0 105 0 105 0 105 0 105 0 105 0 105 0 105 0 105 0 105 3 
11020 106 29 106 0 106 0 106 0 106 0 106 0 106 0 106 0 106 0 106 0 106 29 
11034 107 2 107 0 107 0 107 0 107 0 107 0 107 0 107 0 107 0 107 2 107 29 
11035 108 4 108 0 108 0 108 0 108 0 108 0 108 0 108 0 108 0 108 2 108 4 
11049 109 0 109 0 109 0 109 0 109 0 109 0 109 0 109 0 109 0 109 0 109 4 
11050 110 6 110 0 110 0 110 0 110 0 110 0 110 0 110 0 110 0 110 0 110 6 
11065 111 0 111 0 111 0 111 0 111 0 111 0 111 0 111 0 111 0 111 0 111 0 
11512 112 4 112 0 112 0 112 0 112 0 112 0 112 0 112 4 112 0 112 0 112 0 
11527 113 6 113 0 113 0 113 0 113 0 113 0 113 0 113 6 113 0 113 0 113 0 
11542 114 8 114 0 114 0 114 0 114 0 114 0 114 0 114 8 114 0 114 0 114 0 
11611 115 6 115 6 115 0 115 0 115 0 115 0 115 0 115 8 115 0 115 0 115 0 
11617 116 106 116 6 116 0 116 0 116 0 116 0 116 0 116 106 116 0 116 0 116 0 
11626 117 10 117 10 117 0 117 0 117 0 117 0 117 0 117 106 117 0 117 0 117 0 
11632 118 8 118 10 118 0 118 0 118 0 118 0 118 0 118 8 118 0 118 0 118 0 
11671 119 6 119 6 119 0 119 0 119 0 119 0 119 0 119 8 119 0 119 0 119 0 
11672 120 2 120 6 120 2 120 0 120 0 120 0 120 0 120 8 120 0 120 0 120 0 
11677 121 5 121 6 121 2 121 0 121 0 121 0 121 0 121 5 121 0 121 0 121 0 
11686 122 8 122 8 122 2 122 0 122 0 122 0 122 0 122 5 122 0 122 0 122 0 
11687 123 5 123 8 123 5 123 0 123 0 123 0 123 0 123 5 123 0 123 0 123 0 
11692 124 55 124 8 124 5 124 0 124 0 124 0 124 0 124 55 124 0 124 0 124 0 
11701 125 3 125 3 125 5 125 0 125 0 125 0 125 0 125 55 125 0 125 0 125 0 
11702 126 7 126 3 126 7 126 0 126 0 126 0 126 0 126 55 126 0 126 0 126 0 
11707 127 6 127 3 127 7 127 0 127 0 127 0 127 0 127 6 127 0 127 0 127 0 
11716 128 29 128 29 128 7 128 0 128 0 128 0 128 0 128 6 128 0 128 0 128 0 
11717 129 2 129 29 129 2 129 0 129 0 129 0 129 0 129 6 129 0 129 0 129 0 
11722 130 8 130 29 130 2 130 0 130 0 130 0 130 0 130 8 130 0 130 0 130 0 
11731 131 6 131 6 131 2 131 0 131 0 131 0 131 0 131 8 131 0 131 0 131 0 
11732 132 0 132 6 132 0 132 0 132 0 132 0 132 0 132 8 132 0 132 0 132 0 
11746 133 8 133 8 133 0 133 0 133 0 133 0 133 0 133 8 133 0 133 0 133 0 
11752 134 7 134 8 134 0 134 0 134 0 134 0 134 0 134 7 134 0 134 0 134 0 
11767 135 5 135 8 135 0 135 0 135 0 135 0 135 0 135 5 135 0 135 0 135 0 
11782 136 8 136 8 136 0 136 0 136 0 136 0 136 0 136 8 136 0 136 0 136 0 
11791 137 48 137 48 137 0 137 0 137 0 137 0 137 0 137 8 137 0 137 0 137 0 
11806 138 8 138 8 138 0 138 0 138 0 138 0 138 0 138 8 138 0 138 0 138 0 
11827 139 6 139 8 139 0 139 0 139 0 139 0 139 0 139 6 139 0 139 0 139 0 
11836 140 4 140 4 140 0 140 0 140 0 140 0 140 0 140 6 140 0 140 0 140 0 
11851 141 0 141 0 141 0 141 0 141 0 141 0 141 0 141 6 141 0 141 0 141 0 
12078 142 3 142 0 142 0 142 6 142 0 142 0 142 0 142 0 142 0 142 0 142 0 
12093 143 4 143 0 143 0 143 4 143 0 143 0 143 0 143 0 143 0 143 0 143 0 
12108 144 6 144 0 144 0 144 6 144 0 144 0 144 0 144 0 144 0 144 0 144 0 
12123 145 0 145 0 145 0 145 0 145 0 145 0 145 0 145 0 145 0 145 0 145 0 
13224 146 2 146 0 146 0 146 0 146 0 146 0 146 0 146 0 146 0 146 2 146 0 
13239 147 5 147 0 147 0 147 0 147 0 147 0 147 0 147 0 147 0 147 5 147 0 
13254 148 4 148 0 148 0 148 0 148 0 148 0 148 0 148 0 148 0 148 4 148 0 
13269 149 3 149 0 149 0 149 0 149 0 149 0 149 0 149 0 149 0 149 3 149 0 
13284 150 0 150 0 150 0 150 0 150 0 150 0 150 0 150 0 150 0 150 0 150 0 
13689 151 2 151 0 151 0 151 0 151 0 151 0 151 0 151 0 151 0 151 2 151 0 
13704 152 26 152 0 152 0 152 0 152 0 152 0 152 0 152 0 152 0 152 26 152 0 
13719 153 6 153 0 153 0 153 0 153 0 153 0 153 0 153 0 153 0 153 6 153 0 
13734 154 8 154 0 154 0 154 0 154 0 154 0 154 0 154 0 154 0 154 8 154 0 
13749 155 7 155 0 155 0 155 0 155 0 155 0 155 0 155 0 155 0 155 7 155 0 
13764 156 0 156 0 156 0 156 0 156 0 156 0 156 0 156 0 156 0 156 0 156 0 
13896 157 6 157 0 157 0 157 0 157 0 157 0 157 6 157 0 157 0 157 0 157 0 
13911 158 4 158 0 158 0 158 0 158 0 158 0 158 4 158 0 158 0 158 0 158 0 
13926 159 6 159 0 159 0 159 0 159 0 159 0 159 6 159 0 159 0 159 0 159 0 
13941 160 0 160 0 160 0 160 0 160 0 160 0 160 0 160 0 160 0 160 0 160 0 
14162 161 8 161 0 161 8 161 0 161 0 161 0 161 0 161 0 161 0 161 0 161 0 
14207 162 6 162 0 162 6 162 0 162 0 162 0 162 0 162 0 162 0 162 0 162 0 
14222 163 8 163 0 163 8 163 0 163 0 163 0 163 0 163 0 163 0 163 0 163 0 
14297 164 10 164 0 164 10 164 0 164 0 164 0 164 0 164 0 164 0 164 0 164 0 
14312 165 6 165 0 165 6 165 0 165 0 165 0 165 0 165 0 165 0 165 0 165 0 
14342 166 26 166 0 166 26 166 0 166 0 166 0 166 0 166 0 166 0 166 0 166 0 
14357 167 10 167 0 167 10 167 0 167 0 167 0 167 0 167 0 167 0 167 0 167 0 
14372 168 8 168 0 168 8 168 0 168 0 168 0 168 0 168 0 168 0 168 0 168 0 
14387 169 6 169 0 169 6 169 0 169 0 169 0 169 0 169 0 169 0 169 0 169 0 
14402 170 4 170 0 170 4 170 0 170 0 170 0 170 0 170 0 170 0 170 0 170 0 
14417 171 0 171 0 171 0 171 0 171 0 171 0 171 0 171 0 171 0 171 0 171 0 
15925 172 4 172 0 172 0 172 0 172 0 172 0 172 0 172 0 172 0 172 0 172 4 
15940 173 6 173 0 173 0 173 0 173 0 173 0 173 0 173 0 173 0 173 0 173 6 
15970 174 2 174 0 174 0 174 0 174 0 174 0 174 0 174 0 174 0 174 0 174 2 
15985 175 0 175 0 175 0 175 0 175 0 175 0 175 0 175 0 175 0 175 0 175 0 
16281 176 8 176 0 176 0 176 0 176 0 176 0 176 8 176 0 176 0 176 0 176 0 
16311 177 3 177 0 177 0 177 0 177 0 177 0 177 3 177 0 177 0 177 0 177 0 
16326 178 29 178 0 178 0 178 0 178 0 178 0 178 29 178 0 178 0 178 0 178 0 
16341 179 10 179 0 179 0 179 0 179 0 179 0 179 10 179 0 179 0 179 0 179 0 
16356 180 26 180 0 180 0 180 0 180 0 180 0 180 26 180 0 180 0 180 0 180 0 
16371 181 6 181 0 181 0 181 0 181 0 181 0 181 6 181 0 181 0 181 0 181 0 
16386 182 10 182 0 182 0 182 0 182 0 182 0 182 10 182 0 182 0 182 0 182 0 
16401 183 6 183 0 183 0 183 0 183 0 183 0 183 6 183 0 183 0 183 0 183 0 
16416 184 8 184 0 184 0 184 0 184 0 184 0 184 8 184 0 184 0 184 0 184 0 
16431 185 6 185 0 185 0 185 0 185 0 185 0 185 6 185 0 185 0 185 0 185 0 
16446 186 8 186 0 186 0 186 0 186 0 186 0 186 8 186 0 186 0 186 0 186 0 
16491 187 0 187 0 187 0 187 0 187 0 187 0 187 0 187 0 187 0 187 0 187 0 
16600 188 2 188 0 188 0 188 0 188 0 188 0 188 0 188 0 188 0 188 0 188 2 
16615 189 6 189 0 189 0 189 0 189 0 189 0 189 0 189 0 189 0 189 0 189 6 
16630 190 9 190 0 190 0 190 0 190 0 190 0 190 0 190 0 190 0 190 0 190 9 
16642 191 2 191 0 191 0 191 0 191 0 191 0 191 0 191 2 191 0 191 0 191 9 
16645 192 5 192 0 192 0 192 0 192 0 192 0 192 0 192 2 192 0 192 0 192 5 
16657 193 0 193 0 193 0 193 0 193 0 193 0 193 0 193 0 193 0 193 0 193 5 
16660 194 8 194 0 194 0 194 0 194 0 194 0 194 0 194 0 194 0 194 0 194 8 
16675 195 6 195 0 195 0 195 0 195 0 195 0 195 0 195 0 195 0 195 0 195 6 
16690 196 8 196 0 196 0 196 0 196 0 196 0 196 0 196 0 196 0 196 0 196 8 
16720 197 9 197 8 197 0 197 0 197 0 197 0 197 0 197 0 197 0 197 0 197 10 
16726 198 6 198 6 198 0 198 0 198 0 198 0 198 0 198 0 198 0 198 0 198 10 
16732 199 7 199 6 199 0 199 0 199 0 199 0 199 0 199 7 199 0 199 0 199 10 
16735 200 6 200 6 200 0 200 0 200 0 200 0 200 0 200 7 200 0 200 0 200 6 
16747 201 3 201 6 201 0 201 0 201 0 201 0 201 0 201 3 201 0 201 0 201 6 
16750 202 8 202 6 202 0 202 0 202 0 202 0 202 0 202 3 202 0 202 0 202 8 
16756 203 0 203 0 203 0 203 0 203 0 203 0 203 0 203 3 203 0 203 0 203 8 
16762 204 6 204 0 204 0 204 0 204 0 204 0 204 0 204 6 204 0 204 0 204 8 
16777 205 0 205 0 205 0 205 0 205 0 205 0 205 0 205 0 205 0 205 0 205 8 
16921 206 1 206 2 206 0 206 0 206 0 206 0 206 0 206 0 206 0 206 0 206 0 
16936 207 7 207 7 207 0 207 0 207 0 207 0 207 0 207 0 207 0 207 0 207 0 
16951 208 5 208 5 208 0 208 0 208 0 208 0 208 0 208 0 208 0 208 0 208 0 
16966 209 8 209 8 209 0 209 0 209 0 209 0 209 0 209 0 209 0 209 0 209 0 
16996 210 10 210 10 210 0 210 0 210 0 210 0 210 0 210 0 210 0 210 0 210 0 
17011 211 0 211 0 211 0 211 0 211 0 211 0 211 0 211 0 211 0 211 0 211 0 
17508 212 4 212 0 212 0 212 4 212 0 212 0 212 0 212 0 212 0 212 0 212 0 
17523 213 6 213 0 213 0 213 6 213 0 213 0 213 0 213 0 213 0 213 0 213 0 
17538 214 8 214 0 214 0 214 8 214 0 214 0 214 0 214 0 214 0 214 0 214 0 
17583 215 6 215 0 215 0 215 6 215 0 215 0 215 0 215 0 215 0 215 0 215 0 
17598 216 8 216 0 216 0 216 8 216 0 216 0 216 0 216 0 216 0 216 0 216 0 
17643 217 6 217 0 217 0 217 6 217 0 217 0 217 0 217 0 217 0 217 0 217 0 
17658 218 8 218 0 218 0 218 8 218 0 218 0 218 0 218 0 218 0 218 0 218 0 
17703 219 4 219 0 219 0 219 4 219 0 219 0 219 0 219 0 219 0 219 0 219 0 
17718 220 8 220 0 220 0 220 8 220 0 220 0 220 0 220 0 220 0 220 0 220 0 
17733 221 10 221 0 221 0 221 10 221 0 221 0 221 0 221 0 221 0 221 0 221 0 
17763 222 6 222 0 222 0 222 6 222 0 222 0 222 0 222 0 222 0 222 0 222 0 
17778 223 8 223 0 223 0 223 8 223 0 223 0 223 0 223 0 223 0 223 0 223 0 
17793 224 9 224 0 224 0 224 9 224 0 224 0 224 0 224 0 224 0 224 0 224 0 
17808 225 34 225 0 225 0 225 34 225 0 225 0 225 0 225 0 225 0 225 0 225 0 
17823 226 5 226 0 226 0 226 5 226 0 226 0 226 0 226 0 226 0 226 0 226 0 
17838 227 2 227 0 227 0 227 2 227 0 227 0 227 0 227 0 227 0 227 0 227 0 
17853 228 0 228 0 228 0 228 0 228 0 228 0 228 0 228 0 228 0 228 0 228 0 
18624 229 4 229 0 229 0 229 0 229 0 229 0 229 0 229 0 229 0 229 4 229 0 
18654 230 7 230 0 230 0 230 0 230 0 230 0 230 0 230 0 230 0 230 7 230 0 
18669 231 1 231 0 231 0 231 0 231 0 231 0 231 0 231 0 231 0 231 1 231 0 
18684 232 0 232 0 232 0 232 0 232 0 232 0 232 0 232 0 232 0 232 0 232 0 
19419 233 6 233 0 233 0 233 0 233 0 233 0 233 0 233 0 233 0 233 6 233 0 
19434 234 8 234 0 234 0 234 0 234 0 234 0 234 0 234 0 234 0 234 8 234 0 
19479 235 6 235 0 235 0 235 0 235 0 235 0 235 0 235 0 235 0 235 6 235 0 
19494 236 8 236 0 236 0 236 0 236 0 236 0 236 0 236 0 236 0 236 8 236 0 
19518 237 2 237 0 237 0 237 2 237 0 237 0 237 0 237 0 237 0 237 8 237 0 
19524 238 6 238 0 238 0 238 2 238 0 238 0 238 0 238 0 238 0 238 6 238 0 
19533 239 0 239 0 239 0 239 0 239 0 239 0 239 0 239 0 239 0 239 6 239 0 
19554 240 8 240 0 240 0 240 0 240 0 240 0 240 0 240 0 240 0 240 8 240 0 
19569 241 10 241 0 241 0 241 0 241 0 241 0 241 0 241 0 241 0 241 10 241 0 
19599 242 2 242 0 242 0 242 0 242 0 242 0 242 0 242 0 242 0 242 2 242 0 
19614 243 0 243 0 243 0 243 0 243 0 243 0 243 0 243 0 243 0 243 0 243 0 
20885 244 2 244 0 244 0 244 0 244 0 244 2 244 0 244 0 244 0 244 0 244 0 
20900 245 6 245 0 245 0 245 0 245 0 245 6 245 0 245 0 245 0 245 0 245 0 
20915 246 2 246 0 246 0 246 0 246 0 246 2 246 0 246 0 246 0 246 0 246 0 
20930 247 6 247 0 247 0 247 0 247 0 247 6 247 0 247 0 247 0 247 0 247 0 
20945 248 0 248 0 248 0 248 0 248 0 248 0 248 0 248 0 248 0 248 0 248 0 
21351 249 2 249 0 249 0 249 0 249 0 249 0 249 2 249 0 249 0 249 0 249 0 
21366 250 6 250 0 250 0 250 0 250 0 250 0 250 6 250 0 250 0 250 0 250 0 
21381 251 7 251 0 251 0 251 0 251 0 251 0 251 7 251 0 251 0 251 0 251 0 
21396 252 1 252 0 252 0 252 0 252 0 252 0 252 1 252 0 252 0 252 0 252 0 
21411 253 0 253 0 253 0 253 0 253 0 253 0 253 0 253 0 253 0 253 0 253 0 
21742 254 6 254 0 254 0 254 0 254 0 254 0 254 0 254 6 254 0 254 0 254 0 
21757 255 10 255 0 255 0 255 0 255 0 255 0 255 0 255 10 255 0 255 0 255 0 
21772 256 8 256 0 256 0 256 0 256 0 256 0 256 0 256 8 256 0 256 0 256 0 
21787 257 6 257 0 257 0 257 0 257 0 257 0 257 0 257 6 257 0 257 0 257 0 
21802 258 8 258 0 258 0 258 0 258 0 258 0 258 0 258 8 258 0 258 0 258 0 
21847 259 6 259 0 259 0 259 0 259 0 259 0 259 0 259 6 259 0 259 0 259 0 
21862 260 8 260 0 260 0 260 0 260 0 260 0 260 0 260 8 260 0 260 0 260 0 
21886 261 4 261 4 261 0 261 0 261 0 261 0 261 0 261 8 261 0 261 0 261 0 
21907 262 6 262 4 262 0 262 0 262 0 262 0 262 0 262 6 262 0 262 0 262 0 
21916 263 7 263 7 263 0 263 0 263 0 263 0 263 0 263 6 263 0 263 0 263 0 
21922 264 8 264 7 264 0 264 0 264 0 264 0 264 0 264 8 264 0 264 0 264 0 
21931 265 1 265 1 265 0 265 0 265 0 265 0 265 0 265 8 265 0 265 0 265 0 
21946 266 0 266 0 266 0 266 0 266 0 266 0 266 0 266 8 266 0 266 0 266 0 
21967 267 6 267 0 267 0 267 0 267 0 267 0 267 0 267 6 267 0 267 0 267 0 
21982 268 8 268 0 268 0 268 0 268 0 268 0 268 0 268 8 268 0 268 0 268 0 
21997 269 6 269 0 269 0 269 0 269 0 269 0 269 0 269 6 269 0 269 0 269 0 
22012 270 8 270 0 270 0 270 0 270 0 270 0 270 0 270 8 270 0 270 0 270 0 
22027 271 6 271 0 271 0 271 0 271 0 271 0 271 0 271 6 271 0 271 0 271 0 
22042 272 8 272 0 272 0 272 0 272 0 272 0 272 0 272 8 272 0 272 0 272 0 
22057 273 0 273 0 273 0 273 0 273 0 273 0 273 0 273 0 273 0 273 0 273 0 
22535 274 2 274 0 274 0 274 0 274 0 274 2 274 0 274 0 274 0 274 0 274 0 
22550 275 8 275 0 275 0 275 0 275 0 275 8 275 0 275 0 275 0 275 0 275 0 
22565 276 26 276 0 276 0 276 0 276 0 276 26 276 0 276 0 276 0 276 0 276 0 
22580 277 9 277 0 277 0 277 0 277 0 277 9 277 0 277 0 277 0 277 0 277 0 
22595 278 72 278 0 278 0 278 0 278 0 278 72 278 0 278 0 278 0 278 0 278 0 
22606 279 4 279 4 279 0 279 0 279 0 279 72 279 0 279 0 279 0 279 0 279 0 
22610 280 5 280 4 280 0 280 0 280 0 280 5 280 0 280 0 280 0 280 0 280 0 
22621 281 0 281 0 281 0 281 0 281 0 281 5 281 0 281 0 281 0 281 0 281 0 
22625 282 8 282 0 282 0 282 0 282 0 282 8 282 0 282 0 282 0 282 0 282 0 
22640 283 2 283 0 283 0 283 0 283 0 283 2 283 0 283 0 283 0 283 0 283 0 
22655 284 0 284 0 284 0 284 0 284 0 284 0 284 0 284 0 284 0 284 0 284 0 
23086 285 8 285 8 285 0 285 0 285 0 285 0 285 0 285 0 285 0 285 0 285 0 
23131 286 6 286 6 286 0 286 0 286 0 286 0 286 0 286 0 286 0 286 0 286 0 
23146 287 8 287 8 287 0 287 0 287 0 287 0 287 0 287 0 287 0 287 0 287 0 
23161 288 10 288 10 288 0 288 0 288 0 288 0 288 0 288 0 288 0 288 0 288 0 
23191 289 6 289 6 289 0 289 0 289 0 289 0 289 0 289 0 289 0 289 0 289 0 
23206 290 8 290 8 290 0 290 0 290 0 290 0 290 0 290 0 290 0 290 0 290 0 
23251 291 0 291 0 291 0 291 0 291 0 291 0 291 0 291 0 291 0 291 0 291 0 
24474 292 4 292 0 292 0 292 0 292 0 292 0 292 0 292 0 292 0 292 4 292 0 
24504 293 7 293 0 293 0 293 0 293 0 293 0 293 0 293 0 293 0 293 7 293 0 
24519 294 1 294 0 294 0 294 0 294 0 294 0 294 0 294 0 294 0 294 1 294 0 
24534 295 0 295 0 295 0 295 0 295 0 295 0 295 0 295 0 295 0 295 0 295 0 
25479 296 5 296 0 296 0 296 0 296 0 296 0 296 0 296 0 296 0 296 5 296 0 
25494 297 8 297 0 297 0 297 0 297 0 297 0 297 0 297 0 297 0 297 8 297 0 
25509 298 7 298 0 298 0 298 0 298 0 298 0 298 0 298 0 298 0 298 7 298 0 
25524 299 5 299 0 299 0 299 0 299 0 299 0 299 0 299 0 299 0 299 5 299 0 
25539 300 27 300 0 300 0 300 0 300 0 300 0 300 0 300 0 300 0 300 27 300 0 
25546 301 1 301 1 301 0 301 0 301 0 301 0 301 0 301 0 301 0 301 27 301 0 
25554 302 6 302 1 302 0 302 0 302 0 302 0 302 0 302 0 302 0 302 6 302 0 
25561 303 0 303 0 303 0 303 0 303 0 303 0 303 0 303 0 303 0 303 6 303 0 
25569 304 8 304 0 304 0 304 0 304 0 304 0 304 0 304 0 304 0 304 8 304 0 
25584 305 2 305 0 305 0 305 0 305 0 305 0 305 0 305 0 305 0 305 2 305 0 
25599 306 0 306 0 306 0 306 0 306 0 306 0 306 0 306 0 306 0 306 0 306 0 
