# deltaRoads deltaRailways
10 0 0 
121 6 0 
122 6 7 
123 8 7 
124 8 16 
137 8 19 
138 12 19 
139 12 17 
151 10 17 
153 8 17 
154 8 22 
166 4 22 
167 4 13 
168 2 13 
169 2 8 
182 2 7 
183 0 7 
184 0 6 
199 0 13 
214 0 2 
229 0 4 
259 0 5 
274 0 4 
289 0 3 
334 0 6 
349 0 4 
379 0 0 
664 0 1 
679 0 3 
694 0 4 
722 0 8 
739 0 5 
754 0 4 
767 0 3 
769 0 5 
782 0 6 
784 0 8 
799 0 7 
812 0 3 
814 0 4 
827 0 3 
842 0 4 
844 0 2 
859 0 0 
874 0 1 
889 0 4 
919 0 3 
934 0 4 
964 0 0 
1487 0 13 
1502 0 4 
1517 0 15 
1532 0 4 
1547 0 2 
1562 0 0 
4501 2 0 
4516 8 0 
4531 6 0 
4546 18 0 
4561 28 0 
4576 8 0 
4591 6 0 
4593 12 0 
4606 14 0 
4608 16 0 
4623 14 0 
4638 16 0 
4651 49 0 
4653 59 0 
4666 25 0 
4668 15 0 
4681 16 0 
4683 14 0 
4698 26 0 
4711 34 0 
4726 26 0 
4728 16 0 
4743 14 0 
4756 24 0 
4758 60 0 
4771 48 0 
4773 14 0 
4786 16 0 
4801 12 0 
4803 10 0 
4816 6 0 
4818 8 0 
4833 18 0 
4848 8 0 
4863 6 0 
4878 8 0 
4893 2 0 
4908 0 0 
5824 4 0 
5854 17 0 
5869 1 0 
5884 0 0 
6422 0 7 
6437 0 10 
6467 0 1 
6482 0 0 
7217 0 4 
7247 0 3 
7262 0 4 
7277 0 14 
7292 0 15 
7307 0 13 
7322 0 0 
7849 6 0 
7864 8 0 
7879 6 0 
7894 8 0 
7939 25 0 
7954 7 0 
7969 39 0 
7984 50 0 
7999 35 0 
8014 8 0 
8044 9 0 
8059 5 0 
8074 0 0 
9676 7 0 
9691 5 0 
9706 14 0 
9721 0 0 
9753 2 0 
9768 6 0 
9798 2 0 
9813 0 0 
10366 6 0 
10369 7 0 
10399 6 0 
10411 0 0 
12182 0 8 
12212 0 12 
12227 0 6 
12242 0 4 
12257 0 16 
12272 0 2 
12287 0 3 
12302 0 4 
12317 0 6 
12332 0 4 
12347 0 3 
12362 0 2 
12377 0 4 
12392 0 6 
12407 0 3 
12422 0 5 
12437 0 0 
12452 0 2 
12467 0 3 
12482 0 4 
12512 0 1 
12527 0 3 
12542 0 4 
12572 0 0 
12934 0 6 
12949 0 4 
12964 0 16 
12979 0 2 
12994 0 8 
13024 0 12 
13039 0 1 
13054 0 4 
13084 0 6 
13099 0 5 
13114 0 0 
13129 0 4 
13159 0 5 
13174 0 4 
13189 0 3 
13204 0 0 
13294 0 1 
13309 0 4 
13339 0 3 
13354 0 4 
13399 0 3 
13414 0 0 
13429 0 2 
13444 0 4 
13459 0 3 
13474 0 4 
13519 0 3 
13534 0 14 
13549 0 4 
13564 0 1 
13594 0 4 
13639 0 3 
13654 0 4 
13684 0 1 
13699 0 0 
14433 8 0 
14463 6 0 
14478 8 0 
14493 18 0 
14508 8 0 
14523 6 0 
14537 6 1 
14538 8 1 
14552 8 4 
14553 18 4 
14567 18 18 
14568 8 18 
14582 8 4 
14583 6 4 
14598 8 4 
14627 8 3 
14642 8 4 
14643 6 4 
14657 6 3 
14658 8 3 
14672 8 0 
14703 6 0 
14718 8 0 
14763 6 0 
14778 8 0 
14808 35 0 
14823 5 0 
14838 8 0 
14868 4 0 
14883 0 0 
15286 7 0 
15301 5 0 
15316 4 0 
15331 0 0 
16681 16 0 
16696 8 0 
16711 4 0 
16726 8 0 
16771 6 0 
16786 28 0 
16801 9 0 
16816 7 0 
16831 2 0 
16846 0 0 
18559 0 7 
18574 0 6 
18589 0 14 
18604 0 7 
18619 0 3 
18634 0 12 
18649 0 7 
18664 0 3 
18694 0 16 
18709 0 4 
18739 0 1 
18754 0 4 
18784 0 6 
18799 0 5 
18814 0 0 
18844 0 2 
18859 0 3 
18874 0 4 
18904 0 3 
18919 0 0 
18964 0 1 
18979 0 3 
18994 0 4 
19024 0 3 
19039 0 0 
19054 0 4 
19069 0 14 
19084 0 4 
19099 0 3 
19129 0 0 
19547 0 3 
19562 0 10 
19577 0 4 
19592 0 10 
19607 0 1 
19622 0 0 
19743 0 3 
19758 0 10 
19773 0 4 
19788 0 10 
19803 0 1 
19818 0 0 
21137 0 2 
21152 0 4 
21167 0 3 
21182 0 4 
21227 0 3 
21242 0 4 
21287 0 3 
21302 0 4 
21317 0 14 
21332 0 0 
21706 0 9 
21721 0 12 
21736 0 7 
21766 0 6 
21781 0 14 
21796 0 2 
21811 0 13 
21826 0 4 
21841 0 6 
21871 0 0 
21886 0 3 
21901 0 4 
21916 0 6 
21931 0 3 
21946 0 4 
21961 0 0 
22158 0 1 
22173 0 4 
22203 0 13 
22218 0 4 
22233 0 0 
22248 0 -1 
22263 0 0 
22411 0 3 
22426 0 2 
22441 0 -2 
22456 0 0 
22711 0 2 
22726 0 4 
22741 0 27 
22756 0 0 
23041 0 1 
23056 0 14 
23071 0 3 
23086 0 4 
23116 0 1 
23131 0 0 
23341 0 2 
23356 0 4 
23371 0 3 
23386 0 14 
23401 0 2 
23416 0 0 
23913 0 3 
23928 0 4 
23943 0 3 
23958 0 4 
23973 0 27 
23988 0 4 
24003 0 3 
24018 0 4 
24033 0 0 
26192 0 7 
26207 0 3 
26222 0 16 
26237 0 2 
26252 0 9 
26267 0 7 
26282 0 12 
26297 0 2 
26312 0 14 
26327 0 3 
26342 0 6 
26357 0 5 
26372 0 1 
26387 0 3 
26402 0 4 
26417 0 6 
26432 0 16 
26447 0 0 
