# deltaRoadVehicles deltaRailways
10 0 0 0 0 0 0 0 0 0 0 0 0 0 0 0 0 0 0 0 0 0 0 
121 0 7 0 7 0 0 0 0 0 0 0 0 0 0 0 0 0 0 0 0 0 0 
123 0 8 0 7 0 0 0 8 0 0 0 0 0 0 0 0 0 0 0 0 0 0 
124 0 9 0 7 0 0 0 8 0 9 0 0 0 0 0 0 0 0 0 0 0 0 
125 0 10 0 7 0 0 0 8 0 9 0 10 0 0 0 0 0 0 0 0 0 0 
126 0 7 0 7 0 0 0 8 0 9 0 10 0 7 0 0 0 0 0 0 0 0 
130 0 7.5 0 7 0 0 0 8 0 9 0 10 0 7 0 7 0 0 0 0 0 8 
136 0 10 0 10 0 0 0 8 0 9 0 10 0 7 0 7 0 0 0 0 0 8 
140 0 8 0 10 0 0 0 8 0 9 0 8 0 7 0 7 0 0 0 0 0 8 
141 0 10 0 10 0 0 0 8 0 9 0 8 0 10 0 7 0 0 0 0 0 8 
151 0 9.5 0 9 0 0 0 8 0 9 0 8 0 10 0 10 0 0 0 0 0 8 
153 0 12 0 9 0 0 0 12 0 9 0 8 0 10 0 10 0 0 0 0 0 8 
155 0 11.5 0 9 0 0 0 12 0 12 0 11 0 10 0 10 0 0 0 0 0 8 
160 0 12 0 9 0 0 0 12 0 12 0 11 0 10 0 10 0 0 0 0 0 12 
166 0 2 0 2 0 0 0 12 0 12 0 11 0 10 0 10 0 0 0 0 0 12 
168 0 7 0 2 0 0 0 7 0 12 0 11 0 10 0 10 0 0 0 0 0 12 
171 0 5 0 2 0 0 0 7 0 7 0 7 0 1 0 10 0 0 0 0 0 12 
172 0 1 0 2 0 0 0 7 0 7 0 7 0 1 0 1 0 0 0 0 0 12 
175 0 6 0 2 0 0 0 7 0 7 0 7 0 1 0 1 0 0 0 0 0 6 
181 0 0 0 0 0 0 0 7 0 7 0 7 0 1 0 1 0 0 0 0 0 6 
183 0 3 0 0 0 0 0 3 0 7 0 7 0 1 0 1 0 0 0 0 0 6 
184 0 6 0 0 0 0 0 3 0 6 0 7 0 1 0 1 0 0 0 0 0 6 
185 0 4 0 0 0 0 0 3 0 6 0 4 0 1 0 1 0 0 0 0 0 6 
186 0 0 0 0 0 0 0 3 0 6 0 4 0 0 0 1 0 0 0 0 0 6 
190 0 2 0 0 0 0 0 3 0 6 0 4 0 0 0 0 0 0 0 0 0 4 
198 0 16 0 0 0 0 0 16 0 6 0 4 0 0 0 0 0 0 0 0 0 4 
199 0 13 0 0 0 0 0 16 0 13 0 4 0 0 0 0 0 0 0 0 0 4 
200 0 16 0 0 0 0 0 16 0 13 0 16 0 0 0 0 0 0 0 0 0 4 
213 0 9 0 0 0 0 0 2 0 13 0 16 0 0 0 0 0 0 0 0 0 16 
214 0 2 0 0 0 0 0 2 0 2 0 16 0 0 0 0 0 0 0 0 0 16 
228 0 2.66667 0 0 0 0 0 4 0 2 0 2 0 0 0 0 0 0 0 0 0 2 
229 0 -16 0 0 0 0 0 4 0 -16 0 2 0 0 0 0 0 0 0 0 0 2 
230 0 3 0 0 0 0 0 4 0 -16 0 3 0 0 0 0 0 0 0 0 0 2 
244 0 -2 0 0 0 0 0 3 0 -12 0 3 0 0 0 0 0 0 0 0 0 3 
245 0 4 0 0 0 0 0 3 0 -12 0 4 0 0 0 0 0 0 0 0 0 3 
258 0 5 0 0 0 0 0 6 0 -12 0 4 0 0 0 0 0 0 0 0 0 4 
259 0 -16 0 0 0 0 0 6 0 -16 0 4 0 0 0 0 0 0 0 0 0 4 
260 0 6 0 0 0 0 0 6 0 -16 0 6 0 0 0 0 0 0 0 0 0 4 
273 0 5 0 0 0 0 0 4 0 -16 0 6 0 0 0 0 0 0 0 0 0 6 
274 0 -12 0 0 0 0 0 4 0 -12 0 6 0 0 0 0 0 0 0 0 0 6 
275 0 3 0 0 0 0 0 4 0 -12 0 3 0 0 0 0 0 0 0 0 0 6 
280 0 4 0 0 0 0 0 4 0 -12 0 3 0 0 0 0 0 0 0 0 0 4 
288 0 3 0 0 0 0 0 3 0 -12 0 3 0 0 0 0 0 0 0 0 0 4 
289 0 0 0 0 0 0 0 3 0 0 0 3 0 0 0 0 0 0 0 0 0 4 
290 0 4 0 0 0 0 0 3 0 0 0 4 0 0 0 0 0 0 0 0 0 4 
295 0 3 0 0 0 0 0 3 0 0 0 4 0 0 0 0 0 0 0 0 0 3 
303 0 2 0 0 0 0 0 2 0 0 0 4 0 0 0 0 0 0 0 0 0 3 
318 0 2.66667 0 0 0 0 0 4 0 0 0 2 0 0 0 0 0 0 0 0 0 2 
320 0 4 0 0 0 0 0 4 0 0 0 4 0 0 0 0 0 0 0 0 0 2 
333 0 5 0 0 0 0 0 6 0 0 0 4 0 0 0 0 0 0 0 0 0 4 
335 0 3 0 0 0 0 0 6 0 0 0 3 0 0 0 0 0 0 0 0 0 4 
340 0 6 0 0 0 0 0 6 0 0 0 3 0 0 0 0 0 0 0 0 0 6 
348 0 4 0 0 0 0 0 4 0 0 0 3 0 0 0 0 0 0 0 0 0 6 
350 0 6 0 0 0 0 0 4 0 0 0 6 0 0 0 0 0 0 0 0 0 6 
355 0 3 0 0 0 0 0 4 0 0 0 6 0 0 0 0 0 0 0 0 0 3 
365 0 5 0 0 0 0 0 4 0 0 0 5 0 0 0 0 0 0 0 0 0 3 
378 0 2.5 0 0 0 0 0 0 0 0 0 5 0 0 0 0 0 0 0 0 0 5 
380 0 0 0 0 0 0 0 0 0 0 0 0 0 0 0 0 0 0 0 0 0 5 
490 0 3 0 0 0 0 0 0 0 0 0 0 0 0 0 0 0 0 0 0 0 3 
505 0 4 0 0 0 0 0 0 0 0 0 0 0 0 0 0 0 0 0 0 0 4 
535 0 3 0 0 0 0 0 0 0 0 0 0 0 0 0 0 0 0 0 0 0 3 
550 0 4 0 0 0 0 0 0 0 0 0 0 0 0 0 0 0 0 0 0 0 4 
565 0 1 0 0 0 0 0 0 0 0 0 0 0 0 0 0 0 0 0 0 0 1 
580 0 0 0 0 0 0 0 0 0 0 0 0 0 0 0 0 0 0 0 0 0 0 
902 1 0 0 0 1 0 0 0 0 0 0 0 0 0 0 0 0 0 0 0 0 0 
932 2 0 0 0 2 0 0 0 0 0 0 0 0 0 0 0 0 0 0 0 0 0 
947 1 0 0 0 1 0 0 0 0 0 0 0 0 0 0 0 0 0 0 0 0 0 
962 0 0 0 0 0 0 0 0 0 0 0 0 0 0 0 0 0 0 0 0 0 0 
1143 0 1 0 0 0 0 0 1 0 0 0 0 0 0 0 0 0 0 0 0 0 0 
1158 0 2.5 0 1 0 0 0 4 0 0 0 0 0 0 0 0 0 0 0 0 0 0 
1171 0 3 0 3 0 0 0 4 0 0 0 0 0 0 0 0 0 0 0 0 0 0 
1186 0 4 0 4 0 0 0 4 0 0 0 0 0 0 0 0 0 0 0 0 0 0 
1188 0 15 0 4 0 0 0 15 0 0 0 0 0 0 0 0 0 0 0 0 0 0 
1203 0 3 0 4 0 0 0 3 0 0 0 0 0 0 0 0 0 0 0 0 0 0 
1218 0 6 0 4 0 0 0 6 0 0 0 0 0 0 0 0 0 0 0 0 0 0 
1220 0 1 0 4 0 0 0 6 0 0 0 1 0 0 0 0 0 0 0 0 0 0 
1231 0 3 0 3 0 0 0 6 0 0 0 1 0 0 0 0 0 0 0 0 0 0 
1235 0 8.5 0 3 0 0 0 3 0 0 0 14 0 0 0 0 0 0 0 0 0 0 
1237 0 3 0 3 0 0 0 3 0 0 0 14 0 0 0 3 0 0 0 0 0 0 
1246 0 4 0 4 0 0 0 3 0 0 0 14 0 0 0 3 0 0 0 0 0 0 
1248 0 0 0 4 0 0 0 0 0 0 0 14 0 0 0 3 0 0 0 0 0 0 
1250 0 4 0 4 0 0 0 0 0 0 0 4 0 0 0 3 0 0 0 0 0 0 
1291 0 3.5 0 3 0 0 0 0 0 0 0 4 0 0 0 4 0 0 0 0 0 0 
1293 0 4 0 3 0 0 0 4 0 0 0 4 0 0 0 4 0 0 0 0 0 0 
1295 0 2 0 3 0 0 0 4 0 0 0 2 0 0 0 4 0 0 0 0 0 0 
1306 0 4 0 4 0 0 0 4 0 0 0 2 0 0 0 4 0 0 0 0 0 0 
1310 0 0 0 4 0 0 0 4 0 0 0 0 0 0 0 4 0 0 0 0 0 0 
1323 0 3 0 4 0 0 0 3 0 0 0 0 0 0 0 4 0 0 0 0 0 0 
1338 0 3.5 0 4 0 0 0 4 0 0 0 0 0 0 0 3 0 0 0 0 0 0 
1342 0 4 0 4 0 0 0 4 0 0 0 0 0 0 0 4 0 0 0 0 0 0 
1351 0 3 0 3 0 0 0 4 0 0 0 0 0 0 0 4 0 0 0 0 0 0 
1366 0 1 0 1 0 0 0 4 0 0 0 0 0 0 0 4 0 0 0 0 0 0 
1368 0 6 0 1 0 0 0 6 0 0 0 0 0 0 0 4 0 0 0 0 0 0 
1381 0 0 0 0 0 0 0 6 0 0 0 0 0 0 0 4 0 0 0 0 0 0 
1383 0 3 0 0 0 0 0 3 0 0 0 0 0 0 0 4 0 0 0 0 0 0 
1387 0 0 0 0 0 0 0 3 0 0 0 0 0 0 0 0 0 0 0 0 0 0 
1398 0 -16 0 0 0 0 0 -16 0 0 0 0 0 0 0 0 0 0 0 0 0 0 
1413 0 -12 0 0 0 0 0 -12 0 0 0 0 0 0 0 0 0 0 0 0 0 0 
1428 0 -25 0 0 0 0 0 -25 0 0 0 0 0 0 0 0 0 0 0 0 0 0 
1430 0 4 0 0 0 0 0 -25 0 0 0 4 0 0 0 0 0 0 0 0 0 0 
1443 0 -3 0 0 0 0 0 -3 0 0 0 4 0 0 0 0 0 0 0 0 0 0 
1445 0 6 0 0 0 0 0 -3 0 0 0 6 0 0 0 0 0 0 0 0 0 0 
1458 0 -4 0 0 0 0 0 -4 0 0 0 6 0 0 0 0 0 0 0 0 0 0 
1460 0 4 0 0 0 0 0 -4 0 0 0 4 0 0 0 0 0 0 0 0 0 0 
1475 0 3 0 0 0 0 0 -4 0 0 0 3 0 0 0 0 0 0 0 0 0 0 
1488 0 -15 0 0 0 0 0 -15 0 0 0 3 0 0 0 0 0 0 0 0 0 0 
1490 0 4 0 0 0 0 0 -15 0 0 0 4 0 0 0 0 0 0 0 0 0 0 
1503 0 -3 0 0 0 0 0 -3 0 0 0 4 0 0 0 0 0 0 0 0 0 0 
1505 0 3 0 0 0 0 0 -3 0 0 0 3 0 0 0 0 0 0 0 0 0 0 
1518 0 -4 0 0 0 0 0 -4 0 0 0 3 0 0 0 0 0 0 0 0 0 0 
1520 0 0 0 0 0 0 0 -4 0 0 0 0 0 0 0 0 0 0 0 0 0 0 
1548 0 -7 0 0 0 0 0 -7 0 0 0 0 0 0 0 0 0 0 0 0 0 0 
1550 0 4 0 0 0 0 0 -7 0 0 0 4 0 0 0 0 0 0 0 0 0 0 
1553 3 0 0 0 0 0 0 -7 0 0 0 4 0 0 0 0 3 0 0 0 0 0 
1563 0 -6 0 0 0 0 0 -6 0 0 0 4 0 0 0 0 3 0 0 0 0 0 
1566 0 3 0 0 0 0 0 -6 0 0 0 4 0 3 0 0 3 0 0 0 0 0 
1568 0 0 0 0 0 0 0 -6 0 0 0 4 0 3 0 0 0 0 0 0 0 0 
1578 0 -4 0 0 0 0 0 -4 0 0 0 4 0 3 0 0 0 0 0 0 0 0 
1581 0 4 0 0 0 0 0 -4 0 0 0 4 0 4 0 0 0 0 0 0 0 0 
1583 2 0 0 0 0 0 0 -4 0 0 0 4 0 4 0 0 2 0 0 0 0 0 
1595 0 3 0 0 0 0 0 -4 0 0 0 3 0 4 0 0 2 0 0 0 0 0 
1610 0 4 0 0 0 0 0 -4 0 0 0 4 0 4 0 0 2 0 0 0 0 0 
1611 0 3 0 0 0 0 0 -4 0 0 0 4 0 3 0 0 2 0 0 0 0 0 
1613 0 0 0 0 0 0 0 -4 0 0 0 4 0 3 0 0 0 0 0 0 0 0 
1623 0 -3 0 0 0 0 0 -3 0 0 0 4 0 3 0 0 0 0 0 0 0 0 
1625 0 0 0 0 0 0 0 -3 0 0 0 0 0 3 0 0 0 0 0 0 0 0 
1626 0 6 0 0 0 0 0 -3 0 0 0 0 0 6 0 0 0 0 0 0 0 0 
1630 0 1 0 0 0 0 0 -3 0 0 0 0 0 6 0 0 0 0 0 0 0 1 
1638 0 -4 0 0 0 0 0 -4 0 0 0 0 0 6 0 0 0 0 0 0 0 1 
1641 0 4 0 0 0 0 0 -4 0 0 0 0 0 4 0 0 0 0 0 0 0 1 
1645 0 6 0 0 0 0 0 -4 0 0 0 0 0 4 0 0 0 0 0 0 0 6 
1660 0 4 0 0 0 0 0 -4 0 0 0 0 0 4 0 0 0 0 0 0 0 4 
1671 0 3 0 0 0 0 0 -4 0 0 0 0 0 3 0 0 0 0 0 0 0 4 
1683 0 0 0 0 0 0 0 -3 0 0 0 0 0 3 0 0 0 0 0 0 0 3 
1686 0 4 0 0 0 0 0 -3 0 0 0 0 0 4 0 0 0 0 0 0 0 3 
1698 0 -1.5 0 0 0 0 0 -7 0 0 0 0 0 4 0 0 0 0 0 0 0 4 
1713 0 -4 0 0 0 0 0 -4 0 0 0 0 0 4 0 0 0 0 0 0 0 4 
1716 0 3 0 0 0 0 0 -4 0 0 0 0 0 3 0 0 0 0 0 0 0 4 
1728 0 -7 0 0 0 0 0 -7 0 0 0 0 0 3 0 0 0 0 0 0 0 4 
1731 0 0 0 0 0 0 0 -7 0 0 0 0 0 0 0 0 0 0 0 0 0 4 
1735 0 1 0 0 0 0 0 -7 0 0 0 0 0 0 0 0 0 0 0 0 0 1 
1743 0 -3 0 0 0 0 0 -3 0 0 0 0 0 0 0 0 0 0 0 0 0 1 
1750 0 0 0 0 0 0 0 -3 0 0 0 0 0 0 0 0 0 0 0 0 0 0 
1758 0 -2 0 0 0 0 0 -2 0 0 0 0 0 0 0 0 0 0 0 0 0 0 
1773 0 0 0 0 0 0 0 0 0 0 0 0 0 0 0 0 0 0 0 0 0 0 
1795 0 1 0 0 0 0 0 0 0 0 0 0 0 0 0 0 0 0 0 0 0 1 
1810 0 4 0 0 0 0 0 0 0 0 0 0 0 0 0 0 0 0 0 0 0 4 
1855 0 3 0 0 0 0 0 0 0 0 0 0 0 0 0 0 0 0 0 0 0 3 
1870 0 4 0 0 0 0 0 0 0 0 0 0 0 0 0 0 0 0 0 0 0 4 
1885 0 6 0 0 0 0 0 0 0 0 0 0 0 0 0 0 0 0 0 0 0 6 
1900 0 0 0 0 0 0 0 0 0 0 0 0 0 0 0 0 0 0 0 0 0 0 
1954 1 0 0 0 0 0 0 0 1 0 0 0 0 0 0 0 0 0 0 0 0 0 
1969 0 0 0 0 0 0 0 0 0 0 0 0 0 0 0 0 0 0 0 0 0 0 
1984 4 0 0 0 0 0 0 0 4 0 0 0 0 0 0 0 0 0 0 0 0 0 
1999 6 0 0 0 0 0 0 0 6 0 0 0 0 0 0 0 0 0 0 0 0 0 
2014 0 0 0 0 0 0 0 0 0 0 0 0 0 0 0 0 0 0 0 0 0 0 
2178 0 8 0 0 0 0 0 8 0 0 0 0 0 0 0 0 0 0 0 0 0 0 
2208 0 12 0 0 0 0 0 12 0 0 0 0 0 0 0 0 0 0 0 0 0 0 
2223 0 6 0 0 0 0 0 6 0 0 0 0 0 0 0 0 0 0 0 0 0 0 
2238 0 4 0 0 0 0 0 4 0 0 0 0 0 0 0 0 0 0 0 0 0 0 
2253 0 16 0 0 0 0 0 16 0 0 0 0 0 0 0 0 0 0 0 0 0 0 
2268 0 2 0 0 0 0 0 2 0 0 0 0 0 0 0 0 0 0 0 0 0 0 
2283 0 3 0 0 0 0 0 3 0 0 0 0 0 0 0 0 0 0 0 0 0 0 
2298 0 4 0 0 0 0 0 4 0 0 0 0 0 0 0 0 0 0 0 0 0 0 
2313 0 6 0 0 0 0 0 6 0 0 0 0 0 0 0 0 0 0 0 0 0 0 
2328 0 4 0 0 0 0 0 4 0 0 0 0 0 0 0 0 0 0 0 0 0 0 
2343 0 3 0 0 0 0 0 3 0 0 0 0 0 0 0 0 0 0 0 0 0 0 
2358 0 2 0 0 0 0 0 2 0 0 0 0 0 0 0 0 0 0 0 0 0 0 
2373 0 4 0 0 0 0 0 4 0 0 0 0 0 0 0 0 0 0 0 0 0 0 
2388 0 6 0 0 0 0 0 6 0 0 0 0 0 0 0 0 0 0 0 0 0 0 
2403 0 3 0 0 0 0 0 3 0 0 0 0 0 0 0 0 0 0 0 0 0 0 
2418 0 5 0 0 0 0 0 5 0 0 0 0 0 0 0 0 0 0 0 0 0 0 
2433 0 0 0 0 0 0 0 0 0 0 0 0 0 0 0 0 0 0 0 0 0 0 
2913 0 1 0 0 0 0 0 1 0 0 0 0 0 0 0 0 0 0 0 0 0 0 
2928 0 4 0 0 0 0 0 4 0 0 0 0 0 0 0 0 0 0 0 0 0 0 
2943 0 14 0 0 0 0 0 14 0 0 0 0 0 0 0 0 0 0 0 0 0 0 
2958 0 4 0 0 0 0 0 4 0 0 0 0 0 0 0 0 0 0 0 0 0 0 
2988 0 1 0 0 0 0 0 1 0 0 0 0 0 0 0 0 0 0 0 0 0 0 
3003 0 3 0 0 0 0 0 3 0 0 0 0 0 0 0 0 0 0 0 0 0 0 
3018 0 6 0 0 0 0 0 6 0 0 0 0 0 0 0 0 0 0 0 0 0 0 
3033 0 4 0 0 0 0 0 4 0 0 0 0 0 0 0 0 0 0 0 0 0 0 
3063 0 1 0 0 0 0 0 1 0 0 0 0 0 0 0 0 0 0 0 0 0 0 
3078 0 0 0 0 0 0 0 0 0 0 0 0 0 0 0 0 0 0 0 0 0 0 
3153 0 1 0 0 0 0 0 1 0 0 0 0 0 0 0 0 0 0 0 0 0 0 
3168 0 4 0 0 0 0 0 4 0 0 0 0 0 0 0 0 0 0 0 0 0 0 
3183 0 3 0 0 0 0 0 3 0 0 0 0 0 0 0 0 0 0 0 0 0 0 
3198 0 19 0 0 0 0 0 19 0 0 0 0 0 0 0 0 0 0 0 0 0 0 
3213 0 2 0 0 0 0 0 2 0 0 0 0 0 0 0 0 0 0 0 0 0 0 
3228 0 0 0 0 0 0 0 0 0 0 0 0 0 0 0 0 0 0 0 0 0 0 
5762 0 8 0 0 0 8 0 0 0 0 0 0 0 0 0 0 0 0 0 0 0 0 
5792 0 12 0 0 0 12 0 0 0 0 0 0 0 0 0 0 0 0 0 0 0 0 
5807 0 6 0 0 0 6 0 0 0 0 0 0 0 0 0 0 0 0 0 0 0 0 
5822 0 4 0 0 0 4 0 0 0 0 0 0 0 0 0 0 0 0 0 0 0 0 
5837 0 16 0 0 0 16 0 0 0 0 0 0 0 0 0 0 0 0 0 0 0 0 
5852 0 2 0 0 0 2 0 0 0 0 0 0 0 0 0 0 0 0 0 0 0 0 
5867 0 5 0 0 0 5 0 0 0 0 0 0 0 0 0 0 0 0 0 0 0 0 
5882 0 4 0 0 0 4 0 0 0 0 0 0 0 0 0 0 0 0 0 0 0 0 
5897 0 6 0 0 0 6 0 0 0 0 0 0 0 0 0 0 0 0 0 0 0 0 
5912 0 4 0 0 0 4 0 0 0 0 0 0 0 0 0 0 0 0 0 0 0 0 
5927 0 3 0 0 0 3 0 0 0 0 0 0 0 0 0 0 0 0 0 0 0 0 
5942 0 2 0 0 0 2 0 0 0 0 0 0 0 0 0 0 0 0 0 0 0 0 
5957 0 4 0 0 0 4 0 0 0 0 0 0 0 0 0 0 0 0 0 0 0 0 
5972 0 6 0 0 0 6 0 0 0 0 0 0 0 0 0 0 0 0 0 0 0 0 
5987 0 3 0 0 0 3 0 0 0 0 0 0 0 0 0 0 0 0 0 0 0 0 
6002 0 5 0 0 0 5 0 0 0 0 0 0 0 0 0 0 0 0 0 0 0 0 
6017 0 0 0 0 0 0 0 0 0 0 0 0 0 0 0 0 0 0 0 0 0 0 
6047 0 1 0 0 0 1 0 0 0 0 0 0 0 0 0 0 0 0 0 0 0 0 
6062 0 4 0 0 0 4 0 0 0 0 0 0 0 0 0 0 0 0 0 0 0 0 
6107 0 3 0 0 0 3 0 0 0 0 0 0 0 0 0 0 0 0 0 0 0 0 
6122 0 4 0 0 0 4 0 0 0 0 0 0 0 0 0 0 0 0 0 0 0 0 
6137 0 3 0 0 0 3 0 0 0 0 0 0 0 0 0 0 0 0 0 0 0 0 
6152 0 0 0 0 0 0 0 0 0 0 0 0 0 0 0 0 0 0 0 0 0 0 
6167 0 2 0 0 0 2 0 0 0 0 0 0 0 0 0 0 0 0 0 0 0 0 
6182 0 4 0 0 0 4 0 0 0 0 0 0 0 0 0 0 0 0 0 0 0 0 
6197 0 6 0 0 0 6 0 0 0 0 0 0 0 0 0 0 0 0 0 0 0 0 
6212 0 4 0 0 0 4 0 0 0 0 0 0 0 0 0 0 0 0 0 0 0 0 
6227 0 3 0 0 0 3 0 0 0 0 0 0 0 0 0 0 0 0 0 0 0 0 
6242 0 4 0 0 0 4 0 0 0 0 0 0 0 0 0 0 0 0 0 0 0 0 
6257 0 3 0 0 0 3 0 0 0 0 0 0 0 0 0 0 0 0 0 0 0 0 
6272 0 0 0 0 0 0 0 0 0 0 0 0 0 0 0 0 0 0 0 0 0 0 
6472 1 0 0 0 0 0 0 0 0 0 0 0 0 0 1 0 0 0 0 0 0 0 
6487 0 0 0 0 0 0 0 0 0 0 0 0 0 0 0 0 0 0 0 0 0 0 
6502 4 0 0 0 0 0 0 0 0 0 0 0 0 0 4 0 0 0 0 0 0 0 
6532 0 0 0 0 0 0 0 0 0 0 0 0 0 0 0 0 0 0 0 0 0 0 
6790 0 9 0 0 0 0 0 0 0 0 0 0 0 0 0 0 0 0 0 0 0 9 
6805 0 12 0 0 0 0 0 0 0 0 0 0 0 0 0 0 0 0 0 0 0 12 
6818 1 0 0 0 0 0 0 0 0 0 0 0 0 0 0 0 1 0 0 0 0 12 
6820 0 7 0 0 0 0 0 0 0 0 0 0 0 0 0 0 1 0 0 0 0 7 
6833 0 0 0 0 0 0 0 0 0 0 0 0 0 0 0 0 0 0 0 0 0 7 
6848 1 0 0 0 0 0 0 0 0 0 0 0 0 0 0 0 2 0 0 0 0 0 
6850 0 7 0 0 0 0 0 0 0 0 0 0 0 0 0 0 2 0 0 0 0 7 
6865 0 6 0 0 0 0 0 0 0 0 0 0 0 0 0 0 2 0 0 0 0 6 
6878 0 0 0 0 0 0 0 0 0 0 0 0 0 0 0 0 0 0 0 0 0 6 
6880 0 14 0 0 0 0 0 0 0 0 0 0 0 0 0 0 0 0 0 0 0 14 
6895 0 1 0 0 0 0 0 0 0 0 0 0 0 0 0 0 0 0 0 0 0 1 
6910 0 3 0 0 0 0 0 0 0 0 0 0 0 0 0 0 0 0 0 0 0 3 
6925 0 4 0 0 0 0 0 0 0 0 0 0 0 0 0 0 0 0 0 0 0 4 
6940 0 8 0 0 0 0 0 0 0 0 0 0 0 0 0 0 0 0 0 0 0 8 
6955 0 3 0 0 0 0 0 0 0 0 0 0 0 0 0 0 0 0 0 0 0 3 
6970 0 4 0 0 0 0 0 0 0 0 0 0 0 0 0 0 0 0 0 0 0 4 
6985 0 2 0 0 0 0 0 0 0 0 0 0 0 0 0 0 0 0 0 0 0 2 
7000 0 4 0 0 0 0 0 0 0 0 0 0 0 0 0 0 0 0 0 0 0 4 
7015 0 3 0 0 0 0 0 0 0 0 0 0 0 0 0 0 0 0 0 0 0 3 
7030 0 6 0 0 0 0 0 0 0 0 0 0 0 0 0 0 0 0 0 0 0 6 
7045 0 5 0 0 0 0 0 0 0 0 0 0 0 0 0 0 0 0 0 0 0 5 
7060 0 0 0 0 0 0 0 0 0 0 0 0 0 0 0 0 0 0 0 0 0 0 
7067 0 3 0 0 0 3 0 0 0 0 0 0 0 0 0 0 0 0 0 0 0 0 
7082 0 4 0 0 0 4 0 0 0 0 0 0 0 0 0 0 0 0 0 0 0 0 
7097 0 6 0 0 0 6 0 0 0 0 0 0 0 0 0 0 0 0 0 0 0 0 
7112 0 4 0 0 0 4 0 0 0 0 0 0 0 0 0 0 0 0 0 0 0 0 
7127 0 3 0 0 0 3 0 0 0 0 0 0 0 0 0 0 0 0 0 0 0 0 
7142 0 4 0 0 0 4 0 0 0 0 0 0 0 0 0 0 0 0 0 0 0 0 
7172 0 3 0 0 0 3 0 0 0 0 0 0 0 0 0 0 0 0 0 0 0 0 
7180 0 4 0 0 0 3 0 0 0 0 0 0 0 0 0 0 0 0 0 0 0 4 
7187 0 0 0 0 0 0 0 0 0 0 0 0 0 0 0 0 0 0 0 0 0 4 
7195 0 3 0 0 0 0 0 0 0 0 0 0 0 0 0 0 0 0 0 0 0 3 
7210 0 4 0 0 0 0 0 0 0 0 0 0 0 0 0 0 0 0 0 0 0 4 
7225 0 2 0 0 0 0 0 0 0 0 0 0 0 0 0 0 0 0 0 0 0 2 
7231 1 0 1 0 0 0 0 0 0 0 0 0 0 0 0 0 0 0 0 0 0 2 
7240 0 0 1 0 0 0 0 0 0 0 0 0 0 0 0 0 0 0 0 0 0 0 
7261 4 0 4 0 0 0 0 0 0 0 0 0 0 0 0 0 0 0 0 0 0 0 
7276 1 0 1 0 0 0 0 0 0 0 0 0 0 0 0 0 0 0 0 0 0 0 
7291 0 0 0 0 0 0 0 0 0 0 0 0 0 0 0 0 0 0 0 0 0 0 
7701 1 0 0 0 0 0 0 0 0 0 0 0 1 0 0 0 0 0 0 0 0 0 
7731 4 0 0 0 0 0 0 0 0 0 0 0 4 0 0 0 0 0 0 0 0 0 
7746 1 0 0 0 0 0 0 0 0 0 0 0 1 0 0 0 0 0 0 0 0 0 
7761 0 0 0 0 0 0 0 0 0 0 0 0 0 0 0 0 0 0 0 0 0 0 
8425 0 1 0 0 0 0 0 0 0 0 0 0 0 0 0 0 0 0 0 0 0 1 
8440 0 0 0 0 0 0 0 0 0 0 0 0 0 0 0 0 0 0 0 0 0 0 
8799 3 0 0 0 0 0 0 0 0 0 0 0 0 0 0 0 0 0 3 0 0 0 
8809 1 0 0 0 0 0 0 0 1 0 0 0 0 0 0 0 0 0 3 0 0 0 
8829 2 0 0 0 0 0 0 0 1 0 0 0 0 0 0 0 0 0 2 0 0 0 
8844 3 0 0 0 0 0 0 0 1 0 0 0 0 0 0 0 0 0 3 0 0 0 
8854 2 0 0 0 0 0 0 0 2 0 0 0 0 0 0 0 0 0 3 0 0 0 
8859 0 0 0 0 0 0 0 0 2 0 0 0 0 0 0 0 0 0 0 0 0 0 
10355 0.5 0 0 0 0 0 0 0 0 0 1 0 0 0 0 0 0 0 0 0 0 0 
10370 3 0 0 0 0 0 0 0 0 0 3 0 0 0 0 0 0 0 0 0 0 0 
10385 4 0 0 0 0 0 0 0 0 0 4 0 0 0 0 0 0 0 0 0 0 0 
10400 1 0 0 0 0 0 0 0 0 0 1 0 0 0 0 0 0 0 0 0 0 0 
10415 0 0 0 0 0 0 0 0 0 0 0 0 0 0 0 0 0 0 0 0 0 0 
10773 1 0 0 0 0 0 1 0 0 0 0 0 0 0 0 0 0 0 0 0 0 0 
10788 0 0 0 0 0 0 0 0 0 0 0 0 0 0 0 0 0 0 0 0 0 0 
10803 2 0 0 0 0 0 2 0 0 0 0 0 0 0 0 0 0 0 0 0 0 0 
10833 0 0 0 0 0 0 0 0 0 0 0 0 0 0 0 0 0 0 0 0 0 0 
11332 0 3 0 0 0 0 0 0 0 0 0 0 0 0 0 3 0 0 0 0 0 0 
11347 0 9 0 0 0 0 0 0 0 0 0 0 0 0 0 9 0 0 0 0 0 0 
11362 0 6 0 0 0 0 0 0 0 0 0 0 0 0 0 6 0 0 0 0 0 0 
11377 0 10 0 0 0 0 0 0 0 0 0 0 0 0 0 10 0 0 0 0 0 0 
11392 0 0 0 0 0 0 0 0 0 0 0 0 0 0 0 0 0 0 0 0 0 0 
12871 1 0 1 0 0 0 0 0 0 0 0 0 0 0 0 0 0 0 0 0 0 0 
12901 4 0 4 0 0 0 0 0 0 0 0 0 0 0 0 0 0 0 0 0 0 0 
12916 1 0 1 0 0 0 0 0 0 0 0 0 0 0 0 0 0 0 0 0 0 0 
12931 0 0 0 0 0 0 0 0 0 0 0 0 0 0 0 0 0 0 0 0 0 0 
13659 0 7 0 0 0 0 0 0 0 0 0 0 0 0 0 0 0 0 0 7 0 0 
13674 0 6.5 0 0 0 0 0 0 0 7 0 0 0 0 0 0 0 0 0 6 0 0 
13684 0 6 0 0 0 0 0 0 0 6 0 0 0 0 0 0 0 0 0 6 0 0 
13689 0 14 0 0 0 0 0 0 0 6 0 0 0 0 0 0 0 0 0 14 0 0 
13699 0 13 0 0 0 0 0 0 0 13 0 0 0 0 0 0 0 0 0 14 0 0 
13704 0 1 0 0 0 0 0 0 0 13 0 0 0 0 0 0 0 0 0 1 0 0 
13712 1 0 0 0 1 0 0 0 0 13 0 0 0 0 0 0 0 0 0 1 0 0 
13714 0 2 0 0 1 0 0 0 0 2 0 0 0 0 0 0 0 0 0 1 0 0 
13719 0 0 0 0 1 0 0 0 0 2 0 0 0 0 0 0 0 0 0 0 0 0 
13729 0 9 0 0 1 0 0 0 0 9 0 0 0 0 0 0 0 0 0 0 0 0 
13742 1 4.5 0 0 2 0 0 0 0 9 0 0 0 0 0 0 0 0 0 9 0 0 
13744 0 12 0 0 2 0 0 0 0 12 0 0 0 0 0 0 0 0 0 9 0 0 
13757 0.5 6 0 0 1 0 0 0 0 12 0 0 0 0 0 0 0 0 0 12 0 0 
13759 0 7 0 0 1 0 0 0 0 7 0 0 0 0 0 0 0 0 0 12 0 0 
13772 0 3.5 0 0 0 0 0 0 0 7 0 0 0 0 0 0 0 0 0 7 0 0 
13774 0 2 0 0 0 0 0 0 0 2 0 0 0 0 0 0 0 0 0 7 0 0 
13789 0 3 0 0 0 0 0 0 0 4 0 0 0 0 0 0 0 0 0 2 0 0 
13794 0 4 0 0 0 0 0 0 0 4 0 0 0 0 0 0 0 0 0 4 0 0 
13804 0 6 0 0 0 0 0 0 0 6 0 0 0 0 0 0 0 0 0 4 0 0 
13819 0 4.5 0 0 0 0 0 0 0 3 0 0 0 0 0 0 0 0 0 6 0 0 
13834 0 5 0 0 0 0 0 0 0 5 0 0 0 0 0 0 0 0 0 6 0 0 
13839 0 4 0 0 0 0 0 0 0 5 0 0 0 0 0 0 0 0 0 4 0 0 
13849 0 1 0 0 0 0 0 0 0 1 0 0 0 0 0 0 0 0 0 4 0 0 
13854 0 3 0 0 0 0 0 0 0 1 0 0 0 0 0 0 0 0 0 3 0 0 
13864 0 4 0 0 0 0 0 0 0 4 0 0 0 0 0 0 0 0 0 3 0 0 
13879 0 3.5 0 0 0 0 0 0 0 3 0 0 0 0 0 0 0 0 0 4 0 0 
13894 0 6 0 0 0 0 0 0 0 6 0 0 0 0 0 0 0 0 0 4 0 0 
13899 0 5 0 0 0 0 0 0 0 6 0 0 0 0 0 0 0 0 0 5 0 0 
13914 0 6 0 0 0 0 0 0 0 6 0 0 0 0 0 0 0 0 0 6 0 0 
13924 0 0 0 0 0 0 0 0 0 0 0 0 0 0 0 0 0 0 0 6 0 0 
13974 0 4 0 0 0 0 0 0 0 0 0 0 0 0 0 0 0 0 0 4 0 0 
14019 0 3 0 0 0 0 0 0 0 0 0 0 0 0 0 0 0 0 0 3 0 0 
14034 0 4 0 0 0 0 0 0 0 0 0 0 0 0 0 0 0 0 0 4 0 0 
14049 0 0 0 0 0 0 0 0 0 0 0 0 0 0 0 0 0 0 0 0 0 0 
14064 0 2 0 0 0 0 0 0 0 0 0 0 0 0 0 0 0 0 0 2 0 0 
14079 0 3 0 0 0 0 0 0 0 0 0 0 0 0 0 0 0 0 0 3 0 0 
14094 0 4 0 0 0 0 0 0 0 0 0 0 0 0 0 0 0 0 0 4 0 0 
14109 0 6 0 0 0 0 0 0 0 0 0 0 0 0 0 0 0 0 0 6 0 0 
14124 0 4 0 0 0 0 0 0 0 0 0 0 0 0 0 0 0 0 0 4 0 0 
14139 0 3 0 0 0 0 0 0 0 0 0 0 0 0 0 0 0 0 0 3 0 0 
14154 0 0 0 0 0 0 0 0 0 0 0 0 0 0 0 0 0 0 0 0 0 0 
14269 0 1 0 0 0 0 0 0 0 1 0 0 0 0 0 0 0 0 0 0 0 0 
14284 0 6 0 0 0 0 0 0 0 6 0 0 0 0 0 0 0 0 0 0 0 0 
14299 0 3 0 0 0 0 0 0 0 3 0 0 0 0 0 0 0 0 0 0 0 0 
14314 0 6 0 0 0 0 0 0 0 6 0 0 0 0 0 0 0 0 0 0 0 0 
14329 0 4 0 0 0 0 0 0 0 4 0 0 0 0 0 0 0 0 0 0 0 0 
14344 0 15 0 0 0 0 0 0 0 15 0 0 0 0 0 0 0 0 0 0 0 0 
14349 0 4 0 0 0 0 0 0 0 15 0 0 0 0 0 0 0 0 0 4 0 0 
14374 0 0 0 0 0 0 0 0 0 0 0 0 0 0 0 0 0 0 0 4 0 0 
14379 0 3 0 0 0 0 0 0 0 0 0 0 0 0 0 0 0 0 0 3 0 0 
14394 0 19 0 0 0 0 0 0 0 0 0 0 0 0 0 0 0 0 0 19 0 0 
14409 0 3 0 0 0 0 0 0 0 0 0 0 0 0 0 0 0 0 0 3 0 0 
14424 0 0 0 0 0 0 0 0 0 0 0 0 0 0 0 0 0 0 0 0 0 0 
14899 0 1 0 0 0 0 0 0 0 1 0 0 0 0 0 0 0 0 0 0 0 0 
14914 0 4 0 0 0 0 0 0 0 4 0 0 0 0 0 0 0 0 0 0 0 0 
14929 0 6 0 0 0 0 0 0 0 6 0 0 0 0 0 0 0 0 0 0 0 0 
14944 0 4 0 0 0 0 0 0 0 4 0 0 0 0 0 0 0 0 0 0 0 0 
14959 0 3 0 0 0 0 0 0 0 3 0 0 0 0 0 0 0 0 0 0 0 0 
14974 0 4 0 0 0 0 0 0 0 4 0 0 0 0 0 0 0 0 0 0 0 0 
15019 0 1 0 0 0 0 0 0 0 1 0 0 0 0 0 0 0 0 0 0 0 0 
15034 0 0 0 0 0 0 0 0 0 0 0 0 0 0 0 0 0 0 0 0 0 0 
15230 0 7 0 0 0 0 0 0 0 0 0 7 0 0 0 0 0 0 0 0 0 0 
15231 1 0 0 0 0 0 0 0 0 0 0 7 1 0 0 0 0 0 0 0 0 0 
15245 0 6 0 0 0 0 0 0 0 0 0 6 1 0 0 0 0 0 0 0 0 0 
15260 0 14 0 0 0 0 0 0 0 0 0 14 1 0 0 0 0 0 0 0 0 0 
15261 2 0 0 0 0 0 0 0 0 0 0 14 2 0 0 0 0 0 0 0 0 0 
15275 0 1 0 0 0 0 0 0 0 0 0 1 2 0 0 0 0 0 0 0 0 0 
15276 1 0 0 0 0 0 0 0 0 0 0 1 1 0 0 0 0 0 0 0 0 0 
15290 0 0 0 0 0 0 0 0 0 0 0 0 1 0 0 0 0 0 0 0 0 0 
15305 0 4.5 0 0 0 0 0 0 0 0 0 9 0 0 0 0 0 0 0 0 0 0 
15320 0 12 0 0 0 0 0 0 0 0 0 12 0 0 0 0 0 0 0 0 0 0 
15335 0 7 0 0 0 0 0 0 0 0 0 7 0 0 0 0 0 0 0 0 0 0 
15350 0 2 0 0 0 0 0 0 0 0 0 2 0 0 0 0 0 0 0 0 0 0 
15365 0 4 0 0 0 0 0 0 0 0 0 4 0 0 0 0 0 0 0 0 0 0 
15380 0 6 0 0 0 0 0 0 0 0 0 6 0 0 0 0 0 0 0 0 0 0 
15395 0 3 0 0 0 0 0 0 0 0 0 3 0 0 0 0 0 0 0 0 0 0 
15410 0 5 0 0 0 0 0 0 0 0 0 5 0 0 0 0 0 0 0 0 0 0 
15425 0 1 0 0 0 0 0 0 0 0 0 1 0 0 0 0 0 0 0 0 0 0 
15440 0 4 0 0 0 0 0 0 0 0 0 4 0 0 0 0 0 0 0 0 0 0 
15455 0 3 0 0 0 0 0 0 0 0 0 3 0 0 0 0 0 0 0 0 0 0 
15470 0 6 0 0 0 0 0 0 0 0 0 6 0 0 0 0 0 0 0 0 0 0 
15500 0 0 0 0 0 0 0 0 0 0 0 0 0 0 0 0 0 0 0 0 0 0 
15633 0 2 0 0 0 0 0 2 0 0 0 0 0 0 0 0 0 0 0 0 0 0 
15648 0 10 0 0 0 0 0 10 0 0 0 0 0 0 0 0 0 0 0 0 0 0 
15663 0 4 0 0 0 0 0 4 0 0 0 0 0 0 0 0 0 0 0 0 0 0 
15678 0 10 0 0 0 0 0 10 0 0 0 0 0 0 0 0 0 0 0 0 0 0 
15693 0 0 0 0 0 0 0 0 0 0 0 0 0 0 0 0 0 0 0 0 0 0 
16250 0 4 0 0 0 0 0 0 0 0 0 4 0 0 0 0 0 0 0 0 0 0 
16265 0 6 0 0 0 0 0 0 0 0 0 6 0 0 0 0 0 0 0 0 0 0 
16280 0 4 0 0 0 0 0 0 0 0 0 4 0 0 0 0 0 0 0 0 0 0 
16295 0 3 0 0 0 0 0 0 0 0 0 3 0 0 0 0 0 0 0 0 0 0 
16310 0 4 0 0 0 0 0 0 0 0 0 4 0 0 0 0 0 0 0 0 0 0 
16325 0 26 0 0 0 0 0 0 0 0 0 26 0 0 0 0 0 0 0 0 0 0 
16340 0 1 0 0 0 0 0 0 0 0 0 1 0 0 0 0 0 0 0 0 0 0 
16355 0 0 0 0 0 0 0 0 0 0 0 0 0 0 0 0 0 0 0 0 0 0 
16418 1 0 0 0 0 0 0 0 0 0 0 0 0 0 0 0 1 0 0 0 0 0 
16433 0 0 0 0 0 0 0 0 0 0 0 0 0 0 0 0 0 0 0 0 0 0 
16448 4 0 0 0 0 0 0 0 0 0 0 0 0 0 0 0 4 0 0 0 0 0 
16463 2 0 0 0 0 0 0 0 0 0 0 0 0 0 0 0 2 0 0 0 0 0 
16478 0 0 0 0 0 0 0 0 0 0 0 0 0 0 0 0 0 0 0 0 0 0 
17002 0 4 0 0 0 0 0 0 0 0 0 0 0 0 0 4 0 0 0 0 0 0 
17047 0 18 0 0 0 0 0 0 0 0 0 0 0 0 0 18 0 0 0 0 0 0 
17062 0 4 0 0 0 0 0 0 0 0 0 0 0 0 0 4 0 0 0 0 0 0 
17090 0 15 0 0 0 0 0 0 0 0 0 15 0 0 0 4 0 0 0 0 0 0 
17105 0 4 0 0 0 0 0 0 0 0 0 4 0 0 0 4 0 0 0 0 0 0 
17107 0 3 0 0 0 0 0 0 0 0 0 4 0 0 0 3 0 0 0 0 0 0 
17122 0 4 0 0 0 0 0 0 0 0 0 4 0 0 0 4 0 0 0 0 0 0 
17135 0 3 0 0 0 0 0 0 0 0 0 3 0 0 0 4 0 0 0 0 0 0 
17150 0 0 0 0 0 0 0 0 0 0 0 0 0 0 0 4 0 0 0 0 0 0 
17165 0 1 0 0 0 0 0 0 0 0 0 1 0 0 0 4 0 0 0 0 0 0 
17167 0 3 0 0 0 0 0 0 0 0 0 1 0 0 0 3 0 0 0 0 0 0 
17180 0 4 0 0 0 0 0 0 0 0 0 4 0 0 0 3 0 0 0 0 0 0 
17195 0 3.5 0 0 0 0 0 0 0 0 0 3 0 0 0 4 0 0 0 0 0 0 
17210 0 4 0 0 0 0 0 0 0 0 0 4 0 0 0 4 0 0 0 0 0 0 
17227 0 1 0 0 0 0 0 0 0 0 0 4 0 0 0 1 0 0 0 0 0 0 
17242 0 0 0 0 0 0 0 0 0 0 0 4 0 0 0 0 0 0 0 0 0 0 
18214 0 0.5 0 0 0 0 0 0 0 1 0 0 0 0 0 0 0 0 0 0 0 0 
18229 0 6 0 0 0 0 0 0 0 6 0 0 0 0 0 0 0 0 0 0 0 0 
18244 0 4 0 0 0 0 0 0 0 4 0 0 0 0 0 0 0 0 0 0 0 0 
18259 0 3 0 0 0 0 0 0 0 3 0 0 0 0 0 0 0 0 0 0 0 0 
18274 0 4 0 0 0 0 0 0 0 4 0 0 0 0 0 0 0 0 0 0 0 0 
18319 0 3 0 0 0 0 0 0 0 3 0 0 0 0 0 0 0 0 0 0 0 0 
18334 0 4 0 0 0 0 0 0 0 4 0 0 0 0 0 0 0 0 0 0 0 0 
18349 0 2 0 0 0 0 0 0 0 2 0 0 0 0 0 0 0 0 0 0 0 0 
18364 0 0 0 0 0 0 0 0 0 0 0 0 0 0 0 0 0 0 0 0 0 0 
20091 0 8 0 0 0 0 0 0 0 0 0 0 0 8 0 0 0 0 0 0 0 0 
20121 0 12 0 0 0 0 0 0 0 0 0 0 0 12 0 0 0 0 0 0 0 0 
20136 0 7 0 0 0 0 0 0 0 0 0 0 0 7 0 0 0 0 0 0 0 0 
20151 0 3 0 0 0 0 0 0 0 0 0 0 0 3 0 0 0 0 0 0 0 0 
20166 0 16 0 0 0 0 0 0 0 0 0 0 0 16 0 0 0 0 0 0 0 0 
20181 0 2 0 0 0 0 0 0 0 0 0 0 0 2 0 0 0 0 0 0 0 0 
20196 0 4 0 0 0 0 0 0 0 0 0 0 0 4 0 0 0 0 0 0 0 0 
20211 0 3 0 0 0 0 0 0 0 0 0 0 0 3 0 0 0 0 0 0 0 0 
20226 0 6 0 0 0 0 0 0 0 0 0 0 0 6 0 0 0 0 0 0 0 0 
20241 0 4 0 0 0 0 0 0 0 0 0 0 0 4 0 0 0 0 0 0 0 0 
20256 0 3 0 0 0 0 0 0 0 0 0 0 0 3 0 0 0 0 0 0 0 0 
20271 0 2 0 0 0 0 0 0 0 0 0 0 0 2 0 0 0 0 0 0 0 0 
20286 0 4 0 0 0 0 0 0 0 0 0 0 0 4 0 0 0 0 0 0 0 0 
20301 0 6 0 0 0 0 0 0 0 0 0 0 0 6 0 0 0 0 0 0 0 0 
20316 0 4 0 0 0 0 0 0 0 0 0 0 0 4 0 0 0 0 0 0 0 0 
20346 0 0 0 0 0 0 0 0 0 0 0 0 0 0 0 0 0 0 0 0 0 0 
21278 0 6 0 0 0 0 0 0 0 0 0 0 0 0 0 0 0 6 0 0 0 0 
21293 0 4 0 0 0 0 0 0 0 0 0 0 0 0 0 0 0 4 0 0 0 0 
21308 0 16 0 0 0 0 0 0 0 0 0 0 0 0 0 0 0 16 0 0 0 0 
21323 0 2 0 0 0 0 0 0 0 0 0 0 0 0 0 0 0 2 0 0 0 0 
21338 0 8 0 0 0 0 0 0 0 0 0 0 0 0 0 0 0 8 0 0 0 0 
21368 0 12 0 0 0 0 0 0 0 0 0 0 0 0 0 0 0 12 0 0 0 0 
21383 0 1 0 0 0 0 0 0 0 0 0 0 0 0 0 0 0 1 0 0 0 0 
21398 0 4 0 0 0 0 0 0 0 0 0 0 0 0 0 0 0 4 0 0 0 0 
21428 0 6 0 0 0 0 0 0 0 0 0 0 0 0 0 0 0 6 0 0 0 0 
21443 0 5 0 0 0 0 0 0 0 0 0 0 0 0 0 0 0 5 0 0 0 0 
21458 0 0 0 0 0 0 0 0 0 0 0 0 0 0 0 0 0 0 0 0 0 0 
21473 0 4 0 0 0 0 0 0 0 0 0 0 0 0 0 0 0 4 0 0 0 0 
21498 0 1 0 0 0 0 0 1 0 0 0 0 0 0 0 0 0 4 0 0 0 0 
21503 0 5 0 0 0 0 0 1 0 0 0 0 0 0 0 0 0 5 0 0 0 0 
21513 0 4 0 0 0 0 0 4 0 0 0 0 0 0 0 0 0 5 0 0 0 0 
21533 0 3 0 0 0 0 0 4 0 0 0 0 0 0 0 0 0 3 0 0 0 0 
21543 0 18 0 0 0 0 0 18 0 0 0 0 0 0 0 0 0 3 0 0 0 0 
21548 0 0 0 0 0 0 0 18 0 0 0 0 0 0 0 0 0 0 0 0 0 0 
21558 0 27 0 0 0 0 0 27 0 0 0 0 0 0 0 0 0 0 0 0 0 0 
21563 0 -16 0 0 0 0 0 27 0 0 0 0 0 0 0 0 0 -16 0 0 0 0 
21573 0 4 0 0 0 0 0 4 0 0 0 0 0 0 0 0 0 -16 0 0 0 0 
21578 0 -12 0 0 0 0 0 4 0 0 0 0 0 0 0 0 0 -12 0 0 0 0 
21588 0 -2 0 0 0 0 0 -2 0 0 0 0 0 0 0 0 0 -12 0 0 0 0 
21593 0 -17 0 0 0 0 0 -2 0 0 0 0 0 0 0 0 0 -17 0 0 0 0 
21603 0 0 0 0 0 0 0 0 0 0 0 0 0 0 0 0 0 -17 0 0 0 0 
21608 0 -12 0 0 0 0 0 0 0 0 0 0 0 0 0 0 0 -12 0 0 0 0 
21623 0 -6 0 0 0 0 0 0 0 0 0 0 0 0 0 0 0 -6 0 0 0 0 
21638 0 -7 0 0 0 0 0 0 0 0 0 0 0 0 0 0 0 -7 0 0 0 0 
21653 0 -4 0 0 0 0 0 0 0 0 0 0 0 0 0 0 0 -4 0 0 0 0 
21663 0 17 0 0 0 0 0 17 0 0 0 0 0 0 0 0 0 -4 0 0 0 0 
21668 0 -3 0 0 0 0 0 17 0 0 0 0 0 0 0 0 0 -3 0 0 0 0 
21678 0 4 0 0 0 0 0 4 0 0 0 0 0 0 0 0 0 -3 0 0 0 0 
21683 0 -6 0 0 0 0 0 4 0 0 0 0 0 0 0 0 0 -6 0 0 0 0 
21693 0 2 0 0 0 0 0 2 0 0 0 0 0 0 0 0 0 -6 0 0 0 0 
21698 0 -7 0 0 0 0 0 2 0 0 0 0 0 0 0 0 0 -7 0 0 0 0 
21708 0 0 0 0 0 0 0 0 0 0 0 0 0 0 0 0 0 -7 0 0 0 0 
21713 0 -4 0 0 0 0 0 0 0 0 0 0 0 0 0 0 0 -4 0 0 0 0 
21728 0 -2 0 0 0 0 0 0 0 0 0 0 0 0 0 0 0 -2 0 0 0 0 
21743 0 0 0 0 0 0 0 0 0 0 0 0 0 0 0 0 0 0 0 0 0 0 
22087 0 6 0 0 0 0 0 0 0 0 0 0 0 0 0 6 0 0 0 0 0 0 
22102 0 4 0 0 0 0 0 0 0 0 0 0 0 0 0 4 0 0 0 0 0 0 
22117 0 16 0 0 0 0 0 0 0 0 0 0 0 0 0 16 0 0 0 0 0 0 
22132 0 2 0 0 0 0 0 0 0 0 0 0 0 0 0 2 0 0 0 0 0 0 
22147 0 0 0 0 0 0 0 0 0 0 0 0 0 0 0 0 0 0 0 0 0 0 
22148 0 9 0 0 0 0 0 0 0 0 0 0 0 0 0 0 0 9 0 0 0 0 
22162 0 8 0 0 0 0 0 0 0 0 0 0 0 0 0 8 0 9 0 0 0 0 
22163 0 7 0 0 0 0 0 0 0 0 0 0 0 0 0 8 0 7 0 0 0 0 
22178 0 12 0 0 0 0 0 0 0 0 0 0 0 0 0 8 0 12 0 0 0 0 
22193 0 9.5 0 0 0 0 0 0 0 0 0 0 0 0 0 12 0 7 0 0 0 0 
22207 0 1 0 0 0 0 0 0 0 0 0 0 0 0 0 1 0 7 0 0 0 0 
22208 0 6 0 0 0 0 0 0 0 0 0 0 0 0 0 1 0 6 0 0 0 0 
22222 0 4 0 0 0 0 0 0 0 0 0 0 0 0 0 4 0 6 0 0 0 0 
22223 0 13 0 0 0 0 0 0 0 0 0 0 0 0 0 4 0 13 0 0 0 0 
22238 0 2 0 0 0 0 0 0 0 0 0 0 0 0 0 4 0 2 0 0 0 0 
22252 0 6 0 0 0 0 0 0 0 0 0 0 0 0 0 6 0 2 0 0 0 0 
22253 0 4 0 0 0 0 0 0 0 0 0 0 0 0 0 6 0 4 0 0 0 0 
22267 0 5 0 0 0 0 0 0 0 0 0 0 0 0 0 5 0 4 0 0 0 0 
22282 0 0 0 0 0 0 0 0 0 0 0 0 0 0 0 0 0 4 0 0 0 0 
22283 0 5 0 0 0 0 0 0 0 0 0 0 0 0 0 0 0 5 0 0 0 0 
22297 0 4 0 0 0 0 0 0 0 0 0 0 0 0 0 4 0 5 0 0 0 0 
22298 0 6 0 0 0 0 0 0 0 0 0 0 0 0 0 4 0 6 0 0 0 0 
22313 0 3 0 0 0 0 0 0 0 0 0 0 0 0 0 4 0 3 0 0 0 0 
22327 0 5 0 0 0 0 0 0 0 0 0 0 0 0 0 5 0 3 0 0 0 0 
22342 0 4 0 0 0 0 0 0 0 0 0 0 0 0 0 4 0 3 0 0 0 0 
22357 0 3 0 0 0 0 0 0 0 0 0 0 0 0 0 3 0 3 0 0 0 0 
22358 0 6 0 0 0 0 0 0 0 0 0 0 0 0 0 3 0 6 0 0 0 0 
22372 0 0 0 0 0 0 0 0 0 0 0 0 0 0 0 0 0 6 0 0 0 0 
22373 0 4 0 0 0 0 0 0 0 0 0 0 0 0 0 0 0 4 0 0 0 0 
22403 0 0 0 0 0 0 0 0 0 0 0 0 0 0 0 0 0 0 0 0 0 0 
22726 1 0 1 0 0 0 0 0 0 0 0 0 0 0 0 0 0 0 0 0 0 0 
22756 2.5 0 4 0 1 0 0 0 0 0 0 0 0 0 0 0 0 0 0 0 0 0 
22771 1 0 1 0 1 0 0 0 0 0 0 0 0 0 0 0 0 0 0 0 0 0 
22772 4 0 1 0 4 0 0 0 0 0 0 0 0 0 0 0 0 0 0 0 0 0 
22786 0 0 0 0 4 0 0 0 0 0 0 0 0 0 0 0 0 0 0 0 0 0 
22787 1 0 0 0 1 0 0 0 0 0 0 0 0 0 0 0 0 0 0 0 0 0 
22802 0 0 0 0 0 0 0 0 0 0 0 0 0 0 0 0 0 0 0 0 0 0 
22960 0 3 0 0 0 0 0 0 0 0 0 0 0 0 0 0 0 0 0 0 0 3 
22988 0 1 0 0 0 0 0 0 0 0 0 0 0 0 0 0 0 1 0 0 0 3 
22990 0 4 0 0 0 0 0 0 0 0 0 0 0 0 0 0 0 1 0 0 0 4 
23003 0 3 0 0 0 0 0 0 0 0 0 0 0 0 0 0 0 3 0 0 0 4 
23018 0 4 0 0 0 0 0 0 0 0 0 0 0 0 0 0 0 4 0 0 0 4 
23035 0 3 0 0 0 0 0 0 0 0 0 0 0 0 0 0 0 4 0 0 0 3 
23050 0 4 0 0 0 0 0 0 0 0 0 0 0 0 0 0 0 4 0 0 0 4 
23063 0 3 0 0 0 0 0 0 0 0 0 0 0 0 0 0 0 3 0 0 0 4 
23078 0 4 0 0 0 0 0 0 0 0 0 0 0 0 0 0 0 4 0 0 0 4 
23093 0 2 0 0 0 0 0 0 0 0 0 0 0 0 0 0 0 2 0 0 0 4 
23095 0 3 0 0 0 0 0 0 0 0 0 0 0 0 0 0 0 2 0 0 0 3 
23108 0 0 0 0 0 0 0 0 0 0 0 0 0 0 0 0 0 0 0 0 0 3 
23110 0 4 0 0 0 0 0 0 0 0 0 0 0 0 0 0 0 0 0 0 0 4 
23155 0 3 0 0 0 0 0 0 0 0 0 0 0 0 0 0 0 0 0 0 0 3 
23170 0 4 0 0 0 0 0 0 0 0 0 0 0 0 0 0 0 0 0 0 0 4 
23200 0 2 0 0 0 0 0 0 0 0 0 0 0 0 0 0 0 0 0 0 0 2 
23215 0 -2 0 0 0 0 0 0 0 0 0 0 0 0 0 0 0 0 0 0 0 -2 
23230 0 0 0 0 0 0 0 0 0 0 0 0 0 0 0 0 0 0 0 0 0 0 
23275 0 1 0 0 0 0 0 0 0 0 0 0 0 0 0 0 0 0 0 0 0 1 
23290 0 4 0 0 0 0 0 0 0 0 0 0 0 0 0 0 0 0 0 0 0 4 
23335 0 3 0 0 0 0 0 0 0 0 0 0 0 0 0 0 0 0 0 0 0 3 
23350 0 4 0 0 0 0 0 0 0 0 0 0 0 0 0 0 0 0 0 0 0 4 
23380 0 0 0 0 0 0 0 0 0 0 0 0 0 0 0 0 0 0 0 0 0 0 
23393 0 4 0 0 0 0 0 0 0 0 0 0 0 0 0 0 0 4 0 0 0 0 
23423 0 5 0 0 0 0 0 0 0 0 0 0 0 0 0 0 0 5 0 0 0 0 
23438 0 4 0 0 0 0 0 0 0 0 0 0 0 0 0 0 0 4 0 0 0 0 
23483 0 3 0 0 0 0 0 0 0 0 0 0 0 0 0 0 0 3 0 0 0 0 
23498 0 0 0 0 0 0 0 0 0 0 0 0 0 0 0 0 0 0 0 0 0 0 
24460 0 1 0 0 0 0 0 0 0 0 0 0 0 0 0 0 0 0 0 0 0 1 
24475 0 3 0 0 0 0 0 0 0 0 0 0 0 0 0 0 0 0 0 0 0 3 
24490 0 4 0 0 0 0 0 0 0 0 0 0 0 0 0 0 0 0 0 0 0 4 
24535 0 3 0 0 0 0 0 0 0 0 0 0 0 0 0 0 0 0 0 0 0 3 
24550 0 4 0 0 0 0 0 0 0 0 0 0 0 0 0 0 0 0 0 0 0 4 
24580 0 3 0 0 0 0 0 0 0 0 0 0 0 0 0 0 0 0 0 0 0 3 
24595 0 0 0 0 0 0 0 0 0 0 0 0 0 0 0 0 0 0 0 0 0 0 
25567 0 1 0 0 0 0 0 0 0 0 0 0 0 0 0 1 0 0 0 0 0 0 
25582 0 23 0 0 0 0 0 0 0 0 0 0 0 0 0 23 0 0 0 0 0 0 
25597 0 4 0 0 0 0 0 0 0 0 0 0 0 0 0 4 0 0 0 0 0 0 
25627 0 3 0 0 0 0 0 0 0 0 0 0 0 0 0 3 0 0 0 0 0 0 
25642 0 4 0 0 0 0 0 0 0 0 0 0 0 0 0 4 0 0 0 0 0 0 
25657 0 -2 0 0 0 0 0 0 0 0 0 0 0 0 0 -2 0 0 0 0 0 0 
25672 0 0 0 0 0 0 0 0 0 0 0 0 0 0 0 0 0 0 0 0 0 0 
25760 0 9 0 0 0 0 0 0 0 0 0 9 0 0 0 0 0 0 0 0 0 0 
25775 0 7 0 0 0 0 0 0 0 0 0 7 0 0 0 0 0 0 0 0 0 0 
25778 0 1 0 0 0 0 0 0 0 0 0 7 0 0 0 0 0 1 0 0 0 0 
25790 0 12 0 0 0 0 0 0 0 0 0 12 0 0 0 0 0 1 0 0 0 0 
25793 0 4 0 0 0 0 0 0 0 0 0 12 0 0 0 0 0 4 0 0 0 0 
25805 0 0 0 0 0 0 0 0 0 0 0 0 0 0 0 0 0 4 0 0 0 0 
25820 0 7 0 0 0 0 0 0 0 0 0 7 0 0 0 0 0 4 0 0 0 0 
25823 0 18 0 0 0 0 0 0 0 0 0 7 0 0 0 0 0 18 0 0 0 0 
25835 0 3 0 0 0 0 0 0 0 0 0 3 0 0 0 0 0 18 0 0 0 0 
25838 0 23 0 0 0 0 0 0 0 0 0 3 0 0 0 0 0 23 0 0 0 0 
25850 0 16 0 0 0 0 0 0 0 0 0 16 0 0 0 0 0 23 0 0 0 0 
25853 0 4 0 0 0 0 0 0 0 0 0 16 0 0 0 0 0 4 0 0 0 0 
25865 0 2 0 0 0 0 0 0 0 0 0 2 0 0 0 0 0 4 0 0 0 0 
25880 0 3 0 0 0 0 0 0 0 0 0 4 0 0 0 0 0 2 0 0 0 0 
25883 0 0 0 0 0 0 0 0 0 0 0 4 0 0 0 0 0 0 0 0 0 0 
25895 0 3 0 0 0 0 0 0 0 0 0 3 0 0 0 0 0 0 0 0 0 0 
25910 0 6 0 0 0 0 0 0 0 0 0 6 0 0 0 0 0 0 0 0 0 0 
25925 0 4 0 0 0 0 0 0 0 0 0 4 0 0 0 0 0 0 0 0 0 0 
25940 0 3 0 0 0 0 0 0 0 0 0 3 0 0 0 0 0 0 0 0 0 0 
25955 0 1 0 0 0 0 0 0 0 0 0 1 0 0 0 0 0 0 0 0 0 0 
25970 0 4 0 0 0 0 0 0 0 0 0 4 0 0 0 0 0 0 0 0 0 0 
26000 0 6 0 0 0 0 0 0 0 0 0 6 0 0 0 0 0 0 0 0 0 0 
26015 0 5 0 0 0 0 0 0 0 0 0 5 0 0 0 0 0 0 0 0 0 0 
26030 0 0 0 0 0 0 0 0 0 0 0 0 0 0 0 0 0 0 0 0 0 0 
26553 0 6 0 0 0 0 0 6 0 0 0 0 0 0 0 0 0 0 0 0 0 0 
26568 0 4 0 0 0 0 0 4 0 0 0 0 0 0 0 0 0 0 0 0 0 0 
26583 0 11 0 0 0 0 0 11 0 0 0 0 0 0 0 0 0 0 0 0 0 0 
26598 0 7 0 0 0 0 0 7 0 0 0 0 0 0 0 0 0 0 0 0 0 0 
26613 0 -7 0 0 0 0 0 -7 0 0 0 0 0 0 0 0 0 0 0 0 0 0 
26628 0 -20 0 0 0 0 0 -20 0 0 0 0 0 0 0 0 0 0 0 0 0 0 
26643 0 -1 0 0 0 0 0 -1 0 0 0 0 0 0 0 0 0 0 0 0 0 0 
26658 0 0 0 0 0 0 0 0 0 0 0 0 0 0 0 0 0 0 0 0 0 0 
26930 0 3 0 0 0 0 0 0 0 0 0 3 0 0 0 0 0 0 0 0 0 0 
26945 0 6 0 0 0 0 0 0 0 0 0 6 0 0 0 0 0 0 0 0 0 0 
26960 0 4 0 0 0 0 0 0 0 0 0 4 0 0 0 0 0 0 0 0 0 0 
26975 0 3 0 0 0 0 0 0 0 0 0 3 0 0 0 0 0 0 0 0 0 0 
26990 0 4 0 0 0 0 0 0 0 0 0 4 0 0 0 0 0 0 0 0 0 0 
