# ValueCount deltaRoads
10 0 0 0 0 0 0 0 0 0 0 0 0 0 0 0 0 0 0 0 0 0 0 
122 1 6 1 0 1 6 1 0 1 0 1 0 1 0 1 0 1 0 1 0 1 0 
124 2 7 2 0 2 6 2 0 2 7 2 0 2 0 2 0 2 0 2 0 2 0 
125 3 6 3 0 3 6 3 0 3 7 3 6 3 0 3 0 3 0 3 0 3 0 
139 4 5.5 4 0 4 6 4 0 4 5 4 6 4 6 4 0 4 0 4 0 4 0 
141 5 8 5 0 5 6 5 0 5 5 5 6 5 8 5 0 5 0 5 0 5 0 
154 6 4 6 0 6 6 6 0 6 4 6 6 6 8 6 0 6 0 6 0 6 0 
156 7 5 7 0 7 6 7 0 7 4 7 4 7 6 7 0 7 0 7 0 7 0 
167 8 0 8 0 8 0 8 0 8 4 8 4 8 6 8 0 8 0 8 0 8 0 
512 9 1.5 9 0 9 6 9 0 9 0 9 0 9 0 9 0 9 0 9 0 9 0 
542 10 8 10 0 10 8 10 0 10 0 10 0 10 0 10 0 10 0 10 0 10 0 
557 11 26 11 0 11 26 11 0 11 0 11 0 11 0 11 0 11 0 11 0 11 0 
572 12 8 12 0 12 8 12 0 12 0 12 0 12 0 12 0 12 0 12 0 12 0 
587 13 6 13 0 13 6 13 0 13 0 13 0 13 0 13 0 13 0 13 0 13 0 
602 14 10 14 0 14 10 14 0 14 0 14 0 14 0 14 0 14 0 14 0 14 0 
617 15 8 15 0 15 8 15 0 15 0 15 0 15 0 15 0 15 0 15 0 15 0 
647 16 2 16 0 16 2 16 0 16 0 16 0 16 0 16 0 16 0 16 0 16 0 
662 17 0 17 0 17 0 17 0 17 0 17 0 17 0 17 0 17 0 17 0 17 0 
2465 18 4 18 0 18 0 18 0 18 0 18 4 18 0 18 0 18 0 18 0 18 0 
2480 19 8 19 0 19 0 19 0 19 0 19 8 19 0 19 0 19 0 19 0 19 0 
2494 20 2 20 0 20 0 20 0 20 2 20 8 20 0 20 0 20 0 20 0 20 0 
2495 21 6 21 0 21 0 21 0 21 2 21 6 21 0 21 0 21 0 21 0 21 0 
2509 22 8 22 0 22 0 22 0 22 8 22 6 22 0 22 0 22 0 22 0 22 0 
2540 23 5 23 0 23 0 23 0 23 8 23 5 23 0 23 0 23 0 23 0 23 0 
2554 24 6 24 0 24 0 24 0 24 6 24 5 24 0 24 0 24 0 24 0 24 0 
2555 25 43 25 0 25 0 25 0 25 6 25 43 25 0 25 0 25 0 25 0 25 0 
2569 26 10 26 0 26 0 26 0 26 10 26 43 26 0 26 0 26 0 26 0 26 0 
2570 27 8 27 0 27 0 27 0 27 10 27 8 27 0 27 0 27 0 27 0 27 0 
2585 28 9 28 0 28 0 28 0 28 8 28 10 28 0 28 0 28 0 28 0 28 0 
2599 29 6 29 0 29 0 29 0 29 6 29 10 29 0 29 0 29 0 29 0 29 0 
2600 30 8 30 0 30 0 30 0 30 6 30 8 30 0 30 0 30 0 30 0 30 0 
2614 31 10 31 0 31 0 31 0 31 10 31 8 31 0 31 0 31 0 31 0 31 0 
2615 32 6 32 0 32 0 32 0 32 10 32 6 32 0 32 0 32 0 32 0 32 0 
2629 33 50 33 0 33 0 33 0 33 50 33 6 33 0 33 0 33 0 33 0 33 0 
2630 34 10 34 0 34 0 34 0 34 50 34 10 34 0 34 0 34 0 34 0 34 0 
2644 35 8 35 0 35 0 35 0 35 8 35 10 35 0 35 0 35 0 35 0 35 0 
2659 36 6.5 36 0 36 0 36 0 36 5 36 8 36 0 36 0 36 0 36 0 36 0 
2660 37 6 37 0 37 0 37 0 37 5 37 6 37 0 37 0 37 0 37 0 37 0 
2674 38 159 38 0 38 0 38 0 38 159 38 6 38 0 38 0 38 0 38 0 38 0 
2675 39 8 39 0 39 0 39 0 39 159 39 8 39 0 39 0 39 0 39 0 39 0 
2705 40 6 40 0 40 0 40 0 40 8 40 4 40 0 40 0 40 0 40 0 40 0 
2720 41 3 41 0 41 0 41 0 41 6 41 0 41 0 41 0 41 0 41 0 41 0 
2749 42 0 42 0 42 0 42 0 42 0 42 0 42 0 42 0 42 0 42 0 42 0 
6648 43 6 43 0 43 0 43 6 43 0 43 0 43 0 43 0 43 0 43 0 43 0 
6663 44 2 44 0 44 0 44 2 44 0 44 0 44 0 44 0 44 0 44 0 44 0 
6678 45 7 45 0 45 0 45 7 45 0 45 0 45 0 45 0 45 0 45 0 45 0 
6693 46 1 46 0 46 0 46 1 46 0 46 0 46 0 46 0 46 0 46 0 46 0 
6706 47 6 47 6 47 0 47 1 47 0 47 0 47 0 47 0 47 0 47 0 47 0 
6708 48 0 48 6 48 0 48 0 48 0 48 0 48 0 48 0 48 0 48 0 48 0 
6736 49 4 49 4 49 0 49 0 49 0 49 0 49 0 49 0 49 0 49 0 49 0 
6751 50 0 50 0 50 0 50 0 50 0 50 0 50 0 50 0 50 0 50 0 50 0 
7580 51 7 51 0 51 0 51 0 51 0 51 7 51 0 51 0 51 0 51 0 51 0 
7595 52 3 52 0 52 0 52 0 52 0 52 3 52 0 52 0 52 0 52 0 52 0 
7609 53 2 53 0 53 0 53 0 53 2 53 3 53 0 53 0 53 0 53 0 53 0 
7610 54 6 54 0 54 0 54 0 54 2 54 6 54 0 54 0 54 0 54 0 54 0 
7625 55 3 55 0 55 0 55 0 55 6 55 0 55 0 55 0 55 0 55 0 55 0 
7669 56 0 56 0 56 0 56 0 56 0 56 0 56 0 56 0 56 0 56 0 56 0 
8226 57 7 57 0 57 0 57 0 57 0 57 0 57 7 57 0 57 0 57 0 57 0 
8256 58 8 58 0 58 0 58 0 58 0 58 0 58 8 58 0 58 0 58 0 58 0 
8271 59 6 59 0 59 0 59 0 59 0 59 0 59 6 59 0 59 0 59 0 59 0 
8286 60 8 60 0 60 0 60 0 60 0 60 0 60 8 60 0 60 0 60 0 60 0 
8301 61 10 61 0 61 0 61 0 61 0 61 0 61 10 61 0 61 0 61 0 61 0 
8315 62 2 62 0 62 0 62 0 62 0 62 2 62 10 62 0 62 0 62 0 62 0 
8316 63 8 63 0 63 0 63 0 63 0 63 2 63 8 63 0 63 0 63 0 63 0 
8375 64 6 64 0 64 0 64 0 64 0 64 6 64 8 64 0 64 0 64 0 64 0 
8390 65 8 65 0 65 0 65 0 65 0 65 8 65 8 65 0 65 0 65 0 65 0 
8420 66 10 66 0 66 0 66 0 66 0 66 10 66 8 66 0 66 0 66 0 66 0 
8421 67 27 67 0 67 0 67 0 67 0 67 10 67 27 67 0 67 0 67 0 67 0 
8435 68 6 68 0 68 0 68 0 68 0 68 6 68 27 68 0 68 0 68 0 68 0 
8436 69 7 69 0 69 0 69 0 69 0 69 6 69 7 69 0 69 0 69 0 69 0 
8450 70 8 70 0 70 0 70 0 70 0 70 8 70 7 70 0 70 0 70 0 70 0 
8451 71 6 71 0 71 0 71 0 71 0 71 8 71 6 71 0 71 0 71 0 71 0 
8465 72 0 72 0 72 0 72 0 72 0 72 0 72 6 72 0 72 0 72 0 72 0 
8466 73 12 73 0 73 0 73 0 73 0 73 0 73 12 73 0 73 0 73 0 73 0 
8481 74 8 74 0 74 0 74 0 74 0 74 0 74 8 74 0 74 0 74 0 74 0 
8556 75 9 75 0 75 0 75 0 75 0 75 0 75 9 75 0 75 0 75 0 75 0 
8571 76 6 76 0 76 0 76 0 76 0 76 0 76 6 76 0 76 0 76 0 76 0 
8586 77 0 77 0 77 0 77 0 77 0 77 0 77 0 77 0 77 0 77 0 77 0 
8661 78 6 78 0 78 0 78 0 78 0 78 0 78 6 78 0 78 0 78 0 78 0 
8676 79 42 79 0 79 0 79 0 79 0 79 0 79 42 79 0 79 0 79 0 79 0 
8691 80 0 80 0 80 0 80 0 80 0 80 0 80 0 80 0 80 0 80 0 80 0 
9364 81 6 81 0 81 0 81 0 81 6 81 0 81 0 81 0 81 0 81 0 81 0 
9394 82 8 82 0 82 0 82 0 82 8 82 0 82 0 82 0 82 0 82 0 82 0 
9409 83 12 83 0 83 0 83 0 83 12 83 0 83 0 83 0 83 0 83 0 83 0 
9424 84 8 84 0 84 0 84 0 84 8 84 0 84 0 84 0 84 0 84 0 84 0 
9439 85 6 85 0 85 0 85 0 85 6 85 0 85 0 85 0 85 0 85 0 85 0 
9454 86 82 86 0 86 0 86 0 86 82 86 0 86 0 86 0 86 0 86 0 86 0 
9469 87 8 87 0 87 0 87 0 87 8 87 0 87 0 87 0 87 0 87 0 87 0 
9484 88 27 88 0 88 0 88 0 88 27 88 0 88 0 88 0 88 0 88 0 88 0 
9499 89 5 89 0 89 0 89 0 89 5 89 0 89 0 89 0 89 0 89 0 89 0 
9514 90 8 90 0 90 0 90 0 90 8 90 0 90 0 90 0 90 0 90 0 90 0 
9529 91 1 91 0 91 0 91 0 91 1 91 0 91 0 91 0 91 0 91 0 91 0 
9544 92 0 92 0 92 0 92 0 92 0 92 0 92 0 92 0 92 0 92 0 92 0 
10072 93 2 93 0 93 0 93 0 93 0 93 0 93 0 93 2 93 0 93 0 93 0 
10087 94 5 94 0 94 0 94 0 94 0 94 0 94 0 94 5 94 0 94 0 94 0 
10117 95 4 95 0 95 0 95 0 95 0 95 0 95 0 95 4 95 0 95 0 95 0 
10132 96 0 96 0 96 0 96 0 96 0 96 0 96 0 96 0 96 0 96 0 96 0 
10252 97 4 97 0 97 0 97 0 97 0 97 0 97 0 97 4 97 0 97 0 97 0 
10267 98 6 98 0 98 0 98 0 98 0 98 0 98 0 98 6 98 0 98 0 98 0 
10282 99 8 99 0 99 0 99 0 99 0 99 0 99 0 99 8 99 0 99 0 99 0 
10327 100 2 100 0 100 0 100 0 100 0 100 0 100 0 100 2 100 0 100 0 100 0 
10342 101 0 101 0 101 0 101 0 101 0 101 0 101 0 101 0 101 0 101 0 101 0 
11283 102 4 102 0 102 0 102 4 102 0 102 0 102 0 102 0 102 0 102 0 102 0 
11298 103 8 103 0 103 0 103 8 103 0 103 0 103 0 103 0 103 0 103 0 103 0 
11313 104 26 104 0 104 0 104 26 104 0 104 0 104 0 104 0 104 0 104 0 104 0 
11328 105 8 105 0 105 0 105 8 105 0 105 0 105 0 105 0 105 0 105 0 105 0 
11343 106 6 106 0 106 0 106 6 106 0 106 0 106 0 106 0 106 0 106 0 106 0 
11358 107 8 107 0 107 0 107 8 107 0 107 0 107 0 107 0 107 0 107 0 107 0 
11373 108 10 108 0 108 0 108 10 108 0 108 0 108 0 108 0 108 0 108 0 108 0 
11388 109 34 109 0 109 0 109 34 109 0 109 0 109 0 109 0 109 0 109 0 109 0 
11403 110 6 110 0 110 0 110 6 110 0 110 0 110 0 110 0 110 0 110 0 110 0 
11418 111 7 111 0 111 0 111 7 111 0 111 0 111 0 111 0 111 0 111 0 111 0 
11448 112 11 112 0 112 0 112 11 112 0 112 0 112 0 112 0 112 0 112 0 112 0 
11463 113 5 113 0 113 0 113 5 113 0 113 0 113 0 113 0 113 0 113 0 113 0 
11478 114 8 114 0 114 0 114 8 114 0 114 0 114 0 114 0 114 0 114 0 114 0 
11493 115 9 115 0 115 8 115 10 115 0 115 0 115 0 115 0 115 0 115 0 115 0 
11507 116 4 116 0 116 4 116 10 116 0 116 0 116 0 116 0 116 0 116 0 116 0 
11508 117 8 117 0 117 4 117 8 117 0 117 0 117 0 117 0 117 0 117 0 117 0 
11522 118 6 118 0 118 6 118 8 118 0 118 0 118 0 118 0 118 0 118 0 118 0 
11537 119 3 119 0 119 0 119 6 119 0 119 0 119 0 119 0 119 0 119 0 119 0 
11538 120 8 120 0 120 0 120 8 120 0 120 0 120 0 120 0 120 0 120 0 120 0 
11553 121 10 121 0 121 0 121 10 121 0 121 0 121 0 121 0 121 0 121 0 121 0 
11568 122 6 122 0 122 0 122 6 122 0 122 0 122 0 122 0 122 0 122 0 122 0 
11571 123 2 123 0 123 0 123 6 123 0 123 0 123 2 123 0 123 0 123 0 123 0 
11586 124 0 124 0 124 0 124 6 124 0 124 0 124 0 124 0 124 0 124 0 124 0 
11598 125 8 125 0 125 0 125 8 125 0 125 0 125 0 125 0 125 0 125 0 125 0 
11643 126 0 126 0 126 0 126 0 126 0 126 0 126 0 126 0 126 0 126 0 126 0 
12916 127 5 127 5 127 0 127 0 127 0 127 0 127 0 127 0 127 0 127 0 127 0 
12946 128 8 128 8 128 0 128 0 128 0 128 0 128 0 128 0 128 0 128 0 128 0 
12961 129 11 129 11 129 0 129 0 129 0 129 0 129 0 129 0 129 0 129 0 129 0 
12966 130 2 130 11 130 0 130 0 130 0 130 0 130 2 130 0 130 0 130 0 130 0 
12976 131 7 131 7 131 0 131 0 131 0 131 0 131 2 131 0 131 0 131 0 131 0 
12981 132 0 132 7 132 0 132 0 132 0 132 0 132 0 132 0 132 0 132 0 132 0 
12991 133 6 133 6 133 0 133 0 133 0 133 0 133 0 133 0 133 0 133 0 133 0 
13006 134 27 134 27 134 0 134 0 134 0 134 0 134 0 134 0 134 0 134 0 134 0 
13021 135 5 135 5 135 0 135 0 135 0 135 0 135 0 135 0 135 0 135 0 135 0 
13026 136 2 136 5 136 0 136 0 136 0 136 0 136 2 136 0 136 0 136 0 136 0 
13036 137 8 137 8 137 0 137 0 137 0 137 0 137 2 137 0 137 0 137 0 137 0 
13041 138 0 138 8 138 0 138 0 138 0 138 0 138 0 138 0 138 0 138 0 138 0 
13051 139 5 139 5 139 0 139 0 139 0 139 0 139 0 139 0 139 0 139 0 139 0 
13053 140 2 140 5 140 0 140 2 140 0 140 0 140 0 140 0 140 0 140 0 140 0 
13066 141 7 141 7 141 0 141 2 141 0 141 0 141 0 141 0 141 0 141 0 141 0 
13068 142 0 142 7 142 0 142 0 142 0 142 0 142 0 142 0 142 0 142 0 142 0 
13081 143 10 143 10 143 0 143 0 143 0 143 0 143 0 143 0 143 0 143 0 143 0 
13111 144 6 144 6 144 0 144 0 144 0 144 0 144 0 144 0 144 0 144 0 144 0 
13126 145 8 145 8 145 0 145 0 145 0 145 0 145 0 145 0 145 0 145 0 145 0 
13141 146 10 146 10 146 0 146 0 146 0 146 0 146 0 146 0 146 0 146 0 146 0 
13156 147 6 147 6 147 0 147 0 147 0 147 0 147 0 147 0 147 0 147 0 147 0 
13161 148 2 148 6 148 0 148 0 148 0 148 0 148 2 148 0 148 0 148 0 148 0 
13171 149 0 149 0 149 0 149 0 149 0 149 0 149 2 149 0 149 0 149 0 149 0 
13325 150 2 150 0 150 0 150 0 150 0 150 4 150 0 150 0 150 0 150 0 150 0 
13340 151 6 151 0 151 0 151 0 151 0 151 6 151 0 151 0 151 0 151 0 151 0 
13355 152 5 152 0 152 0 152 0 152 0 152 5 152 0 152 0 152 0 152 0 152 0 
13370 153 1 153 0 153 0 153 0 153 0 153 1 153 0 153 0 153 0 153 0 153 0 
13385 154 0 154 0 154 0 154 0 154 0 154 0 154 0 154 0 154 0 154 0 154 0 
14380 155 11 155 0 155 0 155 0 155 0 155 0 155 0 155 0 155 0 155 0 155 11 
14395 156 5 156 0 156 0 156 0 156 0 156 0 156 0 156 0 156 0 156 0 156 5 
14404 157 6 157 0 157 0 157 0 157 6 157 0 157 0 157 0 157 0 157 0 157 5 
14410 158 4 158 0 158 0 158 0 158 6 158 0 158 0 158 0 158 0 158 0 158 4 
14419 159 2 159 0 159 0 159 0 159 2 159 0 159 0 159 0 159 0 159 0 159 4 
14425 160 0 160 0 160 0 160 0 160 2 160 0 160 0 160 0 160 0 160 0 160 0 
14434 161 7 161 0 161 0 161 0 161 7 161 0 161 0 161 0 161 0 161 0 161 0 
14449 162 1 162 0 162 0 162 0 162 1 162 0 162 0 162 0 162 0 162 0 162 0 
14464 163 0 163 0 163 0 163 0 163 0 163 0 163 0 163 0 163 0 163 0 163 0 
16235 164 4 164 0 164 0 164 0 164 0 164 4 164 0 164 0 164 0 164 0 164 0 
16250 165 8 165 0 165 0 165 0 165 0 165 8 165 0 165 0 165 0 165 0 165 0 
16265 166 10 166 0 166 0 166 0 166 0 166 10 166 0 166 0 166 0 166 0 166 0 
16280 167 8 167 0 167 0 167 0 167 0 167 8 167 0 167 0 167 0 167 0 167 0 
16295 168 40 168 0 168 0 168 0 168 0 168 40 168 0 168 0 168 0 168 0 168 0 
16310 169 8 169 0 169 0 169 0 169 0 169 8 169 0 169 0 169 0 169 0 169 0 
16340 170 10 170 0 170 0 170 0 170 0 170 10 170 0 170 0 170 0 170 0 170 0 
16355 171 6 171 0 171 0 171 0 171 0 171 6 171 0 171 0 171 0 171 0 171 0 
16370 172 8 172 0 172 0 172 0 172 0 172 8 172 0 172 0 172 0 172 0 172 0 
16400 173 9 173 0 173 0 173 0 173 0 173 9 173 0 173 0 173 0 173 0 173 0 
16415 174 6 174 0 174 0 174 0 174 0 174 6 174 0 174 0 174 0 174 0 174 0 
16430 175 8 175 0 175 0 175 0 175 0 175 8 175 0 175 0 175 0 175 0 175 0 
16445 176 2 176 0 176 0 176 0 176 0 176 2 176 0 176 0 176 0 176 0 176 0 
16460 177 0 177 0 177 0 177 0 177 0 177 0 177 0 177 0 177 0 177 0 177 0 
16518 178 6 178 0 178 0 178 6 178 0 178 0 178 0 178 0 178 0 178 0 178 0 
16533 179 4 179 0 179 0 179 4 179 0 179 0 179 0 179 0 179 0 179 0 179 0 
16548 180 8 180 0 180 0 180 8 180 0 180 0 180 0 180 0 180 0 180 0 180 0 
16563 181 0 181 0 181 0 181 0 181 0 181 0 181 0 181 0 181 0 181 0 181 0 
16595 182 4 182 0 182 0 182 0 182 0 182 4 182 0 182 0 182 0 182 0 182 0 
16610 183 8 183 0 183 0 183 0 183 0 183 8 183 0 183 0 183 0 183 0 183 0 
16625 184 10 184 0 184 0 184 0 184 0 184 10 184 0 184 0 184 0 184 0 184 0 
16640 185 4 185 0 185 0 185 0 185 0 185 4 185 0 185 0 185 0 185 0 185 0 
16655 186 0 186 0 186 0 186 0 186 0 186 0 186 0 186 0 186 0 186 0 186 0 
16697 187 5 187 0 187 5 187 0 187 0 187 0 187 0 187 0 187 0 187 0 187 0 
16712 188 7 188 0 188 7 188 0 188 0 188 0 188 0 188 0 188 0 188 0 188 0 
16727 189 6 189 0 189 6 189 0 189 0 189 0 189 0 189 0 189 0 189 0 189 0 
16742 190 8 190 0 190 8 190 0 190 0 190 0 190 0 190 0 190 0 190 0 190 0 
16757 191 9 191 0 191 9 191 0 191 0 191 0 191 0 191 0 191 0 191 0 191 0 
16772 192 7 192 0 192 7 192 0 192 0 192 0 192 0 192 0 192 0 192 0 192 0 
16787 193 6 193 0 193 6 193 0 193 0 193 0 193 0 193 0 193 0 193 0 193 0 
16802 194 8 194 0 194 8 194 0 194 0 194 0 194 0 194 0 194 0 194 0 194 0 
16805 195 6 195 0 195 8 195 0 195 0 195 6 195 0 195 0 195 0 195 0 195 0 
16820 196 34 196 0 196 8 196 0 196 0 196 34 196 0 196 0 196 0 196 0 196 0 
16835 197 6 197 0 197 8 197 0 197 0 197 6 197 0 197 0 197 0 197 0 197 0 
16862 198 10 198 0 198 10 198 0 198 0 198 6 198 0 198 0 198 0 198 0 198 0 
16865 199 0 199 0 199 10 199 0 199 0 199 0 199 0 199 0 199 0 199 0 199 0 
16877 200 8 200 0 200 8 200 0 200 0 200 0 200 0 200 0 200 0 200 0 200 0 
16892 201 34 201 0 201 34 201 0 201 0 201 0 201 0 201 0 201 0 201 0 201 0 
16907 202 6 202 0 202 6 202 0 202 0 202 0 202 0 202 0 202 0 202 0 202 0 
16922 203 8 203 0 203 8 203 0 203 0 203 0 203 0 203 0 203 0 203 0 203 0 
16967 204 6 204 0 204 6 204 0 204 0 204 0 204 0 204 0 204 0 204 0 204 0 
16982 205 8 205 0 205 8 205 0 205 0 205 0 205 0 205 0 205 0 205 0 205 0 
16997 206 4 206 0 206 4 206 0 206 0 206 0 206 0 206 0 206 0 206 0 206 0 
16999 207 1 207 0 207 4 207 0 207 1 207 0 207 0 207 0 207 0 207 0 207 0 
17012 208 0 208 0 208 0 208 0 208 1 208 0 208 0 208 0 208 0 208 0 208 0 
17014 209 7 209 0 209 0 209 0 209 7 209 0 209 0 209 0 209 0 209 0 209 0 
17029 210 8 210 0 210 0 210 0 210 8 210 0 210 0 210 0 210 0 210 0 210 0 
17044 211 26 211 0 211 0 211 0 211 26 211 0 211 0 211 0 211 0 211 0 211 0 
17059 212 6 212 0 212 0 212 0 212 6 212 0 212 0 212 0 212 0 212 0 212 0 
17074 213 8 213 0 213 0 213 0 213 8 213 0 213 0 213 0 213 0 213 0 213 0 
17119 214 6 214 0 214 0 214 0 214 6 214 0 214 0 214 0 214 0 214 0 214 0 
17134 215 8 215 0 215 0 215 0 215 8 215 0 215 0 215 0 215 0 215 0 215 0 
17149 216 10 216 0 216 0 216 0 216 10 216 0 216 0 216 0 216 0 216 0 216 0 
17179 217 6 217 0 217 0 217 0 217 6 217 0 217 0 217 0 217 0 217 0 217 0 
17194 218 7 218 0 218 0 218 0 218 7 218 0 218 0 218 0 218 0 218 0 218 0 
17209 219 0 219 0 219 0 219 0 219 0 219 0 219 0 219 0 219 0 219 0 219 0 
17245 220 8 220 0 220 0 220 0 220 0 220 0 220 0 220 0 220 0 220 0 220 8 
17275 221 6 221 0 221 0 221 0 221 0 221 0 221 0 221 0 221 0 221 0 221 6 
17290 222 8 222 0 222 0 222 0 222 0 222 0 222 0 222 0 222 0 222 0 222 8 
17305 223 5 223 0 223 0 223 0 223 0 223 0 223 0 223 0 223 0 223 0 223 5 
17320 224 69 224 0 224 0 224 0 224 0 224 0 224 0 224 0 224 0 224 0 224 69 
17335 225 6 225 0 225 0 225 0 225 0 225 0 225 0 225 0 225 0 225 0 225 6 
17350 226 8 226 0 226 0 226 0 226 0 226 0 226 0 226 0 226 0 226 0 226 8 
17395 227 6 227 0 227 0 227 0 227 0 227 0 227 0 227 0 227 0 227 0 227 6 
17410 228 8 228 0 228 0 228 0 228 0 228 0 228 0 228 0 228 0 228 0 228 8 
17421 229 2 229 0 229 0 229 0 229 0 229 0 229 2 229 0 229 0 229 0 229 8 
17425 230 6 230 0 230 0 230 0 230 0 230 0 230 2 230 0 230 0 230 0 230 6 
17436 231 0 231 0 231 0 231 0 231 0 231 0 231 0 231 0 231 0 231 0 231 6 
17440 232 8 232 0 232 0 232 0 232 0 232 0 232 0 232 0 232 0 232 0 232 8 
17470 233 4 233 0 233 0 233 0 233 0 233 0 233 0 233 0 233 0 233 0 233 4 
17485 234 0 234 0 234 0 234 0 234 0 234 0 234 0 234 0 234 0 234 0 234 0 
19086 235 4 235 0 235 0 235 0 235 0 235 0 235 4 235 0 235 0 235 0 235 0 
19101 236 6 236 0 236 0 236 0 236 0 236 0 236 6 236 0 236 0 236 0 236 0 
19131 237 0 237 0 237 0 237 0 237 0 237 0 237 0 237 0 237 0 237 0 237 0 
19253 238 2 238 0 238 0 238 0 238 0 238 0 238 0 238 0 238 2 238 0 238 0 
19268 239 6 239 0 239 0 239 0 239 0 239 0 239 0 239 0 239 6 239 0 239 0 
19283 240 4 240 0 240 0 240 0 240 0 240 0 240 0 240 0 240 4 240 0 240 0 
19313 241 0 241 0 241 0 241 0 241 0 241 0 241 0 241 0 241 0 241 0 241 0 
19458 242 1 242 0 242 0 242 1 242 0 242 0 242 0 242 0 242 0 242 0 242 0 
19473 243 0 243 0 243 0 243 0 243 0 243 0 243 0 243 0 243 0 243 0 243 0 
21183 244 2 244 0 244 0 244 2 244 0 244 0 244 0 244 0 244 0 244 0 244 0 
21198 245 8 245 0 245 0 245 8 245 0 245 0 245 0 245 0 245 0 245 0 245 0 
21243 246 5 246 0 246 0 246 5 246 0 246 0 246 0 246 0 246 0 246 0 246 0 
21258 247 7 247 0 247 0 247 7 247 0 247 0 247 0 247 0 247 0 247 0 247 0 
21273 248 11 248 0 248 0 248 11 248 0 248 0 248 0 248 0 248 0 248 0 248 0 
21288 249 7 249 0 249 0 249 7 249 0 249 0 249 0 249 0 249 0 249 0 249 0 
21303 250 6 250 0 250 0 250 6 250 0 250 0 250 0 250 0 250 0 250 0 250 0 
21318 251 10 251 0 251 0 251 10 251 0 251 0 251 0 251 0 251 0 251 0 251 0 
21333 252 8 252 0 252 0 252 8 252 0 252 0 252 0 252 0 252 0 252 0 252 0 
21363 253 6 253 0 253 0 253 6 253 0 253 0 253 0 253 0 253 0 253 0 253 0 
21378 254 8 254 0 254 0 254 8 254 0 254 0 254 0 254 0 254 0 254 0 254 0 
21408 255 6 255 0 255 0 255 6 255 0 255 0 255 0 255 0 255 0 255 0 255 0 
21423 256 2 256 0 256 0 256 2 256 0 256 0 256 0 256 0 256 0 256 0 256 0 
21438 257 0 257 0 257 0 257 0 257 0 257 0 257 0 257 0 257 0 257 0 257 0 
21725 258 7 258 0 258 0 258 0 258 0 258 7 258 0 258 0 258 0 258 0 258 0 
21755 259 2 259 0 259 0 259 0 259 0 259 2 259 0 259 0 259 0 259 0 259 0 
21770 260 0 260 0 260 0 260 0 260 0 260 0 260 0 260 0 260 0 260 0 260 0 
21862 261 8 261 0 261 0 261 0 261 0 261 0 261 0 261 8 261 0 261 0 261 0 
21872 262 7 262 0 262 7 262 0 262 0 262 0 262 0 262 8 262 0 262 0 262 0 
21877 263 6 263 0 263 7 263 0 263 0 263 0 263 0 263 6 263 0 263 0 263 0 
21887 264 4.5 264 0 264 3 264 0 264 0 264 0 264 0 264 6 264 6 264 0 264 0 
21890 265 2 265 0 265 3 265 0 265 0 265 2 265 0 265 6 265 6 265 0 265 0 
21893 266 5 266 0 266 3 266 0 266 0 266 2 266 0 266 6 266 5 266 0 266 0 
21902 267 2 267 0 267 2 267 0 267 0 267 2 267 0 267 6 267 5 267 0 267 0 
21905 268 0 268 0 268 2 268 0 268 0 268 0 268 0 268 6 268 5 268 0 268 0 
21908 269 30.5 269 0 269 2 269 0 269 0 269 0 269 0 269 0 269 61 269 0 269 0 
21917 270 0 270 0 270 0 270 0 270 0 270 0 270 0 270 0 270 61 270 0 270 0 
21918 271 1 271 0 271 0 271 1 271 0 271 0 271 0 271 0 271 61 271 0 271 0 
21923 272 4 272 0 272 0 272 1 272 0 272 0 272 0 272 0 272 4 272 0 272 0 
21938 273 8 273 0 273 0 273 1 273 0 273 0 273 0 273 0 273 8 273 0 273 0 
21948 274 0 274 0 274 0 274 0 274 0 274 0 274 0 274 0 274 8 274 0 274 0 
21983 275 25 275 0 275 0 275 0 275 0 275 0 275 0 275 0 275 25 275 0 275 0 
21998 276 7 276 0 276 0 276 0 276 0 276 0 276 0 276 0 276 7 276 0 276 0 
22013 277 8 277 0 277 0 277 0 277 0 277 0 277 0 277 0 277 8 277 0 277 0 
22058 278 35 278 0 278 0 278 0 278 0 278 0 278 0 278 0 278 35 278 0 278 0 
22073 279 25 279 0 279 0 279 0 279 0 279 0 279 0 279 0 279 25 279 0 279 0 
22084 280 7 280 0 280 0 280 0 280 7 280 0 280 0 280 0 280 25 280 0 280 0 
22088 281 10 281 0 281 0 281 0 281 7 281 0 281 0 281 0 281 10 281 0 281 0 
22099 282 3 282 0 282 0 282 0 282 3 282 0 282 0 282 0 282 10 282 0 282 0 
22103 283 2 283 0 283 0 283 0 283 3 283 0 283 0 283 0 283 2 283 0 283 0 
22114 284 6 284 0 284 0 284 0 284 6 284 0 284 0 284 0 284 2 284 0 284 0 
22118 285 0 285 0 285 0 285 0 285 6 285 0 285 0 285 0 285 0 285 0 285 0 
22129 286 -6 286 0 286 0 286 0 286 -6 286 0 286 0 286 0 286 0 286 0 286 0 
22144 287 -8 287 0 287 0 287 0 287 -8 287 0 287 0 287 0 287 0 287 0 287 0 
22159 288 -2 288 0 288 0 288 0 288 -2 288 0 288 0 288 0 288 0 288 0 288 0 
22174 289 0 289 0 289 0 289 0 289 0 289 0 289 0 289 0 289 0 289 0 289 0 
22506 290 4 290 0 290 0 290 0 290 0 290 0 290 4 290 0 290 0 290 0 290 0 
22521 291 8 291 0 291 0 291 0 291 0 291 0 291 8 291 0 291 0 291 0 291 0 
22551 292 6 292 0 292 0 292 0 292 0 292 0 292 6 292 0 292 0 292 0 292 0 
22566 293 8 293 0 293 0 293 0 293 0 293 0 293 8 293 0 293 0 293 0 293 0 
22596 294 10 294 0 294 0 294 0 294 0 294 0 294 10 294 0 294 0 294 0 294 0 
22611 295 6 295 0 295 0 295 0 295 0 295 0 295 6 295 0 295 0 295 0 295 0 
22614 296 4 296 0 296 0 296 0 296 0 296 0 296 6 296 0 296 0 296 4 296 0 
22626 297 9 297 0 297 0 297 0 297 0 297 0 297 9 297 0 297 0 297 4 297 0 
22629 298 6 298 0 298 0 298 0 298 0 298 0 298 9 298 0 298 0 298 6 298 0 
22641 299 7 299 0 299 0 299 0 299 0 299 0 299 7 299 0 299 0 299 6 299 0 
22656 300 9 300 0 300 0 300 0 300 0 300 0 300 9 300 0 300 0 300 6 300 0 
22659 301 0 301 0 301 0 301 0 301 0 301 0 301 9 301 0 301 0 301 0 301 0 
22671 302 7 302 0 302 0 302 0 302 0 302 0 302 7 302 0 302 0 302 0 302 0 
22686 303 8 303 0 303 0 303 0 303 0 303 0 303 8 303 0 303 0 303 0 303 0 
22688 304 1 304 0 304 0 304 0 304 0 304 0 304 8 304 0 304 1 304 0 304 0 
22702 305 6 305 0 305 0 305 0 305 0 305 0 305 8 305 6 305 1 305 0 305 0 
22703 306 0 306 0 306 0 306 0 306 0 306 0 306 8 306 6 306 0 306 0 306 0 
22717 307 31 307 0 307 0 307 0 307 0 307 0 307 8 307 31 307 0 307 0 307 0 
22731 308 6 308 0 308 0 308 0 308 0 308 0 308 6 308 31 308 0 308 0 308 0 
22732 309 8 309 0 309 0 309 0 309 0 309 0 309 6 309 8 309 0 309 0 309 0 
22747 310 7 310 0 310 0 310 0 310 0 310 0 310 8 310 6 310 0 310 0 310 0 
22757 311 2 311 0 311 2 311 0 311 0 311 0 311 8 311 6 311 0 311 0 311 0 
22772 312 4 312 0 312 8 312 0 312 0 312 0 312 2 312 6 312 0 312 0 312 2 
22776 313 0 313 0 313 8 313 0 313 0 313 0 313 0 313 6 313 0 313 0 313 2 
22777 314 4 314 0 314 8 314 0 314 0 314 0 314 0 314 4 314 0 314 0 314 2 
22780 315 0 315 0 315 8 315 0 315 0 315 0 315 0 315 4 315 0 315 0 315 0 
22787 316 6 316 0 316 6 316 0 316 0 316 0 316 0 316 4 316 0 316 0 316 0 
22792 317 0 317 0 317 6 317 0 317 0 317 0 317 0 317 0 317 0 317 0 317 0 
22802 318 8 318 0 318 8 318 0 318 0 318 0 318 0 318 0 318 0 318 0 318 0 
22847 319 6 319 0 319 6 319 0 319 0 319 0 319 0 319 0 319 0 319 0 319 0 
22864 320 2 320 0 320 6 320 0 320 2 320 0 320 0 320 0 320 0 320 0 320 0 
22877 321 10 321 0 321 10 321 0 321 2 321 0 321 0 321 0 321 0 321 0 321 0 
22879 322 0 322 0 322 10 322 0 322 0 322 0 322 0 322 0 322 0 322 0 322 0 
22892 323 8 323 0 323 8 323 0 323 0 323 0 323 0 323 0 323 0 323 0 323 0 
22907 324 6 324 0 324 6 324 0 324 0 324 0 324 0 324 0 324 0 324 0 324 0 
22922 325 1 325 0 325 1 325 0 325 0 325 0 325 0 325 0 325 0 325 0 325 0 
22937 326 0 326 0 326 0 326 0 326 0 326 0 326 0 326 0 326 0 326 0 326 0 
23079 327 1 327 0 327 0 327 0 327 0 327 0 327 0 327 0 327 0 327 1 327 0 
23087 328 2 328 0 328 2 328 0 328 0 328 0 328 0 328 0 328 0 328 1 328 0 
23102 329 0 329 0 329 0 329 0 329 0 329 0 329 0 329 0 329 0 329 1 329 0 
23716 330 2 330 4 330 0 330 0 330 0 330 0 330 0 330 0 330 0 330 0 330 0 
23746 331 7 331 7 331 0 331 0 331 0 331 0 331 0 331 0 331 0 331 0 331 0 
23761 332 1 332 1 332 0 332 0 332 0 332 0 332 0 332 0 332 0 332 0 332 0 
23776 333 0 333 0 333 0 333 0 333 0 333 0 333 0 333 0 333 0 333 0 333 0 
24481 334 2 334 2 334 0 334 0 334 0 334 0 334 0 334 0 334 0 334 0 334 0 
24496 335 0 335 0 335 0 335 0 335 0 335 0 335 0 335 0 335 0 335 0 335 0 
24781 336 1 336 1 336 0 336 0 336 0 336 0 336 0 336 0 336 0 336 0 336 0 
24796 337 4 337 7 337 1 337 0 337 0 337 0 337 0 337 0 337 0 337 0 337 0 
24811 338 6 338 6 338 1 338 0 338 0 338 0 338 0 338 0 338 0 338 0 338 0 
24812 339 0 339 6 339 0 339 0 339 0 339 0 339 0 339 0 339 0 339 0 339 0 
24826 340 34 340 34 340 0 340 0 340 0 340 0 340 0 340 0 340 0 340 0 340 0 
24841 341 0 341 0 341 0 341 0 341 0 341 0 341 0 341 0 341 0 341 0 341 0 
25805 342 10 342 0 342 0 342 0 342 0 342 10 342 0 342 0 342 0 342 0 342 0 
25820 343 8 343 0 343 0 343 0 343 0 343 8 343 0 343 0 343 0 343 0 343 0 
25835 344 6 344 0 344 0 344 0 344 0 344 6 344 0 344 0 344 0 344 0 344 0 
25850 345 27 345 0 345 0 345 0 345 0 345 27 345 0 345 0 345 0 345 0 345 0 
25865 346 7 346 0 346 0 346 0 346 0 346 7 346 0 346 0 346 0 346 0 346 0 
25880 347 50 347 0 347 0 347 0 347 0 347 50 347 0 347 0 347 0 347 0 347 0 
25895 348 6 348 0 348 0 348 0 348 0 348 6 348 0 348 0 348 0 348 0 348 0 
25910 349 8 349 0 349 0 349 0 349 0 349 8 349 0 349 0 349 0 349 0 349 0 
25925 350 6 350 0 350 0 350 0 350 0 350 6 350 0 350 0 350 0 350 0 350 0 
25926 351 1 351 0 351 0 351 0 351 0 351 6 351 1 351 0 351 0 351 0 351 0 
25940 352 2.5 352 0 352 0 352 0 352 0 352 4 352 1 352 0 352 0 352 0 352 1 
25941 353 0 353 0 353 0 353 0 353 0 353 4 353 0 353 0 353 0 353 0 353 1 
26298 354 2.33333 354 0 354 0 354 7 354 0 354 0 354 0 354 0 354 0 354 0 354 0 
26313 355 9 355 0 355 0 355 9 355 0 355 0 355 0 355 0 355 0 355 0 355 0 
26328 356 2 356 0 356 0 356 2 356 0 356 0 356 0 356 0 356 0 356 0 356 0 
26343 357 0 357 0 357 0 357 0 357 0 357 0 357 0 357 0 357 0 357 0 357 0 
26350 358 2 358 0 358 0 358 0 358 0 358 0 358 0 358 0 358 0 358 0 358 2 
26365 359 6 359 0 359 0 359 0 359 0 359 0 359 0 359 0 359 0 359 0 359 6 
26380 360 7 360 0 360 0 360 0 360 0 360 0 360 0 360 0 360 0 360 0 360 7 
26395 361 1 361 0 361 0 361 0 361 0 361 0 361 0 361 0 361 0 361 0 361 1 
26410 362 0 362 0 362 0 362 0 362 0 362 0 362 0 362 0 362 0 362 0 362 0 
26900 363 1 363 0 363 0 363 0 363 0 363 1 363 0 363 0 363 0 363 0 363 0 
26905 364 4 364 0 364 0 364 0 364 0 364 1 364 0 364 0 364 0 364 0 364 4 
26920 365 8 365 0 365 0 365 0 365 0 365 1 365 0 365 0 365 0 365 0 365 8 
26930 366 0 366 0 366 0 366 0 366 0 366 0 366 0 366 0 366 0 366 0 366 8 
26935 367 6 367 0 367 0 367 0 367 0 367 0 367 0 367 0 367 0 367 0 367 6 
26950 368 42 368 0 368 0 368 0 368 0 368 0 368 0 368 0 368 0 368 0 368 42 
26965 369 2 369 0 369 0 369 0 369 0 369 0 369 0 369 0 369 0 369 0 369 2 
26978 370 2.5 370 0 370 0 370 2 370 0 370 0 370 0 370 0 370 3 370 0 370 2 
26980 371 0 371 0 371 0 371 2 371 0 371 0 371 0 371 0 371 3 371 0 371 0 
26993 372 3.5 372 0 372 0 372 0 372 0 372 0 372 0 372 0 372 7 372 0 372 0 
