# ValueCount deltaRailways
10 0 0 0 0 0 0 0 0 0 0 0 0 0 0 0 0 0 0 0 0 0 0 
121 1 8 1 8 1 0 1 0 1 0 1 0 1 0 1 0 1 0 1 0 1 0 
123 2 7.5 2 8 2 8 2 7 2 0 2 0 2 0 2 0 2 0 2 0 2 0 
124 3 9 3 8 3 8 3 7 3 9 3 0 3 0 3 0 3 0 3 0 3 0 
127 4 8 4 8 4 8 4 7 4 9 4 0 4 0 4 8 4 0 4 0 4 0 
128 5 9 5 8 5 8 5 7 5 9 5 0 5 0 5 8 5 9 5 0 5 0 
138 6 9.5 6 8 6 8 6 10 6 9 6 0 6 0 6 8 6 9 6 0 6 9 
139 7 7 7 8 7 8 7 10 7 7 7 0 7 0 7 8 7 9 7 0 7 9 
145 8 6.5 8 8 8 8 8 10 8 7 8 0 8 0 8 8 8 7 8 0 8 6 
151 9 11 9 11 9 8 9 10 9 7 9 0 9 0 9 8 9 7 9 0 9 6 
152 10 12 10 11 10 12 10 10 10 7 10 0 10 0 10 8 10 7 10 0 10 6 
160 11 12.5 11 11 11 12 11 10 11 12 11 0 11 0 11 12 11 12 11 0 11 14 
166 12 7 12 7 12 12 12 10 12 12 12 0 12 0 12 12 12 12 12 0 12 14 
167 13 6 13 7 13 6 13 10 13 12 13 0 13 0 13 12 13 12 13 0 13 14 
168 14 1 14 7 14 6 14 1 14 12 14 0 14 0 14 12 14 12 14 0 14 14 
169 15 7 15 7 15 6 15 1 15 7 15 0 15 0 15 12 15 12 15 0 15 14 
175 16 5 16 7 16 6 16 1 16 7 16 0 16 0 16 7 16 7 16 0 16 1 
181 17 4 17 4 17 6 17 1 17 7 17 0 17 0 17 7 17 7 17 0 17 1 
183 18 0 18 4 18 6 18 0 18 7 18 0 18 0 18 7 18 7 18 0 18 1 
184 19 6 19 4 19 6 19 0 19 6 19 0 19 0 19 7 19 7 19 0 19 1 
187 20 3 20 4 20 6 20 0 20 6 20 0 20 0 20 3 20 7 20 0 20 1 
188 21 6 21 4 21 6 21 0 21 6 21 0 21 0 21 3 21 6 21 0 21 1 
190 22 9 22 4 22 6 22 0 22 6 22 0 22 0 22 3 22 6 22 0 22 9 
196 23 16 23 16 23 6 23 0 23 6 23 0 23 0 23 3 23 6 23 0 23 9 
199 24 14.5 24 16 24 16 24 0 24 13 24 0 24 0 24 3 24 6 24 0 24 9 
202 25 16 25 16 25 16 25 0 25 13 25 0 25 0 25 16 25 6 25 0 25 9 
203 26 13 26 16 26 16 26 0 26 13 26 0 26 0 26 16 26 13 26 0 26 9 
205 27 12 27 16 27 16 27 0 27 13 27 0 27 0 27 16 27 13 27 0 27 12 
211 28 2 28 2 28 16 28 0 28 13 28 0 28 0 28 16 28 13 28 0 28 12 
220 29 3 29 2 29 2 29 0 29 2 29 0 29 0 29 2 29 2 29 0 29 7 
229 30 3.33333 30 3 30 3 30 0 30 4 30 0 30 0 30 2 30 2 30 0 30 7 
232 31 4 31 3 31 3 31 0 31 4 31 0 31 0 31 4 31 2 31 0 31 7 
235 32 3 32 3 32 3 32 0 32 4 32 0 32 0 32 4 32 4 32 0 32 2 
241 33 4 33 4 33 3 33 0 33 4 33 0 33 0 33 4 33 4 33 0 33 2 
247 34 3.5 34 4 34 4 34 0 34 4 34 0 34 0 34 3 34 4 34 0 34 2 
250 35 4 35 4 35 4 35 0 35 4 35 0 35 0 35 3 35 4 35 0 35 4 
256 36 6 36 6 36 4 36 0 36 4 36 0 36 0 36 3 36 4 36 0 36 4 
259 37 6.5 37 6 37 6 37 0 37 7 37 0 37 0 37 3 37 4 37 0 37 4 
262 38 6 38 6 38 6 38 0 38 7 38 0 38 0 38 6 38 4 38 0 38 4 
263 39 5 39 6 39 6 39 0 39 7 39 0 39 0 39 6 39 5 39 0 39 4 
265 40 6 40 6 40 6 40 0 40 7 40 0 40 0 40 6 40 5 40 0 40 6 
271 41 3 41 3 41 6 41 0 41 7 41 0 41 0 41 6 41 5 41 0 41 6 
272 42 4 42 3 42 4 42 0 42 7 42 0 42 0 42 6 42 5 42 0 42 6 
274 43 6 43 3 43 4 43 0 43 6 43 0 43 0 43 6 43 5 43 0 43 6 
277 44 4 44 3 44 4 44 0 44 6 44 0 44 0 44 4 44 5 44 0 44 6 
287 45 3.75 45 4 45 3 45 0 45 6 45 0 45 0 45 4 45 4 45 0 45 4 
289 46 3 46 4 46 3 46 0 46 3 46 0 46 0 46 4 46 4 46 0 46 4 
301 47 2.66667 47 2 47 3 47 0 47 3 47 0 47 0 47 3 47 3 47 0 47 4 
302 48 2 48 2 48 2 48 0 48 3 48 0 48 0 48 3 48 3 48 0 48 4 
310 49 1.5 49 2 49 2 49 0 49 3 49 0 49 0 49 2 49 3 49 0 49 1 
316 50 6 50 6 50 2 50 0 50 3 50 0 50 0 50 2 50 3 50 0 50 1 
317 51 4 51 6 51 4 51 0 51 3 51 0 51 0 51 2 51 3 51 0 51 1 
319 52 -3 52 6 52 4 52 0 52 -3 52 0 52 0 52 2 52 3 52 0 52 1 
322 53 4 53 6 53 4 53 0 53 -3 53 0 53 0 53 4 53 3 53 0 53 1 
331 54 3.5 54 3 54 4 54 0 54 -3 54 0 54 0 54 4 54 3 54 0 54 4 
332 55 6 55 3 55 6 55 0 55 -3 55 0 55 0 55 4 55 3 55 0 55 4 
334 56 -17 56 3 56 6 56 0 56 -17 56 0 56 0 56 4 56 3 56 0 56 4 
337 57 8 57 3 57 6 57 0 57 -17 57 0 57 0 57 8 57 3 57 0 57 4 
338 58 6 58 3 58 6 58 0 58 -17 58 0 58 0 58 8 58 6 58 0 58 4 
347 59 4.5 59 6 59 3 59 0 59 -17 59 0 59 0 59 8 59 6 59 0 59 4 
352 60 4 60 6 60 3 60 0 60 -17 60 0 60 0 60 4 60 6 60 0 60 4 
355 61 4.5 61 6 61 3 61 0 61 -17 61 0 61 0 61 4 61 4 61 0 61 5 
361 62 5 62 5 62 3 62 0 62 -17 62 0 62 0 62 4 62 4 62 0 62 5 
364 63 -7.5 63 5 63 5 63 0 63 -20 63 0 63 0 63 4 63 4 63 0 63 5 
370 64 6 64 5 64 5 64 0 64 -20 64 0 64 0 64 4 64 4 64 0 64 6 
376 65 0 65 0 65 5 65 0 65 -20 65 0 65 0 65 4 65 4 65 0 65 6 
379 66 -1.5 66 0 66 0 66 0 66 -3 66 0 66 0 66 4 66 4 66 0 66 6 
382 67 0 67 0 67 0 67 0 67 -3 67 0 67 0 67 0 67 4 67 0 67 6 
393 68 1 68 0 68 0 68 3 68 -3 68 0 68 0 68 0 68 0 68 0 68 0 
394 69 -7 69 0 69 0 69 3 69 -7 69 0 69 0 69 0 69 0 69 0 69 0 
398 70 1 70 0 70 0 70 3 70 -7 70 0 70 0 70 0 70 1 70 0 70 0 
408 71 4 71 0 71 0 71 4 71 -7 71 0 71 0 71 0 71 1 71 0 71 0 
423 72 3.5 72 0 72 0 72 3 72 -7 72 0 72 0 72 0 72 4 72 0 72 0 
424 73 -4 73 0 73 0 73 3 73 -4 73 0 73 0 73 0 73 4 73 0 73 0 
438 74 4 74 0 74 0 74 4 74 -4 74 0 74 0 74 0 74 4 74 0 74 0 
439 75 -1 75 0 75 0 75 4 75 -1 75 0 75 0 75 0 75 4 75 0 75 0 
443 76 3 76 0 76 0 76 4 76 -1 76 0 76 0 76 0 76 3 76 0 76 0 
454 77 0 77 0 77 0 77 4 77 0 77 0 77 0 77 0 77 3 77 0 77 0 
458 78 4 78 0 78 0 78 4 78 0 78 0 78 0 78 0 78 4 78 0 78 0 
468 79 15 79 0 79 0 79 15 79 0 79 0 79 0 79 0 79 4 79 0 79 0 
472 80 1 80 0 80 0 80 15 80 0 80 0 80 0 80 1 80 4 80 0 80 0 
483 81 3 81 0 81 0 81 3 81 0 81 0 81 0 81 1 81 4 81 0 81 0 
488 82 2.5 82 0 82 0 82 3 82 0 82 0 82 0 82 3 82 2 82 0 82 0 
498 83 1 83 0 83 0 83 1 83 0 83 0 83 0 83 3 83 2 83 0 83 0 
502 84 4 84 0 84 0 84 1 84 0 84 0 84 0 84 4 84 2 84 0 84 0 
503 85 0 85 0 85 0 85 1 85 0 85 0 85 0 85 4 85 0 85 0 85 0 
547 86 1.5 86 0 86 0 86 0 86 0 86 0 86 0 86 3 86 0 86 0 86 0 
562 87 4 87 0 87 0 87 0 87 0 87 0 87 0 87 4 87 0 87 0 87 0 
577 88 3 88 0 88 0 88 0 88 0 88 0 88 0 88 3 88 0 88 0 88 0 
592 89 0 89 0 89 0 89 0 89 0 89 0 89 0 89 0 89 0 89 0 89 0 
607 90 1 90 0 90 0 90 0 90 0 90 0 90 0 90 1 90 0 90 0 90 0 
622 91 4 91 0 91 0 91 0 91 0 91 0 91 0 91 4 91 0 91 0 91 0 
667 92 3 92 0 92 0 92 0 92 0 92 0 92 0 92 3 92 0 92 0 92 0 
682 93 4 93 0 93 0 93 0 93 0 93 0 93 0 93 4 93 0 93 0 93 0 
683 94 3 94 0 94 0 94 0 94 0 94 0 94 0 94 4 94 3 94 0 94 0 
692 95 4 95 0 95 4 95 0 95 0 95 0 95 0 95 4 95 3 95 0 95 0 
697 96 1 96 0 96 4 96 0 96 0 96 0 96 0 96 1 96 3 96 0 96 0 
698 97 6 97 0 97 4 97 0 97 0 97 0 97 0 97 1 97 6 97 0 97 0 
707 98 3 98 0 98 3 98 0 98 0 98 0 98 0 98 1 98 6 98 0 98 0 
712 99 0 99 0 99 3 99 0 99 0 99 0 99 0 99 0 99 6 99 0 99 0 
713 100 4 100 0 100 3 100 0 100 0 100 0 100 0 100 0 100 4 100 0 100 0 
727 101 3 101 0 101 4 101 0 101 0 101 0 101 0 101 2 101 4 101 0 101 0 
742 102 6 102 0 102 4 102 0 102 0 102 0 102 0 102 6 102 4 102 0 102 0 
743 103 3 103 0 103 4 103 0 103 0 103 0 103 0 103 6 103 3 103 0 103 0 
757 104 4 104 0 104 4 104 0 104 0 104 0 104 0 104 4 104 3 104 0 104 0 
767 105 3 105 0 105 3 105 0 105 0 105 0 105 0 105 4 105 3 105 0 105 0 
773 106 0 106 0 106 3 106 0 106 0 106 0 106 0 106 4 106 0 106 0 106 0 
782 107 4 107 0 107 4 107 0 107 0 107 0 107 0 107 4 107 0 107 0 107 0 
787 108 3 108 0 108 4 108 0 108 0 108 0 108 0 108 3 108 0 108 0 108 0 
797 109 0 109 0 109 0 109 0 109 0 109 0 109 0 109 3 109 0 109 0 109 0 
802 110 6 110 0 110 0 110 0 110 0 110 0 110 0 110 6 110 0 110 0 110 0 
817 111 2 111 0 111 0 111 0 111 0 111 0 111 0 111 2 111 0 111 0 111 0 
832 112 0 112 0 112 0 112 0 112 0 112 0 112 0 112 0 112 0 112 0 112 0 
998 113 3 113 0 113 0 113 0 113 0 113 0 113 0 113 0 113 3 113 0 113 0 
1013 114 4 114 0 114 0 114 0 114 0 114 0 114 0 114 0 114 4 114 0 114 0 
1043 115 3 115 0 115 0 115 0 115 0 115 0 115 0 115 0 115 3 115 0 115 0 
1058 116 4 116 0 116 0 116 0 116 0 116 0 116 0 116 0 116 4 116 0 116 0 
1097 117 3 117 0 117 3 117 0 117 0 117 0 117 0 117 0 117 4 117 0 117 0 
1103 118 2 118 0 118 3 118 0 118 0 118 0 118 0 118 0 118 2 118 0 118 0 
1112 119 4 119 0 119 4 119 0 119 0 119 0 119 0 119 0 119 2 119 0 119 0 
1118 120 0 120 0 120 4 120 0 120 0 120 0 120 0 120 0 120 0 120 0 120 0 
1127 121 3 121 0 121 3 121 0 121 0 121 0 121 0 121 0 121 0 121 0 121 0 
1142 122 4 122 0 122 4 122 0 122 0 122 0 122 0 122 0 122 0 122 0 122 0 
1172 123 2 123 0 123 2 123 0 123 0 123 0 123 0 123 0 123 0 123 0 123 0 
1180 124 1 124 0 124 2 124 0 124 0 124 0 124 0 124 0 124 0 124 0 124 1 
1187 125 0 125 0 125 0 125 0 125 0 125 0 125 0 125 0 125 0 125 0 125 1 
1195 126 22 126 0 126 0 126 0 126 0 126 0 126 0 126 0 126 0 126 0 126 22 
1210 127 6 127 0 127 0 127 0 127 0 127 0 127 0 127 0 127 0 127 0 127 6 
1225 128 4 128 0 128 0 128 0 128 0 128 0 128 0 128 0 128 0 128 0 128 4 
1240 129 2 129 0 129 0 129 0 129 0 129 0 129 0 129 0 129 0 129 0 129 2 
1255 130 0 130 0 130 0 130 0 130 0 130 0 130 0 130 0 130 0 130 0 130 0 
1292 131 1 131 0 131 1 131 0 131 0 131 0 131 0 131 0 131 0 131 0 131 0 
1307 132 3 132 0 132 3 132 0 132 0 132 0 132 0 132 0 132 0 132 0 132 0 
1322 133 4 133 0 133 4 133 0 133 0 133 0 133 0 133 0 133 0 133 0 133 0 
1367 134 3 134 0 134 3 134 0 134 0 134 0 134 0 134 0 134 0 134 0 134 0 
1397 135 0 135 0 135 0 135 0 135 0 135 0 135 0 135 0 135 0 135 0 135 0 
1420 136 3 136 0 136 0 136 0 136 0 136 0 136 0 136 0 136 0 136 0 136 3 
1450 137 4 137 0 137 0 137 0 137 0 137 0 137 0 137 0 137 0 137 0 137 4 
1465 138 6 138 0 138 0 138 0 138 0 138 0 138 0 138 0 138 0 138 0 138 6 
1480 139 3 139 0 139 0 139 0 139 0 139 0 139 0 139 0 139 0 139 0 139 3 
1495 140 0 140 0 140 0 140 0 140 0 140 0 140 0 140 0 140 0 140 0 140 0 
2746 141 63 141 63 141 0 141 0 141 0 141 0 141 0 141 0 141 0 141 0 141 0 
2761 142 4 142 4 142 0 142 0 142 0 142 0 142 0 142 0 142 0 142 0 142 0 
2791 143 1 143 1 143 0 143 0 143 0 143 0 143 0 143 0 143 0 143 0 143 0 
2806 144 0 144 0 144 0 144 0 144 0 144 0 144 0 144 0 144 0 144 0 144 0 
3145 145 1 145 0 145 0 145 0 145 0 145 0 145 0 145 0 145 0 145 0 145 1 
3160 146 4 146 0 146 0 146 0 146 0 146 0 146 0 146 0 146 0 146 0 146 4 
3175 147 3 147 0 147 0 147 0 147 0 147 0 147 0 147 0 147 0 147 0 147 3 
3190 148 4 148 0 148 0 148 0 148 0 148 0 148 0 148 0 148 0 148 0 148 4 
3205 149 15 149 0 149 0 149 0 149 0 149 0 149 0 149 0 149 0 149 0 149 15 
3220 150 4 150 0 150 0 150 0 150 0 150 0 150 0 150 0 150 0 150 0 150 4 
3235 151 3 151 0 151 0 151 0 151 0 151 0 151 0 151 0 151 0 151 0 151 3 
3250 152 0 152 0 152 0 152 0 152 0 152 0 152 0 152 0 152 0 152 0 152 0 
3271 153 1 153 1 153 0 153 0 153 0 153 0 153 0 153 0 153 0 153 0 153 0 
3286 154 4 154 4 154 0 154 0 154 0 154 0 154 0 154 0 154 0 154 0 154 0 
3331 155 3 155 3 155 0 155 0 155 0 155 0 155 0 155 0 155 0 155 0 155 0 
3346 156 15 156 15 156 0 156 0 156 0 156 0 156 0 156 0 156 0 156 0 156 0 
3361 157 4 157 4 157 0 157 0 157 0 157 0 157 0 157 0 157 0 157 0 157 0 
3376 158 1 158 1 158 0 158 0 158 0 158 0 158 0 158 0 158 0 158 0 158 0 
3391 159 0 159 0 159 0 159 0 159 0 159 0 159 0 159 0 159 0 159 0 159 0 
3916 160 3 160 3 160 0 160 0 160 0 160 0 160 0 160 0 160 0 160 0 160 0 
3946 161 4 161 4 161 0 161 0 161 0 161 0 161 0 161 0 161 0 161 0 161 0 
3991 162 3 162 3 162 0 162 0 162 0 162 0 162 0 162 0 162 0 162 0 162 0 
4006 163 4 163 4 163 0 163 0 163 0 163 0 163 0 163 0 163 0 163 0 163 0 
4021 164 6 164 6 164 0 164 0 164 0 164 0 164 0 164 0 164 0 164 0 164 0 
4036 165 0 165 0 165 0 165 0 165 0 165 0 165 0 165 0 165 0 165 0 165 0 
5373 166 11 166 0 166 0 166 11 166 0 166 0 166 0 166 0 166 0 166 0 166 0 
5388 167 4 167 0 167 0 167 4 167 0 167 0 167 0 167 0 167 0 167 0 167 0 
5403 168 9 168 0 168 0 168 9 168 0 168 0 168 0 168 0 168 0 168 0 168 0 
5418 169 2 169 0 169 0 169 2 169 0 169 0 169 0 169 0 169 0 169 0 169 0 
5433 170 0 170 0 170 0 170 0 170 0 170 0 170 0 170 0 170 0 170 0 170 0 
5553 171 4 171 0 171 0 171 4 171 0 171 0 171 0 171 0 171 0 171 0 171 0 
5583 172 3 172 0 172 0 172 3 172 0 172 0 172 0 172 0 172 0 172 0 172 0 
5598 173 4 173 0 173 0 173 4 173 0 173 0 173 0 173 0 173 0 173 0 173 0 
5613 174 3 174 0 174 0 174 3 174 0 174 0 174 0 174 0 174 0 174 0 174 0 
5628 175 0 175 0 175 0 175 0 175 0 175 0 175 0 175 0 175 0 175 0 175 0 
5978 176 4 176 0 176 0 176 0 176 0 176 0 176 0 176 0 176 4 176 0 176 0 
5993 177 10 177 0 177 0 177 0 177 0 177 0 177 0 177 0 177 10 177 0 177 0 
6008 178 7 178 0 178 0 178 0 178 0 178 0 178 0 178 0 178 7 178 0 178 0 
6038 179 0 179 0 179 0 179 0 179 0 179 0 179 0 179 0 179 0 179 0 179 0 
7508 180 4 180 0 180 0 180 0 180 0 180 0 180 0 180 0 180 4 180 0 180 0 
7523 181 3 181 0 181 0 181 0 181 0 181 0 181 0 181 0 181 3 181 0 181 0 
7538 182 15 182 0 182 0 182 0 182 0 182 0 182 0 182 0 182 15 182 0 182 0 
7553 183 4 183 0 183 0 183 0 183 0 183 0 183 0 183 0 183 4 183 0 183 0 
7583 184 3 184 0 184 0 184 0 184 0 184 0 184 0 184 0 184 3 184 0 184 0 
7598 185 4 185 0 185 0 185 0 185 0 185 0 185 0 185 0 185 4 185 0 185 0 
7643 186 3 186 0 186 0 186 0 186 0 186 0 186 0 186 0 186 3 186 0 186 0 
7658 187 0 187 0 187 0 187 0 187 0 187 0 187 0 187 0 187 0 187 0 187 0 
8110 188 7 188 0 188 0 188 0 188 0 188 0 188 0 188 0 188 0 188 0 188 7 
8125 189 6 189 0 189 0 189 0 189 0 189 0 189 0 189 0 189 0 189 0 189 6 
8140 190 14 190 0 190 0 190 0 190 0 190 0 190 0 190 0 190 0 190 0 190 14 
8155 191 1 191 0 191 0 191 0 191 0 191 0 191 0 191 0 191 0 191 0 191 1 
8170 192 9 192 0 192 0 192 0 192 0 192 0 192 0 192 0 192 0 192 0 192 9 
8185 193 12 193 0 193 0 193 0 193 0 193 0 193 0 193 0 193 0 193 0 193 12 
8200 194 7 194 0 194 0 194 0 194 0 194 0 194 0 194 0 194 0 194 0 194 7 
8215 195 2 195 0 195 0 195 0 195 0 195 0 195 0 195 0 195 0 195 0 195 2 
8230 196 4 196 0 196 0 196 0 196 0 196 0 196 0 196 0 196 0 196 0 196 4 
8245 197 6 197 0 197 0 197 0 197 0 197 0 197 0 197 0 197 0 197 0 197 6 
8260 198 4 198 0 198 0 198 0 198 0 198 0 198 0 198 0 198 0 198 0 198 4 
8290 199 1 199 0 199 0 199 0 199 0 199 0 199 0 199 0 199 0 199 0 199 1 
8305 200 4 200 0 200 0 200 0 200 0 200 0 200 0 200 0 200 0 200 0 200 4 
8335 201 5 201 0 201 0 201 0 201 0 201 0 201 0 201 0 201 0 201 0 201 5 
8350 202 6 202 0 202 0 202 0 202 0 202 0 202 0 202 0 202 0 202 0 202 6 
8365 203 0 203 0 203 0 203 0 203 0 203 0 203 0 203 0 203 0 203 0 203 0 
9550 204 1 204 0 204 0 204 0 204 0 204 0 204 0 204 0 204 0 204 0 204 1 
9565 205 4 205 0 205 0 205 0 205 0 205 0 205 0 205 0 205 0 205 0 205 4 
9595 206 42 206 0 206 0 206 0 206 0 206 0 206 0 206 0 206 0 206 0 206 42 
9610 207 4 207 0 207 0 207 0 207 0 207 0 207 0 207 0 207 0 207 0 207 4 
9625 208 0 208 0 208 0 208 0 208 0 208 0 208 0 208 0 208 0 208 0 208 0 
9655 209 1 209 0 209 0 209 0 209 0 209 0 209 0 209 0 209 0 209 0 209 1 
9670 210 4 210 0 210 0 210 0 210 0 210 0 210 0 210 0 210 0 210 0 210 4 
9715 211 3 211 0 211 0 211 0 211 0 211 0 211 0 211 0 211 0 211 0 211 3 
9730 212 4 212 0 212 0 212 0 212 0 212 0 212 0 212 0 212 0 212 0 212 4 
9775 213 0 213 0 213 0 213 0 213 0 213 0 213 0 213 0 213 0 213 0 213 0 
9805 214 3 214 0 214 0 214 0 214 0 214 0 214 0 214 0 214 0 214 0 214 3 
9820 215 4 215 0 215 0 215 0 215 0 215 0 215 0 215 0 215 0 215 0 215 4 
9835 216 5 216 0 216 0 216 0 216 0 216 0 216 0 216 0 216 0 216 0 216 5 
9850 217 4 217 0 217 0 217 0 217 0 217 0 217 0 217 0 217 0 217 0 217 4 
9880 218 1 218 0 218 0 218 0 218 0 218 0 218 0 218 0 218 0 218 0 218 1 
9895 219 0 219 0 219 0 219 0 219 0 219 0 219 0 219 0 219 0 219 0 219 0 
10473 220 7 220 0 220 0 220 7 220 0 220 0 220 0 220 0 220 0 220 0 220 0 
10488 221 8 221 0 221 0 221 8 221 0 221 0 221 0 221 0 221 0 221 0 221 0 
10503 222 13 222 0 222 0 222 13 222 0 222 0 222 0 222 0 222 0 222 0 222 0 
10518 223 2 223 0 223 0 223 2 223 0 223 0 223 0 223 0 223 0 223 0 223 0 
10533 224 9 224 0 224 0 224 9 224 0 224 0 224 0 224 0 224 0 224 0 224 0 
10548 225 12 225 0 225 0 225 12 225 0 225 0 225 0 225 0 225 0 225 0 225 0 
10563 226 7 226 0 226 0 226 7 226 0 226 0 226 0 226 0 226 0 226 0 226 0 
10578 227 4 227 0 227 0 227 4 227 0 227 0 227 0 227 0 227 0 227 0 227 0 
10593 228 6 228 0 228 0 228 6 228 0 228 0 228 0 228 0 228 0 228 0 228 0 
10623 229 3 229 0 229 0 229 3 229 0 229 0 229 0 229 0 229 0 229 0 229 0 
10638 230 5 230 0 230 0 230 5 230 0 230 0 230 0 230 0 230 0 230 0 230 0 
10653 231 1 231 0 231 0 231 1 231 0 231 0 231 0 231 0 231 0 231 0 231 0 
10668 232 4 232 0 232 0 232 4 232 0 232 0 232 0 232 0 232 0 232 0 232 0 
10683 233 3 233 0 233 0 233 3 233 0 233 0 233 0 233 0 233 0 233 0 233 0 
10698 234 6 234 0 234 0 234 6 234 0 234 0 234 0 234 0 234 0 234 0 234 0 
10728 235 0 235 0 235 0 235 0 235 0 235 0 235 0 235 0 235 0 235 0 235 0 
11223 236 1 236 0 236 0 236 1 236 0 236 0 236 0 236 0 236 0 236 0 236 0 
11238 237 4 237 0 237 0 237 4 237 0 237 0 237 0 237 0 237 0 237 0 237 0 
11253 238 8 238 0 238 0 238 8 238 0 238 0 238 0 238 0 238 0 238 0 238 0 
11268 239 19 239 0 239 0 239 19 239 0 239 0 239 0 239 0 239 0 239 0 239 0 
11283 240 3 240 0 240 0 240 3 240 0 240 0 240 0 240 0 240 0 240 0 240 0 
11298 241 2 241 0 241 0 241 2 241 0 241 0 241 0 241 0 241 0 241 0 241 0 
11313 242 0 242 0 242 0 242 0 242 0 242 0 242 0 242 0 242 0 242 0 242 0 
12937 243 4 243 0 243 0 243 0 243 0 243 0 243 0 243 4 243 0 243 0 243 0 
12952 244 10 244 0 244 0 244 0 244 0 244 0 244 0 244 10 244 0 244 0 244 0 
12967 245 3 245 0 245 0 245 0 245 0 245 0 245 0 245 3 245 0 245 0 245 0 
12982 246 10 246 0 246 0 246 0 246 0 246 0 246 0 246 10 246 0 246 0 246 0 
12997 247 1 247 0 247 0 247 0 247 0 247 0 247 0 247 1 247 0 247 0 247 0 
13012 248 0 248 0 248 0 248 0 248 0 248 0 248 0 248 0 248 0 248 0 248 0 
13503 249 18 249 0 249 0 249 18 249 0 249 0 249 0 249 0 249 0 249 0 249 0 
13518 250 4 250 0 250 0 250 4 250 0 250 0 250 0 250 0 250 0 250 0 250 0 
13563 251 3 251 0 251 0 251 3 251 0 251 0 251 0 251 0 251 0 251 0 251 0 
13578 252 1 252 0 252 0 252 1 252 0 252 0 252 0 252 0 252 0 252 0 252 0 
13593 253 0 253 0 253 0 253 0 253 0 253 0 253 0 253 0 253 0 253 0 253 0 
14433 254 3 254 0 254 0 254 3 254 0 254 0 254 0 254 0 254 0 254 0 254 0 
14448 255 4 255 0 255 0 255 4 255 0 255 0 255 0 255 0 255 0 255 0 255 0 
14463 256 3 256 0 256 0 256 3 256 0 256 0 256 0 256 0 256 0 256 0 256 0 
14478 257 19 257 0 257 0 257 19 257 0 257 0 257 0 257 0 257 0 257 0 257 0 
14493 258 27 258 0 258 0 258 27 258 0 258 0 258 0 258 0 258 0 258 0 258 0 
14508 259 1 259 0 259 0 259 1 259 0 259 0 259 0 259 0 259 0 259 0 259 0 
14523 260 0 260 0 260 0 260 0 260 0 260 0 260 0 260 0 260 0 260 0 260 0 
16037 261 6 261 0 261 6 261 0 261 0 261 0 261 0 261 0 261 0 261 0 261 0 
16052 262 4 262 0 262 4 262 0 262 0 262 0 262 0 262 0 262 0 262 0 262 0 
16067 263 11 263 0 263 11 263 0 263 0 263 0 263 0 263 0 263 0 263 0 263 0 
16082 264 7 264 0 264 7 264 0 264 0 264 0 264 0 264 0 264 0 264 0 264 0 
16097 265 10 265 0 265 10 265 0 265 0 265 0 265 0 265 0 265 0 265 0 265 0 
16112 266 8 266 0 266 8 266 0 266 0 266 0 266 0 266 0 266 0 266 0 266 0 
16127 267 11 267 0 267 11 267 0 267 0 267 0 267 0 267 0 267 0 267 0 267 0 
16142 268 2 268 0 268 2 268 0 268 0 268 0 268 0 268 0 268 0 268 0 268 0 
16157 269 4 269 0 269 4 269 0 269 0 269 0 269 0 269 0 269 0 269 0 269 0 
16187 270 5 270 0 270 5 270 0 270 0 270 0 270 0 270 0 270 0 270 0 270 0 
16202 271 6 271 0 271 6 271 0 271 0 271 0 271 0 271 0 271 0 271 0 271 0 
16217 272 0 272 0 272 0 272 0 272 0 272 0 272 0 272 0 272 0 272 0 272 0 
16232 273 -16 273 0 273 -16 273 0 273 0 273 0 273 0 273 0 273 0 273 0 273 0 
16247 274 -11 274 0 274 -11 274 0 274 0 274 0 274 0 274 0 274 0 274 0 274 0 
16262 275 -17 275 0 275 -17 275 0 275 0 275 0 275 0 275 0 275 0 275 0 275 0 
16277 276 -12 276 0 276 -12 276 0 276 0 276 0 276 0 276 0 276 0 276 0 276 0 
16292 277 -7 277 0 277 -7 277 0 277 0 277 0 277 0 277 0 277 0 277 0 277 0 
16307 278 -3 278 0 278 -3 278 0 278 0 278 0 278 0 278 0 278 0 278 0 278 0 
16322 279 -7 279 0 279 -7 279 0 279 0 279 0 279 0 279 0 279 0 279 0 279 0 
16337 280 -3 280 0 280 -3 280 0 280 0 280 0 280 0 280 0 280 0 280 0 280 0 
16352 281 0 281 0 281 0 281 0 281 0 281 0 281 0 281 0 281 0 281 0 281 0 
16732 282 14 282 0 282 0 282 0 282 0 282 0 282 0 282 14 282 0 282 0 282 0 
16747 283 3 283 0 283 0 283 0 283 0 283 0 283 0 283 3 283 0 283 0 283 0 
16757 284 8 284 0 284 8 284 0 284 0 284 0 284 0 284 3 284 0 284 0 284 0 
16762 285 4 285 0 285 8 285 0 285 0 285 0 285 0 285 4 285 0 285 0 285 0 
16787 286 11 286 0 286 11 286 0 286 0 286 0 286 0 286 4 286 0 286 0 286 0 
16792 287 6 287 0 287 11 287 0 287 0 287 0 287 0 287 6 287 0 287 0 287 0 
16802 288 1 288 0 288 1 288 0 288 0 288 0 288 0 288 6 288 0 288 0 288 0 
16807 289 3 289 0 289 1 289 0 289 0 289 0 289 0 289 3 289 0 289 0 289 0 
16817 290 6 290 0 290 6 290 0 290 0 290 0 290 0 290 3 290 0 290 0 290 0 
16822 291 4 291 0 291 6 291 0 291 0 291 0 291 0 291 4 291 0 291 0 291 0 
16847 292 11 292 0 292 11 292 0 292 0 292 0 292 0 292 4 292 0 292 0 292 0 
16862 293 7 293 0 293 7 293 0 293 0 293 0 293 0 293 4 293 0 293 0 293 0 
16867 294 3 294 0 294 7 294 0 294 0 294 0 294 0 294 3 294 0 294 0 294 0 
16882 295 2.5 295 0 295 3 295 0 295 0 295 0 295 0 295 2 295 0 295 0 295 0 
16892 296 4 296 0 296 4 296 0 296 0 296 0 296 0 296 2 296 0 296 0 296 0 
16897 297 0 297 0 297 4 297 0 297 0 297 0 297 0 297 0 297 0 297 0 297 0 
16907 298 5 298 0 298 5 298 0 298 0 298 0 298 0 298 0 298 0 298 0 298 0 
16922 299 4 299 0 299 4 299 0 299 0 299 0 299 0 299 0 299 0 299 0 299 0 
16952 300 2 300 0 300 2 300 0 300 0 300 0 300 0 300 0 300 0 300 0 300 0 
16967 301 5 301 0 301 5 301 0 301 0 301 0 301 0 301 0 301 0 301 0 301 0 
16982 302 4 302 0 302 4 302 0 302 0 302 0 302 0 302 0 302 0 302 0 302 0 
16997 303 6 303 0 303 6 303 0 303 0 303 0 303 0 303 0 303 0 303 0 303 0 
17012 304 5 304 0 304 5 304 0 304 0 304 0 304 0 304 0 304 0 304 0 304 0 
17027 305 0 305 0 305 0 305 0 305 0 305 0 305 0 305 0 305 0 305 0 305 0 
19277 306 3 306 0 306 3 306 0 306 0 306 0 306 0 306 0 306 0 306 0 306 0 
19292 307 4 307 0 307 4 307 0 307 0 307 0 307 0 307 0 307 0 307 0 307 0 
19307 308 3 308 0 308 3 308 0 308 0 308 0 308 0 308 0 308 0 308 0 308 0 
19322 309 6 309 0 309 6 309 0 309 0 309 0 309 0 309 0 309 0 309 0 309 0 
19337 310 4 310 0 310 4 310 0 310 0 310 0 310 0 310 0 310 0 310 0 310 0 
19352 311 19 311 0 311 19 311 0 311 0 311 0 311 0 311 0 311 0 311 0 311 0 
19367 312 1 312 0 312 1 312 0 312 0 312 0 312 0 312 0 312 0 312 0 312 0 
19382 313 0 313 0 313 0 313 0 313 0 313 0 313 0 313 0 313 0 313 0 313 0 
19517 314 4 314 0 314 4 314 0 314 0 314 0 314 0 314 0 314 0 314 0 314 0 
19547 315 3 315 0 315 3 315 0 315 0 315 0 315 0 315 0 315 0 315 0 315 0 
19562 316 14 316 0 316 14 316 0 316 0 316 0 316 0 316 0 316 0 316 0 316 0 
19577 317 0 317 0 317 0 317 0 317 0 317 0 317 0 317 0 317 0 317 0 317 0 
19937 318 1 318 0 318 1 318 0 318 0 318 0 318 0 318 0 318 0 318 0 318 0 
19952 319 4 319 0 319 4 319 0 319 0 319 0 319 0 319 0 319 0 319 0 319 0 
19967 320 3 320 0 320 3 320 0 320 0 320 0 320 0 320 0 320 0 320 0 320 0 
19975 321 8 321 0 321 3 321 0 321 0 321 0 321 0 321 0 321 0 321 0 321 8 
19982 322 23 322 0 322 23 322 0 322 0 322 0 322 0 322 0 322 0 322 0 322 8 
19997 323 3 323 0 323 3 323 0 323 0 323 0 323 0 323 0 323 0 323 0 323 8 
20005 324 12 324 0 324 3 324 0 324 0 324 0 324 0 324 0 324 0 324 0 324 12 
20012 325 0 325 0 325 0 325 0 325 0 325 0 325 0 325 0 325 0 325 0 325 12 
20020 326 9 326 0 326 0 326 0 326 0 326 0 326 0 326 0 326 0 326 0 326 9 
20035 327 3 327 0 327 0 327 0 327 0 327 0 327 0 327 0 327 0 327 0 327 3 
20050 328 16 328 0 328 0 328 0 328 0 328 0 328 0 328 0 328 0 328 0 328 16 
20065 329 2 329 0 329 0 329 0 329 0 329 0 329 0 329 0 329 0 329 0 329 2 
20080 330 4 330 0 330 0 330 0 330 0 330 0 330 0 330 0 330 0 330 0 330 4 
20095 331 3 331 0 331 0 331 0 331 0 331 0 331 0 331 0 331 0 331 0 331 3 
20110 332 6 332 0 332 0 332 0 332 0 332 0 332 0 332 0 332 0 332 0 332 6 
20125 333 4 333 0 333 0 333 0 333 0 333 0 333 0 333 0 333 0 333 0 333 4 
20140 334 3 334 0 334 0 334 0 334 0 334 0 334 0 334 0 334 0 334 0 334 3 
20155 335 2 335 0 335 0 335 0 335 0 335 0 335 0 335 0 335 0 335 0 335 2 
20170 336 4 336 0 336 0 336 0 336 0 336 0 336 0 336 0 336 0 336 0 336 4 
20185 337 6 337 0 337 0 337 0 337 0 337 0 337 0 337 0 337 0 337 0 337 6 
20200 338 4 338 0 338 0 338 0 338 0 338 0 338 0 338 0 338 0 338 0 338 4 
20230 339 0 339 0 339 0 339 0 339 0 339 0 339 0 339 0 339 0 339 0 339 0 
21004 340 9 340 0 340 0 340 0 340 9 340 0 340 0 340 0 340 0 340 0 340 0 
21019 341 7 341 0 341 0 341 0 341 7 341 0 341 0 341 0 341 0 341 0 341 0 
21034 342 12 342 0 342 0 342 0 342 12 342 0 342 0 342 0 342 0 342 0 342 0 
21049 343 7 343 0 343 0 343 0 343 7 343 0 343 0 343 0 343 0 343 0 343 0 
21055 344 3 344 0 344 0 344 0 344 7 344 0 344 0 344 0 344 0 344 0 344 3 
21064 345 6 345 0 345 0 345 0 345 6 345 0 345 0 345 0 345 0 345 0 345 3 
21070 346 4 346 0 346 0 346 0 346 6 346 0 346 0 346 0 346 0 346 0 346 4 
21079 347 13 347 0 347 0 347 0 347 13 347 0 347 0 347 0 347 0 347 0 347 4 
21094 348 2 348 0 348 0 348 0 348 2 348 0 348 0 348 0 348 0 348 0 348 4 
21109 349 4 349 0 349 0 349 0 349 4 349 0 349 0 349 0 349 0 349 0 349 4 
21115 350 3 350 0 350 0 350 0 350 4 350 0 350 0 350 0 350 0 350 0 350 3 
21130 351 4 351 0 351 0 351 0 351 4 351 0 351 0 351 0 351 0 351 0 351 4 
21139 352 5 352 0 352 0 352 0 352 5 352 0 352 0 352 0 352 0 352 0 352 4 
21145 353 0 353 0 353 0 353 0 353 5 353 0 353 0 353 0 353 0 353 0 353 0 
21154 354 4 354 0 354 0 354 0 354 4 354 0 354 0 354 0 354 0 354 0 354 0 
21169 355 3 355 0 355 0 355 0 355 3 355 0 355 0 355 0 355 0 355 0 355 0 
21214 356 6 356 0 356 0 356 0 356 6 356 0 356 0 356 0 356 0 356 0 356 0 
21229 357 4 357 0 357 0 357 0 357 4 357 0 357 0 357 0 357 0 357 0 357 0 
21259 358 0 358 0 358 0 358 0 358 0 358 0 358 0 358 0 358 0 358 0 358 0 
21610 359 3 359 0 359 0 359 0 359 0 359 0 359 0 359 0 359 0 359 0 359 3 
21625 360 4 360 0 360 0 360 0 360 0 360 0 360 0 360 0 360 0 360 0 360 4 
21655 361 3 361 0 361 0 361 0 361 0 361 0 361 0 361 0 361 0 361 0 361 3 
21670 362 4 362 0 362 0 362 0 362 0 362 0 362 0 362 0 362 0 362 0 362 4 
21715 363 3 363 0 363 0 363 0 363 0 363 0 363 0 363 0 363 0 363 0 363 3 
21730 364 1 364 0 364 0 364 0 364 0 364 0 364 0 364 0 364 0 364 0 364 1 
21745 365 0 365 0 365 0 365 0 365 0 365 0 365 0 365 0 365 0 365 0 365 0 
21760 366 4 366 0 366 0 366 0 366 0 366 0 366 0 366 0 366 0 366 0 366 4 
21775 367 3 367 0 367 0 367 0 367 0 367 0 367 0 367 0 367 0 367 0 367 3 
21790 368 4 368 0 368 0 368 0 368 0 368 0 368 0 368 0 368 0 368 0 368 4 
21835 369 3 369 0 369 0 369 0 369 0 369 0 369 0 369 0 369 0 369 0 369 3 
21850 370 1 370 0 370 0 370 0 370 0 370 0 370 0 370 0 370 0 370 0 370 1 
21865 371 0 371 0 371 0 371 0 371 0 371 0 371 0 371 0 371 0 371 0 371 0 
22009 372 14 372 0 372 0 372 0 372 14 372 0 372 0 372 0 372 0 372 0 372 0 
22024 373 4 373 0 373 0 373 0 373 4 373 0 373 0 373 0 373 0 373 0 373 0 
22039 374 3 374 0 374 0 374 0 374 3 374 0 374 0 374 0 374 0 374 0 374 0 
22054 375 4 375 0 375 0 375 0 375 4 375 0 375 0 375 0 375 0 375 0 375 0 
22084 376 2 376 0 376 0 376 0 376 2 376 0 376 0 376 0 376 0 376 0 376 0 
22099 377 1 377 0 377 0 377 0 377 1 377 0 377 0 377 0 377 0 377 0 377 0 
22114 378 4 378 0 378 0 378 0 378 4 378 0 378 0 378 0 378 0 378 0 378 0 
22159 379 3 379 0 379 0 379 0 379 3 379 0 379 0 379 0 379 0 379 0 379 0 
22174 380 4 380 0 380 0 380 0 380 4 380 0 380 0 380 0 380 0 380 0 380 0 
22189 381 2 381 0 381 0 381 0 381 2 381 0 381 0 381 0 381 0 381 0 381 0 
22204 382 0 382 0 382 0 382 0 382 0 382 0 382 0 382 0 382 0 382 0 382 0 
22429 383 5 383 0 383 0 383 0 383 5 383 0 383 0 383 0 383 0 383 0 383 0 
22444 384 4 384 0 384 0 384 0 384 4 384 0 384 0 384 0 384 0 384 0 384 0 
22459 385 3 385 0 385 0 385 0 385 3 385 0 385 0 385 0 385 0 385 0 385 0 
22474 386 15 386 0 386 0 386 0 386 15 386 0 386 0 386 0 386 0 386 0 386 0 
22489 387 4 387 0 387 0 387 0 387 4 387 0 387 0 387 0 387 0 387 0 387 0 
22504 388 2 388 0 388 0 388 0 388 2 388 0 388 0 388 0 388 0 388 0 388 0 
22519 389 0 389 0 389 0 389 0 389 0 389 0 389 0 389 0 389 0 389 0 389 0 
25277 390 8 390 0 390 8 390 0 390 0 390 0 390 0 390 0 390 0 390 0 390 0 
25307 391 11 391 0 391 11 391 0 391 0 391 0 391 0 391 0 391 0 391 0 391 0 
25322 392 7 392 0 392 7 392 0 392 0 392 0 392 0 392 0 392 0 392 0 392 0 
25337 393 4 393 0 393 4 393 0 393 0 393 0 393 0 393 0 393 0 393 0 393 0 
25352 394 16 394 0 394 16 394 0 394 0 394 0 394 0 394 0 394 0 394 0 394 0 
25367 395 2 395 0 395 2 395 0 395 0 395 0 395 0 395 0 395 0 395 0 395 0 
25382 396 3 396 0 396 3 396 0 396 0 396 0 396 0 396 0 396 0 396 0 396 0 
25397 397 4 397 0 397 4 397 0 397 0 397 0 397 0 397 0 397 0 397 0 397 0 
25412 398 6 398 0 398 6 398 0 398 0 398 0 398 0 398 0 398 0 398 0 398 0 
25427 399 5 399 0 399 5 399 0 399 0 399 0 399 0 399 0 399 0 399 0 399 0 
25442 400 4 400 0 400 4 400 0 400 0 400 0 400 0 400 0 400 0 400 0 400 0 
25457 401 2 401 0 401 2 401 0 401 0 401 0 401 0 401 0 401 0 401 0 401 0 
25472 402 4 402 0 402 4 402 0 402 0 402 0 402 0 402 0 402 0 402 0 402 0 
25487 403 3 403 0 403 3 403 0 403 0 403 0 403 0 403 0 403 0 403 0 403 0 
25502 404 6 404 0 404 6 404 0 404 0 404 0 404 0 404 0 404 0 404 0 404 0 
25517 405 5 405 0 405 5 405 0 405 0 405 0 405 0 405 0 405 0 405 0 405 0 
25532 406 0 406 0 406 0 406 0 406 0 406 0 406 0 406 0 406 0 406 0 406 0 
26926 407 3 407 3 407 0 407 0 407 0 407 0 407 0 407 0 407 0 407 0 407 0 
26934 408 7 408 3 408 0 408 0 408 0 408 0 408 0 408 0 408 0 408 7 408 0 
26941 409 10 409 10 409 0 409 0 409 0 409 0 409 0 409 0 409 0 409 7 409 0 
26956 410 10.5 410 11 410 0 410 0 410 0 410 0 410 0 410 0 410 0 410 10 410 0 
26971 411 2 411 2 411 0 411 0 411 0 411 0 411 0 411 0 411 0 411 10 411 0 
26979 412 1 412 2 412 0 412 0 412 0 412 0 412 0 412 0 412 0 412 1 412 0 
26986 413 0 413 0 413 0 413 0 413 0 413 0 413 0 413 0 413 0 413 1 413 0 
