# deltaRoads deltaRailways
10 0 0 0 0 0 0 0 0 0 0 0 0 0 0 0 0 0 0 0 0 0 0 
121 0 8 0 8 0 0 0 0 0 0 0 0 0 0 0 0 0 0 0 0 0 0 
123 0 7.5 0 8 0 8 0 7 0 0 0 0 0 0 0 0 0 0 0 0 0 0 
124 0 9 0 8 0 8 0 7 0 9 0 0 0 0 0 0 0 0 0 0 0 0 
125 6 0 0 8 0 8 0 7 0 9 6 0 0 0 0 0 0 0 0 0 0 0 
127 3 4 0 8 0 8 0 7 0 9 6 0 6 0 0 8 0 0 0 0 0 0 
128 0 9 0 8 0 8 0 7 0 9 6 0 6 0 0 8 0 9 0 0 0 0 
129 2 0 0 8 0 8 0 7 0 9 6 0 6 0 0 8 0 9 2 0 0 0 
130 0 9 0 8 0 8 0 7 0 9 6 0 6 0 0 8 0 9 2 0 0 9 
138 0 10 0 8 0 8 0 10 0 9 6 0 6 0 0 8 0 9 2 0 0 9 
139 0 7 0 8 0 8 0 10 0 7 6 0 6 0 0 8 0 9 2 0 0 9 
144 3 3.5 0 8 0 8 0 10 0 7 6 0 6 0 0 8 0 7 6 0 0 9 
145 0 6 0 8 0 8 0 10 0 7 6 0 6 0 0 8 0 7 6 0 0 6 
151 0 11 0 11 0 8 0 10 0 7 6 0 6 0 0 8 0 7 6 0 0 6 
152 0 12 0 11 0 12 0 10 0 7 6 0 6 0 0 8 0 7 6 0 0 6 
155 2 6 0 11 0 12 0 10 0 12 4 0 6 0 0 8 0 7 6 0 0 6 
156 4 0 0 11 0 12 0 10 0 12 4 0 4 0 0 8 0 7 6 0 0 6 
157 0 12 0 11 0 12 0 10 0 12 4 0 4 0 0 12 0 7 6 0 0 6 
159 1.5 6 0 11 0 12 0 10 0 12 4 0 4 0 0 12 0 12 3 0 0 6 
160 0 14 0 11 0 12 0 10 0 12 4 0 4 0 0 12 0 12 3 0 0 14 
166 0 7 0 7 0 12 0 10 0 12 4 0 4 0 0 12 0 12 3 0 0 14 
167 0 6 0 7 0 6 0 10 0 12 4 0 4 0 0 12 0 12 3 0 0 14 
168 0 1 0 7 0 6 0 1 0 12 4 0 4 0 0 12 0 12 3 0 0 14 
169 0 7 0 7 0 6 0 1 0 7 4 0 4 0 0 12 0 12 3 0 0 14 
170 0 0 0 7 0 6 0 1 0 7 0 0 4 0 0 12 0 12 3 0 0 14 
172 0 3.5 0 7 0 6 0 1 0 7 0 0 0 0 0 7 0 12 3 0 0 14 
173 0 7 0 7 0 6 0 1 0 7 0 0 0 0 0 7 0 7 3 0 0 14 
175 0 1 0 7 0 6 0 1 0 7 0 0 0 0 0 7 0 7 3 0 0 1 
181 0 4 0 4 0 6 0 1 0 7 0 0 0 0 0 7 0 7 3 0 0 1 
183 0 0 0 4 0 6 0 0 0 7 0 0 0 0 0 7 0 7 3 0 0 1 
184 0 6 0 4 0 6 0 0 0 6 0 0 0 0 0 7 0 7 3 0 0 1 
187 0 3 0 4 0 6 0 0 0 6 0 0 0 0 0 3 0 7 3 0 0 1 
188 0 6 0 4 0 6 0 0 0 6 0 0 0 0 0 3 0 6 3 0 0 1 
189 0 0 0 4 0 6 0 0 0 6 0 0 0 0 0 3 0 6 0 0 0 1 
190 0 9 0 4 0 6 0 0 0 6 0 0 0 0 0 3 0 6 0 0 0 9 
196 0 16 0 16 0 6 0 0 0 6 0 0 0 0 0 3 0 6 0 0 0 9 
199 0 14.5 0 16 0 16 0 0 0 13 0 0 0 0 0 3 0 6 0 0 0 9 
202 0 16 0 16 0 16 0 0 0 13 0 0 0 0 0 16 0 6 0 0 0 9 
203 0 13 0 16 0 16 0 0 0 13 0 0 0 0 0 16 0 13 0 0 0 9 
205 0 12 0 16 0 16 0 0 0 13 0 0 0 0 0 16 0 13 0 0 0 12 
211 0 2 0 2 0 16 0 0 0 13 0 0 0 0 0 16 0 13 0 0 0 12 
220 0 3 0 2 0 2 0 0 0 2 0 0 0 0 0 2 0 2 0 0 0 7 
229 0 3.33333 0 3 0 3 0 0 0 4 0 0 0 0 0 2 0 2 0 0 0 7 
232 0 4 0 3 0 3 0 0 0 4 0 0 0 0 0 4 0 2 0 0 0 7 
235 0 3 0 3 0 3 0 0 0 4 0 0 0 0 0 4 0 4 0 0 0 2 
241 0 4 0 4 0 3 0 0 0 4 0 0 0 0 0 4 0 4 0 0 0 2 
247 0 3.5 0 4 0 4 0 0 0 4 0 0 0 0 0 3 0 4 0 0 0 2 
250 0 4 0 4 0 4 0 0 0 4 0 0 0 0 0 3 0 4 0 0 0 4 
256 0 6 0 6 0 4 0 0 0 4 0 0 0 0 0 3 0 4 0 0 0 4 
259 0 6.5 0 6 0 6 0 0 0 7 0 0 0 0 0 3 0 4 0 0 0 4 
262 0 6 0 6 0 6 0 0 0 7 0 0 0 0 0 6 0 4 0 0 0 4 
263 0 5 0 6 0 6 0 0 0 7 0 0 0 0 0 6 0 5 0 0 0 4 
265 0 6 0 6 0 6 0 0 0 7 0 0 0 0 0 6 0 5 0 0 0 6 
271 0 3 0 3 0 6 0 0 0 7 0 0 0 0 0 6 0 5 0 0 0 6 
272 0 4 0 3 0 4 0 0 0 7 0 0 0 0 0 6 0 5 0 0 0 6 
274 0 6 0 3 0 4 0 0 0 6 0 0 0 0 0 6 0 5 0 0 0 6 
277 0 4 0 3 0 4 0 0 0 6 0 0 0 0 0 4 0 5 0 0 0 6 
287 0 3.75 0 4 0 3 0 0 0 6 0 0 0 0 0 4 0 4 0 0 0 4 
289 0 3 0 4 0 3 0 0 0 3 0 0 0 0 0 4 0 4 0 0 0 4 
301 0 2.66667 0 2 0 3 0 0 0 3 0 0 0 0 0 3 0 3 0 0 0 4 
302 0 2 0 2 0 2 0 0 0 3 0 0 0 0 0 3 0 3 0 0 0 4 
310 0 1.5 0 2 0 2 0 0 0 3 0 0 0 0 0 2 0 3 0 0 0 1 
316 0 6 0 6 0 2 0 0 0 3 0 0 0 0 0 2 0 3 0 0 0 1 
317 0 4 0 6 0 4 0 0 0 3 0 0 0 0 0 2 0 3 0 0 0 1 
319 0 -3 0 6 0 4 0 0 0 -3 0 0 0 0 0 2 0 3 0 0 0 1 
322 0 4 0 6 0 4 0 0 0 -3 0 0 0 0 0 4 0 3 0 0 0 1 
331 0 3.5 0 3 0 4 0 0 0 -3 0 0 0 0 0 4 0 3 0 0 0 4 
332 0 6 0 3 0 6 0 0 0 -3 0 0 0 0 0 4 0 3 0 0 0 4 
334 0 -17 0 3 0 6 0 0 0 -17 0 0 0 0 0 4 0 3 0 0 0 4 
337 0 8 0 3 0 6 0 0 0 -17 0 0 0 0 0 8 0 3 0 0 0 4 
338 0 6 0 3 0 6 0 0 0 -17 0 0 0 0 0 8 0 6 0 0 0 4 
347 0 4.5 0 6 0 3 0 0 0 -17 0 0 0 0 0 8 0 6 0 0 0 4 
352 0 4 0 6 0 3 0 0 0 -17 0 0 0 0 0 4 0 6 0 0 0 4 
355 0 4.5 0 6 0 3 0 0 0 -17 0 0 0 0 0 4 0 4 0 0 0 5 
361 0 5 0 5 0 3 0 0 0 -17 0 0 0 0 0 4 0 4 0 0 0 5 
364 0 -7.5 0 5 0 5 0 0 0 -20 0 0 0 0 0 4 0 4 0 0 0 5 
370 0 6 0 5 0 5 0 0 0 -20 0 0 0 0 0 4 0 4 0 0 0 6 
376 0 0 0 0 0 5 0 0 0 -20 0 0 0 0 0 4 0 4 0 0 0 6 
379 0 -1.5 0 0 0 0 0 0 0 -3 0 0 0 0 0 4 0 4 0 0 0 6 
382 0 0 0 0 0 0 0 0 0 -3 0 0 0 0 0 0 0 4 0 0 0 6 
393 0 1 0 0 0 0 0 3 0 -3 0 0 0 0 0 0 0 0 0 0 0 0 
394 0 -7 0 0 0 0 0 3 0 -7 0 0 0 0 0 0 0 0 0 0 0 0 
398 0 1 0 0 0 0 0 3 0 -7 0 0 0 0 0 0 0 1 0 0 0 0 
408 0 4 0 0 0 0 0 4 0 -7 0 0 0 0 0 0 0 1 0 0 0 0 
423 0 3.5 0 0 0 0 0 3 0 -7 0 0 0 0 0 0 0 4 0 0 0 0 
424 0 -4 0 0 0 0 0 3 0 -4 0 0 0 0 0 0 0 4 0 0 0 0 
438 0 4 0 0 0 0 0 4 0 -4 0 0 0 0 0 0 0 4 0 0 0 0 
439 0 -1 0 0 0 0 0 4 0 -1 0 0 0 0 0 0 0 4 0 0 0 0 
443 0 3 0 0 0 0 0 4 0 -1 0 0 0 0 0 0 0 3 0 0 0 0 
454 0 0 0 0 0 0 0 4 0 0 0 0 0 0 0 0 0 3 0 0 0 0 
458 0 4 0 0 0 0 0 4 0 0 0 0 0 0 0 0 0 4 0 0 0 0 
468 0 15 0 0 0 0 0 15 0 0 0 0 0 0 0 0 0 4 0 0 0 0 
472 0 1 0 0 0 0 0 15 0 0 0 0 0 0 0 1 0 4 0 0 0 0 
483 0 3 0 0 0 0 0 3 0 0 0 0 0 0 0 1 0 4 0 0 0 0 
488 0 2.5 0 0 0 0 0 3 0 0 0 0 0 0 0 3 0 2 0 0 0 0 
498 0 1 0 0 0 0 0 1 0 0 0 0 0 0 0 3 0 2 0 0 0 0 
502 0 4 0 0 0 0 0 1 0 0 0 0 0 0 0 4 0 2 0 0 0 0 
503 0 0 0 0 0 0 0 1 0 0 0 0 0 0 0 4 0 0 0 0 0 0 
547 0 1.5 0 0 0 0 0 0 0 0 0 0 0 0 0 3 0 0 0 0 0 0 
562 0 4 0 0 0 0 0 0 0 0 0 0 0 0 0 4 0 0 0 0 0 0 
577 0 3 0 0 0 0 0 0 0 0 0 0 0 0 0 3 0 0 0 0 0 0 
592 0 0 0 0 0 0 0 0 0 0 0 0 0 0 0 0 0 0 0 0 0 0 
607 0 1 0 0 0 0 0 0 0 0 0 0 0 0 0 1 0 0 0 0 0 0 
622 0 4 0 0 0 0 0 0 0 0 0 0 0 0 0 4 0 0 0 0 0 0 
667 0 3 0 0 0 0 0 0 0 0 0 0 0 0 0 3 0 0 0 0 0 0 
682 0 4 0 0 0 0 0 0 0 0 0 0 0 0 0 4 0 0 0 0 0 0 
683 0 3 0 0 0 0 0 0 0 0 0 0 0 0 0 4 0 3 0 0 0 0 
692 0 4 0 0 0 4 0 0 0 0 0 0 0 0 0 4 0 3 0 0 0 0 
697 0 1 0 0 0 4 0 0 0 0 0 0 0 0 0 1 0 3 0 0 0 0 
698 0 6 0 0 0 4 0 0 0 0 0 0 0 0 0 1 0 6 0 0 0 0 
707 0 3 0 0 0 3 0 0 0 0 0 0 0 0 0 1 0 6 0 0 0 0 
712 0 0 0 0 0 3 0 0 0 0 0 0 0 0 0 0 0 6 0 0 0 0 
713 0 4 0 0 0 3 0 0 0 0 0 0 0 0 0 0 0 4 0 0 0 0 
727 0 3 0 0 0 4 0 0 0 0 0 0 0 0 0 2 0 4 0 0 0 0 
742 0 6 0 0 0 4 0 0 0 0 0 0 0 0 0 6 0 4 0 0 0 0 
743 0 3 0 0 0 4 0 0 0 0 0 0 0 0 0 6 0 3 0 0 0 0 
757 0 4 0 0 0 4 0 0 0 0 0 0 0 0 0 4 0 3 0 0 0 0 
767 0 3 0 0 0 3 0 0 0 0 0 0 0 0 0 4 0 3 0 0 0 0 
773 0 0 0 0 0 3 0 0 0 0 0 0 0 0 0 4 0 0 0 0 0 0 
782 0 4 0 0 0 4 0 0 0 0 0 0 0 0 0 4 0 0 0 0 0 0 
787 0 3 0 0 0 4 0 0 0 0 0 0 0 0 0 3 0 0 0 0 0 0 
797 0 0 0 0 0 0 0 0 0 0 0 0 0 0 0 3 0 0 0 0 0 0 
802 0 6 0 0 0 0 0 0 0 0 0 0 0 0 0 6 0 0 0 0 0 0 
816 6 0 0 0 0 0 0 0 0 0 0 0 6 0 0 6 0 0 0 0 0 0 
817 0 2 0 0 0 0 0 0 0 0 0 0 6 0 0 2 0 0 0 0 0 0 
832 0 0 0 0 0 0 0 0 0 0 0 0 6 0 0 0 0 0 0 0 0 0 
844 2 0 0 0 0 0 0 0 2 0 0 0 6 0 0 0 0 0 0 0 0 0 
846 8 0 0 0 0 0 0 0 2 0 0 0 8 0 0 0 0 0 0 0 0 0 
859 5 0 0 0 0 0 0 0 5 0 0 0 8 0 0 0 0 0 0 0 0 0 
874 7 0 0 0 0 0 0 0 7 0 0 0 8 0 0 0 0 0 0 0 0 0 
889 2 0 0 0 0 0 0 0 2 0 0 0 8 0 0 0 0 0 0 0 0 0 
891 6 0 0 0 0 0 0 0 2 0 0 0 6 0 0 0 0 0 0 0 0 0 
904 0 0 0 0 0 0 0 0 0 0 0 0 6 0 0 0 0 0 0 0 0 0 
906 8 0 0 0 0 0 0 0 0 0 0 0 8 0 0 0 0 0 0 0 0 0 
951 6 0 0 0 0 0 0 0 0 0 0 0 6 0 0 0 0 0 0 0 0 0 
966 8 0 0 0 0 0 0 0 0 0 0 0 8 0 0 0 0 0 0 0 0 0 
981 6 0 0 0 0 0 0 0 0 0 0 0 6 0 0 0 0 0 0 0 0 0 
996 8 0 0 0 0 0 0 0 0 0 0 0 8 0 0 0 0 0 0 0 0 0 
998 0 3 0 0 0 0 0 0 0 0 0 0 8 0 0 0 0 3 0 0 0 0 
1011 6 0 0 0 0 0 0 0 0 0 0 0 6 0 0 0 0 3 0 0 0 0 
1013 0 4 0 0 0 0 0 0 0 0 0 0 6 0 0 0 0 4 0 0 0 0 
1026 10 0 0 0 0 0 0 0 0 0 0 0 10 0 0 0 0 4 0 0 0 0 
1041 2 0 0 0 0 0 0 0 0 0 0 0 2 0 0 0 0 4 0 0 0 0 
1043 0 3 0 0 0 0 0 0 0 0 0 0 2 0 0 0 0 3 0 0 0 0 
1056 0 0 0 0 0 0 0 0 0 0 0 0 0 0 0 0 0 3 0 0 0 0 
1058 0 4 0 0 0 0 0 0 0 0 0 0 0 0 0 0 0 4 0 0 0 0 
1097 0 3 0 0 0 3 0 0 0 0 0 0 0 0 0 0 0 4 0 0 0 0 
1103 0 2 0 0 0 3 0 0 0 0 0 0 0 0 0 0 0 2 0 0 0 0 
1112 0 4 0 0 0 4 0 0 0 0 0 0 0 0 0 0 0 2 0 0 0 0 
1118 0 0 0 0 0 4 0 0 0 0 0 0 0 0 0 0 0 0 0 0 0 0 
1127 0 3 0 0 0 3 0 0 0 0 0 0 0 0 0 0 0 0 0 0 0 0 
1142 0 4 0 0 0 4 0 0 0 0 0 0 0 0 0 0 0 0 0 0 0 0 
1172 0 2 0 0 0 2 0 0 0 0 0 0 0 0 0 0 0 0 0 0 0 0 
1180 0 1 0 0 0 2 0 0 0 0 0 0 0 0 0 0 0 0 0 0 0 1 
1187 0 0 0 0 0 0 0 0 0 0 0 0 0 0 0 0 0 0 0 0 0 1 
1195 0 22 0 0 0 0 0 0 0 0 0 0 0 0 0 0 0 0 0 0 0 22 
1210 0 6 0 0 0 0 0 0 0 0 0 0 0 0 0 0 0 0 0 0 0 6 
1225 0 4 0 0 0 0 0 0 0 0 0 0 0 0 0 0 0 0 0 0 0 4 
1240 0 2 0 0 0 0 0 0 0 0 0 0 0 0 0 0 0 0 0 0 0 2 
1255 0 0 0 0 0 0 0 0 0 0 0 0 0 0 0 0 0 0 0 0 0 0 
1292 0 1 0 0 0 1 0 0 0 0 0 0 0 0 0 0 0 0 0 0 0 0 
1307 0 3 0 0 0 3 0 0 0 0 0 0 0 0 0 0 0 0 0 0 0 0 
1322 0 4 0 0 0 4 0 0 0 0 0 0 0 0 0 0 0 0 0 0 0 0 
1367 0 3 0 0 0 3 0 0 0 0 0 0 0 0 0 0 0 0 0 0 0 0 
1397 0 0 0 0 0 0 0 0 0 0 0 0 0 0 0 0 0 0 0 0 0 0 
1420 0 3 0 0 0 0 0 0 0 0 0 0 0 0 0 0 0 0 0 0 0 3 
1450 0 4 0 0 0 0 0 0 0 0 0 0 0 0 0 0 0 0 0 0 0 4 
1465 0 6 0 0 0 0 0 0 0 0 0 0 0 0 0 0 0 0 0 0 0 6 
1480 0 3 0 0 0 0 0 0 0 0 0 0 0 0 0 0 0 0 0 0 0 3 
1495 0 0 0 0 0 0 0 0 0 0 0 0 0 0 0 0 0 0 0 0 0 0 
2269 2 0 0 0 0 0 0 0 2 0 0 0 0 0 0 0 0 0 0 0 0 0 
2284 8 0 0 0 0 0 0 0 8 0 0 0 0 0 0 0 0 0 0 0 0 0 
2299 6 0 0 0 0 0 0 0 6 0 0 0 0 0 0 0 0 0 0 0 0 0 
2314 26 0 0 0 0 0 0 0 26 0 0 0 0 0 0 0 0 0 0 0 0 0 
2329 10 0 0 0 0 0 0 0 10 0 0 0 0 0 0 0 0 0 0 0 0 0 
2344 8 0 0 0 0 0 0 0 8 0 0 0 0 0 0 0 0 0 0 0 0 0 
2359 6 0 0 0 0 0 0 0 6 0 0 0 0 0 0 0 0 0 0 0 0 0 
2374 8 0 0 0 0 0 0 0 8 0 0 0 0 0 0 0 0 0 0 0 0 0 
2389 10 0 0 0 0 0 0 0 10 0 0 0 0 0 0 0 0 0 0 0 0 0 
2404 8 0 0 0 0 0 0 0 8 0 0 0 0 0 0 0 0 0 0 0 0 0 
2419 6 0 0 0 0 0 0 0 6 0 0 0 0 0 0 0 0 0 0 0 0 0 
2434 10 0 0 0 0 0 0 0 10 0 0 0 0 0 0 0 0 0 0 0 0 0 
2449 8 0 0 0 0 0 0 0 8 0 0 0 0 0 0 0 0 0 0 0 0 0 
2479 6 0 0 0 0 0 0 0 6 0 0 0 0 0 0 0 0 0 0 0 0 0 
2494 0 0 0 0 0 0 0 0 0 0 0 0 0 0 0 0 0 0 0 0 0 0 
2746 0 63 0 63 0 0 0 0 0 0 0 0 0 0 0 0 0 0 0 0 0 0 
2761 0 4 0 4 0 0 0 0 0 0 0 0 0 0 0 0 0 0 0 0 0 0 
2791 0 1 0 1 0 0 0 0 0 0 0 0 0 0 0 0 0 0 0 0 0 0 
2806 0 0 0 0 0 0 0 0 0 0 0 0 0 0 0 0 0 0 0 0 0 0 
3145 0 1 0 0 0 0 0 0 0 0 0 0 0 0 0 0 0 0 0 0 0 1 
3160 0 4 0 0 0 0 0 0 0 0 0 0 0 0 0 0 0 0 0 0 0 4 
3175 0 3 0 0 0 0 0 0 0 0 0 0 0 0 0 0 0 0 0 0 0 3 
3190 0 4 0 0 0 0 0 0 0 0 0 0 0 0 0 0 0 0 0 0 0 4 
3205 0 15 0 0 0 0 0 0 0 0 0 0 0 0 0 0 0 0 0 0 0 15 
3220 0 4 0 0 0 0 0 0 0 0 0 0 0 0 0 0 0 0 0 0 0 4 
3235 0 3 0 0 0 0 0 0 0 0 0 0 0 0 0 0 0 0 0 0 0 3 
3250 0 0 0 0 0 0 0 0 0 0 0 0 0 0 0 0 0 0 0 0 0 0 
3271 0 1 0 1 0 0 0 0 0 0 0 0 0 0 0 0 0 0 0 0 0 0 
3286 0 4 0 4 0 0 0 0 0 0 0 0 0 0 0 0 0 0 0 0 0 0 
3331 0 3 0 3 0 0 0 0 0 0 0 0 0 0 0 0 0 0 0 0 0 0 
3346 0 15 0 15 0 0 0 0 0 0 0 0 0 0 0 0 0 0 0 0 0 0 
3361 0 4 0 4 0 0 0 0 0 0 0 0 0 0 0 0 0 0 0 0 0 0 
3376 0 1 0 1 0 0 0 0 0 0 0 0 0 0 0 0 0 0 0 0 0 0 
3391 0 0 0 0 0 0 0 0 0 0 0 0 0 0 0 0 0 0 0 0 0 0 
3916 0 3 0 3 0 0 0 0 0 0 0 0 0 0 0 0 0 0 0 0 0 0 
3946 0 4 0 4 0 0 0 0 0 0 0 0 0 0 0 0 0 0 0 0 0 0 
3991 0 3 0 3 0 0 0 0 0 0 0 0 0 0 0 0 0 0 0 0 0 0 
4006 0 4 0 4 0 0 0 0 0 0 0 0 0 0 0 0 0 0 0 0 0 0 
4021 0 6 0 6 0 0 0 0 0 0 0 0 0 0 0 0 0 0 0 0 0 0 
4036 0 0 0 0 0 0 0 0 0 0 0 0 0 0 0 0 0 0 0 0 0 0 
4659 5 0 0 0 0 0 0 0 0 0 0 0 0 0 0 0 0 0 5 0 0 0 
4674 7 0 0 0 0 0 0 0 0 0 0 0 0 0 0 0 0 0 7 0 0 0 
4689 10 0 0 0 0 0 0 0 0 0 0 0 0 0 0 0 0 0 10 0 0 0 
4704 8 0 0 0 0 0 0 0 0 0 0 0 0 0 0 0 0 0 8 0 0 0 
4719 6 0 0 0 0 0 0 0 0 0 0 0 0 0 0 0 0 0 6 0 0 0 
4734 8 0 0 0 0 0 0 0 0 0 0 0 0 0 0 0 0 0 8 0 0 0 
4764 10 0 0 0 0 0 0 0 0 0 0 0 0 0 0 0 0 0 10 0 0 0 
4779 6 0 0 0 0 0 0 0 0 0 0 0 0 0 0 0 0 0 6 0 0 0 
4794 8 0 0 0 0 0 0 0 0 0 0 0 0 0 0 0 0 0 8 0 0 0 
4824 44 0 0 0 0 0 0 0 0 0 0 0 0 0 0 0 0 0 44 0 0 0 
4839 6 0 0 0 0 0 0 0 0 0 0 0 0 0 0 0 0 0 6 0 0 0 
4854 8 0 0 0 0 0 0 0 0 0 0 0 0 0 0 0 0 0 8 0 0 0 
4899 6 0 0 0 0 0 0 0 0 0 0 0 0 0 0 0 0 0 6 0 0 0 
4914 8 0 0 0 0 0 0 0 0 0 0 0 0 0 0 0 0 0 8 0 0 0 
4959 4 0 0 0 0 0 0 0 0 0 0 0 0 0 0 0 0 0 4 0 0 0 
4974 0 0 0 0 0 0 0 0 0 0 0 0 0 0 0 0 0 0 0 0 0 0 
5373 0 11 0 0 0 0 0 11 0 0 0 0 0 0 0 0 0 0 0 0 0 0 
5388 0 4 0 0 0 0 0 4 0 0 0 0 0 0 0 0 0 0 0 0 0 0 
5403 0 9 0 0 0 0 0 9 0 0 0 0 0 0 0 0 0 0 0 0 0 0 
5418 0 2 0 0 0 0 0 2 0 0 0 0 0 0 0 0 0 0 0 0 0 0 
5433 0 0 0 0 0 0 0 0 0 0 0 0 0 0 0 0 0 0 0 0 0 0 
5553 0 4 0 0 0 0 0 4 0 0 0 0 0 0 0 0 0 0 0 0 0 0 
5583 0 3 0 0 0 0 0 3 0 0 0 0 0 0 0 0 0 0 0 0 0 0 
5598 0 4 0 0 0 0 0 4 0 0 0 0 0 0 0 0 0 0 0 0 0 0 
5613 0 3 0 0 0 0 0 3 0 0 0 0 0 0 0 0 0 0 0 0 0 0 
5628 0 0 0 0 0 0 0 0 0 0 0 0 0 0 0 0 0 0 0 0 0 0 
5692 6 0 0 0 0 0 0 0 0 0 0 0 0 0 6 0 0 0 0 0 0 0 
5737 0 0 0 0 0 0 0 0 0 0 0 0 0 0 0 0 0 0 0 0 0 0 
5916 6 0 0 0 0 0 0 0 0 0 0 0 6 0 0 0 0 0 0 0 0 0 
5931 2 0 0 0 0 0 0 0 0 0 0 0 2 0 0 0 0 0 0 0 0 0 
5946 7 0 0 0 0 0 0 0 0 0 0 0 7 0 0 0 0 0 0 0 0 0 
5961 1 0 0 0 0 0 0 0 0 0 0 0 1 0 0 0 0 0 0 0 0 0 
5976 0 0 0 0 0 0 0 0 0 0 0 0 0 0 0 0 0 0 0 0 0 0 
5978 0 4 0 0 0 0 0 0 0 0 0 0 0 0 0 0 0 4 0 0 0 0 
5993 0 10 0 0 0 0 0 0 0 0 0 0 0 0 0 0 0 10 0 0 0 0 
6008 0 7 0 0 0 0 0 0 0 0 0 0 0 0 0 0 0 7 0 0 0 0 
6038 0 0 0 0 0 0 0 0 0 0 0 0 0 0 0 0 0 0 0 0 0 0 
6272 7 0 0 0 7 0 0 0 0 0 0 0 0 0 0 0 0 0 0 0 0 0 
6287 3 0 0 0 3 0 0 0 0 0 0 0 0 0 0 0 0 0 0 0 0 0 
6302 6 0 0 0 6 0 0 0 0 0 0 0 0 0 0 0 0 0 0 0 0 0 
6317 0 0 0 0 0 0 0 0 0 0 0 0 0 0 0 0 0 0 0 0 0 0 
6606 6 0 0 0 0 0 0 0 0 0 0 0 6 0 0 0 0 0 0 0 0 0 
6621 7 0 0 0 0 0 0 0 0 0 0 0 7 0 0 0 0 0 0 0 0 0 
6651 6 0 0 0 0 0 0 0 0 0 0 0 6 0 0 0 0 0 0 0 0 0 
6666 10 0 0 0 0 0 0 0 0 0 0 0 10 0 0 0 0 0 0 0 0 0 
6681 8 0 0 0 0 0 0 0 0 0 0 0 8 0 0 0 0 0 0 0 0 0 
6696 4 0 0 0 0 0 0 0 0 0 0 0 4 0 0 0 0 0 0 0 0 0 
6711 0 0 0 0 0 0 0 0 0 0 0 0 0 0 0 0 0 0 0 0 0 0 
7354 2 0 0 0 0 0 0 0 2 0 0 0 0 0 0 0 0 0 0 0 0 0 
7369 6 0 0 0 0 0 0 0 6 0 0 0 0 0 0 0 0 0 0 0 0 0 
7384 4 0 0 0 0 0 0 0 4 0 0 0 0 0 0 0 0 0 0 0 0 0 
7399 0 0 0 0 0 0 0 0 0 0 0 0 0 0 0 0 0 0 0 0 0 0 
7508 0 4 0 0 0 0 0 0 0 0 0 0 0 0 0 0 0 4 0 0 0 0 
7523 0 3 0 0 0 0 0 0 0 0 0 0 0 0 0 0 0 3 0 0 0 0 
7538 0 15 0 0 0 0 0 0 0 0 0 0 0 0 0 0 0 15 0 0 0 0 
7553 0 4 0 0 0 0 0 0 0 0 0 0 0 0 0 0 0 4 0 0 0 0 
7583 0 3 0 0 0 0 0 0 0 0 0 0 0 0 0 0 0 3 0 0 0 0 
7598 0 4 0 0 0 0 0 0 0 0 0 0 0 0 0 0 0 4 0 0 0 0 
7643 0 3 0 0 0 0 0 0 0 0 0 0 0 0 0 0 0 3 0 0 0 0 
7658 0 0 0 0 0 0 0 0 0 0 0 0 0 0 0 0 0 0 0 0 0 0 
7882 6 0 0 0 0 0 0 0 0 0 0 0 0 0 6 0 0 0 0 0 0 0 
7897 8 0 0 0 0 0 0 0 0 0 0 0 0 0 8 0 0 0 0 0 0 0 
7927 6 0 0 0 0 0 0 0 0 0 0 0 0 0 6 0 0 0 0 0 0 0 
7942 8 0 0 0 0 0 0 0 0 0 0 0 0 0 8 0 0 0 0 0 0 0 
7972 58 0 0 0 0 0 0 0 0 0 0 0 0 0 58 0 0 0 0 0 0 0 
7987 6 0 0 0 0 0 0 0 0 0 0 0 0 0 6 0 0 0 0 0 0 0 
8002 8 0 0 0 0 0 0 0 0 0 0 0 0 0 8 0 0 0 0 0 0 0 
8047 6 0 0 0 0 0 0 0 0 0 0 0 0 0 6 0 0 0 0 0 0 0 
8077 0 0 0 0 0 0 0 0 0 0 0 0 0 0 0 0 0 0 0 0 0 0 
8110 0 7 0 0 0 0 0 0 0 0 0 0 0 0 0 0 0 0 0 0 0 7 
8125 0 6 0 0 0 0 0 0 0 0 0 0 0 0 0 0 0 0 0 0 0 6 
8140 0 14 0 0 0 0 0 0 0 0 0 0 0 0 0 0 0 0 0 0 0 14 
8155 0 1 0 0 0 0 0 0 0 0 0 0 0 0 0 0 0 0 0 0 0 1 
8170 0 9 0 0 0 0 0 0 0 0 0 0 0 0 0 0 0 0 0 0 0 9 
8185 0 12 0 0 0 0 0 0 0 0 0 0 0 0 0 0 0 0 0 0 0 12 
8200 0 7 0 0 0 0 0 0 0 0 0 0 0 0 0 0 0 0 0 0 0 7 
8215 0 2 0 0 0 0 0 0 0 0 0 0 0 0 0 0 0 0 0 0 0 2 
8230 0 4 0 0 0 0 0 0 0 0 0 0 0 0 0 0 0 0 0 0 0 4 
8245 0 6 0 0 0 0 0 0 0 0 0 0 0 0 0 0 0 0 0 0 0 6 
8260 0 4 0 0 0 0 0 0 0 0 0 0 0 0 0 0 0 0 0 0 0 4 
8290 0 1 0 0 0 0 0 0 0 0 0 0 0 0 0 0 0 0 0 0 0 1 
8305 0 4 0 0 0 0 0 0 0 0 0 0 0 0 0 0 0 0 0 0 0 4 
8335 0 5 0 0 0 0 0 0 0 0 0 0 0 0 0 0 0 0 0 0 0 5 
8350 0 6 0 0 0 0 0 0 0 0 0 0 0 0 0 0 0 0 0 0 0 6 
8365 0 0 0 0 0 0 0 0 0 0 0 0 0 0 0 0 0 0 0 0 0 0 
8870 -4 0 0 0 0 0 0 0 0 0 -4 0 0 0 0 0 0 0 0 0 0 0 
8885 -8 0 0 0 0 0 0 0 0 0 -8 0 0 0 0 0 0 0 0 0 0 0 
8900 -4 0 0 0 0 0 0 0 0 0 -4 0 0 0 0 0 0 0 0 0 0 0 
8911 8 0 8 0 0 0 0 0 0 0 -4 0 0 0 0 0 0 0 0 0 0 0 
8915 0 0 8 0 0 0 0 0 0 0 0 0 0 0 0 0 0 0 0 0 0 0 
8926 6 0 6 0 0 0 0 0 0 0 0 0 0 0 0 0 0 0 0 0 0 0 
8941 4 0 4 0 0 0 0 0 0 0 0 0 0 0 0 0 0 0 0 0 0 0 
8956 0 0 0 0 0 0 0 0 0 0 0 0 0 0 0 0 0 0 0 0 0 0 
9305 2 0 0 0 0 0 0 0 0 0 2 0 0 0 0 0 0 0 0 0 0 0 
9320 6 0 0 0 0 0 0 0 0 0 6 0 0 0 0 0 0 0 0 0 0 0 
9350 2 0 0 0 0 0 0 0 0 0 2 0 0 0 0 0 0 0 0 0 0 0 
9365 0 0 0 0 0 0 0 0 0 0 0 0 0 0 0 0 0 0 0 0 0 0 
9466 2 0 2 0 0 0 0 0 0 0 0 0 0 0 0 0 0 0 0 0 0 0 
9481 12 0 12 0 0 0 0 0 0 0 0 0 0 0 0 0 0 0 0 0 0 0 
9496 8 0 8 0 0 0 0 0 0 0 0 0 0 0 0 0 0 0 0 0 0 0 
9511 6 0 6 0 0 0 0 0 0 0 0 0 0 0 0 0 0 0 0 0 0 0 
9526 8 0 8 0 0 0 0 0 0 0 0 0 0 0 0 0 0 0 0 0 0 0 
9550 0 1 8 0 0 0 0 0 0 0 0 0 0 0 0 0 0 0 0 0 0 1 
9565 0 4 8 0 0 0 0 0 0 0 0 0 0 0 0 0 0 0 0 0 0 4 
9571 6 0 6 0 0 0 0 0 0 0 0 0 0 0 0 0 0 0 0 0 0 4 
9595 0 42 6 0 0 0 0 0 0 0 0 0 0 0 0 0 0 0 0 0 0 42 
9601 0 0 0 0 0 0 0 0 0 0 0 0 0 0 0 0 0 0 0 0 0 42 
9610 0 4 0 0 0 0 0 0 0 0 0 0 0 0 0 0 0 0 0 0 0 4 
9625 0 0 0 0 0 0 0 0 0 0 0 0 0 0 0 0 0 0 0 0 0 0 
9655 0 1 0 0 0 0 0 0 0 0 0 0 0 0 0 0 0 0 0 0 0 1 
9670 0 4 0 0 0 0 0 0 0 0 0 0 0 0 0 0 0 0 0 0 0 4 
9715 0 3 0 0 0 0 0 0 0 0 0 0 0 0 0 0 0 0 0 0 0 3 
9730 0 4 0 0 0 0 0 0 0 0 0 0 0 0 0 0 0 0 0 0 0 4 
9775 0 0 0 0 0 0 0 0 0 0 0 0 0 0 0 0 0 0 0 0 0 0 
9805 0 3 0 0 0 0 0 0 0 0 0 0 0 0 0 0 0 0 0 0 0 3 
9820 0 4 0 0 0 0 0 0 0 0 0 0 0 0 0 0 0 0 0 0 0 4 
9834 7 0 0 0 0 0 0 0 0 0 0 0 0 0 0 0 0 0 7 0 0 4 
9835 0 5 0 0 0 0 0 0 0 0 0 0 0 0 0 0 0 0 7 0 0 5 
9850 0 4 0 0 0 0 0 0 0 0 0 0 0 0 0 0 0 0 7 0 0 4 
9864 2 0 0 0 0 0 0 0 0 0 0 0 0 0 0 0 0 0 2 0 0 4 
9879 0 0 0 0 0 0 0 0 0 0 0 0 0 0 0 0 0 0 0 0 0 4 
9880 0 1 0 0 0 0 0 0 0 0 0 0 0 0 0 0 0 0 0 0 0 1 
9895 0 0 0 0 0 0 0 0 0 0 0 0 0 0 0 0 0 0 0 0 0 0 
10325 6 0 0 0 0 0 0 0 0 0 6 0 0 0 0 0 0 0 0 0 0 0 
10340 8 0 0 0 0 0 0 0 0 0 8 0 0 0 0 0 0 0 0 0 0 0 
10355 6 0 0 0 0 0 0 0 0 0 6 0 0 0 0 0 0 0 0 0 0 0 
10370 8 0 0 0 0 0 0 0 0 0 8 0 0 0 0 0 0 0 0 0 0 0 
10385 10 0 0 0 0 0 0 0 0 0 10 0 0 0 0 0 0 0 0 0 0 0 
10400 7 0 0 0 0 0 0 0 0 0 7 0 0 0 0 0 0 0 0 0 0 0 
10415 51 0 0 0 0 0 0 0 0 0 51 0 0 0 0 0 0 0 0 0 0 0 
10430 8 0 0 0 0 0 0 0 0 0 8 0 0 0 0 0 0 0 0 0 0 0 
10473 0 7 0 0 0 0 0 7 0 0 8 0 0 0 0 0 0 0 0 0 0 0 
10475 6 0 0 0 0 0 0 7 0 0 6 0 0 0 0 0 0 0 0 0 0 0 
10488 0 8 0 0 0 0 0 8 0 0 6 0 0 0 0 0 0 0 0 0 0 0 
10490 8 0 0 0 0 0 0 8 0 0 8 0 0 0 0 0 0 0 0 0 0 0 
10503 0 13 0 0 0 0 0 13 0 0 8 0 0 0 0 0 0 0 0 0 0 0 
10518 0 2 0 0 0 0 0 2 0 0 8 0 0 0 0 0 0 0 0 0 0 0 
10520 2 0 0 0 0 0 0 2 0 0 2 0 0 0 0 0 0 0 0 0 0 0 
10533 0 9 0 0 0 0 0 9 0 0 2 0 0 0 0 0 0 0 0 0 0 0 
10535 0 0 0 0 0 0 0 9 0 0 0 0 0 0 0 0 0 0 0 0 0 0 
10548 0 12 0 0 0 0 0 12 0 0 0 0 0 0 0 0 0 0 0 0 0 0 
10563 0 7 0 0 0 0 0 7 0 0 0 0 0 0 0 0 0 0 0 0 0 0 
10578 0 4 0 0 0 0 0 4 0 0 0 0 0 0 0 0 0 0 0 0 0 0 
10593 0 6 0 0 0 0 0 6 0 0 0 0 0 0 0 0 0 0 0 0 0 0 
10623 0 3 0 0 0 0 0 3 0 0 0 0 0 0 0 0 0 0 0 0 0 0 
10638 0 5 0 0 0 0 0 5 0 0 0 0 0 0 0 0 0 0 0 0 0 0 
10653 0 1 0 0 0 0 0 1 0 0 0 0 0 0 0 0 0 0 0 0 0 0 
10668 0 4 0 0 0 0 0 4 0 0 0 0 0 0 0 0 0 0 0 0 0 0 
10683 0 3 0 0 0 0 0 3 0 0 0 0 0 0 0 0 0 0 0 0 0 0 
10698 0 6 0 0 0 0 0 6 0 0 0 0 0 0 0 0 0 0 0 0 0 0 
10728 0 0 0 0 0 0 0 0 0 0 0 0 0 0 0 0 0 0 0 0 0 0 
10892 1 0 0 0 1 0 0 0 0 0 0 0 0 0 0 0 0 0 0 0 0 0 
10907 131 0 0 0 131 0 0 0 0 0 0 0 0 0 0 0 0 0 0 0 0 0 
10922 10 0 0 0 10 0 0 0 0 0 0 0 0 0 0 0 0 0 0 0 0 0 
10952 8 0 0 0 8 0 0 0 0 0 0 0 0 0 0 0 0 0 0 0 0 0 
10967 6 0 0 0 6 0 0 0 0 0 0 0 0 0 0 0 0 0 0 0 0 0 
10982 8 0 0 0 8 0 0 0 0 0 0 0 0 0 0 0 0 0 0 0 0 0 
11027 6 0 0 0 6 0 0 0 0 0 0 0 0 0 0 0 0 0 0 0 0 0 
11042 8 0 0 0 8 0 0 0 0 0 0 0 0 0 0 0 0 0 0 0 0 0 
11087 6 0 0 0 6 0 0 0 0 0 0 0 0 0 0 0 0 0 0 0 0 0 
11102 8 0 0 0 8 0 0 0 0 0 0 0 0 0 0 0 0 0 0 0 0 0 
11147 6 0 0 0 6 0 0 0 0 0 0 0 0 0 0 0 0 0 0 0 0 0 
11162 7 0 0 0 7 0 0 0 0 0 0 0 0 0 0 0 0 0 0 0 0 0 
11177 1 0 0 0 1 0 0 0 0 0 0 0 0 0 0 0 0 0 0 0 0 0 
11192 0 0 0 0 0 0 0 0 0 0 0 0 0 0 0 0 0 0 0 0 0 0 
11223 0 1 0 0 0 0 0 1 0 0 0 0 0 0 0 0 0 0 0 0 0 0 
11238 0 4 0 0 0 0 0 4 0 0 0 0 0 0 0 0 0 0 0 0 0 0 
11253 0 8 0 0 0 0 0 8 0 0 0 0 0 0 0 0 0 0 0 0 0 0 
11268 0 19 0 0 0 0 0 19 0 0 0 0 0 0 0 0 0 0 0 0 0 0 
11283 0 3 0 0 0 0 0 3 0 0 0 0 0 0 0 0 0 0 0 0 0 0 
11298 0 2 0 0 0 0 0 2 0 0 0 0 0 0 0 0 0 0 0 0 0 0 
11313 0 0 0 0 0 0 0 0 0 0 0 0 0 0 0 0 0 0 0 0 0 0 
11571 4 0 0 0 0 0 0 0 0 0 0 0 4 0 0 0 0 0 0 0 0 0 
11586 6 0 0 0 0 0 0 0 0 0 0 0 6 0 0 0 0 0 0 0 0 0 
11616 0 0 0 0 0 0 0 0 0 0 0 0 0 0 0 0 0 0 0 0 0 0 
12533 7 0 0 0 0 0 0 0 0 0 0 0 0 0 0 0 7 0 0 0 0 0 
12563 2 0 0 0 0 0 0 0 0 0 0 0 0 0 0 0 2 0 0 0 0 0 
12578 0 0 0 0 0 0 0 0 0 0 0 0 0 0 0 0 0 0 0 0 0 0 
12937 0 4 0 0 0 0 0 0 0 0 0 0 0 0 0 4 0 0 0 0 0 0 
12952 0 10 0 0 0 0 0 0 0 0 0 0 0 0 0 10 0 0 0 0 0 0 
12967 0 3 0 0 0 0 0 0 0 0 0 0 0 0 0 3 0 0 0 0 0 0 
12982 0 10 0 0 0 0 0 0 0 0 0 0 0 0 0 10 0 0 0 0 0 0 
12997 0 1 0 0 0 0 0 0 0 0 0 0 0 0 0 1 0 0 0 0 0 0 
13012 0 0 0 0 0 0 0 0 0 0 0 0 0 0 0 0 0 0 0 0 0 0 
13101 4 0 0 0 0 0 0 0 0 0 0 0 4 0 0 0 0 0 0 0 0 0 
13116 8 0 0 0 0 0 0 0 0 0 0 0 8 0 0 0 0 0 0 0 0 0 
13131 6 0 0 0 0 0 0 0 0 0 0 0 6 0 0 0 0 0 0 0 0 0 
13146 8 0 0 0 0 0 0 0 0 0 0 0 8 0 0 0 0 0 0 0 0 0 
13161 10 0 0 0 0 0 0 0 0 0 0 0 10 0 0 0 0 0 0 0 0 0 
13191 6 0 0 0 0 0 0 0 0 0 0 0 6 0 0 0 0 0 0 0 0 0 
13206 10 0 0 0 0 0 0 0 0 0 0 0 10 0 0 0 0 0 0 0 0 0 
13221 35 0 0 0 0 0 0 0 0 0 0 0 35 0 0 0 0 0 0 0 0 0 
13236 7 0 0 0 0 0 0 0 0 0 0 0 7 0 0 0 0 0 0 0 0 0 
13251 8 0 0 0 0 0 0 0 0 0 0 0 8 0 0 0 0 0 0 0 0 0 
13266 27 0 0 0 0 0 0 0 0 0 0 0 27 0 0 0 0 0 0 0 0 0 
13281 7 0 0 0 0 0 0 0 0 0 0 0 7 0 0 0 0 0 0 0 0 0 
13296 8 0 0 0 0 0 0 0 0 0 0 0 8 0 0 0 0 0 0 0 0 0 
13311 49 0 0 0 0 0 0 0 0 0 0 0 49 0 0 0 0 0 0 0 0 0 
13326 5 0 0 0 0 0 0 0 0 0 0 0 5 0 0 0 0 0 0 0 0 0 
13341 0 0 0 0 0 0 0 0 0 0 0 0 0 0 0 0 0 0 0 0 0 0 
13503 0 18 0 0 0 0 0 18 0 0 0 0 0 0 0 0 0 0 0 0 0 0 
13518 0 4 0 0 0 0 0 4 0 0 0 0 0 0 0 0 0 0 0 0 0 0 
13563 0 3 0 0 0 0 0 3 0 0 0 0 0 0 0 0 0 0 0 0 0 0 
13578 0 1 0 0 0 0 0 1 0 0 0 0 0 0 0 0 0 0 0 0 0 0 
13593 0 0 0 0 0 0 0 0 0 0 0 0 0 0 0 0 0 0 0 0 0 0 
14433 0 3 0 0 0 0 0 3 0 0 0 0 0 0 0 0 0 0 0 0 0 0 
14448 0 4 0 0 0 0 0 4 0 0 0 0 0 0 0 0 0 0 0 0 0 0 
14463 0 3 0 0 0 0 0 3 0 0 0 0 0 0 0 0 0 0 0 0 0 0 
14476 5 0 5 0 0 0 0 3 0 0 0 0 0 0 0 0 0 0 0 0 0 0 
14478 0 19 5 0 0 0 0 19 0 0 0 0 0 0 0 0 0 0 0 0 0 0 
14491 2 0 2 0 0 0 0 19 0 0 0 0 0 0 0 0 0 0 0 0 0 0 
14493 0 27 2 0 0 0 0 27 0 0 0 0 0 0 0 0 0 0 0 0 0 0 
14506 3 0 3 0 0 0 0 27 0 0 0 0 0 0 0 0 0 0 0 0 0 0 
14508 0 1 3 0 0 0 0 1 0 0 0 0 0 0 0 0 0 0 0 0 0 0 
14521 0 0 0 0 0 0 0 1 0 0 0 0 0 0 0 0 0 0 0 0 0 0 
14768 0.5 0 0 0 0 0 0 0 0 0 0 0 0 0 0 0 1 0 0 0 0 0 
14770 6 0 0 0 0 0 0 0 0 0 0 0 0 0 0 0 1 0 0 0 6 0 
14783 155 0 0 0 0 0 0 0 0 0 0 0 0 0 0 0 155 0 0 0 6 0 
14785 4 0 0 0 0 0 0 0 0 0 0 0 0 0 0 0 155 0 0 0 4 0 
14798 8 0 0 0 0 0 0 0 0 0 0 0 0 0 0 0 8 0 0 0 4 0 
14800 6 0 0 0 0 0 0 0 0 0 0 0 0 0 0 0 8 0 0 0 6 0 
14815 0 0 0 0 0 0 0 0 0 0 0 0 0 0 0 0 8 0 0 0 0 0 
14828 10 0 0 0 0 0 0 0 0 0 0 0 0 0 0 0 10 0 0 0 0 0 
14843 6 0 0 0 0 0 0 0 0 0 0 0 0 0 0 0 6 0 0 0 0 0 
14858 26 0 0 0 0 0 0 0 0 0 0 0 0 0 0 0 26 0 0 0 0 0 
14873 8 0 0 0 0 0 0 0 0 0 0 0 0 0 0 0 8 0 0 0 0 0 
14903 6 0 0 0 0 0 0 0 0 0 0 0 0 0 0 0 6 0 0 0 0 0 
14918 4 0 0 0 0 0 0 0 0 0 0 0 0 0 0 0 4 0 0 0 0 0 
14933 0 0 0 0 0 0 0 0 0 0 0 0 0 0 0 0 0 0 0 0 0 0 
14980 1 0 0 0 0 0 0 0 0 0 0 0 0 0 0 0 0 0 0 0 1 0 
14995 5 0 0 0 0 0 0 0 0 0 0 0 0 0 0 0 0 0 0 0 5 0 
15010 8 0 0 0 0 0 0 0 0 0 0 0 0 0 0 0 0 0 0 0 8 0 
15055 6 0 0 0 0 0 0 0 0 0 0 0 0 0 0 0 0 0 0 0 6 0 
15070 8 0 0 0 0 0 0 0 0 0 0 0 0 0 0 0 0 0 0 0 8 0 
15085 4 0 0 0 0 0 0 0 0 0 0 0 0 0 0 0 0 0 0 0 4 0 
15100 0 0 0 0 0 0 0 0 0 0 0 0 0 0 0 0 0 0 0 0 0 0 
15395 6 0 0 0 0 0 0 0 0 0 6 0 0 0 0 0 0 0 0 0 0 0 
15425 4 0 0 0 0 0 0 0 0 0 4 0 0 0 0 0 0 0 0 0 0 0 
15440 0 0 0 0 0 0 0 0 0 0 0 0 0 0 0 0 0 0 0 0 0 0 
15799 3 0 0 0 0 0 0 0 3 0 0 0 0 0 0 0 0 0 0 0 0 0 
15814 8 0 0 0 0 0 0 0 8 0 0 0 0 0 0 0 0 0 0 0 0 0 
15859 6 0 0 0 0 0 0 0 6 0 0 0 0 0 0 0 0 0 0 0 0 0 
15874 8 0 0 0 0 0 0 0 8 0 0 0 0 0 0 0 0 0 0 0 0 0 
15904 10 0 0 0 0 0 0 0 10 0 0 0 0 0 0 0 0 0 0 0 0 0 
15919 25 0 0 0 0 0 0 0 25 0 0 0 0 0 0 0 0 0 0 0 0 0 
15934 7 0 0 0 0 0 0 0 7 0 0 0 0 0 0 0 0 0 0 0 0 0 
15949 8 0 0 0 0 0 0 0 8 0 0 0 0 0 0 0 0 0 0 0 0 0 
15964 10 0 0 0 0 0 0 0 10 0 0 0 0 0 0 0 0 0 0 0 0 0 
15979 6 0 0 0 0 0 0 0 6 0 0 0 0 0 0 0 0 0 0 0 0 0 
15994 8 0 0 0 0 0 0 0 8 0 0 0 0 0 0 0 0 0 0 0 0 0 
16037 0 6 0 0 0 6 0 0 8 0 0 0 0 0 0 0 0 0 0 0 0 0 
16039 7 0 0 0 0 6 0 0 7 0 0 0 0 0 0 0 0 0 0 0 0 0 
16052 0 4 0 0 0 4 0 0 7 0 0 0 0 0 0 0 0 0 0 0 0 0 
16067 0 11 0 0 0 11 0 0 7 0 0 0 0 0 0 0 0 0 0 0 0 0 
16069 10 0 0 0 0 11 0 0 10 0 0 0 0 0 0 0 0 0 0 0 0 0 
16082 0 7 0 0 0 7 0 0 10 0 0 0 0 0 0 0 0 0 0 0 0 0 
16084 8 0 0 0 0 7 0 0 8 0 0 0 0 0 0 0 0 0 0 0 0 0 
16097 0 10 0 0 0 10 0 0 8 0 0 0 0 0 0 0 0 0 0 0 0 0 
16099 3 0 0 0 0 10 0 0 3 0 0 0 0 0 0 0 0 0 0 0 0 0 
16112 0 8 0 0 0 8 0 0 3 0 0 0 0 0 0 0 0 0 0 0 0 0 
16114 93 0 0 0 0 8 0 0 93 0 0 0 0 0 0 0 0 0 0 0 0 0 
16127 0 11 0 0 0 11 0 0 93 0 0 0 0 0 0 0 0 0 0 0 0 0 
16129 4 0 0 0 0 11 0 0 4 0 0 0 0 0 0 0 0 0 0 0 0 0 
16142 0 2 0 0 0 2 0 0 4 0 0 0 0 0 0 0 0 0 0 0 0 0 
16144 0 0 0 0 0 2 0 0 0 0 0 0 0 0 0 0 0 0 0 0 0 0 
16157 0 4 0 0 0 4 0 0 0 0 0 0 0 0 0 0 0 0 0 0 0 0 
16187 0 5 0 0 0 5 0 0 0 0 0 0 0 0 0 0 0 0 0 0 0 0 
16202 0 6 0 0 0 6 0 0 0 0 0 0 0 0 0 0 0 0 0 0 0 0 
16217 0 0 0 0 0 0 0 0 0 0 0 0 0 0 0 0 0 0 0 0 0 0 
16232 0 -16 0 0 0 -16 0 0 0 0 0 0 0 0 0 0 0 0 0 0 0 0 
16247 0 -11 0 0 0 -11 0 0 0 0 0 0 0 0 0 0 0 0 0 0 0 0 
16262 0 -17 0 0 0 -17 0 0 0 0 0 0 0 0 0 0 0 0 0 0 0 0 
16277 0 -12 0 0 0 -12 0 0 0 0 0 0 0 0 0 0 0 0 0 0 0 0 
16292 0 -7 0 0 0 -7 0 0 0 0 0 0 0 0 0 0 0 0 0 0 0 0 
16307 0 -3 0 0 0 -3 0 0 0 0 0 0 0 0 0 0 0 0 0 0 0 0 
16322 0 -7 0 0 0 -7 0 0 0 0 0 0 0 0 0 0 0 0 0 0 0 0 
16337 0 -3 0 0 0 -3 0 0 0 0 0 0 0 0 0 0 0 0 0 0 0 0 
16352 0 0 0 0 0 0 0 0 0 0 0 0 0 0 0 0 0 0 0 0 0 0 
16732 0 14 0 0 0 0 0 0 0 0 0 0 0 0 0 14 0 0 0 0 0 0 
16747 0 3 0 0 0 0 0 0 0 0 0 0 0 0 0 3 0 0 0 0 0 0 
16757 0 8 0 0 0 8 0 0 0 0 0 0 0 0 0 3 0 0 0 0 0 0 
16762 0 4 0 0 0 8 0 0 0 0 0 0 0 0 0 4 0 0 0 0 0 0 
16787 0 11 0 0 0 11 0 0 0 0 0 0 0 0 0 4 0 0 0 0 0 0 
16792 0 6 0 0 0 11 0 0 0 0 0 0 0 0 0 6 0 0 0 0 0 0 
16802 0 1 0 0 0 1 0 0 0 0 0 0 0 0 0 6 0 0 0 0 0 0 
16807 0 3 0 0 0 1 0 0 0 0 0 0 0 0 0 3 0 0 0 0 0 0 
16817 0 6 0 0 0 6 0 0 0 0 0 0 0 0 0 3 0 0 0 0 0 0 
16822 0 4 0 0 0 6 0 0 0 0 0 0 0 0 0 4 0 0 0 0 0 0 
16847 0 11 0 0 0 11 0 0 0 0 0 0 0 0 0 4 0 0 0 0 0 0 
16862 0 7 0 0 0 7 0 0 0 0 0 0 0 0 0 4 0 0 0 0 0 0 
16867 0 3 0 0 0 7 0 0 0 0 0 0 0 0 0 3 0 0 0 0 0 0 
16882 0 2.5 0 0 0 3 0 0 0 0 0 0 0 0 0 2 0 0 0 0 0 0 
16892 0 4 0 0 0 4 0 0 0 0 0 0 0 0 0 2 0 0 0 0 0 0 
16897 0 0 0 0 0 4 0 0 0 0 0 0 0 0 0 0 0 0 0 0 0 0 
16907 0 5 0 0 0 5 0 0 0 0 0 0 0 0 0 0 0 0 0 0 0 0 
16922 0 4 0 0 0 4 0 0 0 0 0 0 0 0 0 0 0 0 0 0 0 0 
16952 0 2 0 0 0 2 0 0 0 0 0 0 0 0 0 0 0 0 0 0 0 0 
16967 0 5 0 0 0 5 0 0 0 0 0 0 0 0 0 0 0 0 0 0 0 0 
16982 0 4 0 0 0 4 0 0 0 0 0 0 0 0 0 0 0 0 0 0 0 0 
16997 0 6 0 0 0 6 0 0 0 0 0 0 0 0 0 0 0 0 0 0 0 0 
17012 0 5 0 0 0 5 0 0 0 0 0 0 0 0 0 0 0 0 0 0 0 0 
17027 0 0 0 0 0 0 0 0 0 0 0 0 0 0 0 0 0 0 0 0 0 0 
18201 2 0 0 0 0 0 0 0 0 0 0 0 2 0 0 0 0 0 0 0 0 0 
18216 6 0 0 0 0 0 0 0 0 0 0 0 6 0 0 0 0 0 0 0 0 0 
18231 4 0 0 0 0 0 0 0 0 0 0 0 4 0 0 0 0 0 0 0 0 0 
18261 0 0 0 0 0 0 0 0 0 0 0 0 0 0 0 0 0 0 0 0 0 0 
18564 -8 0 0 0 0 0 0 0 0 0 0 0 0 0 0 0 0 0 -8 0 0 0 
18579 -6 0 0 0 0 0 0 0 0 0 0 0 0 0 0 0 0 0 -6 0 0 0 
18594 -2 0 0 0 0 0 0 0 0 0 0 0 0 0 0 0 0 0 -2 0 0 0 
18609 0 0 0 0 0 0 0 0 0 0 0 0 0 0 0 0 0 0 0 0 0 0 
19014 4 0 0 0 0 0 0 0 0 0 0 0 0 0 0 0 0 0 4 0 0 0 
19029 6 0 0 0 0 0 0 0 0 0 0 0 0 0 0 0 0 0 6 0 0 0 
19044 2 0 0 0 0 0 0 0 0 0 0 0 0 0 0 0 0 0 2 0 0 0 
19059 0 0 0 0 0 0 0 0 0 0 0 0 0 0 0 0 0 0 0 0 0 0 
19277 0 3 0 0 0 3 0 0 0 0 0 0 0 0 0 0 0 0 0 0 0 0 
19292 0 4 0 0 0 4 0 0 0 0 0 0 0 0 0 0 0 0 0 0 0 0 
19307 0 3 0 0 0 3 0 0 0 0 0 0 0 0 0 0 0 0 0 0 0 0 
19322 0 6 0 0 0 6 0 0 0 0 0 0 0 0 0 0 0 0 0 0 0 0 
19337 0 4 0 0 0 4 0 0 0 0 0 0 0 0 0 0 0 0 0 0 0 0 
19352 0 19 0 0 0 19 0 0 0 0 0 0 0 0 0 0 0 0 0 0 0 0 
19367 0 1 0 0 0 1 0 0 0 0 0 0 0 0 0 0 0 0 0 0 0 0 
19382 0 0 0 0 0 0 0 0 0 0 0 0 0 0 0 0 0 0 0 0 0 0 
19383 2 0 0 0 0 0 2 0 0 0 0 0 0 0 0 0 0 0 0 0 0 0 
19398 6 0 0 0 0 0 6 0 0 0 0 0 0 0 0 0 0 0 0 0 0 0 
19413 7 0 0 0 0 0 7 0 0 0 0 0 0 0 0 0 0 0 0 0 0 0 
19428 1 0 0 0 0 0 1 0 0 0 0 0 0 0 0 0 0 0 0 0 0 0 
19443 0 0 0 0 0 0 0 0 0 0 0 0 0 0 0 0 0 0 0 0 0 0 
19517 0 4 0 0 0 4 0 0 0 0 0 0 0 0 0 0 0 0 0 0 0 0 
19547 0 3 0 0 0 3 0 0 0 0 0 0 0 0 0 0 0 0 0 0 0 0 
19562 0 14 0 0 0 14 0 0 0 0 0 0 0 0 0 0 0 0 0 0 0 0 
19577 0 0 0 0 0 0 0 0 0 0 0 0 0 0 0 0 0 0 0 0 0 0 
19793 4 0 0 0 0 0 0 0 0 0 0 0 0 0 0 0 4 0 0 0 0 0 
19808 6 0 0 0 0 0 0 0 0 0 0 0 0 0 0 0 6 0 0 0 0 0 
19823 5 0 0 0 0 0 0 0 0 0 0 0 0 0 0 0 5 0 0 0 0 0 
19838 1 0 0 0 0 0 0 0 0 0 0 0 0 0 0 0 1 0 0 0 0 0 
19853 0 0 0 0 0 0 0 0 0 0 0 0 0 0 0 0 0 0 0 0 0 0 
19937 0 1 0 0 0 1 0 0 0 0 0 0 0 0 0 0 0 0 0 0 0 0 
19952 0 4 0 0 0 4 0 0 0 0 0 0 0 0 0 0 0 0 0 0 0 0 
19967 0 3 0 0 0 3 0 0 0 0 0 0 0 0 0 0 0 0 0 0 0 0 
19975 0 8 0 0 0 3 0 0 0 0 0 0 0 0 0 0 0 0 0 0 0 8 
19982 0 23 0 0 0 23 0 0 0 0 0 0 0 0 0 0 0 0 0 0 0 8 
19997 0 3 0 0 0 3 0 0 0 0 0 0 0 0 0 0 0 0 0 0 0 8 
20005 0 12 0 0 0 3 0 0 0 0 0 0 0 0 0 0 0 0 0 0 0 12 
20012 0 0 0 0 0 0 0 0 0 0 0 0 0 0 0 0 0 0 0 0 0 12 
20020 0 9 0 0 0 0 0 0 0 0 0 0 0 0 0 0 0 0 0 0 0 9 
20035 0 3 0 0 0 0 0 0 0 0 0 0 0 0 0 0 0 0 0 0 0 3 
20050 0 16 0 0 0 0 0 0 0 0 0 0 0 0 0 0 0 0 0 0 0 16 
20065 0 2 0 0 0 0 0 0 0 0 0 0 0 0 0 0 0 0 0 0 0 2 
20080 0 4 0 0 0 0 0 0 0 0 0 0 0 0 0 0 0 0 0 0 0 4 
20095 0 3 0 0 0 0 0 0 0 0 0 0 0 0 0 0 0 0 0 0 0 3 
20110 0 6 0 0 0 0 0 0 0 0 0 0 0 0 0 0 0 0 0 0 0 6 
20125 0 4 0 0 0 0 0 0 0 0 0 0 0 0 0 0 0 0 0 0 0 4 
20140 0 3 0 0 0 0 0 0 0 0 0 0 0 0 0 0 0 0 0 0 0 3 
20155 0 2 0 0 0 0 0 0 0 0 0 0 0 0 0 0 0 0 0 0 0 2 
20170 0 4 0 0 0 0 0 0 0 0 0 0 0 0 0 0 0 0 0 0 0 4 
20178 2 0 0 0 0 0 2 0 0 0 0 0 0 0 0 0 0 0 0 0 0 4 
20185 0 6 0 0 0 0 2 0 0 0 0 0 0 0 0 0 0 0 0 0 0 6 
20193 8 0 0 0 0 0 8 0 0 0 0 0 0 0 0 0 0 0 0 0 0 6 
20200 0 4 0 0 0 0 8 0 0 0 0 0 0 0 0 0 0 0 0 0 0 4 
20207 1 0 0 0 1 0 8 0 0 0 0 0 0 0 0 0 0 0 0 0 0 4 
20208 5 0 0 0 1 0 5 0 0 0 0 0 0 0 0 0 0 0 0 0 0 4 
20209 1 0 0 0 1 0 5 0 1 0 0 0 0 0 0 0 0 0 0 0 0 4 
20222 0 0 0 0 0 0 5 0 1 0 0 0 0 0 0 0 0 0 0 0 0 4 
20223 8 0 0 0 0 0 8 0 1 0 0 0 0 0 0 0 0 0 0 0 0 4 
20230 0 0 0 0 0 0 8 0 1 0 0 0 0 0 0 0 0 0 0 0 0 0 
20238 1 0 0 0 0 0 1 0 1 0 0 0 0 0 0 0 0 0 0 0 0 0 
20239 0 0 0 0 0 0 1 0 0 0 0 0 0 0 0 0 0 0 0 0 0 0 
21004 0 4.5 0 0 0 0 0 0 0 9 0 0 0 0 0 0 0 0 0 0 0 0 
21019 0 7 0 0 0 0 0 0 0 7 0 0 0 0 0 0 0 0 0 0 0 0 
21034 0 12 0 0 0 0 0 0 0 12 0 0 0 0 0 0 0 0 0 0 0 0 
21049 0 7 0 0 0 0 0 0 0 7 0 0 0 0 0 0 0 0 0 0 0 0 
21055 0 3 0 0 0 0 0 0 0 7 0 0 0 0 0 0 0 0 0 0 0 3 
21064 0 6 0 0 0 0 0 0 0 6 0 0 0 0 0 0 0 0 0 0 0 3 
21070 0 4 0 0 0 0 0 0 0 6 0 0 0 0 0 0 0 0 0 0 0 4 
21079 0 13 0 0 0 0 0 0 0 13 0 0 0 0 0 0 0 0 0 0 0 4 
21094 0 2 0 0 0 0 0 0 0 2 0 0 0 0 0 0 0 0 0 0 0 4 
21109 0 4 0 0 0 0 0 0 0 4 0 0 0 0 0 0 0 0 0 0 0 4 
21115 0 3 0 0 0 0 0 0 0 4 0 0 0 0 0 0 0 0 0 0 0 3 
21130 0 4 0 0 0 0 0 0 0 4 0 0 0 0 0 0 0 0 0 0 0 4 
21139 0 5 0 0 0 0 0 0 0 5 0 0 0 0 0 0 0 0 0 0 0 4 
21145 0 0 0 0 0 0 0 0 0 5 0 0 0 0 0 0 0 0 0 0 0 0 
21154 0 4 0 0 0 0 0 0 0 4 0 0 0 0 0 0 0 0 0 0 0 0 
21169 0 3 0 0 0 0 0 0 0 3 0 0 0 0 0 0 0 0 0 0 0 0 
21214 0 6 0 0 0 0 0 0 0 6 0 0 0 0 0 0 0 0 0 0 0 0 
21229 0 4 0 0 0 0 0 0 0 4 0 0 0 0 0 0 0 0 0 0 0 0 
21259 0 0 0 0 0 0 0 0 0 0 0 0 0 0 0 0 0 0 0 0 0 0 
21610 0 3 0 0 0 0 0 0 0 0 0 0 0 0 0 0 0 0 0 0 0 3 
21616 5 0 5 0 0 0 0 0 0 0 0 0 0 0 0 0 0 0 0 0 0 3 
21625 0 4 5 0 0 0 0 0 0 0 0 0 0 0 0 0 0 0 0 0 0 4 
21631 8 0 8 0 0 0 0 0 0 0 0 0 0 0 0 0 0 0 0 0 0 4 
21655 0 3 8 0 0 0 0 0 0 0 0 0 0 0 0 0 0 0 0 0 0 3 
21670 0 4 8 0 0 0 0 0 0 0 0 0 0 0 0 0 0 0 0 0 0 4 
21676 10 0 10 0 0 0 0 0 0 0 0 0 0 0 0 0 0 0 0 0 0 4 
21691 6 0 6 0 0 0 0 0 0 0 0 0 0 0 0 0 0 0 0 0 0 4 
21706 8 0 8 0 0 0 0 0 0 0 0 0 0 0 0 0 0 0 0 0 0 4 
21715 0 3 8 0 0 0 0 0 0 0 0 0 0 0 0 0 0 0 0 0 0 3 
21730 0 1 8 0 0 0 0 0 0 0 0 0 0 0 0 0 0 0 0 0 0 1 
21745 0 0 8 0 0 0 0 0 0 0 0 0 0 0 0 0 0 0 0 0 0 0 
21751 6 0 6 0 0 0 0 0 0 0 0 0 0 0 0 0 0 0 0 0 0 0 
21760 3 2 6 0 0 0 0 0 0 0 0 0 0 0 6 0 0 0 0 0 0 4 
21766 8 0 8 0 0 0 0 0 0 0 0 0 0 0 6 0 0 0 0 0 0 4 
21775 0 3 8 0 0 0 0 0 0 0 0 0 0 0 6 0 0 0 0 0 0 3 
21787 4 0 8 0 0 0 0 0 0 0 0 0 0 0 4 0 0 0 0 0 0 3 
21790 0 4 8 0 0 0 0 0 0 0 0 0 0 0 4 0 0 0 0 0 0 4 
21802 0 0 8 0 0 0 0 0 0 0 0 0 0 0 0 0 0 0 0 0 0 4 
21811 6 0 6 0 0 0 0 0 0 0 0 0 0 0 0 0 0 0 0 0 0 4 
21819 5 0 6 0 0 0 0 0 0 0 0 0 0 0 0 0 0 0 5 0 0 4 
21826 8 0 8 0 0 0 0 0 0 0 0 0 0 0 0 0 0 0 5 0 0 4 
21834 9 0 8 0 0 0 0 0 0 0 0 0 0 0 0 0 0 0 9 0 0 4 
21835 0 3 8 0 0 0 0 0 0 0 0 0 0 0 0 0 0 0 9 0 0 3 
21841 10 0 10 0 0 0 0 0 0 0 0 0 0 0 0 0 0 0 9 0 0 3 
21849 7 0 10 0 0 0 0 0 0 0 0 0 0 0 0 0 0 0 7 0 0 3 
21850 0 1 10 0 0 0 0 0 0 0 0 0 0 0 0 0 0 0 7 0 0 1 
21856 8 0 8 0 0 0 0 0 0 0 0 0 0 0 0 0 0 0 7 0 0 1 
21865 4 0 8 0 0 0 0 0 0 0 0 0 0 0 0 0 0 0 8 0 0 0 
21871 6 0 6 0 0 0 0 0 0 0 0 0 0 0 0 0 0 0 8 0 0 0 
21879 96 0 6 0 0 0 0 0 0 0 0 0 0 0 0 0 0 0 96 0 0 0 
21886 8 0 8 0 0 0 0 0 0 0 0 0 0 0 0 0 0 0 96 0 0 0 
21894 10 0 8 0 0 0 0 0 0 0 0 0 0 0 0 0 0 0 10 0 0 0 
21909 8 0 8 0 0 0 0 0 0 0 0 0 0 0 0 0 0 0 8 0 0 0 
21931 6 0 6 0 0 0 0 0 0 0 0 0 0 0 0 0 0 0 8 0 0 0 
21946 7 0 8 0 0 0 0 0 0 0 0 0 0 0 0 0 0 0 6 0 0 0 
21949 2 0 8 0 0 0 0 0 2 0 0 0 0 0 0 0 0 0 6 0 0 0 
21950 4 0 8 0 0 0 0 0 2 0 4 0 0 0 0 0 0 0 6 0 0 0 
21954 82 0 8 0 0 0 0 0 2 0 4 0 0 0 0 0 0 0 82 0 0 0 
21964 0 0 8 0 0 0 0 0 0 0 4 0 0 0 0 0 0 0 82 0 0 0 
21965 8 0 8 0 0 0 0 0 0 0 8 0 0 0 0 0 0 0 82 0 0 0 
21991 6.5 0 5 0 0 0 0 0 0 0 8 0 0 0 0 0 0 0 8 0 0 0 
21995 6 0 5 0 0 0 0 0 0 0 6 0 0 0 0 0 0 0 8 0 0 0 
21996 1 0 5 0 0 0 0 0 0 0 6 0 1 0 0 0 0 0 8 0 0 0 
21999 6 0 5 0 0 0 0 0 0 0 6 0 1 0 0 0 0 0 6 0 0 0 
22006 1 0 1 0 0 0 0 0 0 0 6 0 1 0 0 0 0 0 6 0 0 0 
22009 0 14 1 0 0 0 0 0 0 14 6 0 1 0 0 0 0 0 6 0 0 0 
22010 10 0 1 0 0 0 0 0 0 14 10 0 1 0 0 0 0 0 6 0 0 0 
22011 0 0 1 0 0 0 0 0 0 14 10 0 0 0 0 0 0 0 6 0 0 0 
22012 1 0 1 0 0 0 0 0 0 14 10 0 0 0 1 0 0 0 6 0 0 0 
22014 8 0 1 0 0 0 0 0 0 14 10 0 0 0 1 0 0 0 8 0 0 0 
22021 0 0 0 0 0 0 0 0 0 14 10 0 0 0 1 0 0 0 8 0 0 0 
22024 0 4 0 0 0 0 0 0 0 4 10 0 0 0 1 0 0 0 8 0 0 0 
22025 6 0 0 0 0 0 0 0 0 4 6 0 0 0 1 0 0 0 8 0 0 0 
22039 0 3 0 0 0 0 0 0 0 3 6 0 0 0 1 0 0 0 8 0 0 0 
22040 50 0 0 0 0 0 0 0 0 3 50 0 0 0 1 0 0 0 8 0 0 0 
22042 0 0 0 0 0 0 0 0 0 3 50 0 0 0 0 0 0 0 8 0 0 0 
22051 26 0 26 0 0 0 0 0 0 3 50 0 0 0 0 0 0 0 8 0 0 0 
22054 0 4 26 0 0 0 0 0 0 4 50 0 0 0 0 0 0 0 8 0 0 0 
22055 8 0 26 0 0 0 0 0 0 4 8 0 0 0 0 0 0 0 8 0 0 0 
22056 1 0 26 0 0 0 0 0 0 4 8 0 1 0 0 0 0 0 8 0 0 0 
22057 8 0 26 0 0 0 0 0 0 4 8 0 1 0 8 0 0 0 8 0 0 0 
22059 0 0 26 0 0 0 0 0 0 4 8 0 1 0 8 0 0 0 0 0 0 0 
22084 0 0.666667 0 0 0 0 0 0 0 2 8 0 0 0 8 0 0 0 0 0 0 0 
22099 0 1 0 0 0 0 0 0 0 1 8 0 0 0 8 0 0 0 0 0 0 0 
22114 0 4 0 0 0 0 0 0 0 4 8 0 0 0 8 0 0 0 0 0 0 0 
22115 6 0 0 0 0 0 0 0 0 4 6 0 0 0 8 0 0 0 0 0 0 0 
22130 8 0 0 0 0 0 0 0 0 4 8 0 0 0 8 0 0 0 0 0 0 0 
22147 6 0 0 0 0 0 0 0 0 4 8 0 0 0 6 0 0 0 0 0 0 0 
22159 0 3 0 0 0 0 0 0 0 3 8 0 0 0 6 0 0 0 0 0 0 0 
22162 8 0 0 0 0 0 0 0 0 3 8 0 0 0 8 0 0 0 0 0 0 0 
22174 0 4 0 0 0 0 0 0 0 4 8 0 0 0 8 0 0 0 0 0 0 0 
22175 6 0 0 0 0 0 0 0 0 4 6 0 0 0 8 0 0 0 0 0 0 0 
22176 1 0 0 0 0 0 0 0 0 4 6 0 1 0 8 0 0 0 0 0 0 0 
22177 5 0 0 0 0 0 0 0 0 4 6 0 1 0 5 0 0 0 0 0 0 0 
22189 0 2 0 0 0 0 0 0 0 2 6 0 1 0 5 0 0 0 0 0 0 0 
22190 2 0 0 0 0 0 0 0 0 2 2 0 1 0 5 0 0 0 0 0 0 0 
22191 0 0 0 0 0 0 0 0 0 2 2 0 0 0 5 0 0 0 0 0 0 0 
22429 0 1.66667 0 0 0 0 0 0 0 5 0 0 0 0 0 0 0 0 0 0 0 0 
22444 0 4 0 0 0 0 0 0 0 4 0 0 0 0 0 0 0 0 0 0 0 0 
22459 0 3 0 0 0 0 0 0 0 3 0 0 0 0 0 0 0 0 0 0 0 0 
22474 0 15 0 0 0 0 0 0 0 15 0 0 0 0 0 0 0 0 0 0 0 0 
22476 1 0 0 0 0 0 0 0 0 15 0 0 1 0 0 0 0 0 0 0 0 0 
22489 0.5 2 0 0 0 0 0 0 0 4 0 0 1 0 1 0 0 0 0 0 0 0 
22491 0 0 0 0 0 0 0 0 0 4 0 0 0 0 1 0 0 0 0 0 0 0 
22492 8 0 0 0 0 0 0 0 0 4 0 0 0 0 8 0 0 0 0 0 0 0 
22504 0 2 0 0 0 0 0 0 0 2 0 0 0 0 8 0 0 0 0 0 0 0 
22507 0 0 0 0 0 0 0 0 0 2 0 0 0 0 0 0 0 0 0 0 0 0 
23886 2 0 0 0 0 0 0 0 0 0 0 0 4 0 0 0 0 0 0 0 0 0 
23901 8 0 0 0 0 0 0 0 0 0 0 0 8 0 0 0 0 0 0 0 0 0 
23931 6 0 0 0 0 0 0 0 0 0 0 0 6 0 0 0 0 0 0 0 0 0 
23933 2 0 0 0 0 0 0 0 0 0 0 0 6 0 0 0 2 0 0 0 0 0 
23946 8 0 0 0 0 0 0 0 0 0 0 0 8 0 0 0 2 0 0 0 0 0 
23963 6 0 0 0 0 0 0 0 0 0 0 0 8 0 0 0 6 0 0 0 0 0 
23976 7 0 0 0 0 0 0 0 0 0 0 0 7 0 0 0 6 0 0 0 0 0 
23978 8 0 0 0 0 0 0 0 0 0 0 0 7 0 0 0 8 0 0 0 0 0 
23986 2 0 2 0 0 0 0 0 0 0 0 0 7 0 0 0 8 0 0 0 0 0 
23991 5 0 2 0 0 0 0 0 0 0 0 0 5 0 0 0 8 0 0 0 0 0 
23993 10 0 2 0 0 0 0 0 0 0 0 0 5 0 0 0 10 0 0 0 0 0 
24001 0 0 0 0 0 0 0 0 0 0 0 0 5 0 0 0 10 0 0 0 0 0 
24006 8 0 0 0 0 0 0 0 0 0 0 0 8 0 0 0 10 0 0 0 0 0 
24008 9 0 0 0 0 0 0 0 0 0 0 0 8 0 0 0 9 0 0 0 0 0 
24023 5 0 0 0 0 0 0 0 0 0 0 0 8 0 0 0 5 0 0 0 0 0 
24036 10 0 0 0 0 0 0 0 0 0 0 0 10 0 0 0 5 0 0 0 0 0 
24038 8 0 0 0 0 0 0 0 0 0 0 0 10 0 0 0 8 0 0 0 0 0 
24061 5 0 2 0 0 0 0 0 0 0 0 0 8 0 0 0 8 0 0 0 0 0 
24066 6 0 2 0 0 0 0 0 0 0 0 0 6 0 0 0 8 0 0 0 0 0 
24076 0 0 0 0 0 0 0 0 0 0 0 0 6 0 0 0 8 0 0 0 0 0 
24081 8 0 0 0 0 0 0 0 0 0 0 0 8 0 0 0 8 0 0 0 0 0 
24111 6 0 0 0 0 0 0 0 0 0 0 0 6 0 0 0 8 0 0 0 0 0 
24126 8 0 0 0 0 0 0 0 0 0 0 0 8 0 0 0 8 0 0 0 0 0 
24128 98 0 0 0 0 0 0 0 0 0 0 0 8 0 0 0 98 0 0 0 0 0 
24143 6 0 0 0 0 0 0 0 0 0 0 0 8 0 0 0 6 0 0 0 0 0 
24154 1 0 0 0 0 0 0 0 1 0 0 0 8 0 0 0 6 0 0 0 0 0 
24171 5 0 0 0 0 0 0 0 1 0 0 0 5 0 0 0 6 0 0 0 0 0 
24181 3.5 0 2 0 0 0 0 0 1 0 0 0 5 0 0 0 5 0 0 0 0 0 
24184 0 0 2 0 0 0 0 0 0 0 0 0 5 0 0 0 5 0 0 0 0 0 
24186 7 0 2 0 0 0 0 0 0 0 0 0 7 0 0 0 5 0 0 0 0 0 
24188 37 0 2 0 0 0 0 0 0 0 0 0 7 0 0 0 37 0 0 0 0 0 
24196 0 0 0 0 0 0 0 0 0 0 0 0 7 0 0 0 37 0 0 0 0 0 
24201 8 0 0 0 0 0 0 0 0 0 0 0 8 0 0 0 37 0 0 0 0 0 
24203 32 0 0 0 0 0 0 0 0 0 0 0 8 0 0 0 32 0 0 0 0 0 
24216 10 0 0 0 0 0 0 0 0 0 0 0 10 0 0 0 32 0 0 0 0 0 
24218 8 0 0 0 0 0 0 0 0 0 0 0 10 0 0 0 8 0 0 0 0 0 
24231 6 0 0 0 0 0 0 0 0 0 0 0 6 0 0 0 8 0 0 0 0 0 
24233 0 0 0 0 0 0 0 0 0 0 0 0 6 0 0 0 0 0 0 0 0 0 
24246 7 0 0 0 0 0 0 0 0 0 0 0 7 0 0 0 0 0 0 0 0 0 
24256 1 0 1 0 0 0 0 0 0 0 0 0 7 0 0 0 0 0 0 0 0 0 
24261 0 0 1 0 0 0 0 0 0 0 0 0 0 0 0 0 0 0 0 0 0 0 
25113 3 0 0 0 0 0 6 0 0 0 0 0 0 0 0 0 0 0 0 0 0 0 
25143 4 0 0 0 0 0 4 0 0 0 0 0 0 0 0 0 0 0 0 0 0 0 
25158 0 0 0 0 0 0 0 0 0 0 0 0 0 0 0 0 0 0 0 0 0 0 
25277 0 8 0 0 0 8 0 0 0 0 0 0 0 0 0 0 0 0 0 0 0 0 
25307 0 11 0 0 0 11 0 0 0 0 0 0 0 0 0 0 0 0 0 0 0 0 
25322 0 7 0 0 0 7 0 0 0 0 0 0 0 0 0 0 0 0 0 0 0 0 
25337 0 4 0 0 0 4 0 0 0 0 0 0 0 0 0 0 0 0 0 0 0 0 
25352 0 16 0 0 0 16 0 0 0 0 0 0 0 0 0 0 0 0 0 0 0 0 
25367 0 2 0 0 0 2 0 0 0 0 0 0 0 0 0 0 0 0 0 0 0 0 
25382 0 3 0 0 0 3 0 0 0 0 0 0 0 0 0 0 0 0 0 0 0 0 
25397 0 4 0 0 0 4 0 0 0 0 0 0 0 0 0 0 0 0 0 0 0 0 
25412 0 6 0 0 0 6 0 0 0 0 0 0 0 0 0 0 0 0 0 0 0 0 
25427 0 5 0 0 0 5 0 0 0 0 0 0 0 0 0 0 0 0 0 0 0 0 
25442 0 4 0 0 0 4 0 0 0 0 0 0 0 0 0 0 0 0 0 0 0 0 
25457 0 2 0 0 0 2 0 0 0 0 0 0 0 0 0 0 0 0 0 0 0 0 
25472 0 4 0 0 0 4 0 0 0 0 0 0 0 0 0 0 0 0 0 0 0 0 
25487 0 3 0 0 0 3 0 0 0 0 0 0 0 0 0 0 0 0 0 0 0 0 
25502 0 6 0 0 0 6 0 0 0 0 0 0 0 0 0 0 0 0 0 0 0 0 
25517 0 5 0 0 0 5 0 0 0 0 0 0 0 0 0 0 0 0 0 0 0 0 
25532 0 0 0 0 0 0 0 0 0 0 0 0 0 0 0 0 0 0 0 0 0 0 
25923 3 0 0 0 0 0 3 0 0 0 0 0 0 0 0 0 0 0 0 0 0 0 
25938 7 0 0 0 0 0 7 0 0 0 0 0 0 0 0 0 0 0 0 0 0 0 
25953 8 0 0 0 0 0 8 0 0 0 0 0 0 0 0 0 0 0 0 0 0 0 
25983 6 0 0 0 0 0 6 0 0 0 0 0 0 0 0 0 0 0 0 0 0 0 
25998 8 0 0 0 0 0 8 0 0 0 0 0 0 0 0 0 0 0 0 0 0 0 
26033 1 0 0 0 0 0 8 0 0 0 0 0 0 0 0 0 1 0 0 0 0 0 
26043 2 0 0 0 0 0 2 0 0 0 0 0 0 0 0 0 1 0 0 0 0 0 
26058 0 0 0 0 0 0 0 0 0 0 0 0 0 0 0 0 1 0 0 0 0 0 
26926 0 1.5 0 3 0 0 0 0 0 0 0 0 0 0 0 0 0 0 0 0 0 0 
26934 0 7 0 3 0 0 0 0 0 0 0 0 0 0 0 0 0 0 0 7 0 0 
26941 0 10 0 10 0 0 0 0 0 0 0 0 0 0 0 0 0 0 0 7 0 0 
26956 0 10.5 0 11 0 0 0 0 0 0 0 0 0 0 0 0 0 0 0 10 0 0 
26971 0 2 0 2 0 0 0 0 0 0 0 0 0 0 0 0 0 0 0 10 0 0 
26979 0 1 0 2 0 0 0 0 0 0 0 0 0 0 0 0 0 0 0 1 0 0 
26986 0 0 0 0 0 0 0 0 0 0 0 0 0 0 0 0 0 0 0 1 0 0 
