# ValueCount deltaRoads
10 0 0 0 0 0 0 0 0 0 0 0 0 0 0 0 0 0 0 0 0 0 0 
125 1 6 1 0 1 0 1 0 1 0 1 6 1 0 1 0 1 0 1 0 1 0 
129 2 4 2 0 2 0 2 0 2 0 2 6 2 6 2 0 2 0 2 2 2 0 
144 3 6 3 0 3 0 3 0 3 0 3 6 3 6 3 0 3 0 3 6 3 0 
155 4 4 4 0 4 0 4 0 4 0 4 4 4 6 4 0 4 0 4 6 4 0 
159 5 3.5 5 0 5 0 5 0 5 0 5 4 5 4 5 0 5 0 5 3 5 0 
170 6 0 6 0 6 0 6 0 6 0 6 0 6 4 6 0 6 0 6 3 6 0 
816 7 3 7 0 7 0 7 0 7 0 7 0 7 6 7 0 7 0 7 0 7 0 
844 8 2 8 0 8 0 8 0 8 2 8 0 8 6 8 0 8 0 8 0 8 0 
846 9 8 9 0 9 0 9 0 9 2 9 0 9 8 9 0 9 0 9 0 9 0 
859 10 5 10 0 10 0 10 0 10 5 10 0 10 8 10 0 10 0 10 0 10 0 
874 11 7 11 0 11 0 11 0 11 7 11 0 11 8 11 0 11 0 11 0 11 0 
889 12 2 12 0 12 0 12 0 12 2 12 0 12 8 12 0 12 0 12 0 12 0 
891 13 6 13 0 13 0 13 0 13 2 13 0 13 6 13 0 13 0 13 0 13 0 
904 14 0 14 0 14 0 14 0 14 0 14 0 14 6 14 0 14 0 14 0 14 0 
906 15 8 15 0 15 0 15 0 15 0 15 0 15 8 15 0 15 0 15 0 15 0 
951 16 6 16 0 16 0 16 0 16 0 16 0 16 6 16 0 16 0 16 0 16 0 
966 17 8 17 0 17 0 17 0 17 0 17 0 17 8 17 0 17 0 17 0 17 0 
981 18 6 18 0 18 0 18 0 18 0 18 0 18 6 18 0 18 0 18 0 18 0 
996 19 8 19 0 19 0 19 0 19 0 19 0 19 8 19 0 19 0 19 0 19 0 
1011 20 6 20 0 20 0 20 0 20 0 20 0 20 6 20 0 20 0 20 0 20 0 
1026 21 18 21 0 21 0 21 0 21 0 21 0 21 18 21 0 21 0 21 0 21 0 
1041 22 2 22 0 22 0 22 0 22 0 22 0 22 2 22 0 22 0 22 0 22 0 
1056 23 0 23 0 23 0 23 0 23 0 23 0 23 0 23 0 23 0 23 0 23 0 
2269 24 2 24 0 24 0 24 0 24 2 24 0 24 0 24 0 24 0 24 0 24 0 
2284 25 8 25 0 25 0 25 0 25 8 25 0 25 0 25 0 25 0 25 0 25 0 
2299 26 6 26 0 26 0 26 0 26 6 26 0 26 0 26 0 26 0 26 0 26 0 
2314 27 26 27 0 27 0 27 0 27 26 27 0 27 0 27 0 27 0 27 0 27 0 
2329 28 18 28 0 28 0 28 0 28 18 28 0 28 0 28 0 28 0 28 0 28 0 
2344 29 8 29 0 29 0 29 0 29 8 29 0 29 0 29 0 29 0 29 0 29 0 
2359 30 6 30 0 30 0 30 0 30 6 30 0 30 0 30 0 30 0 30 0 30 0 
2374 31 8 31 0 31 0 31 0 31 8 31 0 31 0 31 0 31 0 31 0 31 0 
2389 32 18 32 0 32 0 32 0 32 18 32 0 32 0 32 0 32 0 32 0 32 0 
2404 33 8 33 0 33 0 33 0 33 8 33 0 33 0 33 0 33 0 33 0 33 0 
2419 34 6 34 0 34 0 34 0 34 6 34 0 34 0 34 0 34 0 34 0 34 0 
2434 35 18 35 0 35 0 35 0 35 18 35 0 35 0 35 0 35 0 35 0 35 0 
2449 36 8 36 0 36 0 36 0 36 8 36 0 36 0 36 0 36 0 36 0 36 0 
2479 37 6 37 0 37 0 37 0 37 6 37 0 37 0 37 0 37 0 37 0 37 0 
2494 38 0 38 0 38 0 38 0 38 0 38 0 38 0 38 0 38 0 38 0 38 0 
4659 39 5 39 0 39 0 39 0 39 0 39 0 39 0 39 0 39 0 39 5 39 0 
4674 40 7 40 0 40 0 40 0 40 0 40 0 40 0 40 0 40 0 40 7 40 0 
4689 41 18 41 0 41 0 41 0 41 0 41 0 41 0 41 0 41 0 41 18 41 0 
4704 42 8 42 0 42 0 42 0 42 0 42 0 42 0 42 0 42 0 42 8 42 0 
4719 43 6 43 0 43 0 43 0 43 0 43 0 43 0 43 0 43 0 43 6 43 0 
4734 44 8 44 0 44 0 44 0 44 0 44 0 44 0 44 0 44 0 44 8 44 0 
4764 45 18 45 0 45 0 45 0 45 0 45 0 45 0 45 0 45 0 45 18 45 0 
4779 46 6 46 0 46 0 46 0 46 0 46 0 46 0 46 0 46 0 46 6 46 0 
4794 47 8 47 0 47 0 47 0 47 0 47 0 47 0 47 0 47 0 47 8 47 0 
4824 48 52 48 0 48 0 48 0 48 0 48 0 48 0 48 0 48 0 48 52 48 0 
4839 49 6 49 0 49 0 49 0 49 0 49 0 49 0 49 0 49 0 49 6 49 0 
4854 50 8 50 0 50 0 50 0 50 0 50 0 50 0 50 0 50 0 50 8 50 0 
4899 51 6 51 0 51 0 51 0 51 0 51 0 51 0 51 0 51 0 51 6 51 0 
4914 52 8 52 0 52 0 52 0 52 0 52 0 52 0 52 0 52 0 52 8 52 0 
4959 53 12 53 0 53 0 53 0 53 0 53 0 53 0 53 0 53 0 53 12 53 0 
4974 54 0 54 0 54 0 54 0 54 0 54 0 54 0 54 0 54 0 54 0 54 0 
5692 55 6 55 0 55 0 55 0 55 0 55 0 55 0 55 6 55 0 55 0 55 0 
5707 56 14 56 0 56 0 56 0 56 0 56 0 56 0 56 14 56 0 56 0 56 0 
5722 57 6 57 0 57 0 57 0 57 0 57 0 57 0 57 6 57 0 57 0 57 0 
5737 58 0 58 0 58 0 58 0 58 0 58 0 58 0 58 0 58 0 58 0 58 0 
5916 59 6 59 0 59 0 59 0 59 0 59 0 59 6 59 0 59 0 59 0 59 0 
5931 60 2 60 0 60 0 60 0 60 0 60 0 60 2 60 0 60 0 60 0 60 0 
5946 61 7 61 0 61 0 61 0 61 0 61 0 61 7 61 0 61 0 61 0 61 0 
5961 62 1 62 0 62 0 62 0 62 0 62 0 62 1 62 0 62 0 62 0 62 0 
5976 63 0 63 0 63 0 63 0 63 0 63 0 63 0 63 0 63 0 63 0 63 0 
6272 64 7 64 0 64 7 64 0 64 0 64 0 64 0 64 0 64 0 64 0 64 0 
6287 65 3 65 0 65 3 65 0 65 0 65 0 65 0 65 0 65 0 65 0 65 0 
6302 66 6 66 0 66 6 66 0 66 0 66 0 66 0 66 0 66 0 66 0 66 0 
6317 67 0 67 0 67 0 67 0 67 0 67 0 67 0 67 0 67 0 67 0 67 0 
6606 68 6 68 0 68 0 68 0 68 0 68 0 68 6 68 0 68 0 68 0 68 0 
6621 69 7 69 0 69 0 69 0 69 0 69 0 69 7 69 0 69 0 69 0 69 0 
6651 70 6 70 0 70 0 70 0 70 0 70 0 70 6 70 0 70 0 70 0 70 0 
6666 71 18 71 0 71 0 71 0 71 0 71 0 71 18 71 0 71 0 71 0 71 0 
6681 72 8 72 0 72 0 72 0 72 0 72 0 72 8 72 0 72 0 72 0 72 0 
6696 73 4 73 0 73 0 73 0 73 0 73 0 73 4 73 0 73 0 73 0 73 0 
6711 74 0 74 0 74 0 74 0 74 0 74 0 74 0 74 0 74 0 74 0 74 0 
7354 75 2 75 0 75 0 75 0 75 2 75 0 75 0 75 0 75 0 75 0 75 0 
7369 76 6 76 0 76 0 76 0 76 6 76 0 76 0 76 0 76 0 76 0 76 0 
7384 77 4 77 0 77 0 77 0 77 4 77 0 77 0 77 0 77 0 77 0 77 0 
7399 78 0 78 0 78 0 78 0 78 0 78 0 78 0 78 0 78 0 78 0 78 0 
7882 79 6 79 0 79 0 79 0 79 0 79 0 79 0 79 6 79 0 79 0 79 0 
7897 80 8 80 0 80 0 80 0 80 0 80 0 80 0 80 8 80 0 80 0 80 0 
7927 81 6 81 0 81 0 81 0 81 0 81 0 81 0 81 6 81 0 81 0 81 0 
7942 82 8 82 0 82 0 82 0 82 0 82 0 82 0 82 8 82 0 82 0 82 0 
7972 83 58 83 0 83 0 83 0 83 0 83 0 83 0 83 58 83 0 83 0 83 0 
7987 84 6 84 0 84 0 84 0 84 0 84 0 84 0 84 6 84 0 84 0 84 0 
8002 85 8 85 0 85 0 85 0 85 0 85 0 85 0 85 8 85 0 85 0 85 0 
8047 86 6 86 0 86 0 86 0 86 0 86 0 86 0 86 6 86 0 86 0 86 0 
8077 87 0 87 0 87 0 87 0 87 0 87 0 87 0 87 0 87 0 87 0 87 0 
8870 88 -4 88 0 88 0 88 0 88 0 88 -4 88 0 88 0 88 0 88 0 88 0 
8885 89 -8 89 0 89 0 89 0 89 0 89 -8 89 0 89 0 89 0 89 0 89 0 
8900 90 -4 90 0 90 0 90 0 90 0 90 -4 90 0 90 0 90 0 90 0 90 0 
8911 91 16 91 16 91 0 91 0 91 0 91 -4 91 0 91 0 91 0 91 0 91 0 
8915 92 0 92 16 92 0 92 0 92 0 92 0 92 0 92 0 92 0 92 0 92 0 
8926 93 6 93 6 93 0 93 0 93 0 93 0 93 0 93 0 93 0 93 0 93 0 
8941 94 4 94 4 94 0 94 0 94 0 94 0 94 0 94 0 94 0 94 0 94 0 
8956 95 0 95 0 95 0 95 0 95 0 95 0 95 0 95 0 95 0 95 0 95 0 
9305 96 2 96 0 96 0 96 0 96 0 96 2 96 0 96 0 96 0 96 0 96 0 
9320 97 6 97 0 97 0 97 0 97 0 97 6 97 0 97 0 97 0 97 0 97 0 
9350 98 2 98 0 98 0 98 0 98 0 98 2 98 0 98 0 98 0 98 0 98 0 
9365 99 0 99 0 99 0 99 0 99 0 99 0 99 0 99 0 99 0 99 0 99 0 
9466 100 2 100 2 100 0 100 0 100 0 100 0 100 0 100 0 100 0 100 0 100 0 
9481 101 28 101 28 101 0 101 0 101 0 101 0 101 0 101 0 101 0 101 0 101 0 
9496 102 8 102 8 102 0 102 0 102 0 102 0 102 0 102 0 102 0 102 0 102 0 
9511 103 6 103 6 103 0 103 0 103 0 103 0 103 0 103 0 103 0 103 0 103 0 
9526 104 8 104 8 104 0 104 0 104 0 104 0 104 0 104 0 104 0 104 0 104 0 
9571 105 6 105 6 105 0 105 0 105 0 105 0 105 0 105 0 105 0 105 0 105 0 
9601 106 0 106 0 106 0 106 0 106 0 106 0 106 0 106 0 106 0 106 0 106 0 
9834 107 7 107 0 107 0 107 0 107 0 107 0 107 0 107 0 107 0 107 7 107 0 
9864 108 2 108 0 108 0 108 0 108 0 108 0 108 0 108 0 108 0 108 2 108 0 
9879 109 0 109 0 109 0 109 0 109 0 109 0 109 0 109 0 109 0 109 0 109 0 
10325 110 6 110 0 110 0 110 0 110 0 110 6 110 0 110 0 110 0 110 0 110 0 
10340 111 8 111 0 111 0 111 0 111 0 111 8 111 0 111 0 111 0 111 0 111 0 
10355 112 6 112 0 112 0 112 0 112 0 112 6 112 0 112 0 112 0 112 0 112 0 
10370 113 8 113 0 113 0 113 0 113 0 113 8 113 0 113 0 113 0 113 0 113 0 
10385 114 18 114 0 114 0 114 0 114 0 114 18 114 0 114 0 114 0 114 0 114 0 
10400 115 15 115 0 115 0 115 0 115 0 115 15 115 0 115 0 115 0 115 0 115 0 
10415 116 51 116 0 116 0 116 0 116 0 116 51 116 0 116 0 116 0 116 0 116 0 
10430 117 8 117 0 117 0 117 0 117 0 117 8 117 0 117 0 117 0 117 0 117 0 
10475 118 6 118 0 118 0 118 0 118 0 118 6 118 0 118 0 118 0 118 0 118 0 
10490 119 8 119 0 119 0 119 0 119 0 119 8 119 0 119 0 119 0 119 0 119 0 
10520 120 2 120 0 120 0 120 0 120 0 120 2 120 0 120 0 120 0 120 0 120 0 
10535 121 0 121 0 121 0 121 0 121 0 121 0 121 0 121 0 121 0 121 0 121 0 
10892 122 1 122 0 122 1 122 0 122 0 122 0 122 0 122 0 122 0 122 0 122 0 
10907 123 131 123 0 123 131 123 0 123 0 123 0 123 0 123 0 123 0 123 0 123 0 
10922 124 18 124 0 124 18 124 0 124 0 124 0 124 0 124 0 124 0 124 0 124 0 
10952 125 8 125 0 125 8 125 0 125 0 125 0 125 0 125 0 125 0 125 0 125 0 
10967 126 6 126 0 126 6 126 0 126 0 126 0 126 0 126 0 126 0 126 0 126 0 
10982 127 8 127 0 127 8 127 0 127 0 127 0 127 0 127 0 127 0 127 0 127 0 
11027 128 6 128 0 128 6 128 0 128 0 128 0 128 0 128 0 128 0 128 0 128 0 
11042 129 8 129 0 129 8 129 0 129 0 129 0 129 0 129 0 129 0 129 0 129 0 
11087 130 6 130 0 130 6 130 0 130 0 130 0 130 0 130 0 130 0 130 0 130 0 
11102 131 8 131 0 131 8 131 0 131 0 131 0 131 0 131 0 131 0 131 0 131 0 
11147 132 6 132 0 132 6 132 0 132 0 132 0 132 0 132 0 132 0 132 0 132 0 
11162 133 7 133 0 133 7 133 0 133 0 133 0 133 0 133 0 133 0 133 0 133 0 
11177 134 1 134 0 134 1 134 0 134 0 134 0 134 0 134 0 134 0 134 0 134 0 
11192 135 0 135 0 135 0 135 0 135 0 135 0 135 0 135 0 135 0 135 0 135 0 
11571 136 4 136 0 136 0 136 0 136 0 136 0 136 4 136 0 136 0 136 0 136 0 
11586 137 6 137 0 137 0 137 0 137 0 137 0 137 6 137 0 137 0 137 0 137 0 
11616 138 0 138 0 138 0 138 0 138 0 138 0 138 0 138 0 138 0 138 0 138 0 
12533 139 7 139 0 139 0 139 0 139 0 139 0 139 0 139 0 139 7 139 0 139 0 
12563 140 2 140 0 140 0 140 0 140 0 140 0 140 0 140 0 140 2 140 0 140 0 
12578 141 0 141 0 141 0 141 0 141 0 141 0 141 0 141 0 141 0 141 0 141 0 
13101 142 4 142 0 142 0 142 0 142 0 142 0 142 4 142 0 142 0 142 0 142 0 
13116 143 8 143 0 143 0 143 0 143 0 143 0 143 8 143 0 143 0 143 0 143 0 
13131 144 6 144 0 144 0 144 0 144 0 144 0 144 6 144 0 144 0 144 0 144 0 
13146 145 8 145 0 145 0 145 0 145 0 145 0 145 8 145 0 145 0 145 0 145 0 
13161 146 18 146 0 146 0 146 0 146 0 146 0 146 18 146 0 146 0 146 0 146 0 
13191 147 6 147 0 147 0 147 0 147 0 147 0 147 6 147 0 147 0 147 0 147 0 
13206 148 18 148 0 148 0 148 0 148 0 148 0 148 18 148 0 148 0 148 0 148 0 
13221 149 35 149 0 149 0 149 0 149 0 149 0 149 35 149 0 149 0 149 0 149 0 
13236 150 7 150 0 150 0 150 0 150 0 150 0 150 7 150 0 150 0 150 0 150 0 
13251 151 16 151 0 151 0 151 0 151 0 151 0 151 16 151 0 151 0 151 0 151 0 
13266 152 27 152 0 152 0 152 0 152 0 152 0 152 27 152 0 152 0 152 0 152 0 
13281 153 7 153 0 153 0 153 0 153 0 153 0 153 7 153 0 153 0 153 0 153 0 
13296 154 8 154 0 154 0 154 0 154 0 154 0 154 8 154 0 154 0 154 0 154 0 
13311 155 49 155 0 155 0 155 0 155 0 155 0 155 49 155 0 155 0 155 0 155 0 
13326 156 5 156 0 156 0 156 0 156 0 156 0 156 5 156 0 156 0 156 0 156 0 
13341 157 0 157 0 157 0 157 0 157 0 157 0 157 0 157 0 157 0 157 0 157 0 
14476 158 5 158 5 158 0 158 0 158 0 158 0 158 0 158 0 158 0 158 0 158 0 
14491 159 2 159 2 159 0 159 0 159 0 159 0 159 0 159 0 159 0 159 0 159 0 
14506 160 3 160 3 160 0 160 0 160 0 160 0 160 0 160 0 160 0 160 0 160 0 
14521 161 0 161 0 161 0 161 0 161 0 161 0 161 0 161 0 161 0 161 0 161 0 
14768 162 1 162 0 162 0 162 0 162 0 162 0 162 0 162 0 162 1 162 0 162 0 
14770 163 6 163 0 163 0 163 0 163 0 163 0 163 0 163 0 163 1 163 0 163 6 
14783 164 155 164 0 164 0 164 0 164 0 164 0 164 0 164 0 164 155 164 0 164 6 
14785 165 4 165 0 165 0 165 0 165 0 165 0 165 0 165 0 165 155 165 0 165 4 
14798 166 8 166 0 166 0 166 0 166 0 166 0 166 0 166 0 166 8 166 0 166 4 
14800 167 6 167 0 167 0 167 0 167 0 167 0 167 0 167 0 167 8 167 0 167 6 
14815 168 0 168 0 168 0 168 0 168 0 168 0 168 0 168 0 168 8 168 0 168 0 
14828 169 18 169 0 169 0 169 0 169 0 169 0 169 0 169 0 169 18 169 0 169 0 
14843 170 6 170 0 170 0 170 0 170 0 170 0 170 0 170 0 170 6 170 0 170 0 
14858 171 26 171 0 171 0 171 0 171 0 171 0 171 0 171 0 171 26 171 0 171 0 
14873 172 8 172 0 172 0 172 0 172 0 172 0 172 0 172 0 172 8 172 0 172 0 
14903 173 6 173 0 173 0 173 0 173 0 173 0 173 0 173 0 173 6 173 0 173 0 
14918 174 4 174 0 174 0 174 0 174 0 174 0 174 0 174 0 174 4 174 0 174 0 
14933 175 0 175 0 175 0 175 0 175 0 175 0 175 0 175 0 175 0 175 0 175 0 
14980 176 1 176 0 176 0 176 0 176 0 176 0 176 0 176 0 176 0 176 0 176 1 
14995 177 5 177 0 177 0 177 0 177 0 177 0 177 0 177 0 177 0 177 0 177 5 
15010 178 8 178 0 178 0 178 0 178 0 178 0 178 0 178 0 178 0 178 0 178 8 
15055 179 6 179 0 179 0 179 0 179 0 179 0 179 0 179 0 179 0 179 0 179 6 
15070 180 8 180 0 180 0 180 0 180 0 180 0 180 0 180 0 180 0 180 0 180 8 
15085 181 4 181 0 181 0 181 0 181 0 181 0 181 0 181 0 181 0 181 0 181 4 
15100 182 0 182 0 182 0 182 0 182 0 182 0 182 0 182 0 182 0 182 0 182 0 
15395 183 6 183 0 183 0 183 0 183 0 183 6 183 0 183 0 183 0 183 0 183 0 
15425 184 4 184 0 184 0 184 0 184 0 184 4 184 0 184 0 184 0 184 0 184 0 
15440 185 0 185 0 185 0 185 0 185 0 185 0 185 0 185 0 185 0 185 0 185 0 
15799 186 3 186 0 186 0 186 0 186 3 186 0 186 0 186 0 186 0 186 0 186 0 
15814 187 8 187 0 187 0 187 0 187 8 187 0 187 0 187 0 187 0 187 0 187 0 
15859 188 6 188 0 188 0 188 0 188 6 188 0 188 0 188 0 188 0 188 0 188 0 
15874 189 8 189 0 189 0 189 0 189 8 189 0 189 0 189 0 189 0 189 0 189 0 
15904 190 18 190 0 190 0 190 0 190 18 190 0 190 0 190 0 190 0 190 0 190 0 
15919 191 25 191 0 191 0 191 0 191 25 191 0 191 0 191 0 191 0 191 0 191 0 
15934 192 7 192 0 192 0 192 0 192 7 192 0 192 0 192 0 192 0 192 0 192 0 
15949 193 8 193 0 193 0 193 0 193 8 193 0 193 0 193 0 193 0 193 0 193 0 
15964 194 18 194 0 194 0 194 0 194 18 194 0 194 0 194 0 194 0 194 0 194 0 
15979 195 6 195 0 195 0 195 0 195 6 195 0 195 0 195 0 195 0 195 0 195 0 
15994 196 8 196 0 196 0 196 0 196 8 196 0 196 0 196 0 196 0 196 0 196 0 
16039 197 7 197 0 197 0 197 0 197 7 197 0 197 0 197 0 197 0 197 0 197 0 
16069 198 18 198 0 198 0 198 0 198 18 198 0 198 0 198 0 198 0 198 0 198 0 
16084 199 8 199 0 199 0 199 0 199 8 199 0 199 0 199 0 199 0 199 0 199 0 
16099 200 3 200 0 200 0 200 0 200 3 200 0 200 0 200 0 200 0 200 0 200 0 
16114 201 93 201 0 201 0 201 0 201 93 201 0 201 0 201 0 201 0 201 0 201 0 
16129 202 4 202 0 202 0 202 0 202 4 202 0 202 0 202 0 202 0 202 0 202 0 
16144 203 0 203 0 203 0 203 0 203 0 203 0 203 0 203 0 203 0 203 0 203 0 
18201 204 2 204 0 204 0 204 0 204 0 204 0 204 2 204 0 204 0 204 0 204 0 
18216 205 6 205 0 205 0 205 0 205 0 205 0 205 6 205 0 205 0 205 0 205 0 
18231 206 4 206 0 206 0 206 0 206 0 206 0 206 4 206 0 206 0 206 0 206 0 
18261 207 0 207 0 207 0 207 0 207 0 207 0 207 0 207 0 207 0 207 0 207 0 
18564 208 -8 208 0 208 0 208 0 208 0 208 0 208 0 208 0 208 0 208 -8 208 0 
18579 209 -6 209 0 209 0 209 0 209 0 209 0 209 0 209 0 209 0 209 -6 209 0 
18594 210 -2 210 0 210 0 210 0 210 0 210 0 210 0 210 0 210 0 210 -2 210 0 
18609 211 0 211 0 211 0 211 0 211 0 211 0 211 0 211 0 211 0 211 0 211 0 
19014 212 4 212 0 212 0 212 0 212 0 212 0 212 0 212 0 212 0 212 4 212 0 
19029 213 6 213 0 213 0 213 0 213 0 213 0 213 0 213 0 213 0 213 6 213 0 
19044 214 2 214 0 214 0 214 0 214 0 214 0 214 0 214 0 214 0 214 2 214 0 
19059 215 0 215 0 215 0 215 0 215 0 215 0 215 0 215 0 215 0 215 0 215 0 
19383 216 2 216 0 216 0 216 2 216 0 216 0 216 0 216 0 216 0 216 0 216 0 
19398 217 6 217 0 217 0 217 6 217 0 217 0 217 0 217 0 217 0 217 0 217 0 
19413 218 7 218 0 218 0 218 7 218 0 218 0 218 0 218 0 218 0 218 0 218 0 
19428 219 1 219 0 219 0 219 1 219 0 219 0 219 0 219 0 219 0 219 0 219 0 
19443 220 0 220 0 220 0 220 0 220 0 220 0 220 0 220 0 220 0 220 0 220 0 
19793 221 4 221 0 221 0 221 0 221 0 221 0 221 0 221 0 221 4 221 0 221 0 
19808 222 6 222 0 222 0 222 0 222 0 222 0 222 0 222 0 222 6 222 0 222 0 
19823 223 5 223 0 223 0 223 0 223 0 223 0 223 0 223 0 223 5 223 0 223 0 
19838 224 1 224 0 224 0 224 0 224 0 224 0 224 0 224 0 224 1 224 0 224 0 
19853 225 0 225 0 225 0 225 0 225 0 225 0 225 0 225 0 225 0 225 0 225 0 
20178 226 2 226 0 226 0 226 2 226 0 226 0 226 0 226 0 226 0 226 0 226 0 
20193 227 8 227 0 227 0 227 8 227 0 227 0 227 0 227 0 227 0 227 0 227 0 
20207 228 1 228 0 228 1 228 8 228 0 228 0 228 0 228 0 228 0 228 0 228 0 
20208 229 5 229 0 229 1 229 5 229 0 229 0 229 0 229 0 229 0 229 0 229 0 
20209 230 1 230 0 230 1 230 5 230 1 230 0 230 0 230 0 230 0 230 0 230 0 
20222 231 0 231 0 231 0 231 5 231 1 231 0 231 0 231 0 231 0 231 0 231 0 
20223 232 16 232 0 232 0 232 16 232 1 232 0 232 0 232 0 232 0 232 0 232 0 
20238 233 1 233 0 233 0 233 1 233 1 233 0 233 0 233 0 233 0 233 0 233 0 
20239 234 0 234 0 234 0 234 1 234 0 234 0 234 0 234 0 234 0 234 0 234 0 
21616 235 2.5 235 5 235 0 235 0 235 0 235 0 235 0 235 0 235 0 235 0 235 0 
21631 236 16 236 16 236 0 236 0 236 0 236 0 236 0 236 0 236 0 236 0 236 0 
21646 237 8 237 8 237 0 237 0 237 0 237 0 237 0 237 0 237 0 237 0 237 0 
21676 238 18 238 18 238 0 238 0 238 0 238 0 238 0 238 0 238 0 238 0 238 0 
21691 239 6 239 6 239 0 239 0 239 0 239 0 239 0 239 0 239 0 239 0 239 0 
21706 240 8 240 8 240 0 240 0 240 0 240 0 240 0 240 0 240 0 240 0 240 0 
21751 241 6 241 6 241 0 241 0 241 0 241 0 241 0 241 0 241 0 241 0 241 0 
21766 242 7 242 8 242 0 242 0 242 0 242 0 242 0 242 6 242 0 242 0 242 0 
21787 243 4 243 8 243 0 243 0 243 0 243 0 243 0 243 4 243 0 243 0 243 0 
21802 244 0 244 8 244 0 244 0 244 0 244 0 244 0 244 0 244 0 244 0 244 0 
21811 245 6 245 6 245 0 245 0 245 0 245 0 245 0 245 0 245 0 245 0 245 0 
21819 246 5 246 6 246 0 246 0 246 0 246 0 246 0 246 0 246 0 246 5 246 0 
21826 247 8 247 8 247 0 247 0 247 0 247 0 247 0 247 0 247 0 247 5 247 0 
21834 248 9 248 8 248 0 248 0 248 0 248 0 248 0 248 0 248 0 248 9 248 0 
21841 249 18 249 18 249 0 249 0 249 0 249 0 249 0 249 0 249 0 249 9 249 0 
21849 250 7 250 18 250 0 250 0 250 0 250 0 250 0 250 0 250 0 250 7 250 0 
21856 251 8 251 8 251 0 251 0 251 0 251 0 251 0 251 0 251 0 251 7 251 0 
21871 252 7 252 6 252 0 252 0 252 0 252 0 252 0 252 0 252 0 252 8 252 0 
21879 253 96 253 6 253 0 253 0 253 0 253 0 253 0 253 0 253 0 253 96 253 0 
21886 254 8 254 8 254 0 254 0 254 0 254 0 254 0 254 0 254 0 254 96 254 0 
21894 255 18 255 8 255 0 255 0 255 0 255 0 255 0 255 0 255 0 255 18 255 0 
21909 256 8 256 8 256 0 256 0 256 0 256 0 256 0 256 0 256 0 256 8 256 0 
21931 257 6 257 6 257 0 257 0 257 0 257 0 257 0 257 0 257 0 257 8 257 0 
21946 258 7 258 8 258 0 258 0 258 0 258 0 258 0 258 0 258 0 258 6 258 0 
21949 259 2 259 8 259 0 259 0 259 2 259 0 259 0 259 0 259 0 259 6 259 0 
21950 260 4 260 8 260 0 260 0 260 2 260 4 260 0 260 0 260 0 260 6 260 0 
21954 261 82 261 8 261 0 261 0 261 2 261 4 261 0 261 0 261 0 261 82 261 0 
21964 262 0 262 8 262 0 262 0 262 0 262 4 262 0 262 0 262 0 262 82 262 0 
21965 263 8 263 8 263 0 263 0 263 0 263 8 263 0 263 0 263 0 263 82 263 0 
21991 264 6.5 264 5 264 0 264 0 264 0 264 8 264 0 264 0 264 0 264 8 264 0 
21995 265 6 265 5 265 0 265 0 265 0 265 6 265 0 265 0 265 0 265 8 265 0 
21996 266 1 266 5 266 0 266 0 266 0 266 6 266 1 266 0 266 0 266 8 266 0 
21999 267 6 267 5 267 0 267 0 267 0 267 6 267 1 267 0 267 0 267 6 267 0 
22006 268 1 268 1 268 0 268 0 268 0 268 6 268 1 268 0 268 0 268 6 268 0 
22010 269 18 269 1 269 0 269 0 269 0 269 18 269 1 269 0 269 0 269 6 269 0 
22011 270 0 270 1 270 0 270 0 270 0 270 18 270 0 270 0 270 0 270 6 270 0 
22012 271 1 271 1 271 0 271 0 271 0 271 18 271 0 271 1 271 0 271 6 271 0 
22014 272 8 272 1 272 0 272 0 272 0 272 18 272 0 272 1 272 0 272 8 272 0 
22021 273 0 273 0 273 0 273 0 273 0 273 18 273 0 273 1 273 0 273 8 273 0 
22025 274 6 274 0 274 0 274 0 274 0 274 6 274 0 274 1 274 0 274 8 274 0 
22040 275 50 275 0 275 0 275 0 275 0 275 50 275 0 275 1 275 0 275 8 275 0 
22042 276 0 276 0 276 0 276 0 276 0 276 50 276 0 276 0 276 0 276 8 276 0 
22051 277 26 277 26 277 0 277 0 277 0 277 50 277 0 277 0 277 0 277 8 277 0 
22055 278 16 278 26 278 0 278 0 278 0 278 16 278 0 278 0 278 0 278 8 278 0 
22056 279 1 279 26 279 0 279 0 279 0 279 16 279 1 279 0 279 0 279 8 279 0 
22057 280 8 280 26 280 0 280 0 280 0 280 16 280 1 280 8 280 0 280 8 280 0 
22059 281 0 281 26 281 0 281 0 281 0 281 16 281 1 281 8 281 0 281 0 281 0 
22070 282 4 282 0 282 0 282 0 282 0 282 8 282 1 282 8 282 0 282 0 282 0 
22071 283 0 283 0 283 0 283 0 283 0 283 8 283 0 283 8 283 0 283 0 283 0 
22087 284 16 284 0 284 0 284 0 284 0 284 8 284 0 284 16 284 0 284 0 284 0 
22102 285 8 285 0 285 0 285 0 285 0 285 8 285 0 285 8 285 0 285 0 285 0 
22115 286 6 286 0 286 0 286 0 286 0 286 6 286 0 286 8 286 0 286 0 286 0 
22130 287 8 287 0 287 0 287 0 287 0 287 8 287 0 287 8 287 0 287 0 287 0 
22147 288 6 288 0 288 0 288 0 288 0 288 8 288 0 288 6 288 0 288 0 288 0 
22162 289 8 289 0 289 0 289 0 289 0 289 8 289 0 289 8 289 0 289 0 289 0 
22175 290 6 290 0 290 0 290 0 290 0 290 6 290 0 290 8 290 0 290 0 290 0 
22176 291 1 291 0 291 0 291 0 291 0 291 6 291 1 291 8 291 0 291 0 291 0 
22177 292 5 292 0 292 0 292 0 292 0 292 6 292 1 292 5 292 0 292 0 292 0 
22190 293 2 293 0 293 0 293 0 293 0 293 2 293 1 293 5 293 0 293 0 293 0 
22191 294 0 294 0 294 0 294 0 294 0 294 2 294 0 294 5 294 0 294 0 294 0 
22476 295 0.333333 295 0 295 0 295 0 295 0 295 0 295 1 295 0 295 0 295 0 295 0 
22477 296 1 296 0 296 0 296 0 296 0 296 0 296 1 296 1 296 0 296 0 296 0 
22491 297 0 297 0 297 0 297 0 297 0 297 0 297 0 297 1 297 0 297 0 297 0 
22492 298 8 298 0 298 0 298 0 298 0 298 0 298 0 298 8 298 0 298 0 298 0 
22507 299 0 299 0 299 0 299 0 299 0 299 0 299 0 299 0 299 0 299 0 299 0 
23886 300 12 300 0 300 0 300 0 300 0 300 0 300 12 300 0 300 0 300 0 300 0 
23901 301 8 301 0 301 0 301 0 301 0 301 0 301 8 301 0 301 0 301 0 301 0 
23931 302 6 302 0 302 0 302 0 302 0 302 0 302 6 302 0 302 0 302 0 302 0 
23933 303 2 303 0 303 0 303 0 303 0 303 0 303 6 303 0 303 2 303 0 303 0 
23946 304 8 304 0 304 0 304 0 304 0 304 0 304 8 304 0 304 2 304 0 304 0 
23963 305 6 305 0 305 0 305 0 305 0 305 0 305 8 305 0 305 6 305 0 305 0 
23976 306 7 306 0 306 0 306 0 306 0 306 0 306 7 306 0 306 6 306 0 306 0 
23978 307 8 307 0 307 0 307 0 307 0 307 0 307 7 307 0 307 8 307 0 307 0 
23986 308 2 308 2 308 0 308 0 308 0 308 0 308 7 308 0 308 8 308 0 308 0 
23991 309 5 309 2 309 0 309 0 309 0 309 0 309 5 309 0 309 8 309 0 309 0 
23993 310 18 310 2 310 0 310 0 310 0 310 0 310 5 310 0 310 18 310 0 310 0 
24001 311 0 311 0 311 0 311 0 311 0 311 0 311 5 311 0 311 18 311 0 311 0 
24006 312 8 312 0 312 0 312 0 312 0 312 0 312 8 312 0 312 18 312 0 312 0 
24008 313 9 313 0 313 0 313 0 313 0 313 0 313 8 313 0 313 9 313 0 313 0 
24023 314 5 314 0 314 0 314 0 314 0 314 0 314 8 314 0 314 5 314 0 314 0 
24036 315 18 315 0 315 0 315 0 315 0 315 0 315 18 315 0 315 5 315 0 315 0 
24038 316 8 316 0 316 0 316 0 316 0 316 0 316 18 316 0 316 8 316 0 316 0 
24051 317 16 317 0 317 0 317 0 317 0 317 0 317 16 317 0 317 8 317 0 317 0 
24061 318 2 318 2 318 0 318 0 318 0 318 0 318 16 318 0 318 8 318 0 318 0 
24066 319 6 319 2 319 0 319 0 319 0 319 0 319 6 319 0 319 8 319 0 319 0 
24076 320 0 320 0 320 0 320 0 320 0 320 0 320 6 320 0 320 8 320 0 320 0 
24081 321 8 321 0 321 0 321 0 321 0 321 0 321 8 321 0 321 8 321 0 321 0 
24083 322 16 322 0 322 0 322 0 322 0 322 0 322 8 322 0 322 16 322 0 322 0 
24098 323 8 323 0 323 0 323 0 323 0 323 0 323 8 323 0 323 8 323 0 323 0 
24111 324 6 324 0 324 0 324 0 324 0 324 0 324 6 324 0 324 8 324 0 324 0 
24126 325 8 325 0 325 0 325 0 325 0 325 0 325 8 325 0 325 8 325 0 325 0 
24128 326 98 326 0 326 0 326 0 326 0 326 0 326 8 326 0 326 98 326 0 326 0 
24143 327 6 327 0 327 0 327 0 327 0 327 0 327 8 327 0 327 6 327 0 327 0 
24154 328 1 328 0 328 0 328 0 328 1 328 0 328 8 328 0 328 6 328 0 328 0 
24171 329 5 329 0 329 0 329 0 329 1 329 0 329 5 329 0 329 6 329 0 329 0 
24181 330 3.5 330 2 330 0 330 0 330 1 330 0 330 5 330 0 330 5 330 0 330 0 
24184 331 0 331 2 331 0 331 0 331 0 331 0 331 5 331 0 331 5 331 0 331 0 
24186 332 7 332 2 332 0 332 0 332 0 332 0 332 7 332 0 332 5 332 0 332 0 
24188 333 37 333 2 333 0 333 0 333 0 333 0 333 7 333 0 333 37 333 0 333 0 
24196 334 0 334 0 334 0 334 0 334 0 334 0 334 7 334 0 334 37 334 0 334 0 
24201 335 8 335 0 335 0 335 0 335 0 335 0 335 8 335 0 335 37 335 0 335 0 
24203 336 32 336 0 336 0 336 0 336 0 336 0 336 8 336 0 336 32 336 0 336 0 
24216 337 18 337 0 337 0 337 0 337 0 337 0 337 18 337 0 337 32 337 0 337 0 
24218 338 16 338 0 338 0 338 0 338 0 338 0 338 18 338 0 338 16 338 0 338 0 
24231 339 6 339 0 339 0 339 0 339 0 339 0 339 6 339 0 339 16 339 0 339 0 
24233 340 0 340 0 340 0 340 0 340 0 340 0 340 6 340 0 340 0 340 0 340 0 
24246 341 7 341 0 341 0 341 0 341 0 341 0 341 7 341 0 341 0 341 0 341 0 
24256 342 1 342 1 342 0 342 0 342 0 342 0 342 7 342 0 342 0 342 0 342 0 
24261 343 0 343 1 343 0 343 0 343 0 343 0 343 0 343 0 343 0 343 0 343 0 
25113 344 3 344 0 344 0 344 6 344 0 344 0 344 0 344 0 344 0 344 0 344 0 
25143 345 4 345 0 345 0 345 4 345 0 345 0 345 0 345 0 345 0 345 0 345 0 
25158 346 0 346 0 346 0 346 0 346 0 346 0 346 0 346 0 346 0 346 0 346 0 
25923 347 3 347 0 347 0 347 3 347 0 347 0 347 0 347 0 347 0 347 0 347 0 
25938 348 7 348 0 348 0 348 7 348 0 348 0 348 0 348 0 348 0 348 0 348 0 
25953 349 8 349 0 349 0 349 8 349 0 349 0 349 0 349 0 349 0 349 0 349 0 
25983 350 6 350 0 350 0 350 6 350 0 350 0 350 0 350 0 350 0 350 0 350 0 
25998 351 8 351 0 351 0 351 8 351 0 351 0 351 0 351 0 351 0 351 0 351 0 
26033 352 1 352 0 352 0 352 8 352 0 352 0 352 0 352 0 352 1 352 0 352 0 
26043 353 2 353 0 353 0 353 2 353 0 353 0 353 0 353 0 353 1 353 0 353 0 
26058 354 0 354 0 354 0 354 0 354 0 354 0 354 0 354 0 354 1 354 0 354 0 
