# ValueCount deltaRoads
10 0 0 0 0 0 0 0 0 0 0 0 0 0 0 0 0 0 0 0 0 0 0 
122 1 6 1 0 1 6 1 0 1 0 1 0 1 0 1 0 1 0 1 0 1 0 
128 2 7 2 0 2 6 2 0 2 0 2 0 2 0 2 0 2 7 2 0 2 0 
143 3 6 3 0 3 6 3 0 3 0 3 0 3 0 3 0 3 5 3 7 3 0 
152 4 5 4 0 4 4 4 0 4 0 4 0 4 0 4 0 4 5 4 6 4 0 
158 5 4 5 0 5 4 5 0 5 0 5 0 5 0 5 0 5 4 5 6 5 0 
167 6 2 6 0 6 0 6 0 6 0 6 0 6 0 6 0 6 4 6 4 6 0 
173 7 0 7 0 7 0 7 0 7 0 7 0 7 0 7 0 7 0 7 4 7 0 
694 8 3 8 0 8 0 8 0 8 6 8 0 8 0 8 0 8 0 8 0 8 0 
724 9 4 9 0 9 0 9 0 9 4 9 0 9 0 9 0 9 0 9 0 9 0 
737 10 2 10 0 10 2 10 0 10 4 10 0 10 0 10 0 10 0 10 0 10 0 
739 11 0 11 0 11 2 11 0 11 0 11 0 11 0 11 0 11 0 11 0 11 0 
752 12 8 12 0 12 8 12 0 12 0 12 0 12 0 12 0 12 0 12 0 12 0 
767 13 6 13 0 13 6 13 0 13 0 13 0 13 0 13 0 13 0 13 0 13 0 
782 14 8 14 0 14 8 14 0 14 0 14 0 14 0 14 0 14 0 14 0 14 0 
797 15 9 15 0 15 9 15 0 15 0 15 0 15 0 15 0 15 0 15 0 15 0 
812 16 8 16 0 16 8 16 0 16 0 16 0 16 0 16 0 16 0 16 0 16 0 
827 17 5 17 0 17 5 17 0 17 0 17 0 17 0 17 0 17 0 17 0 17 0 
842 18 8 18 0 18 8 18 0 18 0 18 0 18 0 18 0 18 0 18 0 18 0 
857 19 9 19 0 19 9 19 0 19 0 19 0 19 0 19 0 19 0 19 0 19 0 
872 20 8 20 0 20 8 20 0 20 0 20 0 20 0 20 0 20 0 20 0 20 0 
887 21 4 21 0 21 4 21 0 21 0 21 0 21 0 21 0 21 0 21 0 21 0 
902 22 0 22 0 22 0 22 0 22 0 22 0 22 0 22 0 22 0 22 0 22 0 
1373 23 8 23 0 23 0 23 0 23 0 23 0 23 0 23 0 23 8 23 0 23 0 
1403 24 6 24 0 24 0 24 0 24 0 24 0 24 0 24 0 24 6 24 0 24 0 
1418 25 8 25 0 25 0 25 0 25 0 25 0 25 0 25 0 25 8 25 0 25 0 
1463 26 3 26 0 26 0 26 0 26 0 26 0 26 0 26 0 26 3 26 0 26 0 
1478 27 45 27 0 27 0 27 0 27 0 27 0 27 0 27 0 27 45 27 0 27 0 
1493 28 8 28 0 28 0 28 0 28 0 28 0 28 0 28 0 28 8 28 0 28 0 
1523 29 6 29 0 29 0 29 0 29 0 29 0 29 0 29 0 29 6 29 0 29 0 
1538 30 8 30 0 30 0 30 0 30 0 30 0 30 0 30 0 30 8 30 0 30 0 
1553 31 2 31 0 31 0 31 0 31 0 31 0 31 0 31 0 31 2 31 0 31 0 
1568 32 0 32 0 32 0 32 0 32 0 32 0 32 0 32 0 32 0 32 0 32 0 
1789 33 4 33 0 33 0 33 0 33 4 33 0 33 0 33 0 33 0 33 0 33 0 
1804 34 8 34 0 34 0 34 0 34 8 34 0 34 0 34 0 34 0 34 0 34 0 
1819 35 6 35 0 35 0 35 0 35 6 35 0 35 0 35 0 35 0 35 0 35 0 
1834 36 8 36 0 36 0 36 0 36 8 36 0 36 0 36 0 36 0 36 0 36 0 
1879 37 7 37 0 37 0 37 0 37 7 37 0 37 0 37 0 37 0 37 0 37 0 
1894 38 6 38 0 38 0 38 0 38 6 38 0 38 0 38 0 38 0 38 0 38 0 
1909 39 8 39 0 39 0 39 0 39 8 39 0 39 0 39 0 39 0 39 0 39 0 
1939 40 6 40 0 40 0 40 0 40 6 40 0 40 0 40 0 40 0 40 0 40 0 
1954 41 2 41 0 41 0 41 0 41 2 41 0 41 0 41 0 41 0 41 0 41 0 
1969 42 0 42 0 42 0 42 0 42 0 42 0 42 0 42 0 42 0 42 0 42 0 
6226 43 4 43 4 43 0 43 0 43 0 43 0 43 0 43 0 43 0 43 0 43 0 
6241 44 6 44 6 44 0 44 0 44 0 44 0 44 0 44 0 44 0 44 0 44 0 
6247 45 4 45 6 45 0 45 0 45 0 45 0 45 0 45 4 45 0 45 0 45 0 
6262 46 6 46 6 46 0 46 0 46 0 46 0 46 0 46 6 46 0 46 0 46 0 
6271 47 0 47 0 47 0 47 0 47 0 47 0 47 0 47 6 47 0 47 0 47 0 
6277 48 7 48 0 48 0 48 0 48 0 48 0 48 0 48 7 48 0 48 0 48 0 
6292 49 0 49 0 49 0 49 0 49 0 49 0 49 0 49 0 49 0 49 0 49 0 
6412 50 9 50 0 50 0 50 0 50 0 50 0 50 0 50 9 50 0 50 0 50 0 
6413 51 2 51 0 51 0 51 0 51 0 51 0 51 0 51 9 51 2 51 0 51 0 
6427 52 6 52 0 52 0 52 0 52 0 52 0 52 0 52 6 52 2 52 0 52 0 
6428 53 7 53 0 53 0 53 0 53 0 53 0 53 0 53 6 53 7 53 0 53 0 
6442 54 9 54 0 54 0 54 0 54 0 54 0 54 0 54 9 54 7 54 0 54 0 
6443 55 6 55 0 55 0 55 0 55 0 55 0 55 0 55 9 55 6 55 0 55 0 
6457 56 8 56 0 56 0 56 0 56 0 56 0 56 0 56 8 56 6 56 0 56 0 
6458 57 2 57 0 57 0 57 0 57 0 57 0 57 0 57 8 57 2 57 0 57 0 
6473 58 1 58 0 58 0 58 0 58 0 58 0 58 0 58 2 58 0 58 0 58 0 
6487 59 0 59 0 59 0 59 0 59 0 59 0 59 0 59 0 59 0 59 0 59 0 
6500 60 6 60 0 60 0 60 0 60 0 60 6 60 0 60 0 60 0 60 0 60 0 
6515 61 2 61 0 61 0 61 0 61 0 61 2 61 0 61 0 61 0 61 0 61 0 
6530 62 7 62 0 62 0 62 0 62 0 62 7 62 0 62 0 62 0 62 0 62 0 
6545 63 1 63 0 63 0 63 0 63 0 63 1 63 0 63 0 63 0 63 0 63 0 
6560 64 0 64 0 64 0 64 0 64 0 64 0 64 0 64 0 64 0 64 0 64 0 
6591 65 1 65 0 65 0 65 0 65 0 65 0 65 1 65 0 65 0 65 0 65 0 
6606 66 3 66 0 66 0 66 0 66 0 66 0 66 3 66 0 66 0 66 0 66 0 
6621 67 5 67 0 67 0 67 0 67 0 67 0 67 5 67 0 67 0 67 0 67 0 
6636 68 1 68 0 68 0 68 0 68 0 68 0 68 1 68 0 68 0 68 0 68 0 
6651 69 0 69 0 69 0 69 0 69 0 69 0 69 0 69 0 69 0 69 0 69 0 
6728 70 8 70 0 70 0 70 0 70 0 70 0 70 0 70 0 70 8 70 0 70 0 
6743 71 6 71 0 71 0 71 0 71 0 71 0 71 0 71 0 71 6 71 0 71 0 
6758 72 8 72 0 72 0 72 0 72 0 72 0 72 0 72 0 72 8 72 0 72 0 
6803 73 6 73 0 73 0 73 0 73 0 73 0 73 0 73 0 73 6 73 0 73 0 
6814 74 2 74 0 74 0 74 0 74 2 74 0 74 0 74 0 74 6 74 0 74 0 
6829 75 4 75 0 75 0 75 0 75 6 75 0 75 0 75 0 75 2 75 0 75 0 
6833 76 0 76 0 76 0 76 0 76 6 76 0 76 0 76 0 76 0 76 0 76 0 
6844 77 7 77 0 77 0 77 0 77 7 77 0 77 0 77 0 77 0 77 0 77 0 
6859 78 1 78 0 78 0 78 0 78 1 78 0 78 0 78 0 78 0 78 0 78 0 
6874 79 0 79 0 79 0 79 0 79 0 79 0 79 0 79 0 79 0 79 0 79 0 
7051 80 4 80 4 80 0 80 0 80 0 80 0 80 0 80 0 80 0 80 0 80 0 
7066 81 26 81 26 81 0 81 0 81 0 81 0 81 0 81 0 81 0 81 0 81 0 
7081 82 7 82 7 82 0 82 0 82 0 82 0 82 0 82 0 82 0 82 0 82 0 
7096 83 10 83 10 83 0 83 0 83 0 83 0 83 0 83 0 83 0 83 0 83 0 
7111 84 6 84 6 84 0 84 0 84 0 84 0 84 0 84 0 84 0 84 0 84 0 
7126 85 9 85 9 85 0 85 0 85 0 85 0 85 0 85 0 85 0 85 0 85 0 
7141 86 27 86 27 86 0 86 0 86 0 86 0 86 0 86 0 86 0 86 0 86 0 
7156 87 9 87 9 87 0 87 0 87 0 87 0 87 0 87 0 87 0 87 0 87 0 
7171 88 7 88 7 88 0 88 0 88 0 88 0 88 0 88 0 88 0 88 0 88 0 
7186 89 8 89 8 89 0 89 0 89 0 89 0 89 0 89 0 89 0 89 0 89 0 
7216 90 6 90 6 90 0 90 0 90 0 90 0 90 0 90 0 90 0 90 0 90 0 
7231 91 0 91 0 91 0 91 0 91 0 91 0 91 0 91 0 91 0 91 0 91 0 
7566 92 5 92 0 92 0 92 0 92 0 92 0 92 5 92 0 92 0 92 0 92 0 
7581 93 8 93 0 93 0 93 0 93 0 93 0 93 8 93 0 93 0 93 0 93 0 
7596 94 9 94 0 94 0 94 0 94 0 94 0 94 9 94 0 94 0 94 0 94 0 
7611 95 5 95 0 95 0 95 0 95 0 95 0 95 5 95 0 95 0 95 0 95 0 
7626 96 8 96 0 96 0 96 0 96 0 96 0 96 8 96 0 96 0 96 0 96 0 
7671 97 6 97 0 97 0 97 0 97 0 97 0 97 6 97 0 97 0 97 0 97 0 
7686 98 5 98 0 98 0 98 0 98 0 98 0 98 5 98 0 98 0 98 0 98 0 
7701 99 0 99 0 99 0 99 0 99 0 99 0 99 0 99 0 99 0 99 0 99 0 
8088 100 7 100 0 100 0 100 7 100 0 100 0 100 0 100 0 100 0 100 0 100 0 
8103 101 5 101 0 101 0 101 5 101 0 101 0 101 0 101 0 101 0 101 0 101 0 
8118 102 4 102 0 102 0 102 4 102 0 102 0 102 0 102 0 102 0 102 0 102 0 
8133 103 0 103 0 103 0 103 0 103 0 103 0 103 0 103 0 103 0 103 0 103 0 
8214 104 4 104 0 104 0 104 0 104 0 104 0 104 0 104 0 104 0 104 4 104 0 
8229 105 8 105 0 105 0 105 0 105 0 105 0 105 0 105 0 105 0 105 8 105 0 
8259 106 6 106 0 106 0 106 0 106 0 106 0 106 0 106 0 106 0 106 6 106 0 
8274 107 8 107 0 107 0 107 0 107 0 107 0 107 0 107 0 107 0 107 8 107 0 
8319 108 6 108 0 108 0 108 0 108 0 108 0 108 0 108 0 108 0 108 6 108 0 
8334 109 8 109 0 109 0 109 0 109 0 109 0 109 0 109 0 109 0 109 8 109 0 
8349 110 9 110 0 110 0 110 0 110 0 110 0 110 0 110 0 110 0 110 9 110 0 
8359 111 1 111 0 111 0 111 0 111 1 111 0 111 0 111 0 111 0 111 9 111 0 
8364 112 7 112 0 112 0 112 0 112 1 112 0 112 0 112 0 112 0 112 7 112 0 
8374 113 0 113 0 113 0 113 0 113 0 113 0 113 0 113 0 113 0 113 7 113 0 
8379 114 6 114 0 114 0 114 0 114 0 114 0 114 0 114 0 114 0 114 6 114 0 
8394 115 8 115 0 115 0 115 0 115 0 115 0 115 0 115 0 115 0 115 8 115 0 
8424 116 9 116 0 116 0 116 0 116 0 116 0 116 0 116 0 116 0 116 9 116 0 
8439 117 41 117 0 117 0 117 0 117 0 117 0 117 0 117 0 117 0 117 41 117 0 
8454 118 8 118 0 118 0 118 0 118 0 118 0 118 0 118 0 118 0 118 8 118 0 
8469 119 7 119 0 119 0 119 0 119 0 119 0 119 0 119 0 119 0 119 7 119 0 
8484 120 8 120 0 120 0 120 0 120 0 120 0 120 0 120 0 120 0 120 8 120 0 
8499 121 6 121 0 121 0 121 0 121 0 121 0 121 0 121 0 121 0 121 6 121 0 
8514 122 8 122 0 122 0 122 0 122 0 122 0 122 0 122 0 122 0 122 8 122 0 
8544 123 9 123 0 123 0 123 0 123 0 123 0 123 0 123 0 123 0 123 9 123 0 
8559 124 0 124 0 124 0 124 0 124 0 124 0 124 0 124 0 124 0 124 0 124 0 
8574 125 4 125 0 125 0 125 0 125 0 125 0 125 0 125 0 125 0 125 4 125 0 
8584 126 1 126 0 126 0 126 0 126 1 126 0 126 0 126 0 126 0 126 4 126 0 
8589 127 5 127 0 127 0 127 0 127 1 127 0 127 0 127 0 127 0 127 5 127 0 
8599 128 0 128 0 128 0 128 0 128 0 128 0 128 0 128 0 128 0 128 5 128 0 
8689 129 2 129 0 129 0 129 0 129 4 129 0 129 0 129 0 129 0 129 0 129 0 
8704 130 8 130 0 130 0 130 0 130 8 130 0 130 0 130 0 130 0 130 0 130 0 
8719 131 7 131 0 131 0 131 0 131 7 131 0 131 0 131 0 131 0 131 0 131 0 
8734 132 8 132 0 132 0 132 0 132 8 132 0 132 0 132 0 132 0 132 0 132 0 
8769 133 4 133 0 133 0 133 0 133 8 133 0 133 0 133 0 133 0 133 4 133 0 
8779 134 6 134 0 134 0 134 0 134 6 134 0 134 0 134 0 134 0 134 4 134 0 
8784 135 43 135 0 135 0 135 0 135 6 135 0 135 0 135 0 135 0 135 43 135 0 
8794 136 8 136 0 136 0 136 0 136 8 136 0 136 0 136 0 136 0 136 43 136 0 
8799 137 1 137 0 137 0 137 0 137 8 137 0 137 0 137 0 137 0 137 1 137 0 
8809 138 0 138 0 138 0 138 0 138 0 138 0 138 0 138 0 138 0 138 1 138 0 
10085 139 3 139 0 139 0 139 0 139 0 139 6 139 0 139 0 139 0 139 0 139 0 
10100 140 8 140 0 140 0 140 0 140 0 140 8 140 0 140 0 140 0 140 0 140 0 
10115 141 33 141 0 141 0 141 0 141 0 141 33 141 0 141 0 141 0 141 0 141 0 
10130 142 7 142 0 142 0 142 0 142 0 142 7 142 0 142 0 142 0 142 0 142 0 
10145 143 8 143 0 143 0 143 0 143 0 143 8 143 0 143 0 143 0 143 0 143 0 
10160 144 9 144 0 144 0 144 0 144 0 144 9 144 0 144 0 144 0 144 0 144 0 
10175 145 6 145 0 145 0 145 0 145 0 145 6 145 0 145 0 145 0 145 0 145 0 
10190 146 9 146 0 146 0 146 0 146 0 146 9 146 0 146 0 146 0 146 0 146 0 
10220 147 8 147 0 147 0 147 0 147 0 147 8 147 0 147 0 147 0 147 0 147 0 
10235 148 6 148 0 148 0 148 0 148 0 148 6 148 0 148 0 148 0 148 0 148 0 
10250 149 8 149 0 149 0 149 0 149 0 149 8 149 0 149 0 149 0 149 0 149 0 
10295 150 6 150 0 150 0 150 0 150 0 150 6 150 0 150 0 150 0 150 0 150 0 
10310 151 5 151 0 151 0 151 0 151 0 151 5 151 0 151 0 151 0 151 0 151 0 
10325 152 29 152 0 152 0 152 0 152 0 152 29 152 0 152 0 152 0 152 0 152 0 
10340 153 4 153 0 153 0 153 0 153 0 153 4 153 0 153 0 153 0 153 0 153 0 
10355 154 0 154 0 154 0 154 0 154 0 154 0 154 0 154 0 154 0 154 0 154 0 
10563 155 4 155 0 155 0 155 4 155 0 155 0 155 0 155 0 155 0 155 0 155 0 
10578 156 8 156 0 156 0 156 8 156 0 156 0 156 0 156 0 156 0 156 0 156 0 
10593 157 9 157 0 157 0 157 9 157 0 157 0 157 0 157 0 157 0 157 0 157 0 
10608 158 50 158 0 158 0 158 50 158 0 158 0 158 0 158 0 158 0 158 0 158 0 
10623 159 6 159 0 159 0 159 6 159 0 159 0 159 0 159 0 159 0 159 0 159 0 
10638 160 8 160 0 160 0 160 8 160 0 160 0 160 0 160 0 160 0 160 0 160 0 
10653 161 9 161 0 161 0 161 9 161 0 161 0 161 0 161 0 161 0 161 0 161 0 
10668 162 8 162 0 162 0 162 8 162 0 162 0 162 0 162 0 162 0 162 0 162 0 
10683 163 6 163 0 163 0 163 6 163 0 163 0 163 0 163 0 163 0 163 0 163 0 
10698 164 9 164 0 164 0 164 9 164 0 164 0 164 0 164 0 164 0 164 0 164 0 
10713 165 7 165 0 165 0 165 7 165 0 165 0 165 0 165 0 165 0 165 0 165 0 
10728 166 8 166 0 166 0 166 8 166 0 166 0 166 0 166 0 166 0 166 0 166 0 
10743 167 6 167 0 167 0 167 6 167 0 167 0 167 0 167 0 167 0 167 0 167 0 
10758 168 9 168 0 168 0 168 9 168 0 168 0 168 0 168 0 168 0 168 0 168 0 
10773 169 1 169 0 169 0 169 1 169 0 169 0 169 0 169 0 169 0 169 0 169 0 
10788 170 0 170 0 170 0 170 0 170 0 170 0 170 0 170 0 170 0 170 0 170 0 
11693 171 6 171 0 171 0 171 0 171 0 171 0 171 0 171 0 171 6 171 0 171 0 
11708 172 5 172 0 172 0 172 0 172 0 172 0 172 0 172 0 172 5 172 0 172 0 
11738 173 1 173 0 173 0 173 0 173 0 173 0 173 0 173 0 173 1 173 0 173 0 
11753 174 0 174 0 174 0 174 0 174 0 174 0 174 0 174 0 174 0 174 0 174 0 
12091 175 4 175 4 175 0 175 0 175 0 175 0 175 0 175 0 175 0 175 0 175 0 
12106 176 6 176 6 176 0 176 0 176 0 176 0 176 0 176 0 176 0 176 0 176 0 
12136 177 0 177 0 177 0 177 0 177 0 177 0 177 0 177 0 177 0 177 0 177 0 
12452 178 2 178 0 178 2 178 0 178 0 178 0 178 0 178 0 178 0 178 0 178 0 
12467 179 5 179 0 179 5 179 0 179 0 179 0 179 0 179 0 179 0 179 0 179 0 
12482 180 7 180 0 180 7 180 0 180 0 180 0 180 0 180 0 180 0 180 0 180 0 
12497 181 2 181 0 181 2 181 0 181 0 181 0 181 0 181 0 181 0 181 0 181 0 
12512 182 0 182 0 182 0 182 0 182 0 182 0 182 0 182 0 182 0 182 0 182 0 
12561 183 4 183 0 183 0 183 0 183 0 183 0 183 4 183 0 183 0 183 0 183 0 
12591 184 6 184 0 184 0 184 0 184 0 184 0 184 6 184 0 184 0 184 0 184 0 
12606 185 2 185 0 185 0 185 0 185 0 185 0 185 2 185 0 185 0 185 0 185 0 
12621 186 0 186 0 186 0 186 0 186 0 186 0 186 0 186 0 186 0 186 0 186 0 
12706 187 4 187 4 187 0 187 0 187 0 187 0 187 0 187 0 187 0 187 0 187 0 
12721 188 8 188 8 188 0 188 0 188 0 188 0 188 0 188 0 188 0 188 0 188 0 
12736 189 9 189 9 189 0 189 0 189 0 189 0 189 0 189 0 189 0 189 0 189 0 
12751 190 6 190 6 190 0 190 0 190 0 190 0 190 0 190 0 190 0 190 0 190 0 
12766 191 8 191 8 191 0 191 0 191 0 191 0 191 0 191 0 191 0 191 0 191 0 
12811 192 6 192 6 192 0 192 0 192 0 192 0 192 0 192 0 192 0 192 0 192 0 
12826 193 8 193 8 193 0 193 0 193 0 193 0 193 0 193 0 193 0 193 0 193 0 
12841 194 51 194 51 194 0 194 0 194 0 194 0 194 0 194 0 194 0 194 0 194 0 
12856 195 7 195 7 195 0 195 0 195 0 195 0 195 0 195 0 195 0 195 0 195 0 
12871 196 0 196 0 196 0 196 0 196 0 196 0 196 0 196 0 196 0 196 0 196 0 
13517 197 4 197 0 197 4 197 0 197 0 197 0 197 0 197 0 197 0 197 0 197 0 
13532 198 8 198 0 198 8 198 0 198 0 198 0 198 0 198 0 198 0 198 0 198 0 
13547 199 6 199 0 199 6 199 0 199 0 199 0 199 0 199 0 199 0 199 0 199 0 
13566 200 1 200 0 200 6 200 0 200 0 200 0 200 1 200 0 200 0 200 0 200 0 
13577 201 8 201 0 201 8 201 0 201 0 201 0 201 1 201 0 201 0 201 0 201 0 
13581 202 0 202 0 202 8 202 0 202 0 202 0 202 0 202 0 202 0 202 0 202 0 
13607 203 6 203 0 203 6 203 0 203 0 203 0 203 0 203 0 203 0 203 0 203 0 
13622 204 8 204 0 204 8 204 0 204 0 204 0 204 0 204 0 204 0 204 0 204 0 
13667 205 6 205 0 205 6 205 0 205 0 205 0 205 0 205 0 205 0 205 0 205 0 
13682 206 8 206 0 206 8 206 0 206 0 206 0 206 0 206 0 206 0 206 0 206 0 
13697 207 6 207 0 207 6 207 0 207 0 207 0 207 0 207 0 207 0 207 0 207 0 
13712 208 0 208 0 208 0 208 0 208 0 208 0 208 0 208 0 208 0 208 0 208 0 
14946 209 4 209 0 209 0 209 0 209 0 209 0 209 4 209 0 209 0 209 0 209 0 
14961 210 8 210 0 210 0 210 0 210 0 210 0 210 8 210 0 210 0 210 0 210 0 
14991 211 6 211 0 211 0 211 0 211 0 211 0 211 6 211 0 211 0 211 0 211 0 
15006 212 8 212 0 212 0 212 0 212 0 212 0 212 8 212 0 212 0 212 0 212 0 
15051 213 6 213 0 213 0 213 0 213 0 213 0 213 6 213 0 213 0 213 0 213 0 
15066 214 9 214 0 214 0 214 0 214 0 214 0 214 9 214 0 214 0 214 0 214 0 
15081 215 8 215 0 215 0 215 0 215 0 215 0 215 8 215 0 215 0 215 0 215 0 
15107 216 1 216 0 216 1 216 0 216 0 216 0 216 8 216 0 216 0 216 0 216 0 
15111 217 4 217 0 217 1 217 0 217 0 217 0 217 4 217 0 217 0 217 0 217 0 
15126 218 8 218 0 218 1 218 0 218 0 218 0 218 8 218 0 218 0 218 0 218 0 
15137 219 0 219 0 219 0 219 0 219 0 219 0 219 8 219 0 219 0 219 0 219 0 
15141 220 51 220 0 220 0 220 0 220 0 220 0 220 51 220 0 220 0 220 0 220 0 
15156 221 7 221 0 221 0 221 0 221 0 221 0 221 7 221 0 221 0 221 0 221 0 
15171 222 6 222 0 222 0 222 0 222 0 222 0 222 6 222 0 222 0 222 0 222 0 
15186 223 8 223 0 223 0 223 0 223 0 223 0 223 8 223 0 223 0 223 0 223 0 
15216 224 4 224 0 224 0 224 0 224 0 224 0 224 4 224 0 224 0 224 0 224 0 
15231 225 0 225 0 225 0 225 0 225 0 225 0 225 0 225 0 225 0 225 0 225 0 
16088 226 8 226 0 226 0 226 0 226 0 226 0 226 0 226 0 226 8 226 0 226 0 
16103 227 6 227 0 227 0 227 0 227 0 227 0 227 0 227 0 227 6 227 0 227 0 
16118 228 9 228 0 228 0 228 0 228 0 228 0 228 0 228 0 228 9 228 0 228 0 
16133 229 8 229 0 229 0 229 0 229 0 229 0 229 0 229 0 229 8 229 0 229 0 
16163 230 6 230 0 230 0 230 0 230 0 230 0 230 0 230 0 230 6 230 0 230 0 
16178 231 9 231 0 231 0 231 0 231 0 231 0 231 0 231 0 231 9 231 0 231 0 
16193 232 8 232 0 232 0 232 0 232 0 232 0 232 0 232 0 232 8 232 0 232 0 
16208 233 90 233 0 233 0 233 0 233 0 233 0 233 0 233 0 233 90 233 0 233 0 
16223 234 6 234 0 234 0 234 0 234 0 234 0 234 0 234 0 234 6 234 0 234 0 
16238 235 8 235 0 235 0 235 0 235 0 235 0 235 0 235 0 235 8 235 0 235 0 
16283 236 6 236 0 236 0 236 0 236 0 236 0 236 0 236 0 236 6 236 0 236 0 
16298 237 8 237 0 237 0 237 0 237 0 237 0 237 0 237 0 237 8 237 0 237 0 
16328 238 9 238 0 238 0 238 0 238 0 238 0 238 0 238 0 238 9 238 0 238 0 
16343 239 24 239 0 239 0 239 0 239 0 239 0 239 0 239 0 239 24 239 0 239 0 
16358 240 8 240 0 240 0 240 0 240 0 240 0 240 0 240 0 240 8 240 0 240 0 
16388 241 6 241 0 241 0 241 0 241 0 241 0 241 0 241 0 241 6 241 0 241 0 
16389 242 2 242 0 242 0 242 0 242 0 242 0 242 0 242 0 242 6 242 2 242 0 
16404 243 0 243 0 243 0 243 0 243 0 243 0 243 0 243 0 243 6 243 0 243 0 
16418 244 2 244 0 244 0 244 0 244 0 244 0 244 0 244 0 244 2 244 0 244 0 
16433 245 0 245 0 245 0 245 0 245 0 245 0 245 0 245 0 245 0 245 0 245 0 
17731 246 2 246 2 246 0 246 0 246 0 246 0 246 0 246 0 246 0 246 0 246 0 
17746 247 7 247 7 247 0 247 0 247 0 247 0 247 0 247 0 247 0 247 0 247 0 
17761 248 4 248 4 248 0 248 0 248 0 248 0 248 0 248 0 248 0 248 0 248 0 
17776 249 2 249 2 249 0 249 0 249 0 249 0 249 0 249 0 249 0 249 0 249 0 
17791 250 0 250 0 250 0 250 0 250 0 250 0 250 0 250 0 250 0 250 0 250 0 
18587 251 4 251 0 251 4 251 0 251 0 251 0 251 0 251 0 251 0 251 0 251 0 
18617 252 7 252 0 252 7 252 0 252 0 252 0 252 0 252 0 252 0 252 0 252 0 
18632 253 1 253 0 253 1 253 0 253 0 253 0 253 0 253 0 253 0 253 0 253 0 
18647 254 0 254 0 254 0 254 0 254 0 254 0 254 0 254 0 254 0 254 0 254 0 
19299 255 6 255 0 255 0 255 0 255 0 255 0 255 0 255 0 255 0 255 6 255 0 
19314 256 4 256 0 256 0 256 0 256 0 256 0 256 0 256 0 256 0 256 4 256 0 
19329 257 6 257 0 257 0 257 0 257 0 257 0 257 0 257 0 257 0 257 6 257 0 
19344 258 0 258 0 258 0 258 0 258 0 258 0 258 0 258 0 258 0 258 0 258 0 
22352 259 6 259 0 259 6 259 0 259 0 259 0 259 0 259 0 259 0 259 0 259 0 
22382 260 8 260 0 260 8 260 0 260 0 260 0 260 0 260 0 260 0 260 0 260 0 
22397 261 9 261 0 261 9 261 0 261 0 261 0 261 0 261 0 261 0 261 0 261 0 
22427 262 1 262 0 262 1 262 0 262 0 262 0 262 0 262 0 262 0 262 0 262 0 
22442 263 0.5 263 0 263 0 263 0 263 0 263 1 263 0 263 0 263 0 263 0 263 0 
22445 264 0 264 0 264 0 264 0 264 0 264 0 264 0 264 0 264 0 264 0 264 0 
22546 265 8 265 8 265 0 265 0 265 0 265 0 265 0 265 0 265 0 265 0 265 0 
22561 266 9 266 9 266 0 266 0 266 0 266 0 266 0 266 0 266 0 266 0 266 0 
22576 267 8 267 8 267 0 267 0 267 0 267 0 267 0 267 0 267 0 267 0 267 0 
22591 268 5 268 5 268 0 268 0 268 0 268 0 268 0 268 0 268 0 268 0 268 0 
22606 269 8 269 8 269 0 269 0 269 0 269 0 269 0 269 0 269 0 269 0 269 0 
22621 270 6 270 6 270 0 270 0 270 0 270 0 270 0 270 0 270 0 270 0 270 0 
22626 271 2 271 6 271 0 271 0 271 0 271 0 271 2 271 0 271 0 271 0 271 0 
22636 272 8 272 8 272 0 272 0 272 0 272 0 272 2 272 0 272 0 272 0 272 0 
22641 273 0 273 8 273 0 273 0 273 0 273 0 273 0 273 0 273 0 273 0 273 0 
22651 274 6 274 6 274 0 274 0 274 0 274 0 274 0 274 0 274 0 274 0 274 0 
22666 275 8 275 8 275 0 275 0 275 0 275 0 275 0 275 0 275 0 275 0 275 0 
22696 276 6 276 6 276 0 276 0 276 0 276 0 276 0 276 0 276 0 276 0 276 0 
22711 277 5 277 5 277 0 277 0 277 0 277 0 277 0 277 0 277 0 277 0 277 0 
22726 278 0 278 0 278 0 278 0 278 0 278 0 278 0 278 0 278 0 278 0 278 0 
22727 279 3 279 0 279 3 279 0 279 0 279 0 279 0 279 0 279 0 279 0 279 0 
22730 280 1 280 0 280 3 280 0 280 0 280 1 280 0 280 0 280 0 280 0 280 0 
22742 281 0 281 0 281 0 281 0 281 0 281 1 281 0 281 0 281 0 281 0 281 0 
23239 282 3 282 0 282 0 282 0 282 6 282 0 282 0 282 0 282 0 282 0 282 0 
23269 283 4 283 0 283 0 283 0 283 4 283 0 283 0 283 0 283 0 283 0 283 0 
23284 284 0 284 0 284 0 284 0 284 0 284 0 284 0 284 0 284 0 284 0 284 0 
