# deltaRoads deltaRailways
10 0 0 0 0 0 0 0 0 0 0 0 0 0 0 0 0 0 0 0 0 0 0 
122 0 8 0 0 0 8 0 0 0 0 0 0 0 0 0 0 0 0 0 0 0 0 
123 0 7 0 0 0 8 0 7 0 0 0 0 0 0 0 0 0 0 0 0 0 0 
124 7 0 0 0 0 8 0 7 7 0 0 0 0 0 0 0 0 0 0 0 0 0 
125 0 8 0 0 0 8 0 7 7 0 0 8 0 0 0 0 0 0 0 0 0 0 
126 7 0 0 0 0 8 0 7 7 0 0 8 7 0 0 0 0 0 0 0 0 0 
128 8 0 0 0 0 8 0 7 7 0 0 8 7 0 0 0 8 0 0 0 0 0 
129 0 8 0 0 0 8 0 7 7 0 0 8 7 0 0 0 8 0 0 8 0 0 
130 6 0 0 0 0 8 0 7 7 0 0 8 7 0 0 0 8 0 0 8 6 0 
136 0 6 0 6 0 8 0 7 7 0 0 8 7 0 0 0 8 0 0 8 6 0 
138 0 10 0 6 0 8 0 10 7 0 0 8 7 0 0 0 8 0 0 8 6 0 
139 5 0 0 6 0 8 0 10 5 0 0 8 7 0 0 0 8 0 0 8 6 0 
142 7 0 0 6 0 8 0 10 5 0 0 8 7 0 7 0 8 0 0 8 6 0 
143 5 0 0 6 0 8 0 10 5 0 0 8 7 0 7 0 5 0 0 8 6 0 
151 0 3 0 3 0 8 0 10 5 0 0 8 7 0 7 0 5 0 0 8 6 0 
152 0 12 0 3 0 12 0 10 5 0 0 8 7 0 7 0 5 0 0 8 6 0 
154 4 0 0 3 0 12 0 10 4 0 0 8 7 0 7 0 5 0 0 8 6 0 
155 0 11 0 3 0 12 0 10 4 0 0 11 7 0 7 0 5 0 0 8 6 0 
156 4 0 0 3 0 12 0 10 4 0 0 11 4 0 7 0 5 0 0 8 6 0 
157 5 0 0 3 0 12 0 10 4 0 0 11 4 0 5 0 5 0 0 8 6 0 
158 4 0 0 3 0 12 0 10 4 0 0 11 4 0 5 0 4 0 0 8 6 0 
159 0 11 0 3 0 12 0 10 4 0 0 11 4 0 5 0 4 0 0 11 6 0 
160 4 0 0 3 0 12 0 10 4 0 0 11 4 0 5 0 4 0 0 11 4 0 
166 0 12 0 12 0 12 0 10 4 0 0 11 4 0 5 0 4 0 0 11 4 0 
167 0 6 0 12 0 6 0 10 4 0 0 11 4 0 5 0 4 0 0 11 4 0 
168 0 1 0 12 0 6 0 1 4 0 0 11 4 0 5 0 4 0 0 11 4 0 
169 0 0 0 12 0 6 0 1 0 0 0 11 4 0 5 0 4 0 0 11 4 0 
170 0 7 0 12 0 6 0 1 0 0 0 7 4 0 5 0 4 0 0 11 4 0 
171 0 0 0 12 0 6 0 1 0 0 0 7 0 0 5 0 4 0 0 11 4 0 
172 4 0 0 12 0 6 0 1 0 0 0 7 0 0 4 0 4 0 0 11 4 0 
173 0 0 0 12 0 6 0 1 0 0 0 7 0 0 4 0 0 0 0 11 4 0 
174 0 7 0 12 0 6 0 1 0 0 0 7 0 0 4 0 0 0 0 7 4 0 
175 0 0 0 12 0 6 0 1 0 0 0 7 0 0 4 0 0 0 0 7 0 0 
181 0 7 0 7 0 6 0 1 0 0 0 7 0 0 4 0 0 0 0 7 0 0 
182 0 4 0 7 0 4 0 1 0 0 0 7 0 0 4 0 0 0 0 7 0 0 
183 0 0 0 7 0 4 0 0 0 0 0 7 0 0 4 0 0 0 0 7 0 0 
185 0 4 0 7 0 4 0 0 0 0 0 4 0 0 4 0 0 0 0 7 0 0 
187 0 0 0 7 0 4 0 0 0 0 0 4 0 0 0 0 0 0 0 7 0 0 
189 0 4 0 7 0 4 0 0 0 0 0 4 0 0 0 0 0 0 0 4 0 0 
196 0 0 0 0 0 4 0 0 0 0 0 4 0 0 0 0 0 0 0 4 0 0 
197 0 16 0 0 0 16 0 0 0 0 0 4 0 0 0 0 0 0 0 4 0 0 
211 0 13 0 7 0 16 0 0 0 0 0 16 0 0 0 0 0 0 0 16 0 0 
212 0 2 0 7 0 2 0 0 0 0 0 16 0 0 0 0 0 0 0 16 0 0 
226 0 3.33333 0 6 0 2 0 0 0 0 0 2 0 0 0 0 0 0 0 2 0 0 
227 0 3 0 6 0 3 0 0 0 0 0 2 0 0 0 0 0 0 0 2 0 0 
241 0 6.66667 0 14 0 3 0 0 0 0 0 3 0 0 0 0 0 0 0 3 0 0 
242 0 4 0 14 0 4 0 0 0 0 0 3 0 0 0 0 0 0 0 3 0 0 
256 0 3.33333 0 2 0 4 0 0 0 0 0 4 0 0 0 0 0 0 0 4 0 0 
257 0 6 0 2 0 6 0 0 0 0 0 4 0 0 0 0 0 0 0 4 0 0 
271 0 5 0 3 0 6 0 0 0 0 0 6 0 0 0 0 0 0 0 6 0 0 
272 0 4 0 3 0 4 0 0 0 0 0 6 0 0 0 0 0 0 0 6 0 0 
275 0 3 0 3 0 4 0 0 0 0 0 3 0 0 0 0 0 0 0 6 0 0 
286 0 3.5 0 4 0 4 0 0 0 0 0 3 0 0 0 0 0 0 0 3 0 0 
287 0 3 0 4 0 3 0 0 0 0 0 3 0 0 0 0 0 0 0 3 0 0 
290 0 4 0 4 0 3 0 0 0 0 0 4 0 0 0 0 0 0 0 3 0 0 
301 0 5 0 6 0 3 0 0 0 0 0 4 0 0 0 0 0 0 0 4 0 0 
302 0 2 0 6 0 2 0 0 0 0 0 4 0 0 0 0 0 0 0 4 0 0 
317 0 2.66667 0 6 0 4 0 0 0 0 0 2 0 0 0 0 0 0 0 2 0 0 
320 0 4 0 6 0 4 0 0 0 0 0 4 0 0 0 0 0 0 0 2 0 0 
331 0 2 0 0 0 4 0 0 0 0 0 4 0 0 0 0 0 0 0 4 0 0 
332 0 6 0 0 0 6 0 0 0 0 0 4 0 0 0 0 0 0 0 4 0 0 
339 0 3 0 0 0 6 0 0 0 0 0 4 0 0 0 0 0 0 0 3 0 0 
350 0 4.66667 0 3 0 3 0 0 0 0 0 8 0 0 0 0 0 0 0 3 0 0 
354 0 6 0 3 0 3 0 0 0 0 0 8 0 0 0 0 0 0 0 6 0 0 
361 0 4 0 4 0 3 0 0 0 0 0 8 0 0 0 0 0 0 0 6 0 0 
362 0 5 0 4 0 5 0 0 0 0 0 8 0 0 0 0 0 0 0 6 0 0 
376 0 5.33333 0 6 0 5 0 0 0 0 0 5 0 0 0 0 0 0 0 5 0 0 
377 0 0 0 6 0 0 0 0 0 0 0 5 0 0 0 0 0 0 0 5 0 0 
391 0 1 0 3 0 0 0 0 0 0 0 0 0 0 0 0 0 0 0 0 0 0 
406 0 4 0 4 0 0 0 0 0 0 0 0 0 0 0 0 0 0 0 0 0 0 
421 0 0 0 0 0 0 0 0 0 0 0 0 0 0 0 0 0 0 0 0 0 0 
425 0 2 0 0 0 0 0 0 0 0 0 2 0 0 0 0 0 0 0 0 0 0 
440 0 4 0 0 0 0 0 0 0 0 0 4 0 0 0 0 0 0 0 0 0 0 
451 0 1 0 1 0 0 0 0 0 0 0 4 0 0 0 0 0 0 0 0 0 0 
455 0 3 0 1 0 0 0 0 0 0 0 3 0 0 0 0 0 0 0 0 0 0 
466 0 4 0 4 0 0 0 0 0 0 0 3 0 0 0 0 0 0 0 0 0 0 
470 0 2 0 4 0 0 0 0 0 0 0 2 0 0 0 0 0 0 0 0 0 0 
485 0 0 0 4 0 0 0 0 0 0 0 0 0 0 0 0 0 0 0 0 0 0 
556 0 2 0 2 0 0 0 0 0 0 0 0 0 0 0 0 0 0 0 0 0 0 
557 0 4 0 2 0 4 0 0 0 0 0 0 0 0 0 0 0 0 0 0 0 0 
571 0 0 0 0 0 4 0 0 0 0 0 0 0 0 0 0 0 0 0 0 0 0 
587 0 3 0 0 0 3 0 0 0 0 0 0 0 0 0 0 0 0 0 0 0 0 
602 0 4 0 0 0 4 0 0 0 0 0 0 0 0 0 0 0 0 0 0 0 0 
632 0 1 0 0 0 1 0 0 0 0 0 0 0 0 0 0 0 0 0 0 0 0 
662 0 4 0 0 0 4 0 0 0 0 0 0 0 0 0 0 0 0 0 0 0 0 
699 0 3 0 0 0 4 0 0 0 0 0 0 0 0 0 0 0 0 0 3 0 0 
714 0 3.5 0 0 0 3 0 0 0 0 0 0 0 0 0 0 0 0 0 4 0 0 
737 0 0 0 0 0 0 0 0 0 0 0 0 0 0 0 0 0 0 0 4 0 0 
744 0 3 0 0 0 0 0 0 0 0 0 0 0 0 0 0 0 0 0 3 0 0 
759 0 0 0 0 0 0 0 0 0 0 0 0 0 0 0 0 0 0 0 0 0 0 
804 0 1 0 0 0 0 0 0 0 0 0 0 0 0 0 0 0 0 0 1 0 0 
819 0 3 0 0 0 0 0 0 0 0 0 0 0 0 0 0 0 0 0 3 0 0 
834 0 4 0 0 0 0 0 0 0 0 0 0 0 0 0 0 0 0 0 4 0 0 
864 0 5 0 0 0 0 0 0 0 0 0 0 0 0 0 0 0 0 0 5 0 0 
879 0 0 0 0 0 0 0 0 0 0 0 0 0 0 0 0 0 0 0 0 0 0 
903 0 2 0 0 0 0 0 2 0 0 0 0 0 0 0 0 0 0 0 0 0 0 
905 0 4 0 0 0 0 0 2 0 0 0 4 0 0 0 0 0 0 0 0 0 0 
920 0 11.5 0 0 0 0 0 4 0 0 0 19 0 0 0 0 0 0 0 0 0 0 
935 0 3 0 0 0 0 0 4 0 0 0 3 0 0 0 0 0 0 0 0 0 0 
948 0 5 0 0 0 0 0 5 0 0 0 3 0 0 0 0 0 0 0 0 0 0 
963 0 3 0 0 0 0 0 3 0 0 0 3 0 0 0 0 0 0 0 0 0 0 
965 0 1 0 0 0 0 0 3 0 0 0 1 0 0 0 0 0 0 0 0 0 0 
978 0 4 0 0 0 0 0 4 0 0 0 1 0 0 0 0 0 0 0 0 0 0 
995 0 3 0 0 0 0 0 4 0 0 0 3 0 0 0 0 0 0 0 0 0 0 
1010 0 4 0 0 0 0 0 4 0 0 0 4 0 0 0 0 0 0 0 0 0 0 
1023 0 3 0 0 0 0 0 3 0 0 0 4 0 0 0 0 0 0 0 0 0 0 
1038 0 3.5 0 0 0 0 0 4 0 0 0 3 0 0 0 0 0 0 0 0 0 0 
1040 0 0 0 0 0 0 0 4 0 0 0 0 0 0 0 0 0 0 0 0 0 0 
1068 0 2 0 0 0 0 0 2 0 0 0 0 0 0 0 0 0 0 0 0 0 0 
1083 0 0 0 0 0 0 0 0 0 0 0 0 0 0 0 0 0 0 0 0 0 0 
1157 0 4 0 0 0 4 0 0 0 0 0 0 0 0 0 0 0 0 0 0 0 0 
1187 0 3 0 0 0 3 0 0 0 0 0 0 0 0 0 0 0 0 0 0 0 0 
1202 0 4 0 0 0 4 0 0 0 0 0 0 0 0 0 0 0 0 0 0 0 0 
1217 0 3 0 0 0 3 0 0 0 0 0 0 0 0 0 0 0 0 0 0 0 0 
1232 0 0 0 0 0 0 0 0 0 0 0 0 0 0 0 0 0 0 0 0 0 0 
1389 0 4 0 0 0 0 0 0 0 0 0 0 0 0 0 0 0 0 0 4 0 0 
1404 0 15 0 0 0 0 0 0 0 0 0 0 0 0 0 0 0 0 0 15 0 0 
1419 0 3 0 0 0 0 0 0 0 0 0 0 0 0 0 0 0 0 0 3 0 0 
1434 0 1 0 0 0 0 0 0 0 0 0 0 0 0 0 0 0 0 0 1 0 0 
1449 0 0 0 0 0 0 0 0 0 0 0 0 0 0 0 0 0 0 0 0 0 0 
1591 0 1 0 1 0 0 0 0 0 0 0 0 0 0 0 0 0 0 0 0 0 0 
1606 0 4 0 4 0 0 0 0 0 0 0 0 0 0 0 0 0 0 0 0 0 0 
1651 0 3 0 3 0 0 0 0 0 0 0 0 0 0 0 0 0 0 0 0 0 0 
1666 0 4 0 4 0 0 0 0 0 0 0 0 0 0 0 0 0 0 0 0 0 0 
1696 0 5 0 5 0 0 0 0 0 0 0 0 0 0 0 0 0 0 0 0 0 0 
1711 0 3 0 3 0 0 0 0 0 0 0 0 0 0 0 0 0 0 0 0 0 0 
1726 0 0 0 0 0 0 0 0 0 0 0 0 0 0 0 0 0 0 0 0 0 0 
1957 6 0 0 0 0 0 0 0 0 0 0 0 0 0 6 0 0 0 0 0 0 0 
1972 8 0 0 0 0 0 0 0 0 0 0 0 0 0 8 0 0 0 0 0 0 0 
1987 6 0 0 0 0 0 0 0 0 0 0 0 0 0 6 0 0 0 0 0 0 0 
2002 8 0 0 0 0 0 0 0 0 0 0 0 0 0 8 0 0 0 0 0 0 0 
2047 6 0 0 0 0 0 0 0 0 0 0 0 0 0 6 0 0 0 0 0 0 0 
2062 8 0 0 0 0 0 0 0 0 0 0 0 0 0 8 0 0 0 0 0 0 0 
2077 7 0 0 0 0 0 0 0 0 0 0 0 0 0 7 0 0 0 0 0 0 0 
2107 5 0 0 0 0 0 0 0 0 0 0 0 0 0 5 0 0 0 0 0 0 0 
2122 162 0 0 0 0 0 0 0 0 0 0 0 0 0 162 0 0 0 0 0 0 0 
2137 7 0 0 0 0 0 0 0 0 0 0 0 0 0 7 0 0 0 0 0 0 0 
2152 2 0 0 0 0 0 0 0 0 0 0 0 0 0 2 0 0 0 0 0 0 0 
2167 0 0 0 0 0 0 0 0 0 0 0 0 0 0 0 0 0 0 0 0 0 0 
2506 0 3 0 3 0 0 0 0 0 0 0 0 0 0 0 0 0 0 0 0 0 0 
2521 0 4 0 4 0 0 0 0 0 0 0 0 0 0 0 0 0 0 0 0 0 0 
2551 0 3 0 3 0 0 0 0 0 0 0 0 0 0 0 0 0 0 0 0 0 0 
2566 0 4 0 4 0 0 0 0 0 0 0 0 0 0 0 0 0 0 0 0 0 0 
2611 0 3 0 3 0 0 0 0 0 0 0 0 0 0 0 0 0 0 0 0 0 0 
2626 0 2 0 2 0 0 0 0 0 0 0 0 0 0 0 0 0 0 0 0 0 0 
2641 0 0 0 0 0 0 0 0 0 0 0 0 0 0 0 0 0 0 0 0 0 0 
3670 8 0 0 0 0 0 0 0 0 0 0 0 0 0 0 0 0 0 0 0 8 0 
3700 9 0 0 0 0 0 0 0 0 0 0 0 0 0 0 0 0 0 0 0 9 0 
3715 7 0 0 0 0 0 0 0 0 0 0 0 0 0 0 0 0 0 0 0 7 0 
3730 8 0 0 0 0 0 0 0 0 0 0 0 0 0 0 0 0 0 0 0 8 0 
3760 27 0 0 0 0 0 0 0 0 0 0 0 0 0 0 0 0 0 0 0 27 0 
3771 2 0 0 0 0 0 0 0 0 0 0 0 2 0 0 0 0 0 0 0 27 0 
3775 5 0 0 0 0 0 0 0 0 0 0 0 2 0 0 0 0 0 0 0 5 0 
3786 8 0 0 0 0 0 0 0 0 0 0 0 8 0 0 0 0 0 0 0 5 0 
3831 7 0 0 0 0 0 0 0 0 0 0 0 6 0 0 0 0 0 0 0 8 0 
3835 6 0 0 0 0 0 0 0 0 0 0 0 6 0 0 0 0 0 0 0 6 0 
3846 9 0 0 0 0 0 0 0 0 0 0 0 9 0 0 0 0 0 0 0 6 0 
3850 7 0 0 0 0 0 0 0 0 0 0 0 9 0 0 0 0 0 0 0 7 0 
3861 26 0 0 0 0 0 0 0 0 0 0 0 26 0 0 0 0 0 0 0 7 0 
3865 9 0 0 0 0 0 0 0 0 0 0 0 26 0 0 0 0 0 0 0 9 0 
3876 8 0 0 0 0 0 0 0 0 0 0 0 8 0 0 0 0 0 0 0 9 0 
3880 7 0 0 0 0 0 0 0 0 0 0 0 8 0 0 0 0 0 0 0 7 0 
3891 6 0 0 0 0 0 0 0 0 0 0 0 6 0 0 0 0 0 0 0 7 0 
3906 8 0 0 0 0 0 0 0 0 0 0 0 8 0 0 0 0 0 0 0 7 0 
3951 7 0 0 0 0 0 0 0 0 0 0 0 6 0 0 0 0 0 0 0 8 0 
3952 1 0 0 0 0 0 0 0 0 0 0 0 6 0 1 0 0 0 0 0 8 0 
3955 5 0 0 0 0 0 0 0 0 0 0 0 6 0 1 0 0 0 0 0 5 0 
3966 8 0 0 0 0 0 0 0 0 0 0 0 8 0 1 0 0 0 0 0 5 0 
3967 0 0 0 0 0 0 0 0 0 0 0 0 8 0 0 0 0 0 0 0 5 0 
3970 8 0 0 0 0 0 0 0 0 0 0 0 8 0 0 0 0 0 0 0 8 0 
3985 0 0 0 0 0 0 0 0 0 0 0 0 8 0 0 0 0 0 0 0 0 0 
4011 7 0 0 0 0 0 0 0 0 0 0 0 7 0 0 0 0 0 0 0 0 0 
4026 9 0 0 0 0 0 0 0 0 0 0 0 9 0 0 0 0 0 0 0 0 0 
4041 7 0 0 0 0 0 0 0 0 0 0 0 7 0 0 0 0 0 0 0 0 0 
4056 0 0 0 0 0 0 0 0 0 0 0 0 0 0 0 0 0 0 0 0 0 0 
4086 2 0 0 0 0 0 0 0 0 0 0 0 2 0 0 0 0 0 0 0 0 0 
4101 5 0 0 0 0 0 0 0 0 0 0 0 5 0 0 0 0 0 0 0 0 0 
4116 35 0 0 0 0 0 0 0 0 0 0 0 35 0 0 0 0 0 0 0 0 0 
4131 0 0 0 0 0 0 0 0 0 0 0 0 0 0 0 0 0 0 0 0 0 0 
4165 6 0 0 0 0 0 0 0 0 0 0 0 0 0 0 0 0 0 0 0 6 0 
4180 26 0 0 0 0 0 0 0 0 0 0 0 0 0 0 0 0 0 0 0 26 0 
4195 5 0 0 0 0 0 0 0 0 0 0 0 0 0 0 0 0 0 0 0 5 0 
4210 3 0 0 0 0 0 0 0 0 0 0 0 0 0 0 0 0 0 0 0 3 0 
4225 0 0 0 0 0 0 0 0 0 0 0 0 0 0 0 0 0 0 0 0 0 0 
4507 1 0 0 0 0 0 0 0 0 0 0 0 0 0 1 0 0 0 0 0 0 0 
4522 0.5 0 0 0 0 0 0 0 0 0 0 0 0 0 0 0 0 0 0 0 1 0 
4525 0 0 0 0 0 0 0 0 0 0 0 0 0 0 0 0 0 0 0 0 0 0 
4973 8 0 0 0 0 0 0 0 0 0 0 0 0 0 0 0 8 0 0 0 0 0 
5003 6 0 0 0 0 0 0 0 0 0 0 0 0 0 0 0 6 0 0 0 0 0 
5018 9 0 0 0 0 0 0 0 0 0 0 0 0 0 0 0 9 0 0 0 0 0 
5033 8 0 0 0 0 0 0 0 0 0 0 0 0 0 0 0 8 0 0 0 0 0 
5063 6 0 0 0 0 0 0 0 0 0 0 0 0 0 0 0 6 0 0 0 0 0 
5078 8 0 0 0 0 0 0 0 0 0 0 0 0 0 0 0 8 0 0 0 0 0 
5093 9 0 0 0 0 0 0 0 0 0 0 0 0 0 0 0 9 0 0 0 0 0 
5108 8 0 0 0 0 0 0 0 0 0 0 0 0 0 0 0 8 0 0 0 0 0 
5123 6 0 0 0 0 0 0 0 0 0 0 0 0 0 0 0 6 0 0 0 0 0 
5138 8 0 0 0 0 0 0 0 0 0 0 0 0 0 0 0 8 0 0 0 0 0 
5183 6 0 0 0 0 0 0 0 0 0 0 0 0 0 0 0 6 0 0 0 0 0 
5198 9 0 0 0 0 0 0 0 0 0 0 0 0 0 0 0 9 0 0 0 0 0 
5213 8 0 0 0 0 0 0 0 0 0 0 0 0 0 0 0 8 0 0 0 0 0 
5228 4 0 0 0 0 0 0 0 0 0 0 0 0 0 0 0 4 0 0 0 0 0 
5243 0 0 0 0 0 0 0 0 0 0 0 0 0 0 0 0 0 0 0 0 0 0 
5915 6 0 0 0 0 0 0 0 0 0 6 0 0 0 0 0 0 0 0 0 0 0 
5928 0 6 0 0 0 0 0 6 0 0 6 0 0 0 0 0 0 0 0 0 0 0 
5930 4 0 0 0 0 0 0 6 0 0 4 0 0 0 0 0 0 0 0 0 0 0 
5943 0 3 0 0 0 0 0 3 0 0 4 0 0 0 0 0 0 0 0 0 0 0 
5945 6 0 0 0 0 0 0 3 0 0 6 0 0 0 0 0 0 0 0 0 0 0 
5958 0 12 0 0 0 0 0 12 0 0 6 0 0 0 0 0 0 0 0 0 0 0 
5960 0 0 0 0 0 0 0 12 0 0 0 0 0 0 0 0 0 0 0 0 0 0 
5973 0 7 0 0 0 0 0 7 0 0 0 0 0 0 0 0 0 0 0 0 0 0 
5988 0 8 0 0 0 0 0 8 0 0 0 0 0 0 0 0 0 0 0 0 0 0 
6003 0 5 0 0 0 0 0 5 0 0 0 0 0 0 0 0 0 0 0 0 0 0 
6018 0 14 0 0 0 0 0 14 0 0 0 0 0 0 0 0 0 0 0 0 0 0 
6033 0 2 0 0 0 0 0 2 0 0 0 0 0 0 0 0 0 0 0 0 0 0 
6048 0 4 0 0 0 0 0 4 0 0 0 0 0 0 0 0 0 0 0 0 0 0 
6063 0 3 0 0 0 0 0 3 0 0 0 0 0 0 0 0 0 0 0 0 0 0 
6078 0 6 0 0 0 0 0 6 0 0 0 0 0 0 0 0 0 0 0 0 0 0 
6092 4 0 0 0 4 0 0 6 0 0 0 0 0 0 0 0 0 0 0 0 0 0 
6108 0 0 0 0 4 0 0 0 0 0 0 0 0 0 0 0 0 0 0 0 0 0 
6122 7 0 0 0 7 0 0 0 0 0 0 0 0 0 0 0 0 0 0 0 0 0 
6123 0 3 0 0 7 0 0 3 0 0 0 0 0 0 0 0 0 0 0 0 0 0 
6137 1 0 0 0 1 0 0 3 0 0 0 0 0 0 0 0 0 0 0 0 0 0 
6138 0 4 0 0 1 0 0 4 0 0 0 0 0 0 0 0 0 0 0 0 0 0 
6152 0 0 0 0 0 0 0 4 0 0 0 0 0 0 0 0 0 0 0 0 0 0 
6153 0 6 0 0 0 0 0 6 0 0 0 0 0 0 0 0 0 0 0 0 0 0 
6168 0 4 0 0 0 0 0 4 0 0 0 0 0 0 0 0 0 0 0 0 0 0 
6183 0 3 0 0 0 0 0 3 0 0 0 0 0 0 0 0 0 0 0 0 0 0 
6198 0 0 0 0 0 0 0 0 0 0 0 0 0 0 0 0 0 0 0 0 0 0 
6288 0 2 0 0 0 0 0 2 0 0 0 0 0 0 0 0 0 0 0 0 0 0 
6303 0 2.5 0 0 0 0 0 3 0 0 0 0 0 0 0 0 0 0 0 2 0 0 
6309 0 10 0 0 0 0 0 3 0 0 0 0 0 0 0 0 0 0 0 10 0 0 
6318 0 4 0 0 0 0 0 4 0 0 0 0 0 0 0 0 0 0 0 10 0 0 
6324 0 7 0 0 0 0 0 4 0 0 0 0 0 0 0 0 0 0 0 7 0 0 
6354 0 0 0 0 0 0 0 4 0 0 0 0 0 0 0 0 0 0 0 0 0 0 
6363 0 3 0 0 0 0 0 3 0 0 0 0 0 0 0 0 0 0 0 0 0 0 
6378 0 4 0 0 0 0 0 4 0 0 0 0 0 0 0 0 0 0 0 0 0 0 
6393 0 3 0 0 0 0 0 3 0 0 0 0 0 0 0 0 0 0 0 0 0 0 
6408 0 0 0 0 0 0 0 0 0 0 0 0 0 0 0 0 0 0 0 0 0 0 
6409 4 0 0 0 0 0 0 0 4 0 0 0 0 0 0 0 0 0 0 0 0 0 
6424 8 0 0 0 0 0 0 0 8 0 0 0 0 0 0 0 0 0 0 0 0 0 
6439 6 0 0 0 0 0 0 0 6 0 0 0 0 0 0 0 0 0 0 0 0 0 
6454 9 0 0 0 0 0 0 0 9 0 0 0 0 0 0 0 0 0 0 0 0 0 
6484 8 0 0 0 0 0 0 0 8 0 0 0 0 0 0 0 0 0 0 0 0 0 
6499 6 0 0 0 0 0 0 0 6 0 0 0 0 0 0 0 0 0 0 0 0 0 
6514 8 0 0 0 0 0 0 0 8 0 0 0 0 0 0 0 0 0 0 0 0 0 
6544 9 0 0 0 0 0 0 0 9 0 0 0 0 0 0 0 0 0 0 0 0 0 
6559 6 0 0 0 0 0 0 0 6 0 0 0 0 0 0 0 0 0 0 0 0 0 
6574 8 0 0 0 0 0 0 0 8 0 0 0 0 0 0 0 0 0 0 0 0 0 
6619 6 0 0 0 0 0 0 0 6 0 0 0 0 0 0 0 0 0 0 0 0 0 
6634 9 0 0 0 0 0 0 0 9 0 0 0 0 0 0 0 0 0 0 0 0 0 
6649 8 0 0 0 0 0 0 0 8 0 0 0 0 0 0 0 0 0 0 0 0 0 
6679 6 0 0 0 0 0 0 0 6 0 0 0 0 0 0 0 0 0 0 0 0 0 
6694 8 0 0 0 0 0 0 0 8 0 0 0 0 0 0 0 0 0 0 0 0 0 
6724 26 0 0 0 0 0 0 0 26 0 0 0 0 0 0 0 0 0 0 0 0 0 
6739 4 0 0 0 0 0 0 0 4 0 0 0 0 0 0 0 0 0 0 0 0 0 
6754 0 0 0 0 0 0 0 0 0 0 0 0 0 0 0 0 0 0 0 0 0 0 
7012 0 3 0 0 0 0 0 0 0 0 0 0 0 0 0 3 0 0 0 0 0 0 
7027 0 9 0 0 0 0 0 0 0 0 0 0 0 0 0 9 0 0 0 0 0 0 
7042 0 6 0 0 0 0 0 0 0 0 0 0 0 0 0 6 0 0 0 0 0 0 
7057 0 10 0 0 0 0 0 0 0 0 0 0 0 0 0 10 0 0 0 0 0 0 
7072 0 0 0 0 0 0 0 0 0 0 0 0 0 0 0 0 0 0 0 0 0 0 
7149 0 1 0 0 0 0 0 0 0 0 0 0 0 0 0 0 0 0 0 1 0 0 
7164 0 4 0 0 0 0 0 0 0 0 0 0 0 0 0 0 0 0 0 4 0 0 
7179 0 3 0 0 0 0 0 0 0 0 0 0 0 0 0 0 0 0 0 3 0 0 
7194 0 15 0 0 0 0 0 0 0 0 0 0 0 0 0 0 0 0 0 15 0 0 
7209 0 4 0 0 0 0 0 0 0 0 0 0 0 0 0 0 0 0 0 4 0 0 
7239 0 2 0 0 0 0 0 0 0 0 0 0 0 0 0 0 0 0 0 2 0 0 
7254 0 0 0 0 0 0 0 0 0 0 0 0 0 0 0 0 0 0 0 0 0 0 
7308 0 1 0 0 0 0 0 1 0 0 0 0 0 0 0 0 0 0 0 0 0 0 
7323 0 3 0 0 0 0 0 3 0 0 0 0 0 0 0 0 0 0 0 0 0 0 
7338 0 4 0 0 0 0 0 4 0 0 0 0 0 0 0 0 0 0 0 0 0 0 
7368 0 5 0 0 0 0 0 5 0 0 0 0 0 0 0 0 0 0 0 0 0 0 
7383 0 3 0 0 0 0 0 3 0 0 0 0 0 0 0 0 0 0 0 0 0 0 
7398 0 4 0 0 0 0 0 4 0 0 0 0 0 0 0 0 0 0 0 0 0 0 
7428 0 1 0 0 0 0 0 1 0 0 0 0 0 0 0 0 0 0 0 0 0 0 
7443 0 0 0 0 0 0 0 0 0 0 0 0 0 0 0 0 0 0 0 0 0 0 
7501 0 7 0 7 0 0 0 0 0 0 0 0 0 0 0 0 0 0 0 0 0 0 
7516 0 10 0 10 0 0 0 0 0 0 0 0 0 0 0 0 0 0 0 0 0 0 
7546 0 2 0 2 0 0 0 0 0 0 0 0 0 0 0 0 0 0 0 0 0 0 
7552 0 1 0 2 0 0 0 0 0 0 0 0 0 0 0 1 0 0 0 0 0 0 
7561 0 0 0 0 0 0 0 0 0 0 0 0 0 0 0 1 0 0 0 0 0 0 
7567 0 3 0 0 0 0 0 0 0 0 0 0 0 0 0 3 0 0 0 0 0 0 
7582 0 4 0 0 0 0 0 0 0 0 0 0 0 0 0 4 0 0 0 0 0 0 
7627 0 3 0 0 0 0 0 0 0 0 0 0 0 0 0 3 0 0 0 0 0 0 
7642 0 4 0 0 0 0 0 0 0 0 0 0 0 0 0 4 0 0 0 0 0 0 
7672 0 5 0 0 0 0 0 0 0 0 0 0 0 0 0 5 0 0 0 0 0 0 
7687 0 3 0 0 0 0 0 0 0 0 0 0 0 0 0 3 0 0 0 0 0 0 
7702 0 0 0 0 0 0 0 0 0 0 0 0 0 0 0 0 0 0 0 0 0 0 
7788 0 2 0 0 0 0 0 2 0 0 0 0 0 0 0 0 0 0 0 0 0 0 
7803 0 3 0 0 0 0 0 3 0 0 0 0 0 0 0 0 0 0 0 0 0 0 
7818 0 4 0 0 0 0 0 4 0 0 0 0 0 0 0 0 0 0 0 0 0 0 
7863 0 3 0 0 0 0 0 3 0 0 0 0 0 0 0 0 0 0 0 0 0 0 
7878 0 4 0 0 0 0 0 4 0 0 0 0 0 0 0 0 0 0 0 0 0 0 
7908 0 0 0 0 0 0 0 0 0 0 0 0 0 0 0 0 0 0 0 0 0 0 
8991 5 0 0 0 0 0 0 0 0 0 0 0 5 0 0 0 0 0 0 0 0 0 
9006 7 0 0 0 0 0 0 0 0 0 0 0 7 0 0 0 0 0 0 0 0 0 
9021 6 0 0 0 0 0 0 0 0 0 0 0 6 0 0 0 0 0 0 0 0 0 
9036 0 0 0 0 0 0 0 0 0 0 0 0 0 0 0 0 0 0 0 0 0 0 
9212 6 0 0 0 6 0 0 0 0 0 0 0 0 0 0 0 0 0 0 0 0 0 
9242 8 0 0 0 8 0 0 0 0 0 0 0 0 0 0 0 0 0 0 0 0 0 
9272 42 0 0 0 42 0 0 0 0 0 0 0 0 0 0 0 0 0 0 0 0 0 
9287 6 0 0 0 6 0 0 0 0 0 0 0 0 0 0 0 0 0 0 0 0 0 
9302 8 0 0 0 8 0 0 0 0 0 0 0 0 0 0 0 0 0 0 0 0 0 
9347 6 0 0 0 6 0 0 0 0 0 0 0 0 0 0 0 0 0 0 0 0 0 
9362 9 0 0 0 9 0 0 0 0 0 0 0 0 0 0 0 0 0 0 0 0 0 
9377 8 0 0 0 8 0 0 0 0 0 0 0 0 0 0 0 0 0 0 0 0 0 
9385 6 0 0 0 8 0 0 0 0 0 0 0 0 0 0 0 0 0 0 0 6 0 
9415 5 0 0 0 6 0 0 0 0 0 0 0 0 0 0 0 0 0 0 0 4 0 
9422 9 0 0 0 9 0 0 0 0 0 0 0 0 0 0 0 0 0 0 0 4 0 
9430 0 0 0 0 9 0 0 0 0 0 0 0 0 0 0 0 0 0 0 0 0 0 
9437 7 0 0 0 7 0 0 0 0 0 0 0 0 0 0 0 0 0 0 0 0 0 
9452 0 0 0 0 0 0 0 0 0 0 0 0 0 0 0 0 0 0 0 0 0 0 
10103 4 0 0 0 0 0 0 0 0 0 0 0 0 0 0 0 4 0 0 0 0 0 
10118 6 0 0 0 0 0 0 0 0 0 0 0 0 0 0 0 6 0 0 0 0 0 
10148 0 0 0 0 0 0 0 0 0 0 0 0 0 0 0 0 0 0 0 0 0 0 
10780 8 0 0 0 0 0 0 0 0 0 0 0 0 0 0 0 0 0 0 0 8 0 
10795 6 0 0 0 0 0 0 0 0 0 0 0 0 0 0 0 0 0 0 0 6 0 
10810 26 0 0 0 0 0 0 0 0 0 0 0 0 0 0 0 0 0 0 0 26 0 
10840 9 0 0 0 0 0 0 0 0 0 0 0 0 0 0 0 0 0 0 0 9 0 
10855 6 0 0 0 0 0 0 0 0 0 0 0 0 0 0 0 0 0 0 0 6 0 
10870 7 0 0 0 0 0 0 0 0 0 0 0 0 0 0 0 0 0 0 0 7 0 
10885 8 0 0 0 0 0 0 0 0 0 0 0 0 0 0 0 0 0 0 0 8 0 
10898 4 0 0 0 0 0 0 0 0 0 0 0 0 0 0 0 4 0 0 0 8 0 
10913 8 0 0 0 0 0 0 0 0 0 0 0 0 0 0 0 8 0 0 0 8 0 
10915 6 0 0 0 0 0 0 0 0 0 0 0 0 0 0 0 8 0 0 0 6 0 
10930 8 0 0 0 0 0 0 0 0 0 0 0 0 0 0 0 8 0 0 0 8 0 
10943 6 0 0 0 0 0 0 0 0 0 0 0 0 0 0 0 6 0 0 0 8 0 
10958 8 0 0 0 0 0 0 0 0 0 0 0 0 0 0 0 8 0 0 0 8 0 
10960 0 0 0 0 0 0 0 0 0 0 0 0 0 0 0 0 8 0 0 0 0 0 
10973 9 0 0 0 0 0 0 0 0 0 0 0 0 0 0 0 9 0 0 0 0 0 
10988 7 0 0 0 0 0 0 0 0 0 0 0 0 0 0 0 7 0 0 0 0 0 
11003 6 0 0 0 0 0 0 0 0 0 0 0 0 0 0 0 6 0 0 0 0 0 
11018 8 0 0 0 0 0 0 0 0 0 0 0 0 0 0 0 8 0 0 0 0 0 
11063 2 0 0 0 0 0 0 0 0 0 0 0 0 0 0 0 2 0 0 0 0 0 
11078 0 0 0 0 0 0 0 0 0 0 0 0 0 0 0 0 0 0 0 0 0 0 
11221 0 2 0 2 0 0 0 0 0 0 0 0 0 0 0 0 0 0 0 0 0 0 
11236 0 4 0 4 0 0 0 0 0 0 0 0 0 0 0 0 0 0 0 0 0 0 
11251 0 3 0 3 0 0 0 0 0 0 0 0 0 0 0 0 0 0 0 0 0 0 
11266 0 4 0 4 0 0 0 0 0 0 0 0 0 0 0 0 0 0 0 0 0 0 
11311 0 3 0 3 0 0 0 0 0 0 0 0 0 0 0 0 0 0 0 0 0 0 
11326 0 4 0 4 0 0 0 0 0 0 0 0 0 0 0 0 0 0 0 0 0 0 
11356 0 19 0 19 0 0 0 0 0 0 0 0 0 0 0 0 0 0 0 0 0 0 
11371 0 3 0 3 0 0 0 0 0 0 0 0 0 0 0 0 0 0 0 0 0 0 
11386 0 4 0 4 0 0 0 0 0 0 0 0 0 0 0 0 0 0 0 0 0 0 
11416 0 1 0 1 0 0 0 0 0 0 0 0 0 0 0 0 0 0 0 0 0 0 
11431 0 0 0 0 0 0 0 0 0 0 0 0 0 0 0 0 0 0 0 0 0 0 
11614 0 7 0 0 0 0 0 0 0 7 0 0 0 0 0 0 0 0 0 0 0 0 
11629 0 10 0 0 0 0 0 0 0 10 0 0 0 0 0 0 0 0 0 0 0 0 
11659 0 1 0 0 0 0 0 0 0 1 0 0 0 0 0 0 0 0 0 0 0 0 
11674 0 0 0 0 0 0 0 0 0 0 0 0 0 0 0 0 0 0 0 0 0 0 
11990 6 0 0 0 0 0 0 0 0 0 6 0 0 0 0 0 0 0 0 0 0 0 
12005 8 0 0 0 0 0 0 0 0 0 8 0 0 0 0 0 0 0 0 0 0 0 
12020 9 0 0 0 0 0 0 0 0 0 9 0 0 0 0 0 0 0 0 0 0 0 
12035 5 0 0 0 0 0 0 0 0 0 5 0 0 0 0 0 0 0 0 0 0 0 
12050 8 0 0 0 0 0 0 0 0 0 8 0 0 0 0 0 0 0 0 0 0 0 
12080 27 0 0 0 0 0 0 0 0 0 27 0 0 0 0 0 0 0 0 0 0 0 
12095 5 0 0 0 0 0 0 0 0 0 5 0 0 0 0 0 0 0 0 0 0 0 
12099 4 0 0 0 0 0 0 0 0 0 5 0 0 0 0 0 0 0 4 0 0 0 
12110 9 0 0 0 0 0 0 0 0 0 9 0 0 0 0 0 0 0 4 0 0 0 
12114 6 0 0 0 0 0 0 0 0 0 9 0 0 0 0 0 0 0 6 0 0 0 
12125 8 0 0 0 0 0 0 0 0 0 8 0 0 0 0 0 0 0 6 0 0 0 
12144 0 0 0 0 0 0 0 0 0 0 8 0 0 0 0 0 0 0 0 0 0 0 
12155 7 0 0 0 0 0 0 0 0 0 7 0 0 0 0 0 0 0 0 0 0 0 
12170 8 0 0 0 0 0 0 0 0 0 8 0 0 0 0 0 0 0 0 0 0 0 
12200 26 0 0 0 0 0 0 0 0 0 26 0 0 0 0 0 0 0 0 0 0 0 
12215 7 0 0 0 0 0 0 0 0 0 7 0 0 0 0 0 0 0 0 0 0 0 
12230 8 0 0 0 0 0 0 0 0 0 8 0 0 0 0 0 0 0 0 0 0 0 
12275 6 0 0 0 0 0 0 0 0 0 6 0 0 0 0 0 0 0 0 0 0 0 
12290 8 0 0 0 0 0 0 0 0 0 8 0 0 0 0 0 0 0 0 0 0 0 
12305 6 0 0 0 0 0 0 0 0 0 6 0 0 0 0 0 0 0 0 0 0 0 
12320 0 0 0 0 0 0 0 0 0 0 0 0 0 0 0 0 0 0 0 0 0 0 
12349 0 4 0 0 0 0 0 0 0 4 0 0 0 0 0 0 0 0 0 0 0 0 
12379 0 3 0 0 0 0 0 0 0 3 0 0 0 0 0 0 0 0 0 0 0 0 
12394 0 4 0 0 0 0 0 0 0 4 0 0 0 0 0 0 0 0 0 0 0 0 
12439 0 3 0 0 0 0 0 0 0 3 0 0 0 0 0 0 0 0 0 0 0 0 
12454 0 0 0 0 0 0 0 0 0 0 0 0 0 0 0 0 0 0 0 0 0 0 
12474 8 0 0 0 0 0 0 0 0 0 0 0 0 0 0 0 0 0 8 0 0 0 
12504 9 0 0 0 0 0 0 0 0 0 0 0 0 0 0 0 0 0 9 0 0 0 
12519 6 0 0 0 0 0 0 0 0 0 0 0 0 0 0 0 0 0 6 0 0 0 
12534 8 0 0 0 0 0 0 0 0 0 0 0 0 0 0 0 0 0 8 0 0 0 
12562 2 0 0 0 0 0 0 0 0 0 0 0 0 0 2 0 0 0 8 0 0 0 
12564 4 0 0 0 0 0 0 0 0 0 0 0 0 0 2 0 0 0 4 0 0 0 
12579 2 0 0 0 0 0 0 0 0 0 0 0 0 0 4 0 0 0 0 0 0 0 
12592 6 0 0 0 0 0 0 0 0 0 0 0 0 0 6 0 0 0 0 0 0 0 
12607 2 0 0 0 0 0 0 0 0 0 0 0 0 0 2 0 0 0 0 0 0 0 
12622 0 0 0 0 0 0 0 0 0 0 0 0 0 0 0 0 0 0 0 0 0 0 
12783 6 0 0 0 0 0 6 0 0 0 0 0 0 0 0 0 0 0 0 0 0 0 
12813 4 0 0 0 0 0 4 0 0 0 0 0 0 0 0 0 0 0 0 0 0 0 
12828 0 0 0 0 0 0 0 0 0 0 0 0 0 0 0 0 0 0 0 0 0 0 
14312 0 4 0 0 0 4 0 0 0 0 0 0 0 0 0 0 0 0 0 0 0 0 
14327 0 9 0 0 0 9 0 0 0 0 0 0 0 0 0 0 0 0 0 0 0 0 
14342 0 -12 0 0 0 -12 0 0 0 0 0 0 0 0 0 0 0 0 0 0 0 0 
14357 0 -1 0 0 0 -1 0 0 0 0 0 0 0 0 0 0 0 0 0 0 0 0 
14372 0 0 0 0 0 0 0 0 0 0 0 0 0 0 0 0 0 0 0 0 0 0 
14762 0 4 0 0 0 4 0 0 0 0 0 0 0 0 0 0 0 0 0 0 0 0 
14777 0 10 0 0 0 10 0 0 0 0 0 0 0 0 0 0 0 0 0 0 0 0 
14792 0 12 0 0 0 12 0 0 0 0 0 0 0 0 0 0 0 0 0 0 0 0 
14807 0 2 0 0 0 2 0 0 0 0 0 0 0 0 0 0 0 0 0 0 0 0 
14822 0 0 0 0 0 0 0 0 0 0 0 0 0 0 0 0 0 0 0 0 0 0 
15411 6 0 0 0 0 0 0 0 0 0 0 0 6 0 0 0 0 0 0 0 0 0 
15426 9 0 0 0 0 0 0 0 0 0 0 0 9 0 0 0 0 0 0 0 0 0 
15441 137 0 0 0 0 0 0 0 0 0 0 0 137 0 0 0 0 0 0 0 0 0 
15456 8 0 0 0 0 0 0 0 0 0 0 0 8 0 0 0 0 0 0 0 0 0 
15471 5 0 0 0 0 0 0 0 0 0 0 0 5 0 0 0 0 0 0 0 0 0 
15486 7 0 0 0 0 0 0 0 0 0 0 0 7 0 0 0 0 0 0 0 0 0 
15501 66 0 0 0 0 0 0 0 0 0 0 0 66 0 0 0 0 0 0 0 0 0 
15516 8 0 0 0 0 0 0 0 0 0 0 0 8 0 0 0 0 0 0 0 0 0 
15531 6 0 0 0 0 0 0 0 0 0 0 0 6 0 0 0 0 0 0 0 0 0 
15546 8 0 0 0 0 0 0 0 0 0 0 0 8 0 0 0 0 0 0 0 0 0 
15561 9 0 0 0 0 0 0 0 0 0 0 0 9 0 0 0 0 0 0 0 0 0 
15576 7 0 0 0 0 0 0 0 0 0 0 0 7 0 0 0 0 0 0 0 0 0 
15591 6 0 0 0 0 0 0 0 0 0 0 0 6 0 0 0 0 0 0 0 0 0 
15606 8 0 0 0 0 0 0 0 0 0 0 0 8 0 0 0 0 0 0 0 0 0 
15651 6 0 0 0 0 0 0 0 0 0 0 0 6 0 0 0 0 0 0 0 0 0 
15662 2 0 0 0 2 0 0 0 0 0 0 0 6 0 0 0 0 0 0 0 0 0 
15666 4 0 0 0 2 0 0 0 0 0 0 0 4 0 0 0 0 0 0 0 0 0 
15677 0 0 0 0 0 0 0 0 0 0 0 0 4 0 0 0 0 0 0 0 0 0 
15757 1 0 0 0 0 0 0 0 0 0 0 0 0 0 2 0 0 0 0 0 0 0 
15772 8 0 0 0 0 0 0 0 0 0 0 0 0 0 8 0 0 0 0 0 0 0 
15787 6 0 0 0 0 0 0 0 0 0 0 0 0 0 6 0 0 0 0 0 0 0 
15802 9 0 0 0 0 0 0 0 0 0 0 0 0 0 9 0 0 0 0 0 0 0 
15817 5 0 0 0 0 0 0 0 0 0 0 0 0 0 5 0 0 0 0 0 0 0 
15832 29 0 0 0 0 0 0 0 0 0 0 0 0 0 29 0 0 0 0 0 0 0 
15835 3 0 0 0 0 0 0 0 0 0 0 0 0 0 29 0 0 0 0 0 3 0 
15847 6 0 0 0 0 0 0 0 0 0 0 0 0 0 6 0 0 0 0 0 3 0 
15850 5 0 0 0 0 0 0 0 0 0 0 0 0 0 6 0 0 0 0 0 5 0 
15862 8 0 0 0 0 0 0 0 0 0 0 0 0 0 8 0 0 0 0 0 5 0 
15865 4 0 0 0 0 0 0 0 0 0 0 0 0 0 8 0 0 0 0 0 4 0 
15880 0 0 0 0 0 0 0 0 0 0 0 0 0 0 8 0 0 0 0 0 0 0 
15907 6 0 0 0 0 0 0 0 0 0 0 0 0 0 6 0 0 0 0 0 0 0 
15922 8 0 0 0 0 0 0 0 0 0 0 0 0 0 8 0 0 0 0 0 0 0 
15937 9 0 0 0 0 0 0 0 0 0 0 0 0 0 9 0 0 0 0 0 0 0 
15938 6 0 0 0 0 0 0 0 0 0 0 0 0 0 9 0 6 0 0 0 0 0 
15952 7 0 0 0 0 0 0 0 0 0 0 0 0 0 7 0 6 0 0 0 0 0 
15967 6 0 0 0 0 0 0 0 0 0 0 0 0 0 6 0 6 0 0 0 0 0 
15968 4 0 0 0 0 0 0 0 0 0 0 0 0 0 6 0 4 0 0 0 0 0 
15983 2 0 0 0 0 0 0 0 0 0 0 0 0 0 4 0 0 0 0 0 0 0 
15997 0 0 0 0 0 0 0 0 0 0 0 0 0 0 0 0 0 0 0 0 0 0 
16291 4 0 4 0 0 0 0 0 0 0 0 0 0 0 0 0 0 0 0 0 0 0 
16321 -8 0 -8 0 0 0 0 0 0 0 0 0 0 0 0 0 0 0 0 0 0 0 
16336 0 0 0 0 0 0 0 0 0 0 0 0 0 0 0 0 0 0 0 0 0 0 
16367 0 1 0 0 0 1 0 0 0 0 0 0 0 0 0 0 0 0 0 0 0 0 
16382 0 4 0 0 0 4 0 0 0 0 0 0 0 0 0 0 0 0 0 0 0 0 
16427 0 3 0 0 0 3 0 0 0 0 0 0 0 0 0 0 0 0 0 0 0 0 
16442 0 4 0 0 0 4 0 0 0 0 0 0 0 0 0 0 0 0 0 0 0 0 
16487 0 3 0 0 0 3 0 0 0 0 0 0 0 0 0 0 0 0 0 0 0 0 
16502 0 4 0 0 0 4 0 0 0 0 0 0 0 0 0 0 0 0 0 0 0 0 
16532 0 1 0 0 0 1 0 0 0 0 0 0 0 0 0 0 0 0 0 0 0 0 
16547 0 0 0 0 0 0 0 0 0 0 0 0 0 0 0 0 0 0 0 0 0 0 
16741 6 0 6 0 0 0 0 0 0 0 0 0 0 0 0 0 0 0 0 0 0 0 
16756 4 0 4 0 0 0 0 0 0 0 0 0 0 0 0 0 0 0 0 0 0 0 
16765 2 0 4 0 0 0 0 0 0 0 0 0 0 0 0 0 0 0 0 0 2 0 
16780 1 0 2 0 0 0 0 0 0 0 0 0 0 0 0 0 0 0 0 0 0 0 
16786 0 0 0 0 0 0 0 0 0 0 0 0 0 0 0 0 0 0 0 0 0 0 
17180 2 0 0 0 0 0 0 0 0 0 2 0 0 0 0 0 0 0 0 0 0 0 
17195 5 0 0 0 0 0 0 0 0 0 5 0 0 0 0 0 0 0 0 0 0 0 
17225 4 0 0 0 0 0 0 0 0 0 4 0 0 0 0 0 0 0 0 0 0 0 
17240 0 0 0 0 0 0 0 0 0 0 0 0 0 0 0 0 0 0 0 0 0 0 
17314 6 0 0 0 0 0 0 0 6 0 0 0 0 0 0 0 0 0 0 0 0 0 
17344 4 0 0 0 0 0 0 0 4 0 0 0 0 0 0 0 0 0 0 0 0 0 
17359 0 0 0 0 0 0 0 0 0 0 0 0 0 0 0 0 0 0 0 0 0 0 
17439 2 0 0 0 0 0 0 0 0 0 0 0 0 0 0 0 0 0 2 0 0 0 
17454 6 0 0 0 0 0 0 0 0 0 0 0 0 0 0 0 0 0 6 0 0 0 
17469 7 0 0 0 0 0 0 0 0 0 0 0 0 0 0 0 0 0 7 0 0 0 
17484 1 0 0 0 0 0 0 0 0 0 0 0 0 0 0 0 0 0 1 0 0 0 
17499 0 0 0 0 0 0 0 0 0 0 0 0 0 0 0 0 0 0 0 0 0 0 
17538 6 0 0 0 0 0 6 0 0 0 0 0 0 0 0 0 0 0 0 0 0 0 
17553 8 0 0 0 0 0 8 0 0 0 0 0 0 0 0 0 0 0 0 0 0 0 
17568 9 0 0 0 0 0 9 0 0 0 0 0 0 0 0 0 0 0 0 0 0 0 
17583 6 0 0 0 0 0 6 0 0 0 0 0 0 0 0 0 0 0 0 0 0 0 
17598 8 0 0 0 0 0 8 0 0 0 0 0 0 0 0 0 0 0 0 0 0 0 
17643 6 0 0 0 0 0 6 0 0 0 0 0 0 0 0 0 0 0 0 0 0 0 
17658 8 0 0 0 0 0 8 0 0 0 0 0 0 0 0 0 0 0 0 0 0 0 
17673 115 0 0 0 0 0 115 0 0 0 0 0 0 0 0 0 0 0 0 0 0 0 
17688 7 0 0 0 0 0 7 0 0 0 0 0 0 0 0 0 0 0 0 0 0 0 
17703 6 0 0 0 0 0 6 0 0 0 0 0 0 0 0 0 0 0 0 0 0 0 
17718 8 0 0 0 0 0 8 0 0 0 0 0 0 0 0 0 0 0 0 0 0 0 
17733 50 0 0 0 0 0 50 0 0 0 0 0 0 0 0 0 0 0 0 0 0 0 
17748 8 0 0 0 0 0 8 0 0 0 0 0 0 0 0 0 0 0 0 0 0 0 
17763 6 0 0 0 0 0 6 0 0 0 0 0 0 0 0 0 0 0 0 0 0 0 
17778 8 0 0 0 0 0 8 0 0 0 0 0 0 0 0 0 0 0 0 0 0 0 
17808 2 0 0 0 0 0 2 0 0 0 0 0 0 0 0 0 0 0 0 0 0 0 
17823 0 0 0 0 0 0 0 0 0 0 0 0 0 0 0 0 0 0 0 0 0 0 
18010 7 0 0 0 0 0 0 0 0 0 0 0 0 0 0 0 0 0 0 0 7 0 
18025 9 0 0 0 0 0 0 0 0 0 0 0 0 0 0 0 0 0 0 0 9 0 
18040 8 0 0 0 0 0 0 0 0 0 0 0 0 0 0 0 0 0 0 0 8 0 
18055 6 0 0 0 0 0 0 0 0 0 0 0 0 0 0 0 0 0 0 0 6 0 
18070 8 0 0 0 0 0 0 0 0 0 0 0 0 0 0 0 0 0 0 0 8 0 
18085 36 0 0 0 0 0 0 0 0 0 0 0 0 0 0 0 0 0 0 0 36 0 
18100 7 0 0 0 0 0 0 0 0 0 0 0 0 0 0 0 0 0 0 0 7 0 
18115 6 0 0 0 0 0 0 0 0 0 0 0 0 0 0 0 0 0 0 0 6 0 
18130 8 0 0 0 0 0 0 0 0 0 0 0 0 0 0 0 0 0 0 0 8 0 
18145 9 0 0 0 0 0 0 0 0 0 0 0 0 0 0 0 0 0 0 0 9 0 
18160 7 0 0 0 0 0 0 0 0 0 0 0 0 0 0 0 0 0 0 0 7 0 
18175 6 0 0 0 0 0 0 0 0 0 0 0 0 0 0 0 0 0 0 0 6 0 
18190 2 0 0 0 0 0 0 0 0 0 0 0 0 0 0 0 0 0 0 0 2 0 
18205 0 0 0 0 0 0 0 0 0 0 0 0 0 0 0 0 0 0 0 0 0 0 
18796 2 0 2 0 0 0 0 0 0 0 0 0 0 0 0 0 0 0 0 0 0 0 
18800 1 0 2 0 0 0 0 0 0 0 1 0 0 0 0 0 0 0 0 0 0 0 
18811 6 0 6 0 0 0 0 0 0 0 1 0 0 0 0 0 0 0 0 0 0 0 
18815 5 0 6 0 0 0 0 0 0 0 5 0 0 0 0 0 0 0 0 0 0 0 
18817 1 0 6 0 0 0 0 0 0 0 5 0 0 0 1 0 0 0 0 0 0 0 
18826 8 0 8 0 0 0 0 0 0 0 5 0 0 0 1 0 0 0 0 0 0 0 
18830 2 0 8 0 0 0 0 0 0 0 2 0 0 0 1 0 0 0 0 0 0 0 
18832 0 0 8 0 0 0 0 0 0 0 2 0 0 0 0 0 0 0 0 0 0 0 
18856 17 0 34 0 0 0 0 0 0 0 0 0 0 0 0 0 0 0 0 0 0 0 
18871 6 0 6 0 0 0 0 0 0 0 0 0 0 0 0 0 0 0 0 0 0 0 
18886 8 0 8 0 0 0 0 0 0 0 0 0 0 0 0 0 0 0 0 0 0 0 
18910 1 0 8 0 0 0 0 0 0 0 0 0 0 0 0 0 0 0 0 0 1 0 
18916 5 0 5 0 0 0 0 0 0 0 0 0 0 0 0 0 0 0 0 0 1 0 
18922 1 0 5 0 0 0 0 0 0 0 0 0 0 0 1 0 0 0 0 0 1 0 
18931 0 0 0 0 0 0 0 0 0 0 0 0 0 0 1 0 0 0 0 0 1 0 
19013 2 0 0 0 0 0 0 0 0 0 0 0 0 0 0 0 6 0 0 0 0 0 
19028 8 0 0 0 0 0 0 0 0 0 0 0 0 0 0 0 8 0 0 0 0 0 
19043 6 0 0 0 0 0 0 0 0 0 0 0 0 0 0 0 6 0 0 0 0 0 
19058 9 0 0 0 0 0 0 0 0 0 0 0 0 0 0 0 9 0 0 0 0 0 
19073 8 0 0 0 0 0 0 0 0 0 0 0 0 0 0 0 8 0 0 0 0 0 
19103 6 0 0 0 0 0 0 0 0 0 0 0 0 0 0 0 6 0 0 0 0 0 
19118 8 0 0 0 0 0 0 0 0 0 0 0 0 0 0 0 8 0 0 0 0 0 
19148 9 0 0 0 0 0 0 0 0 0 0 0 0 0 0 0 9 0 0 0 0 0 
19163 32 0 0 0 0 0 0 0 0 0 0 0 0 0 0 0 32 0 0 0 0 0 
19178 9 0 0 0 0 0 0 0 0 0 0 0 0 0 0 0 9 0 0 0 0 0 
19193 7 0 0 0 0 0 0 0 0 0 0 0 0 0 0 0 7 0 0 0 0 0 
19208 8 0 0 0 0 0 0 0 0 0 0 0 0 0 0 0 8 0 0 0 0 0 
19223 6 0 0 0 0 0 0 0 0 0 0 0 0 0 0 0 6 0 0 0 0 0 
19238 8 0 0 0 0 0 0 0 0 0 0 0 0 0 0 0 8 0 0 0 0 0 
19283 6 0 0 0 0 0 0 0 0 0 0 0 0 0 0 0 6 0 0 0 0 0 
19298 4 0 0 0 0 0 0 0 0 0 0 0 0 0 0 0 4 0 0 0 0 0 
19313 0 0 0 0 0 0 0 0 0 0 0 0 0 0 0 0 0 0 0 0 0 0 
20184 8 0 0 0 0 0 0 0 0 0 0 0 0 0 0 0 0 0 8 0 0 0 
20199 6 0 0 0 0 0 0 0 0 0 0 0 0 0 0 0 0 0 6 0 0 0 
20214 5 0 0 0 0 0 0 0 0 0 0 0 0 0 0 0 0 0 5 0 0 0 
20229 28 0 0 0 0 0 0 0 0 0 0 0 0 0 0 0 0 0 28 0 0 0 
20239 2 0 0 0 0 0 0 0 2 0 0 0 0 0 0 0 0 0 28 0 0 0 
20244 7 0 0 0 0 0 0 0 2 0 0 0 0 0 0 0 0 0 7 0 0 0 
20254 0 0 0 0 0 0 0 0 0 0 0 0 0 0 0 0 0 0 7 0 0 0 
20259 6 0 0 0 0 0 0 0 0 0 0 0 0 0 0 0 0 0 6 0 0 0 
20274 9 0 0 0 0 0 0 0 0 0 0 0 0 0 0 0 0 0 9 0 0 0 
20289 7 0 0 0 0 0 0 0 0 0 0 0 0 0 0 0 0 0 7 0 0 0 
20304 8 0 0 0 0 0 0 0 0 0 0 0 0 0 0 0 0 0 8 0 0 0 
20319 6 0 0 0 0 0 0 0 0 0 0 0 0 0 0 0 0 0 6 0 0 0 
20334 8 0 0 0 0 0 0 0 0 0 0 0 0 0 0 0 0 0 8 0 0 0 
20379 6 0 0 0 0 0 0 0 0 0 0 0 0 0 0 0 0 0 6 0 0 0 
20394 3 0 0 0 0 0 0 0 0 0 0 0 0 0 0 0 0 0 3 0 0 0 
20409 0 0 0 0 0 0 0 0 0 0 0 0 0 0 0 0 0 0 0 0 0 0 
20541 0 7 0 0 0 0 0 0 0 0 0 0 0 7 0 0 0 0 0 0 0 0 
20556 0 10 0 0 0 0 0 0 0 0 0 0 0 10 0 0 0 0 0 0 0 0 
20571 0 9 0 0 0 0 0 0 0 0 0 0 0 9 0 0 0 0 0 0 0 0 
20586 0 2 0 0 0 0 0 0 0 0 0 0 0 2 0 0 0 0 0 0 0 0 
20601 0 0 0 0 0 0 0 0 0 0 0 0 0 0 0 0 0 0 0 0 0 0 
20857 0 9 0 0 0 0 0 0 0 0 0 0 0 0 0 9 0 0 0 0 0 0 
20872 0 12 0 0 0 0 0 0 0 0 0 0 0 0 0 12 0 0 0 0 0 0 
20887 0 7 0 0 0 0 0 0 0 0 0 0 0 0 0 7 0 0 0 0 0 0 
20917 0 6 0 0 0 0 0 0 0 0 0 0 0 0 0 6 0 0 0 0 0 0 
20932 0 14 0 0 0 0 0 0 0 0 0 0 0 0 0 14 0 0 0 0 0 0 
20947 0 1 0 0 0 0 0 0 0 0 0 0 0 0 0 1 0 0 0 0 0 0 
20962 0 4 0 0 0 0 0 0 0 0 0 0 0 0 0 4 0 0 0 0 0 0 
20974 4 0 0 0 0 0 0 0 4 0 0 0 0 0 0 4 0 0 0 0 0 0 
20989 8 0 0 0 0 0 0 0 8 0 0 0 0 0 0 4 0 0 0 0 0 0 
20992 0 6 0 0 0 0 0 0 8 0 0 0 0 0 0 6 0 0 0 0 0 0 
21007 0 3 0 0 0 0 0 0 8 0 0 0 0 0 0 3 0 0 0 0 0 0 
21019 6 0 0 0 0 0 0 0 6 0 0 0 0 0 0 3 0 0 0 0 0 0 
21034 8 0 0 0 0 0 0 0 8 0 0 0 0 0 0 3 0 0 0 0 0 0 
21037 0 4 0 0 0 0 0 0 8 0 0 0 0 0 0 4 0 0 0 0 0 0 
21067 0 5 0 0 0 0 0 0 8 0 0 0 0 0 0 5 0 0 0 0 0 0 
21079 6 0 0 0 0 0 0 0 6 0 0 0 0 0 0 5 0 0 0 0 0 0 
21094 8 0 0 0 0 0 0 0 8 0 0 0 0 0 0 5 0 0 0 0 0 0 
21097 0 4 0 0 0 0 0 0 8 0 0 0 0 0 0 4 0 0 0 0 0 0 
21112 0 0 0 0 0 0 0 0 8 0 0 0 0 0 0 0 0 0 0 0 0 0 
21127 0 2 0 0 0 0 0 0 8 0 0 0 0 0 0 2 0 0 0 0 0 0 
21139 6 0 0 0 0 0 0 0 6 0 0 0 0 0 0 2 0 0 0 0 0 0 
21142 0 4 0 0 0 0 0 0 6 0 0 0 0 0 0 4 0 0 0 0 0 0 
21154 8 0 0 0 0 0 0 0 8 0 0 0 0 0 0 4 0 0 0 0 0 0 
21187 0 0 0 0 0 0 0 0 8 0 0 0 0 0 0 0 0 0 0 0 0 0 
21199 6 0 0 0 0 0 0 0 6 0 0 0 0 0 0 0 0 0 0 0 0 0 
21214 8 0 0 0 0 0 0 0 8 0 0 0 0 0 0 0 0 0 0 0 0 0 
21259 0 0 0 0 0 0 0 0 0 0 0 0 0 0 0 0 0 0 0 0 0 0 
21262 0 1 0 0 0 0 0 0 0 0 0 0 0 0 0 1 0 0 0 0 0 0 
21277 0 4 0 0 0 0 0 0 0 0 0 0 0 0 0 4 0 0 0 0 0 0 
21307 0 3 0 0 0 0 0 0 0 0 0 0 0 0 0 3 0 0 0 0 0 0 
21322 0 2 0 0 0 0 0 0 0 0 0 0 0 0 0 2 0 0 0 0 0 0 
21337 0 4 0 0 0 0 0 0 0 0 0 0 0 0 0 4 0 0 0 0 0 0 
21367 0 1 0 0 0 0 0 0 0 0 0 0 0 0 0 1 0 0 0 0 0 0 
21382 0 0 0 0 0 0 0 0 0 0 0 0 0 0 0 0 0 0 0 0 0 0 
21392 0 3 0 0 0 3 0 0 0 0 0 0 0 0 0 0 0 0 0 0 0 0 
21407 0 9 0 0 0 9 0 0 0 0 0 0 0 0 0 0 0 0 0 0 0 0 
21422 0 5 0 0 0 5 0 0 0 0 0 0 0 0 0 0 0 0 0 0 0 0 
21437 0 10 0 0 0 10 0 0 0 0 0 0 0 0 0 0 0 0 0 0 0 0 
21452 0 1 0 0 0 1 0 0 0 0 0 0 0 0 0 0 0 0 0 0 0 0 
21467 0 0 0 0 0 0 0 0 0 0 0 0 0 0 0 0 0 0 0 0 0 0 
22698 0 8 0 0 0 0 0 8 0 0 0 0 0 0 0 0 0 0 0 0 0 0 
22728 0 12 0 0 0 0 0 12 0 0 0 0 0 0 0 0 0 0 0 0 0 0 
22743 0 0 0 0 0 0 0 0 0 0 0 0 0 0 0 0 0 0 0 0 0 0 
22758 0 6 0 0 0 0 0 6 0 0 0 0 0 0 0 0 0 0 0 0 0 0 
22773 0 4 0 0 0 0 0 4 0 0 0 0 0 0 0 0 0 0 0 0 0 0 
22788 0 16 0 0 0 0 0 16 0 0 0 0 0 0 0 0 0 0 0 0 0 0 
22803 0 2 0 0 0 0 0 2 0 0 0 0 0 0 0 0 0 0 0 0 0 0 
22818 0 4 0 0 0 0 0 4 0 0 0 0 0 0 0 0 0 0 0 0 0 0 
22848 0 6 0 0 0 0 0 6 0 0 0 0 0 0 0 0 0 0 0 0 0 0 
22863 0 3 0 0 0 0 0 3 0 0 0 0 0 0 0 0 0 0 0 0 0 0 
22878 0 4 0 0 0 0 0 4 0 0 0 0 0 0 0 0 0 0 0 0 0 0 
22893 0 3 0 0 0 0 0 3 0 0 0 0 0 0 0 0 0 0 0 0 0 0 
22908 0 4 0 0 0 0 0 4 0 0 0 0 0 0 0 0 0 0 0 0 0 0 
22923 0 3 0 0 0 0 0 3 0 0 0 0 0 0 0 0 0 0 0 0 0 0 
22938 0 6 0 0 0 0 0 6 0 0 0 0 0 0 0 0 0 0 0 0 0 0 
22953 0 5 0 0 0 0 0 5 0 0 0 0 0 0 0 0 0 0 0 0 0 0 
22968 0 0 0 0 0 0 0 0 0 0 0 0 0 0 0 0 0 0 0 0 0 0 
23065 0 11 0 0 0 0 0 0 0 0 0 0 0 0 0 0 0 0 0 0 0 11 
23080 0 4 0 0 0 0 0 0 0 0 0 0 0 0 0 0 0 0 0 0 0 4 
23095 0 9 0 0 0 0 0 0 0 0 0 0 0 0 0 0 0 0 0 0 0 9 
23110 0 2 0 0 0 0 0 0 0 0 0 0 0 0 0 0 0 0 0 0 0 2 
23140 0 4 0 0 0 0 0 0 0 0 0 0 0 0 0 0 0 0 0 0 0 4 
23155 0 3 0 0 0 0 0 0 0 0 0 0 0 0 0 0 0 0 0 0 0 3 
23170 0 4 0 0 0 0 0 0 0 0 0 0 0 0 0 0 0 0 0 0 0 4 
23185 0 1 0 0 0 0 0 0 0 0 0 0 0 0 0 0 0 0 0 0 0 1 
23200 0 0 0 0 0 0 0 0 0 0 0 0 0 0 0 0 0 0 0 0 0 0 
23705 0 12 0 0 0 0 0 0 0 0 0 12 0 0 0 0 0 0 0 0 0 0 
23720 0 6 0 0 0 0 0 0 0 0 0 6 0 0 0 0 0 0 0 0 0 0 
23735 0 9 0 0 0 0 0 0 0 0 0 9 0 0 0 0 0 0 0 0 0 0 
23750 0 1 0 0 0 0 0 0 0 0 0 1 0 0 0 0 0 0 0 0 0 0 
23765 0 0 0 0 0 0 0 0 0 0 0 0 0 0 0 0 0 0 0 0 0 0 
23806 4 0 4 0 0 0 0 0 0 0 0 0 0 0 0 0 0 0 0 0 0 0 
23836 -8 0 -8 0 0 0 0 0 0 0 0 0 0 0 0 0 0 0 0 0 0 0 
23851 0 0 0 0 0 0 0 0 0 0 0 0 0 0 0 0 0 0 0 0 0 0 
23913 0 1 0 0 0 0 0 1 0 0 0 0 0 0 0 0 0 0 0 0 0 0 
23928 0 4 0 0 0 0 0 4 0 0 0 0 0 0 0 0 0 0 0 0 0 0 
23943 0 3 0 0 0 0 0 3 0 0 0 0 0 0 0 0 0 0 0 0 0 0 
23958 0 4 0 0 0 0 0 4 0 0 0 0 0 0 0 0 0 0 0 0 0 0 
24003 0 3 0 0 0 0 0 3 0 0 0 0 0 0 0 0 0 0 0 0 0 0 
24018 0 2 0 0 0 0 0 2 0 0 0 0 0 0 0 0 0 0 0 0 0 0 
24033 0 0 0 0 0 0 0 0 0 0 0 0 0 0 0 0 0 0 0 0 0 0 
24078 0 1 0 0 0 0 0 1 0 0 0 0 0 0 0 0 0 0 0 0 0 0 
24093 0 4 0 0 0 0 0 4 0 0 0 0 0 0 0 0 0 0 0 0 0 0 
24123 0 3 0 0 0 0 0 3 0 0 0 0 0 0 0 0 0 0 0 0 0 0 
24138 0 4 0 0 0 0 0 4 0 0 0 0 0 0 0 0 0 0 0 0 0 0 
24153 0 5 0 0 0 0 0 5 0 0 0 0 0 0 0 0 0 0 0 0 0 0 
24168 0 4 0 0 0 0 0 4 0 0 0 0 0 0 0 0 0 0 0 0 0 0 
24173 0 9 0 0 0 0 0 4 0 0 0 0 0 0 0 0 0 9 0 0 0 0 
24183 0 0 0 0 0 0 0 0 0 0 0 0 0 0 0 0 0 9 0 0 0 0 
24188 0 12 0 0 0 0 0 0 0 0 0 0 0 0 0 0 0 12 0 0 0 0 
24203 0 7 0 0 0 0 0 0 0 0 0 0 0 0 0 0 0 7 0 0 0 0 
24233 0 6 0 0 0 0 0 0 0 0 0 0 0 0 0 0 0 6 0 0 0 0 
24248 0 14 0 0 0 0 0 0 0 0 0 0 0 0 0 0 0 14 0 0 0 0 
24256 6 0 6 0 0 0 0 0 0 0 0 0 0 0 0 0 0 14 0 0 0 0 
24263 0 1 6 0 0 0 0 0 0 0 0 0 0 0 0 0 0 1 0 0 0 0 
24271 2 0 2 0 0 0 0 0 0 0 0 0 0 0 0 0 0 1 0 0 0 0 
24278 0 4 2 0 0 0 0 0 0 0 0 0 0 0 0 0 0 4 0 0 0 0 
24286 7 0 7 0 0 0 0 0 0 0 0 0 0 0 0 0 0 4 0 0 0 0 
24301 1 0 1 0 0 0 0 0 0 0 0 0 0 0 0 0 0 4 0 0 0 0 
24308 0 6 1 0 0 0 0 0 0 0 0 0 0 0 0 0 0 6 0 0 0 0 
24316 0 0 0 0 0 0 0 0 0 0 0 0 0 0 0 0 0 6 0 0 0 0 
24323 0 3 0 0 0 0 0 0 0 0 0 0 0 0 0 0 0 3 0 0 0 0 
24368 0 4 0 0 0 0 0 0 0 0 0 0 0 0 0 0 0 4 0 0 0 0 
24383 0 5 0 0 0 0 0 0 0 0 0 0 0 0 0 0 0 5 0 0 0 0 
24398 0 4 0 0 0 0 0 0 0 0 0 0 0 0 0 0 0 4 0 0 0 0 
24428 0 0 0 0 0 0 0 0 0 0 0 0 0 0 0 0 0 0 0 0 0 0 
24503 0 1 0 0 0 0 0 0 0 0 0 0 0 0 0 0 0 1 0 0 0 0 
24518 0 4 0 0 0 0 0 0 0 0 0 0 0 0 0 0 0 4 0 0 0 0 
24563 0 3 0 0 0 0 0 0 0 0 0 0 0 0 0 0 0 3 0 0 0 0 
24578 0 4 0 0 0 0 0 0 0 0 0 0 0 0 0 0 0 4 0 0 0 0 
24593 0 16 0 0 0 0 0 0 0 0 0 0 0 0 0 0 0 16 0 0 0 0 
24608 0 1 0 0 0 0 0 0 0 0 0 0 0 0 0 0 0 1 0 0 0 0 
24623 0 0 0 0 0 0 0 0 0 0 0 0 0 0 0 0 0 0 0 0 0 0 
24693 0 2 0 0 0 0 0 2 0 0 0 0 0 0 0 0 0 0 0 0 0 0 
24708 0 4 0 0 0 0 0 4 0 0 0 0 0 0 0 0 0 0 0 0 0 0 
24723 0 3 0 0 0 0 0 3 0 0 0 0 0 0 0 0 0 0 0 0 0 0 
24738 0 4 0 0 0 0 0 4 0 0 0 0 0 0 0 0 0 0 0 0 0 0 
24753 0 5 0 0 0 0 0 5 0 0 0 0 0 0 0 0 0 0 0 0 0 0 
24768 0 4 0 0 0 0 0 4 0 0 0 0 0 0 0 0 0 0 0 0 0 0 
24783 0 2 0 0 0 0 0 2 0 0 0 0 0 0 0 0 0 0 0 0 0 0 
24798 0 0 0 0 0 0 0 0 0 0 0 0 0 0 0 0 0 0 0 0 0 0 
25036 4 0 4 0 0 0 0 0 0 0 0 0 0 0 0 0 0 0 0 0 0 0 
25051 6 0 6 0 0 0 0 0 0 0 0 0 0 0 0 0 0 0 0 0 0 0 
25066 8 0 8 0 0 0 0 0 0 0 0 0 0 0 0 0 0 0 0 0 0 0 
25081 9 0 9 0 0 0 0 0 0 0 0 0 0 0 0 0 0 0 0 0 0 0 
25111 5 0 5 0 0 0 0 0 0 0 0 0 0 0 0 0 0 0 0 0 0 0 
25126 8 0 8 0 0 0 0 0 0 0 0 0 0 0 0 0 0 0 0 0 0 0 
25156 9 0 9 0 0 0 0 0 0 0 0 0 0 0 0 0 0 0 0 0 0 0 
25171 7 0 7 0 0 0 0 0 0 0 0 0 0 0 0 0 0 0 0 0 0 0 
25186 1 0 1 0 0 0 0 0 0 0 0 0 0 0 0 0 0 0 0 0 0 0 
25201 0 0 0 0 0 0 0 0 0 0 0 0 0 0 0 0 0 0 0 0 0 0 
25269 4 0 0 0 0 0 0 0 0 0 0 0 0 0 0 0 0 0 4 0 0 0 
25295 2 0 0 0 0 0 0 0 0 0 2 0 0 0 0 0 0 0 4 0 0 0 
25299 3 0 0 0 0 0 0 0 0 0 2 0 0 0 0 0 0 0 3 0 0 0 
25310 0 0 0 0 0 0 0 0 0 0 0 0 0 0 0 0 0 0 3 0 0 0 
25314 1 0 0 0 0 0 0 0 0 0 0 0 0 0 0 0 0 0 1 0 0 0 
25329 0 0 0 0 0 0 0 0 0 0 0 0 0 0 0 0 0 0 0 0 0 0 
26134 4 0 0 0 0 0 0 0 4 0 0 0 0 0 0 0 0 0 0 0 0 0 
26149 3 0 0 0 0 0 0 0 3 0 0 0 0 0 0 0 0 0 0 0 0 0 
26179 0 0 0 0 0 0 0 0 0 0 0 0 0 0 0 0 0 0 0 0 0 0 
