# deltaRailways deltaRailVehicles
10 0 0 0 0 0 0 0 0 0 0 0 0 0 0 0 0 0 0 0 0 0 0 
123 8 0 0 0 0 0 8 0 0 0 0 0 0 0 0 0 0 0 0 0 0 0 
124 9 0 0 0 0 0 8 0 9 0 0 0 0 0 0 0 0 0 0 0 0 0 
126 7 0 0 0 0 0 8 0 9 0 0 0 7 0 0 0 0 0 0 0 0 0 
136 6.5 0 6 0 0 0 8 0 9 0 0 0 7 0 0 0 0 0 7 0 0 0 
139 7 0 6 0 0 0 8 0 7 0 0 0 7 0 0 0 0 0 7 0 0 0 
141 10 0 6 0 0 0 8 0 7 0 0 0 10 0 0 0 0 0 7 0 0 0 
151 6.5 0 3 0 0 0 8 0 7 0 0 0 10 0 0 0 0 0 10 0 0 0 
153 12 0 3 0 0 0 12 0 7 0 0 0 10 0 0 0 0 0 10 0 0 0 
159 10.5 0 3 0 0 0 12 0 12 0 0 0 10 0 0 0 0 0 9 0 0 0 
166 12 0 12 0 0 0 12 0 12 0 0 0 10 0 0 0 0 0 9 0 0 0 
168 7 0 12 0 0 0 7 0 12 0 0 0 10 0 0 0 0 0 9 0 0 0 
171 4 0 12 0 0 0 7 0 7 0 0 0 1 0 0 0 0 0 9 0 0 0 
174 2 0 12 0 0 0 7 0 7 0 0 0 1 0 0 0 0 0 2 0 0 0 
181 7 0 7 0 0 0 7 0 7 0 0 0 1 0 0 0 0 0 2 0 0 0 
183 3 0 7 0 0 0 3 0 7 0 0 0 1 0 0 0 0 0 2 0 0 0 
184 6 0 7 0 0 0 3 0 6 0 0 0 1 0 0 0 0 0 2 0 0 0 
186 0 0 7 0 0 0 3 0 6 0 0 0 0 0 0 0 0 0 2 0 0 0 
198 5.33333 0 0 0 0 0 16 0 6 0 0 0 0 0 0 0 0 0 0 0 0 0 
199 13 0 0 0 0 0 16 0 13 0 0 0 0 0 0 0 0 0 0 0 0 0 
211 7 0 7 0 0 0 16 0 13 0 0 0 0 0 0 0 0 0 0 0 0 0 
213 2 0 7 0 0 0 2 0 13 0 0 0 0 0 0 0 0 0 0 0 0 0 
214 12 0 7 0 0 0 2 0 12 0 0 0 0 0 0 0 0 0 0 0 0 0 
226 6 0 6 0 0 0 2 0 12 0 0 0 0 0 0 0 0 0 0 0 0 0 
228 4 0 6 0 0 0 4 0 12 0 0 0 0 0 0 0 0 0 0 0 0 0 
241 9 0 14 0 0 0 4 0 4 0 0 0 0 0 0 0 0 0 0 0 0 0 
243 3 0 14 0 0 0 3 0 4 0 0 0 0 0 0 0 0 0 0 0 0 0 
256 2 0 2 0 0 0 3 0 4 0 0 0 0 0 0 0 0 0 0 0 0 0 
258 6 0 2 0 0 0 6 0 4 0 0 0 0 0 0 0 0 0 0 0 0 0 
259 5 0 2 0 0 0 6 0 5 0 0 0 0 0 0 0 0 0 0 0 0 0 
271 3 0 3 0 0 0 6 0 5 0 0 0 0 0 0 0 0 0 0 0 0 0 
273 4 0 3 0 0 0 4 0 5 0 0 0 0 0 0 0 0 0 0 0 0 0 
288 3.66667 0 4 0 0 0 3 0 4 0 0 0 0 0 0 0 0 0 0 0 0 0 
289 3 0 4 0 0 0 3 0 3 0 0 0 0 0 0 0 0 0 0 0 0 0 
301 6 0 6 0 0 0 3 0 3 0 0 0 0 0 0 0 0 0 0 0 0 0 
303 2 0 6 0 0 0 2 0 3 0 0 0 0 0 0 0 0 0 0 0 0 0 
318 4 0 6 0 0 0 4 0 3 0 0 0 0 0 0 0 0 0 0 0 0 0 
331 0 0 0 0 0 0 4 0 3 0 0 0 0 0 0 0 0 0 0 0 0 0 
333 6 0 0 0 0 0 6 0 3 0 0 0 0 0 0 0 0 0 0 0 0 0 
346 4.5 0 3 0 0 0 6 0 6 0 0 0 0 0 0 0 0 0 0 0 0 0 
348 4 0 3 0 0 0 4 0 6 0 0 0 0 0 0 0 0 0 0 0 0 0 
349 14 0 3 0 0 0 4 0 14 0 0 0 0 0 0 0 0 0 0 0 0 0 
351 3 0 3 0 0 0 4 0 14 0 0 0 3 0 0 0 0 0 0 0 0 0 
361 4 0 4 0 0 0 4 0 14 0 0 0 3 0 0 0 0 0 0 0 0 0 
376 4.66667 0 6 0 0 0 4 0 4 0 0 0 4 0 0 0 0 0 0 0 0 0 
378 0 0 6 0 0 0 0 0 4 0 0 0 4 0 0 0 0 0 0 0 0 0 
391 1.5 0 3 0 0 0 0 0 0 0 0 0 4 0 0 0 0 0 0 0 0 0 
406 4 0 4 0 0 0 0 0 0 0 0 0 4 0 0 0 0 0 0 0 0 0 
409 3 0 4 0 0 0 0 0 3 0 0 0 4 0 0 0 0 0 0 0 0 0 
421 1.5 0 0 0 0 0 0 0 3 0 0 0 3 0 0 0 0 0 0 0 0 0 
424 4 0 0 0 0 0 0 0 4 0 0 0 3 0 0 0 0 0 0 0 0 0 
439 8.5 0 0 0 0 0 0 0 13 0 0 0 4 0 0 0 0 0 0 0 0 0 
454 4 0 0 0 0 0 0 0 4 0 0 0 4 0 0 0 0 0 0 0 0 0 
456 1 1 0 0 0 0 0 0 4 0 0 0 1 1 0 0 0 0 0 0 0 0 
471 0 0 0 0 0 0 0 0 4 0 0 0 0 0 0 0 0 0 0 0 0 0 
483 3 0 0 0 0 0 3 0 4 0 0 0 0 0 0 0 0 0 0 0 0 0 
498 4 0 0 0 0 0 4 0 4 0 0 0 0 0 0 0 0 0 0 0 0 0 
499 3 0 0 0 0 0 4 0 3 0 0 0 0 0 0 0 0 0 0 0 0 0 
514 4 0 0 0 0 0 4 0 4 0 0 0 0 0 0 0 0 0 0 0 0 0 
529 2 0 0 0 0 0 4 0 2 0 0 0 0 0 0 0 0 0 0 0 0 0 
543 3 0 0 0 0 0 3 0 2 0 0 0 0 0 0 0 0 0 0 0 0 0 
544 0 0 0 0 0 0 3 0 0 0 0 0 0 0 0 0 0 0 0 0 0 0 
558 4 0 0 0 0 0 4 0 0 0 0 0 0 0 0 0 0 0 0 0 0 0 
588 0 0 0 0 0 0 0 0 0 0 0 0 0 0 0 0 0 0 0 0 0 0 
603 2 0 0 0 0 0 2 0 0 0 0 0 0 0 0 0 0 0 0 0 0 0 
618 4 0 0 0 0 0 4 0 0 0 0 0 0 0 0 0 0 0 0 0 0 0 
663 3 0 0 0 0 0 3 0 0 0 0 0 0 0 0 0 0 0 0 0 0 0 
678 4 0 0 0 0 0 4 0 0 0 0 0 0 0 0 0 0 0 0 0 0 0 
693 3 0 0 0 0 0 3 0 0 0 0 0 0 0 0 0 0 0 0 0 0 0 
708 1 0 0 0 0 0 1 0 0 0 0 0 0 0 0 0 0 0 0 0 0 0 
721 2 0 2 0 0 0 1 0 0 0 0 0 0 0 0 0 0 0 0 0 0 0 
723 3 0 2 0 0 0 3 0 0 0 0 0 0 0 0 0 0 0 0 0 0 0 
736 4 0 4 0 0 0 3 0 0 0 0 0 0 0 0 0 0 0 0 0 0 0 
751 3.5 0 3 0 0 0 4 0 0 0 0 0 0 0 0 0 0 0 0 0 0 0 
766 4 0 4 0 0 0 4 0 0 0 0 0 0 0 0 0 0 0 0 0 0 0 
783 3 0 4 0 0 0 3 0 0 0 0 0 0 0 0 0 0 0 0 0 0 0 
798 2 0 4 0 0 0 2 0 0 0 0 0 0 0 0 0 0 0 0 0 0 0 
811 1 0 1 0 0 0 2 0 0 0 0 0 0 0 0 0 0 0 0 0 0 0 
813 0 1 1 0 0 0 0 1 0 0 0 0 0 0 0 0 0 0 0 0 0 0 
826 0 0 0 0 0 0 0 1 0 0 0 0 0 0 0 0 0 0 0 0 0 0 
858 0 21 0 0 0 0 0 21 0 0 0 0 0 0 0 0 0 0 0 0 0 0 
873 0 0 0 0 0 0 0 0 0 0 0 0 0 0 0 0 0 0 0 0 0 0 
886 4 0 4 0 0 0 0 0 0 0 0 0 0 0 0 0 0 0 0 0 0 0 
909 3 0 4 0 0 0 0 0 0 0 0 0 0 0 0 0 0 0 3 0 0 0 
924 3.5 0 4 0 0 0 0 0 3 0 0 0 0 0 0 0 0 0 4 0 0 0 
931 3 0 3 0 0 0 0 0 3 0 0 0 0 0 0 0 0 0 4 0 0 0 
934 4 0 3 0 0 0 0 0 4 0 0 0 0 0 0 0 0 0 4 0 0 0 
939 3 0 3 0 0 0 0 0 4 0 0 0 0 0 0 0 0 0 3 0 0 0 
946 4 0 4 0 0 0 0 0 4 0 0 0 0 0 0 0 0 0 3 0 0 0 
961 3 0 2 0 0 0 0 0 4 0 0 0 0 0 0 0 0 0 4 0 0 0 
976 0 0 0 0 0 0 0 0 4 0 0 0 0 0 0 0 0 0 4 0 0 0 
979 3 0 0 0 0 0 0 0 3 0 0 0 0 0 0 0 0 0 4 0 0 0 
994 4 0 0 0 0 0 0 0 4 0 0 0 0 0 0 0 0 0 4 0 0 0 
999 3 0 0 0 0 0 0 0 4 0 0 0 0 0 0 0 0 0 3 0 0 0 
1014 4 0 0 0 0 0 0 0 4 0 0 0 0 0 0 0 0 0 4 0 0 0 
1029 1 1 0 0 0 0 0 0 4 0 0 0 0 0 0 0 0 0 1 1 0 0 
1039 1 0 0 0 0 0 0 0 1 0 0 0 0 0 0 0 0 0 1 1 0 0 
1044 0 0 0 0 0 0 0 0 1 0 0 0 0 0 0 0 0 0 0 0 0 0 
1051 2 0 2 0 0 0 0 0 1 0 0 0 0 0 0 0 0 0 0 0 0 0 
1054 0 0 2 0 0 0 0 0 0 0 0 0 0 0 0 0 0 0 0 0 0 0 
1066 4 0 4 0 0 0 0 0 0 0 0 0 0 0 0 0 0 0 0 0 0 0 
1111 3 0 3 0 0 0 0 0 0 0 0 0 0 0 0 0 0 0 0 0 0 0 
1126 2 0 2 0 0 0 0 0 0 0 0 0 0 0 0 0 0 0 0 0 0 0 
1141 0 1 0 1 0 0 0 0 0 0 0 0 0 0 0 0 0 0 0 0 0 0 
1156 0 0 0 0 0 0 0 0 0 0 0 0 0 0 0 0 0 0 0 0 0 0 
1186 0 1 0 1 0 0 0 0 0 0 0 0 0 0 0 0 0 0 0 0 0 0 
1201 0 0 0 0 0 0 0 0 0 0 0 0 0 0 0 0 0 0 0 0 0 0 
1219 2 0 0 0 0 0 0 0 2 0 0 0 0 0 0 0 0 0 0 0 0 0 
1234 4 0 0 0 0 0 0 0 4 0 0 0 0 0 0 0 0 0 0 0 0 0 
1279 26 0 0 0 0 0 0 0 26 0 0 0 0 0 0 0 0 0 0 0 0 0 
1294 0 1 0 0 0 0 0 0 0 1 0 0 0 0 0 0 0 0 0 0 0 0 
1309 0 0 0 0 0 0 0 0 0 0 0 0 0 0 0 0 0 0 0 0 0 0 
1339 0 21 0 0 0 0 0 0 0 21 0 0 0 0 0 0 0 0 0 0 0 0 
1354 0 0 0 0 0 0 0 0 0 0 0 0 0 0 0 0 0 0 0 0 0 0 
5316 13 0 0 0 0 0 0 0 0 0 0 0 13 0 0 0 0 0 0 0 0 0 
5331 9 0 0 0 0 0 0 0 0 0 0 0 9 0 0 0 0 0 0 0 0 0 
5346 7 0 0 0 0 0 0 0 0 0 0 0 7 0 0 0 0 0 0 0 0 0 
5376 0 0 0 0 0 0 0 0 0 0 0 0 0 0 0 0 0 0 0 0 0 0 
5466 2 0 0 0 0 0 0 0 0 0 0 0 2 0 0 0 0 0 0 0 0 0 
5481 4 0 0 0 0 0 0 0 0 0 0 0 4 0 0 0 0 0 0 0 0 0 
5511 3 0 0 0 0 0 0 0 0 0 0 0 3 0 0 0 0 0 0 0 0 0 
5526 2 0 0 0 0 0 0 0 0 0 0 0 2 0 0 0 0 0 0 0 0 0 
5541 0 1 0 0 0 0 0 0 0 0 0 0 0 1 0 0 0 0 0 0 0 0 
5556 0 0 0 0 0 0 0 0 0 0 0 0 0 0 0 0 0 0 0 0 0 0 
6154 7 0 0 0 0 0 0 0 7 0 0 0 0 0 0 0 0 0 0 0 0 0 
6169 6 0 0 0 0 0 0 0 6 0 0 0 0 0 0 0 0 0 0 0 0 0 
6184 14 0 0 0 0 0 0 0 14 0 0 0 0 0 0 0 0 0 0 0 0 0 
6199 1 0 0 0 0 0 0 0 1 0 0 0 0 0 0 0 0 0 0 0 0 0 
6214 9 0 0 0 0 0 0 0 9 0 0 0 0 0 0 0 0 0 0 0 0 0 
6229 12 0 0 0 0 0 0 0 12 0 0 0 0 0 0 0 0 0 0 0 0 0 
6244 7 0 0 0 0 0 0 0 7 0 0 0 0 0 0 0 0 0 0 0 0 0 
6259 2 0 0 0 0 0 0 0 2 0 0 0 0 0 0 0 0 0 0 0 0 0 
6274 4 0 0 0 0 0 0 0 4 0 0 0 0 0 0 0 0 0 0 0 0 0 
6289 6 0 0 0 0 0 0 0 6 0 0 0 0 0 0 0 0 0 0 0 0 0 
6304 4 0 0 0 0 0 0 0 4 0 0 0 0 0 0 0 0 0 0 0 0 0 
6334 1 0 0 0 0 0 0 0 1 0 0 0 0 0 0 0 0 0 0 0 0 0 
6349 4 0 0 0 0 0 0 0 4 0 0 0 0 0 0 0 0 0 0 0 0 0 
6379 15 0 0 0 0 0 0 0 15 0 0 0 0 0 0 0 0 0 0 0 0 0 
6394 6 0 0 0 0 0 0 0 6 0 0 0 0 0 0 0 0 0 0 0 0 0 
6409 0 0 0 0 0 0 0 0 0 0 0 0 0 0 0 0 0 0 0 0 0 0 
6499 3 0 0 0 0 0 0 0 3 0 0 0 0 0 0 0 0 0 0 0 0 0 
6514 4 0 0 0 0 0 0 0 4 0 0 0 0 0 0 0 0 0 0 0 0 0 
6559 3 0 0 0 0 0 0 0 3 0 0 0 0 0 0 0 0 0 0 0 0 0 
6574 0 0 0 0 0 0 0 0 0 0 0 0 0 0 0 0 0 0 0 0 0 0 
7984 2 0 0 0 0 0 0 0 2 0 0 0 0 0 0 0 0 0 0 0 0 0 
7999 3 0 0 0 0 0 0 0 3 0 0 0 0 0 0 0 0 0 0 0 0 0 
8014 4 0 0 0 0 0 0 0 4 0 0 0 0 0 0 0 0 0 0 0 0 0 
8044 39 0 0 0 0 0 0 0 39 0 0 0 0 0 0 0 0 0 0 0 0 0 
8059 3 0 0 0 0 0 0 0 3 0 0 0 0 0 0 0 0 0 0 0 0 0 
8074 4 0 0 0 0 0 0 0 4 0 0 0 0 0 0 0 0 0 0 0 0 0 
8089 0 0 0 0 0 0 0 0 0 0 0 0 0 0 0 0 0 0 0 0 0 0 
8209 4 0 0 0 0 0 0 0 4 0 0 0 0 0 0 0 0 0 0 0 0 0 
8239 3 0 0 0 0 0 0 0 3 0 0 0 0 0 0 0 0 0 0 0 0 0 
8254 4 0 0 0 0 0 0 0 4 0 0 0 0 0 0 0 0 0 0 0 0 0 
8284 2 0 0 0 0 0 0 0 2 0 0 0 0 0 0 0 0 0 0 0 0 0 
8299 0 1 0 0 0 0 0 0 0 1 0 0 0 0 0 0 0 0 0 0 0 0 
8314 0 0 0 0 0 0 0 0 0 0 0 0 0 0 0 0 0 0 0 0 0 0 
8329 0 10 0 0 0 0 0 0 0 10 0 0 0 0 0 0 0 0 0 0 0 0 
8344 0 1 0 0 0 0 0 0 0 1 0 0 0 0 0 0 0 0 0 0 0 0 
8359 0 0 0 0 0 0 0 0 0 0 0 0 0 0 0 0 0 0 0 0 0 0 
8513 7 0 0 0 0 0 0 0 0 0 0 0 0 0 0 0 7 0 0 0 0 0 
8528 6 0 0 0 0 0 0 0 0 0 0 0 0 0 0 0 6 0 0 0 0 0 
8543 13 0 0 0 0 0 0 0 0 0 0 0 0 0 0 0 13 0 0 0 0 0 
8558 2 0 0 0 0 0 0 0 0 0 0 0 0 0 0 0 2 0 0 0 0 0 
8573 9 0 0 0 0 0 0 0 0 0 0 0 0 0 0 0 9 0 0 0 0 0 
8588 12 0 0 0 0 0 0 0 0 0 0 0 0 0 0 0 12 0 0 0 0 0 
8603 7 0 0 0 0 0 0 0 0 0 0 0 0 0 0 0 7 0 0 0 0 0 
8618 2 0 0 0 0 0 0 0 0 0 0 0 0 0 0 0 2 0 0 0 0 0 
8633 4 0 0 0 0 0 0 0 0 0 0 0 0 0 0 0 4 0 0 0 0 0 
8648 6 0 0 0 0 0 0 0 0 0 0 0 0 0 0 0 6 0 0 0 0 0 
8663 3 0 0 0 0 0 0 0 0 0 0 0 0 0 0 0 3 0 0 0 0 0 
8678 5 0 0 0 0 0 0 0 0 0 0 0 0 0 0 0 5 0 0 0 0 0 
8693 0 0 0 0 0 0 0 0 0 0 0 0 0 0 0 0 0 0 0 0 0 0 
8708 4 0 0 0 0 0 0 0 0 0 0 0 0 0 0 0 4 0 0 0 0 0 
8723 3 0 0 0 0 0 0 0 0 0 0 0 0 0 0 0 3 0 0 0 0 0 
8738 6 0 0 0 0 0 0 0 0 0 0 0 0 0 0 0 6 0 0 0 0 0 
8753 4 0 0 0 0 0 0 0 0 0 0 0 0 0 0 0 4 0 0 0 0 0 
8768 3 0 0 0 0 0 0 0 0 0 0 0 0 0 0 0 3 0 0 0 0 0 
8783 0 0 0 0 0 0 0 0 0 0 0 0 0 0 0 0 0 0 0 0 0 0 
8873 1 0 0 0 0 0 0 0 0 0 0 0 0 0 0 0 1 0 0 0 0 0 
8888 4 0 0 0 0 0 0 0 0 0 0 0 0 0 0 0 4 0 0 0 0 0 
8903 3 0 0 0 0 0 0 0 0 0 0 0 0 0 0 0 3 0 0 0 0 0 
8918 4 0 0 0 0 0 0 0 0 0 0 0 0 0 0 0 4 0 0 0 0 0 
8963 3 0 0 0 0 0 0 0 0 0 0 0 0 0 0 0 3 0 0 0 0 0 
8978 2 0 0 0 0 0 0 0 0 0 0 0 0 0 0 0 2 0 0 0 0 0 
8993 0 0 0 0 0 0 0 0 0 0 0 0 0 0 0 0 0 0 0 0 0 0 
10386 8 0 0 0 0 0 0 0 0 0 0 0 8 0 0 0 0 0 0 0 0 0 
10416 12 0 0 0 0 0 0 0 0 0 0 0 12 0 0 0 0 0 0 0 0 0 
10431 6 0 0 0 0 0 0 0 0 0 0 0 6 0 0 0 0 0 0 0 0 0 
10446 4 0 0 0 0 0 0 0 0 0 0 0 4 0 0 0 0 0 0 0 0 0 
10461 16 0 0 0 0 0 0 0 0 0 0 0 16 0 0 0 0 0 0 0 0 0 
10476 2 0 0 0 0 0 0 0 0 0 0 0 2 0 0 0 0 0 0 0 0 0 
10491 3 0 0 0 0 0 0 0 0 0 0 0 3 0 0 0 0 0 0 0 0 0 
10506 4 0 0 0 0 0 0 0 0 0 0 0 4 0 0 0 0 0 0 0 0 0 
10521 6 0 0 0 0 0 0 0 0 0 0 0 6 0 0 0 0 0 0 0 0 0 
10536 4 0 0 0 0 0 0 0 0 0 0 0 4 0 0 0 0 0 0 0 0 0 
10551 3 0 0 0 0 0 0 0 0 0 0 0 3 0 0 0 0 0 0 0 0 0 
10566 2 0 0 0 0 0 0 0 0 0 0 0 2 0 0 0 0 0 0 0 0 0 
10581 4 0 0 0 0 0 0 0 0 0 0 0 4 0 0 0 0 0 0 0 0 0 
10596 6 0 0 0 0 0 0 0 0 0 0 0 6 0 0 0 0 0 0 0 0 0 
10611 3 0 0 0 0 0 0 0 0 0 0 0 3 0 0 0 0 0 0 0 0 0 
10626 5 0 0 0 0 0 0 0 0 0 0 0 5 0 0 0 0 0 0 0 0 0 
10641 0 0 0 0 0 0 0 0 0 0 0 0 0 0 0 0 0 0 0 0 0 0 
10731 2 0 0 0 0 0 0 0 0 0 0 0 2 0 0 0 0 0 0 0 0 0 
10746 4 0 0 0 0 0 0 0 0 0 0 0 4 0 0 0 0 0 0 0 0 0 
10776 14 0 0 0 0 0 0 0 0 0 0 0 14 0 0 0 0 0 0 0 0 0 
10791 2 0 0 0 0 0 0 0 0 0 0 0 2 0 0 0 0 0 0 0 0 0 
10806 0 0 0 0 0 0 0 0 0 0 0 0 0 0 0 0 0 0 0 0 0 0 
10836 4 0 0 0 0 0 0 0 0 0 0 0 4 0 0 0 0 0 0 0 0 0 
10851 3 0 0 0 0 0 0 0 0 0 0 0 3 0 0 0 0 0 0 0 0 0 
10866 4 0 0 0 0 0 0 0 0 0 0 0 4 0 0 0 0 0 0 0 0 0 
10881 1 0 0 0 0 0 0 0 0 0 0 0 1 0 0 0 0 0 0 0 0 0 
10896 0 0 0 0 0 0 0 0 0 0 0 0 0 0 0 0 0 0 0 0 0 0 
10898 1 0 0 0 0 0 0 0 0 0 0 0 0 0 0 0 1 0 0 0 0 0 
10913 4 0 0 0 0 0 0 0 0 0 0 0 0 0 0 0 4 0 0 0 0 0 
10943 3 0 0 0 0 0 0 0 0 0 0 0 0 0 0 0 3 0 0 0 0 0 
10958 35 0 0 0 0 0 0 0 0 0 0 0 0 0 0 0 35 0 0 0 0 0 
10973 4 0 0 0 0 0 0 0 0 0 0 0 0 0 0 0 4 0 0 0 0 0 
11003 3 0 0 0 0 0 0 0 0 0 0 0 0 0 0 0 3 0 0 0 0 0 
11018 4 0 0 0 0 0 0 0 0 0 0 0 0 0 0 0 4 0 0 0 0 0 
11033 1 0 0 0 0 0 0 0 0 0 0 0 0 0 0 0 1 0 0 0 0 0 
11048 0 0 0 0 0 0 0 0 0 0 0 0 0 0 0 0 0 0 0 0 0 0 
11196 2 0 0 0 0 0 0 0 0 0 0 0 2 0 0 0 0 0 0 0 0 0 
11211 3 0 0 0 0 0 0 0 0 0 0 0 3 0 0 0 0 0 0 0 0 0 
11226 3.5 0 0 0 0 0 0 0 0 0 0 0 4 0 0 0 3 0 0 0 0 0 
11228 4 0 0 0 0 0 0 0 0 0 0 0 4 0 0 0 4 0 0 0 0 0 
11243 3 0 0 0 0 0 0 0 0 0 0 0 4 0 0 0 3 0 0 0 0 0 
11258 4 0 0 0 0 0 0 0 0 0 0 0 4 0 0 0 4 0 0 0 0 0 
11271 3 0 0 0 0 0 0 0 0 0 0 0 3 0 0 0 4 0 0 0 0 0 
11286 2 0 0 0 0 0 0 0 0 0 0 0 2 0 0 0 4 0 0 0 0 0 
11301 0 1 0 0 0 0 0 0 0 0 0 0 0 1 0 0 4 0 0 0 0 0 
11303 2 0 0 0 0 0 0 0 0 0 0 0 0 1 0 0 2 0 0 0 0 0 
11316 0 0 0 0 0 0 0 0 0 0 0 0 0 0 0 0 2 0 0 0 0 0 
11318 0 1 0 0 0 0 0 0 0 0 0 0 0 0 0 0 0 1 0 0 0 0 
11333 0 0 0 0 0 0 0 0 0 0 0 0 0 0 0 0 0 0 0 0 0 0 
11346 0 11 0 0 0 0 0 0 0 0 0 0 0 11 0 0 0 0 0 0 0 0 
11361 0 0 0 0 0 0 0 0 0 0 0 0 0 0 0 0 0 0 0 0 0 0 
11363 0 1 0 0 0 0 0 0 0 0 0 0 0 0 0 0 0 1 0 0 0 0 
11378 0 0 0 0 0 0 0 0 0 0 0 0 0 0 0 0 0 0 0 0 0 0 
11641 7 0 7 0 0 0 0 0 0 0 0 0 0 0 0 0 0 0 0 0 0 0 
11656 6 0 6 0 0 0 0 0 0 0 0 0 0 0 0 0 0 0 0 0 0 0 
11671 13 0 13 0 0 0 0 0 0 0 0 0 0 0 0 0 0 0 0 0 0 0 
11686 2 0 2 0 0 0 0 0 0 0 0 0 0 0 0 0 0 0 0 0 0 0 
11701 9 0 9 0 0 0 0 0 0 0 0 0 0 0 0 0 0 0 0 0 0 0 
11716 12 0 12 0 0 0 0 0 0 0 0 0 0 0 0 0 0 0 0 0 0 0 
11731 7 0 7 0 0 0 0 0 0 0 0 0 0 0 0 0 0 0 0 0 0 0 
11746 2 0 2 0 0 0 0 0 0 0 0 0 0 0 0 0 0 0 0 0 0 0 
11761 4 0 4 0 0 0 0 0 0 0 0 0 0 0 0 0 0 0 0 0 0 0 
11776 6 0 6 0 0 0 0 0 0 0 0 0 0 0 0 0 0 0 0 0 0 0 
11791 3 0 3 0 0 0 0 0 0 0 0 0 0 0 0 0 0 0 0 0 0 0 
11806 5 0 5 0 0 0 0 0 0 0 0 0 0 0 0 0 0 0 0 0 0 0 
11821 1 0 1 0 0 0 0 0 0 0 0 0 0 0 0 0 0 0 0 0 0 0 
11836 4 0 4 0 0 0 0 0 0 0 0 0 0 0 0 0 0 0 0 0 0 0 
11851 3 0 3 0 0 0 0 0 0 0 0 0 0 0 0 0 0 0 0 0 0 0 
11866 6 0 6 0 0 0 0 0 0 0 0 0 0 0 0 0 0 0 0 0 0 0 
11881 16 0 16 0 0 0 0 0 0 0 0 0 0 0 0 0 0 0 0 0 0 0 
11884 1 0 16 0 0 0 0 0 1 0 0 0 0 0 0 0 0 0 0 0 0 0 
11896 0 0 0 0 0 0 0 0 1 0 0 0 0 0 0 0 0 0 0 0 0 0 
12796 0.5 0 1 0 0 0 0 0 0 0 0 0 0 0 0 0 0 0 0 0 0 0 
12811 3 0 3 0 0 0 0 0 0 0 0 0 0 0 0 0 0 0 0 0 0 0 
12826 4 0 4 0 0 0 0 0 0 0 0 0 0 0 0 0 0 0 0 0 0 0 
12871 3 0 3 0 0 0 0 0 0 0 0 0 0 0 0 0 0 0 0 0 0 0 
12886 4 0 4 0 0 0 0 0 0 0 0 0 0 0 0 0 0 0 0 0 0 0 
12901 1 0 1 0 0 0 0 0 0 0 0 0 0 0 0 0 0 0 0 0 0 0 
12916 0 0 0 0 0 0 0 0 0 0 0 0 0 0 0 0 0 0 0 0 0 0 
13412 9 0 0 0 9 0 0 0 0 0 0 0 0 0 0 0 0 0 0 0 0 0 
13427 7 0 0 0 7 0 0 0 0 0 0 0 0 0 0 0 0 0 0 0 0 0 
13442 12 0 0 0 12 0 0 0 0 0 0 0 0 0 0 0 0 0 0 0 0 0 
13457 7 0 0 0 7 0 0 0 0 0 0 0 0 0 0 0 0 0 0 0 0 0 
13472 6 0 0 0 6 0 0 0 0 0 0 0 0 0 0 0 0 0 0 0 0 0 
13487 13 0 0 0 13 0 0 0 0 0 0 0 0 0 0 0 0 0 0 0 0 0 
13502 2 0 0 0 2 0 0 0 0 0 0 0 0 0 0 0 0 0 0 0 0 0 
13517 -16 0 0 0 -16 0 0 0 0 0 0 0 0 0 0 0 0 0 0 0 0 0 
13532 -12 0 0 0 -12 0 0 0 0 0 0 0 0 0 0 0 0 0 0 0 0 0 
13547 -16 0 0 0 -16 0 0 0 0 0 0 0 0 0 0 0 0 0 0 0 0 0 
13562 -12 0 0 0 -12 0 0 0 0 0 0 0 0 0 0 0 0 0 0 0 0 0 
13577 0 0 0 0 0 0 0 0 0 0 0 0 0 0 0 0 0 0 0 0 0 0 
15076 1 0 1 0 0 0 0 0 0 0 0 0 0 0 0 0 0 0 0 0 0 0 
15091 3 0 3 0 0 0 0 0 0 0 0 0 0 0 0 0 0 0 0 0 0 0 
15106 23 0 23 0 0 0 0 0 0 0 0 0 0 0 0 0 0 0 0 0 0 0 
15121 4 0 4 0 0 0 0 0 0 0 0 0 0 0 0 0 0 0 0 0 0 0 
15151 3 0 3 0 0 0 0 0 0 0 0 0 0 0 0 0 0 0 0 0 0 0 
15166 0 0 0 0 0 0 0 0 0 0 0 0 0 0 0 0 0 0 0 0 0 0 
15391 2 0 2 0 0 0 0 0 0 0 0 0 0 0 0 0 0 0 0 0 0 0 
15406 4 0 4 0 0 0 0 0 0 0 0 0 0 0 0 0 0 0 0 0 0 0 
15451 3 0 3 0 0 0 0 0 0 0 0 0 0 0 0 0 0 0 0 0 0 0 
15466 4 0 4 0 0 0 0 0 0 0 0 0 0 0 0 0 0 0 0 0 0 0 
15481 2 0 2 0 0 0 0 0 0 0 0 0 0 0 0 0 0 0 0 0 0 0 
15496 0 1 0 1 0 0 0 0 0 0 0 0 0 0 0 0 0 0 0 0 0 0 
15511 0 0 0 0 0 0 0 0 0 0 0 0 0 0 0 0 0 0 0 0 0 0 
15541 0 21 0 21 0 0 0 0 0 0 0 0 0 0 0 0 0 0 0 0 0 0 
15556 0 0 0 0 0 0 0 0 0 0 0 0 0 0 0 0 0 0 0 0 0 0 
16161 8 0 0 0 0 0 0 0 0 0 0 0 8 0 0 0 0 0 0 0 0 0 
16178 7 0 0 0 0 0 0 0 0 0 0 0 8 0 0 0 7 0 0 0 0 0 
16191 11 0 0 0 0 0 0 0 0 0 0 0 11 0 0 0 7 0 0 0 0 0 
16193 6 0 0 0 0 0 0 0 0 0 0 0 11 0 0 0 6 0 0 0 0 0 
16206 7 0 0 0 0 0 0 0 0 0 0 0 7 0 0 0 6 0 0 0 0 0 
16208 14 0 0 0 0 0 0 0 0 0 0 0 7 0 0 0 14 0 0 0 0 0 
16221 4 0 0 0 0 0 0 0 0 0 0 0 4 0 0 0 14 0 0 0 0 0 
16223 1 0 0 0 0 0 0 0 0 0 0 0 4 0 0 0 1 0 0 0 0 0 
16236 16 0 0 0 0 0 0 0 0 0 0 0 16 0 0 0 1 0 0 0 0 0 
16238 9 0 0 0 0 0 0 0 0 0 0 0 16 0 0 0 9 0 0 0 0 0 
16251 2 0 0 0 0 0 0 0 0 0 0 0 2 0 0 0 9 0 0 0 0 0 
16253 12 0 0 0 0 0 0 0 0 0 0 0 2 0 0 0 12 0 0 0 0 0 
16266 3 0 0 0 0 0 0 0 0 0 0 0 3 0 0 0 12 0 0 0 0 0 
16268 7 0 0 0 0 0 0 0 0 0 0 0 3 0 0 0 7 0 0 0 0 0 
16281 4 0 0 0 0 0 0 0 0 0 0 0 4 0 0 0 7 0 0 0 0 0 
16283 2 0 0 0 0 0 0 0 0 0 0 0 4 0 0 0 2 0 0 0 0 0 
16296 6 0 0 0 0 0 0 0 0 0 0 0 6 0 0 0 2 0 0 0 0 0 
16298 4 0 0 0 0 0 0 0 0 0 0 0 6 0 0 0 4 0 0 0 0 0 
16311 3 0 0 0 0 0 0 0 0 0 0 0 3 0 0 0 4 0 0 0 0 0 
16313 6 0 0 0 0 0 0 0 0 0 0 0 3 0 0 0 6 0 0 0 0 0 
16326 4 0 0 0 0 0 0 0 0 0 0 0 4 0 0 0 6 0 0 0 0 0 
16341 3 0 0 0 0 0 0 0 0 0 0 0 2 0 0 0 4 0 0 0 0 0 
16356 4 0 0 0 0 0 0 0 0 0 0 0 4 0 0 0 4 0 0 0 0 0 
16358 1 0 0 0 0 0 0 0 0 0 0 0 4 0 0 0 1 0 0 0 0 0 
16371 3 0 0 0 0 0 0 0 0 0 0 0 3 0 0 0 1 0 0 0 0 0 
16373 4 0 0 0 0 0 0 0 0 0 0 0 3 0 0 0 4 0 0 0 0 0 
16386 6 0 0 0 0 0 0 0 0 0 0 0 6 0 0 0 4 0 0 0 0 0 
16401 5 0 0 0 0 0 0 0 0 0 0 0 5 0 0 0 4 0 0 0 0 0 
16416 2.5 0 0 0 0 0 0 0 0 0 0 0 0 0 0 0 5 0 0 0 0 0 
16418 6 0 0 0 0 0 0 0 0 0 0 0 0 0 0 0 6 0 0 0 0 0 
16433 0 0 0 0 0 0 0 0 0 0 0 0 0 0 0 0 0 0 0 0 0 0 
16596 4 0 0 0 0 0 0 0 0 0 0 0 4 0 0 0 0 0 0 0 0 0 
16611 3 0 0 0 0 0 0 0 0 0 0 0 3 0 0 0 0 0 0 0 0 0 
16626 4 0 0 0 0 0 0 0 0 0 0 0 4 0 0 0 0 0 0 0 0 0 
16671 1 0 0 0 0 0 0 0 0 0 0 0 1 0 0 0 0 0 0 0 0 0 
16686 0 0 0 0 0 0 0 0 0 0 0 0 0 0 0 0 0 0 0 0 0 0 
16731 1 0 0 0 0 0 0 0 0 0 0 0 1 0 0 0 0 0 0 0 0 0 
16746 4 0 0 0 0 0 0 0 0 0 0 0 4 0 0 0 0 0 0 0 0 0 
16791 3 0 0 0 0 0 0 0 0 0 0 0 3 0 0 0 0 0 0 0 0 0 
16806 1 0 0 0 0 0 0 0 0 0 0 0 1 0 0 0 0 0 0 0 0 0 
16821 0 0 0 0 0 0 0 0 0 0 0 0 0 0 0 0 0 0 0 0 0 0 
16928 4 0 0 0 0 0 0 0 0 0 0 0 0 0 0 0 4 0 0 0 0 0 
16943 3 0 0 0 0 0 0 0 0 0 0 0 0 0 0 0 3 0 0 0 0 0 
16958 4 0 0 0 0 0 0 0 0 0 0 0 0 0 0 0 4 0 0 0 0 0 
17003 3 0 0 0 0 0 0 0 0 0 0 0 0 0 0 0 3 0 0 0 0 0 
17018 4 0 0 0 0 0 0 0 0 0 0 0 0 0 0 0 4 0 0 0 0 0 
17048 1 0 0 0 0 0 0 0 0 0 0 0 0 0 0 0 1 0 0 0 0 0 
17063 0 0 0 0 0 0 0 0 0 0 0 0 0 0 0 0 0 0 0 0 0 0 
17155 6 0 0 0 0 0 0 0 0 0 0 0 0 0 0 0 0 0 0 0 6 0 
17170 14 0 0 0 0 0 0 0 0 0 0 0 0 0 0 0 0 0 0 0 14 0 
17185 16 0 0 0 0 0 0 0 0 0 0 0 0 0 0 0 0 0 0 0 16 0 
17200 2 0 0 0 0 0 0 0 0 0 0 0 0 0 0 0 0 0 0 0 2 0 
17215 0 0 0 0 0 0 0 0 0 0 0 0 0 0 0 0 0 0 0 0 0 0 
17230 8 0 0 0 0 0 0 0 0 0 0 0 0 0 0 0 0 0 0 0 8 0 
17260 12 0 0 0 0 0 0 0 0 0 0 0 0 0 0 0 0 0 0 0 12 0 
17275 1 0 0 0 0 0 0 0 0 0 0 0 0 0 0 0 0 0 0 0 1 0 
17290 4 0 0 0 0 0 0 0 0 0 0 0 0 0 0 0 0 0 0 0 4 0 
17320 6 0 0 0 0 0 0 0 0 0 0 0 0 0 0 0 0 0 0 0 6 0 
17335 5 0 0 0 0 0 0 0 0 0 0 0 0 0 0 0 0 0 0 0 5 0 
17350 0 0 0 0 0 0 0 0 0 0 0 0 0 0 0 0 0 0 0 0 0 0 
17365 4 0 0 0 0 0 0 0 0 0 0 0 0 0 0 0 0 0 0 0 4 0 
17380 14 0 0 0 0 0 0 0 0 0 0 0 0 0 0 0 0 0 0 0 14 0 
17395 5 0 0 0 0 0 0 0 0 0 0 0 0 0 0 0 0 0 0 0 5 0 
17410 4 0 0 0 0 0 0 0 0 0 0 0 0 0 0 0 0 0 0 0 4 0 
17425 3 0 0 0 0 0 0 0 0 0 0 0 0 0 0 0 0 0 0 0 3 0 
17440 0 0 0 0 0 0 0 0 0 0 0 0 0 0 0 0 0 0 0 0 0 0 
17485 4 0 0 0 0 0 0 0 0 0 0 0 0 0 0 0 0 0 0 0 4 0 
17515 3 0 0 0 0 0 0 0 0 0 0 0 0 0 0 0 0 0 0 0 3 0 
17530 4 0 0 0 0 0 0 0 0 0 0 0 0 0 0 0 0 0 0 0 4 0 
17575 1 0 0 0 0 0 0 0 0 0 0 0 0 0 0 0 0 0 0 0 1 0 
17590 0 0 0 0 0 0 0 0 0 0 0 0 0 0 0 0 0 0 0 0 0 0 
17633 4 0 0 0 0 0 0 0 0 0 0 0 0 0 0 0 4 0 0 0 0 0 
17663 3 0 0 0 0 0 0 0 0 0 0 0 0 0 0 0 3 0 0 0 0 0 
17678 4 0 0 0 0 0 0 0 0 0 0 0 0 0 0 0 4 0 0 0 0 0 
17738 0 0 0 0 0 0 0 0 0 0 0 0 0 0 0 0 0 0 0 0 0 0 
18081 2 0 0 0 0 0 0 0 0 0 0 0 2 0 0 0 0 0 0 0 0 0 
18096 14 0 0 0 0 0 0 0 0 0 0 0 14 0 0 0 0 0 0 0 0 0 
18100 2 0 0 0 0 0 0 0 0 0 0 0 14 0 0 0 0 0 0 0 2 0 
18111 18 0 0 0 0 0 0 0 0 0 0 0 18 0 0 0 0 0 0 0 2 0 
18115 3 0 0 0 0 0 0 0 0 0 0 0 18 0 0 0 0 0 0 0 3 0 
18126 14 0 0 0 0 0 0 0 0 0 0 0 14 0 0 0 0 0 0 0 3 0 
18130 4 0 0 0 0 0 0 0 0 0 0 0 14 0 0 0 0 0 0 0 4 0 
18141 19 0 0 0 0 0 0 0 0 0 0 0 19 0 0 0 0 0 0 0 4 0 
18156 3 0 0 0 0 0 0 0 0 0 0 0 3 0 0 0 0 0 0 0 4 0 
18171 0 1 0 0 0 0 0 0 0 0 0 0 0 1 0 0 0 0 0 0 4 0 
18175 3 0 0 0 0 0 0 0 0 0 0 0 0 1 0 0 0 0 0 0 3 0 
18186 0 0 0 0 0 0 0 0 0 0 0 0 0 0 0 0 0 0 0 0 3 0 
18190 14 0 0 0 0 0 0 0 0 0 0 0 0 0 0 0 0 0 0 0 14 0 
18201 0 10 0 0 0 0 0 0 0 0 0 0 0 10 0 0 0 0 0 0 14 0 
18205 19 0 0 0 0 0 0 0 0 0 0 0 0 10 0 0 0 0 0 0 19 0 
18216 0 11 0 0 0 0 0 0 0 0 0 0 0 11 0 0 0 0 0 0 19 0 
18220 14 0 0 0 0 0 0 0 0 0 0 0 0 11 0 0 0 0 0 0 14 0 
18231 0 0 0 0 0 0 0 0 0 0 0 0 0 0 0 0 0 0 0 0 14 0 
18235 1 0 0 0 0 0 0 0 0 0 0 0 0 0 0 0 0 0 0 0 1 0 
18250 0 0 0 0 0 0 0 0 0 0 0 0 0 0 0 0 0 0 0 0 0 0 
19285 17 0 0 0 0 0 0 0 0 0 0 0 0 0 0 0 0 0 0 0 17 0 
19300 4 0 0 0 0 0 0 0 0 0 0 0 0 0 0 0 0 0 0 0 4 0 
19315 3 0 0 0 0 0 0 0 0 0 0 0 0 0 0 0 0 0 0 0 3 0 
19330 4 0 0 0 0 0 0 0 0 0 0 0 0 0 0 0 0 0 0 0 4 0 
19345 12 0 0 0 0 0 0 0 0 0 0 0 0 0 0 0 0 0 0 0 12 0 
19360 0 1 0 0 0 0 0 0 0 0 0 0 0 0 0 0 0 0 0 0 0 1 
19375 0 0 0 0 0 0 0 0 0 0 0 0 0 0 0 0 0 0 0 0 0 0 
19390 0 10 0 0 0 0 0 0 0 0 0 0 0 0 0 0 0 0 0 0 0 10 
19405 0 21 0 0 0 0 0 0 0 0 0 0 0 0 0 0 0 0 0 0 0 21 
19420 0 0 0 0 0 0 0 0 0 0 0 0 0 0 0 0 0 0 0 0 0 0 
20356 7 0 7 0 0 0 0 0 0 0 0 0 0 0 0 0 0 0 0 0 0 0 
20371 3 0 3 0 0 0 0 0 0 0 0 0 0 0 0 0 0 0 0 0 0 0 
20386 16 0 16 0 0 0 0 0 0 0 0 0 0 0 0 0 0 0 0 0 0 0 
20401 2 0 2 0 0 0 0 0 0 0 0 0 0 0 0 0 0 0 0 0 0 0 
20416 9 0 9 0 0 0 0 0 0 0 0 0 0 0 0 0 0 0 0 0 0 0 
20431 7 0 7 0 0 0 0 0 0 0 0 0 0 0 0 0 0 0 0 0 0 0 
20446 12 0 12 0 0 0 0 0 0 0 0 0 0 0 0 0 0 0 0 0 0 0 
20461 -6 0 -6 0 0 0 0 0 0 0 0 0 0 0 0 0 0 0 0 0 0 0 
20476 -20 0 -20 0 0 0 0 0 0 0 0 0 0 0 0 0 0 0 0 0 0 0 
20491 -8 0 -8 0 0 0 0 0 0 0 0 0 0 0 0 0 0 0 0 0 0 0 
20506 -20 0 -20 0 0 0 0 0 0 0 0 0 0 0 0 0 0 0 0 0 0 0 
20521 -2 0 -2 0 0 0 0 0 0 0 0 0 0 0 0 0 0 0 0 0 0 0 
20536 0 0 0 0 0 0 0 0 0 0 0 0 0 0 0 0 0 0 0 0 0 0 
20926 6 0 6 0 0 0 0 0 0 0 0 0 0 0 0 0 0 0 0 0 0 0 
20941 4 0 4 0 0 0 0 0 0 0 0 0 0 0 0 0 0 0 0 0 0 0 
20956 16 0 16 0 0 0 0 0 0 0 0 0 0 0 0 0 0 0 0 0 0 0 
20971 2 0 2 0 0 0 0 0 0 0 0 0 0 0 0 0 0 0 0 0 0 0 
20986 8 0 8 0 0 0 0 0 0 0 0 0 0 0 0 0 0 0 0 0 0 0 
21016 12 0 12 0 0 0 0 0 0 0 0 0 0 0 0 0 0 0 0 0 0 0 
21031 1 0 1 0 0 0 0 0 0 0 0 0 0 0 0 0 0 0 0 0 0 0 
21046 4 0 4 0 0 0 0 0 0 0 0 0 0 0 0 0 0 0 0 0 0 0 
21076 6 0 6 0 0 0 0 0 0 0 0 0 0 0 0 0 0 0 0 0 0 0 
21091 5 0 5 0 0 0 0 0 0 0 0 0 0 0 0 0 0 0 0 0 0 0 
21106 0 0 0 0 0 0 0 0 0 0 0 0 0 0 0 0 0 0 0 0 0 0 
21121 4 0 4 0 0 0 0 0 0 0 0 0 0 0 0 0 0 0 0 0 0 0 
21151 5 0 5 0 0 0 0 0 0 0 0 0 0 0 0 0 0 0 0 0 0 0 
21166 4 0 4 0 0 0 0 0 0 0 0 0 0 0 0 0 0 0 0 0 0 0 
21181 3 0 3 0 0 0 0 0 0 0 0 0 0 0 0 0 0 0 0 0 0 0 
21196 0 0 0 0 0 0 0 0 0 0 0 0 0 0 0 0 0 0 0 0 0 0 
21256 4 0 4 0 0 0 0 0 0 0 0 0 0 0 0 0 0 0 0 0 0 0 
21271 3 0 3 0 0 0 0 0 0 0 0 0 0 0 0 0 0 0 0 0 0 0 
21286 4 0 4 0 0 0 0 0 0 0 0 0 0 0 0 0 0 0 0 0 0 0 
21308 23 0 4 0 0 0 0 0 0 0 0 0 0 0 0 0 23 0 0 0 0 0 
21323 3 0 4 0 0 0 0 0 0 0 0 0 0 0 0 0 3 0 0 0 0 0 
21331 0 0 0 0 0 0 0 0 0 0 0 0 0 0 0 0 3 0 0 0 0 0 
21332 7 0 0 0 7 0 0 0 0 0 0 0 0 0 0 0 3 0 0 0 0 0 
21338 4 0 0 0 7 0 0 0 0 0 0 0 0 0 0 0 4 0 0 0 0 0 
21346 1 0 1 0 7 0 0 0 0 0 0 0 0 0 0 0 4 0 0 0 0 0 
21347 3 0 1 0 3 0 0 0 0 0 0 0 0 0 0 0 4 0 0 0 0 0 
21361 4 0 4 0 3 0 0 0 0 0 0 0 0 0 0 0 4 0 0 0 0 0 
21362 16 0 4 0 16 0 0 0 0 0 0 0 0 0 0 0 4 0 0 0 0 0 
21377 2 0 4 0 2 0 0 0 0 0 0 0 0 0 0 0 4 0 0 0 0 0 
21383 3 0 4 0 2 0 0 0 0 0 0 0 0 0 0 0 3 0 0 0 0 0 
21392 6 0 3 0 9 0 0 0 0 0 0 0 0 0 0 0 3 0 0 0 0 0 
21398 4 0 3 0 9 0 0 0 0 0 0 0 0 0 0 0 4 0 0 0 0 0 
21406 2 0 2 0 9 0 0 0 0 0 0 0 0 0 0 0 4 0 0 0 0 0 
21407 7 0 2 0 7 0 0 0 0 0 0 0 0 0 0 0 4 0 0 0 0 0 
21421 3 0 3 0 7 0 0 0 0 0 0 0 0 0 0 0 4 0 0 0 0 0 
21422 12 0 3 0 12 0 0 0 0 0 0 0 0 0 0 0 4 0 0 0 0 0 
21428 0 1 3 0 12 0 0 0 0 0 0 0 0 0 0 0 0 1 0 0 0 0 
21436 4 0 4 0 12 0 0 0 0 0 0 0 0 0 0 0 0 1 0 0 0 0 
21437 2 0 4 0 2 0 0 0 0 0 0 0 0 0 0 0 0 1 0 0 0 0 
21443 0 0 4 0 2 0 0 0 0 0 0 0 0 0 0 0 0 0 0 0 0 0 
21451 3 0 3 0 2 0 0 0 0 0 0 0 0 0 0 0 0 0 0 0 0 0 
21452 4 0 3 0 4 0 0 0 0 0 0 0 0 0 0 0 0 0 0 0 0 0 
21458 0 10 3 0 4 0 0 0 0 0 0 0 0 0 0 0 0 10 0 0 0 0 
21466 2 0 2 0 4 0 0 0 0 0 0 0 0 0 0 0 0 10 0 0 0 0 
21467 3 0 2 0 3 0 0 0 0 0 0 0 0 0 0 0 0 10 0 0 0 0 
21473 0 1 2 0 3 0 0 0 0 0 0 0 0 0 0 0 0 1 0 0 0 0 
21482 3 0.5 0 1 6 0 0 0 0 0 0 0 0 0 0 0 0 1 0 0 0 0 
21488 0 0 0 1 6 0 0 0 0 0 0 0 0 0 0 0 0 0 0 0 0 0 
21497 2.5 0 0 0 5 0 0 0 0 0 0 0 0 0 0 0 0 0 0 0 0 0 
21512 1 0 0 0 1 0 0 0 0 0 0 0 0 0 0 0 0 0 0 0 0 0 
21526 0 21 0 21 1 0 0 0 0 0 0 0 0 0 0 0 0 0 0 0 0 0 
21527 3 0 0 21 3 0 0 0 0 0 0 0 0 0 0 0 0 0 0 0 0 0 
21541 0 0 0 0 3 0 0 0 0 0 0 0 0 0 0 0 0 0 0 0 0 0 
21542 4 0 0 0 4 0 0 0 0 0 0 0 0 0 0 0 0 0 0 0 0 0 
21557 6 0 0 0 6 0 0 0 0 0 0 0 0 0 0 0 0 0 0 0 0 0 
21587 0 0 0 0 0 0 0 0 0 0 0 0 0 0 0 0 0 0 0 0 0 0 
21890 8 0 0 0 0 0 0 0 0 0 8 0 0 0 0 0 0 0 0 0 0 0 
21920 12 0 0 0 0 0 0 0 0 0 12 0 0 0 0 0 0 0 0 0 0 0 
21935 6 0 0 0 0 0 0 0 0 0 6 0 0 0 0 0 0 0 0 0 0 0 
21950 4 0 0 0 0 0 0 0 0 0 4 0 0 0 0 0 0 0 0 0 0 0 
21965 16 0 0 0 0 0 0 0 0 0 16 0 0 0 0 0 0 0 0 0 0 0 
21980 2 0 0 0 0 0 0 0 0 0 2 0 0 0 0 0 0 0 0 0 0 0 
21995 3 0 0 0 0 0 0 0 0 0 3 0 0 0 0 0 0 0 0 0 0 0 
22010 4 0 0 0 0 0 0 0 0 0 4 0 0 0 0 0 0 0 0 0 0 0 
22025 6 0 0 0 0 0 0 0 0 0 6 0 0 0 0 0 0 0 0 0 0 0 
22040 14 0 0 0 0 0 0 0 0 0 14 0 0 0 0 0 0 0 0 0 0 0 
22055 3 0 0 0 0 0 0 0 0 0 3 0 0 0 0 0 0 0 0 0 0 0 
22070 2 0 0 0 0 0 0 0 0 0 2 0 0 0 0 0 0 0 0 0 0 0 
22085 4 0 0 0 0 0 0 0 0 0 4 0 0 0 0 0 0 0 0 0 0 0 
22100 6 0 0 0 0 0 0 0 0 0 6 0 0 0 0 0 0 0 0 0 0 0 
22115 3 0 0 0 0 0 0 0 0 0 3 0 0 0 0 0 0 0 0 0 0 0 
22130 5 0 0 0 0 0 0 0 0 0 5 0 0 0 0 0 0 0 0 0 0 0 
22145 0 0 0 0 0 0 0 0 0 0 0 0 0 0 0 0 0 0 0 0 0 0 
22267 7 0 0 0 0 0 0 0 0 0 0 0 0 0 7 0 0 0 0 0 0 0 
22282 6 0 0 0 0 0 0 0 0 0 0 0 0 0 6 0 0 0 0 0 0 0 
22297 14 0 0 0 0 0 0 0 0 0 0 0 0 0 14 0 0 0 0 0 0 0 
22312 7 0 0 0 0 0 0 0 0 0 0 0 0 0 7 0 0 0 0 0 0 0 
22327 3 0 0 0 0 0 0 0 0 0 0 0 0 0 3 0 0 0 0 0 0 0 
22342 12 0 0 0 0 0 0 0 0 0 0 0 0 0 12 0 0 0 0 0 0 0 
22357 7 0 0 0 0 0 0 0 0 0 0 0 0 0 7 0 0 0 0 0 0 0 
22372 2 0 0 0 0 0 0 0 0 0 0 0 0 0 2 0 0 0 0 0 0 0 
22387 3 0 0 0 0 0 0 0 0 0 0 0 0 0 3 0 0 0 0 0 0 0 
22402 4 0 0 0 0 0 0 0 0 0 0 0 0 0 4 0 0 0 0 0 0 0 
22417 6 0 0 0 0 0 0 0 0 0 0 0 0 0 6 0 0 0 0 0 0 0 
22432 5 0 0 0 0 0 0 0 0 0 0 0 0 0 5 0 0 0 0 0 0 0 
22447 0 0 0 0 0 0 0 0 0 0 0 0 0 0 0 0 0 0 0 0 0 0 
22462 4 0 0 0 0 0 0 0 0 0 0 0 0 0 4 0 0 0 0 0 0 0 
22492 6 0 0 0 0 0 0 0 0 0 0 0 0 0 6 0 0 0 0 0 0 0 
22507 3 0 0 0 0 0 0 0 0 0 0 0 0 0 3 0 0 0 0 0 0 0 
22537 0 0 0 0 0 0 0 0 0 0 0 0 0 0 0 0 0 0 0 0 0 0 
22777 3 0 0 0 0 0 0 0 0 0 0 0 0 0 3 0 0 0 0 0 0 0 
22792 4 0 0 0 0 0 0 0 0 0 0 0 0 0 4 0 0 0 0 0 0 0 
22807 13 0 0 0 0 0 0 0 0 0 0 0 0 0 13 0 0 0 0 0 0 0 
22822 4 0 0 0 0 0 0 0 0 0 0 0 0 0 4 0 0 0 0 0 0 0 
22867 3 0 0 0 0 0 0 0 0 0 0 0 0 0 3 0 0 0 0 0 0 0 
22897 0 0 0 0 0 0 0 0 0 0 0 0 0 0 0 0 0 0 0 0 0 0 
22912 1 0 0 0 0 0 0 0 0 0 0 0 0 0 1 0 0 0 0 0 0 0 
22927 3 0 0 0 0 0 0 0 0 0 0 0 0 0 3 0 0 0 0 0 0 0 
22942 63 0 0 0 0 0 0 0 0 0 0 0 0 0 63 0 0 0 0 0 0 0 
22957 1 0 0 0 0 0 0 0 0 0 0 0 0 0 1 0 0 0 0 0 0 0 
22972 0 0 0 0 0 0 0 0 0 0 0 0 0 0 0 0 0 0 0 0 0 0 
23252 3 0 0 0 3 0 0 0 0 0 0 0 0 0 0 0 0 0 0 0 0 0 
23267 14 0 0 0 14 0 0 0 0 0 0 0 0 0 0 0 0 0 0 0 0 0 
23282 4 0 0 0 4 0 0 0 0 0 0 0 0 0 0 0 0 0 0 0 0 0 
23312 14 0 0 0 14 0 0 0 0 0 0 0 0 0 0 0 0 0 0 0 0 0 
23327 3 0 0 0 3 0 0 0 0 0 0 0 0 0 0 0 0 0 0 0 0 0 
23342 2 0 0 0 2 0 0 0 0 0 0 0 0 0 0 0 0 0 0 0 0 0 
23357 0 0 0 0 0 0 0 0 0 0 0 0 0 0 0 0 0 0 0 0 0 0 
23567 1 0 0 0 1 0 0 0 0 0 0 0 0 0 0 0 0 0 0 0 0 0 
23582 4 0 0 0 4 0 0 0 0 0 0 0 0 0 0 0 0 0 0 0 0 0 
23627 14 0 0 0 14 0 0 0 0 0 0 0 0 0 0 0 0 0 0 0 0 0 
23642 4 0 0 0 4 0 0 0 0 0 0 0 0 0 0 0 0 0 0 0 0 0 
23657 2 0 0 0 2 0 0 0 0 0 0 0 0 0 0 0 0 0 0 0 0 0 
23672 0 0 0 0 0 0 0 0 0 0 0 0 0 0 0 0 0 0 0 0 0 0 
24112 11 0 0 0 0 0 0 0 0 0 0 0 0 0 11 0 0 0 0 0 0 0 
24127 18 0 0 0 0 0 0 0 0 0 0 0 0 0 18 0 0 0 0 0 0 0 
24142 4 0 0 0 0 0 0 0 0 0 0 0 0 0 4 0 0 0 0 0 0 0 
24157 15 0 0 0 0 0 0 0 0 0 0 0 0 0 15 0 0 0 0 0 0 0 
24172 19 0 0 0 0 0 0 0 0 0 0 0 0 0 19 0 0 0 0 0 0 0 
24187 1 0 0 0 0 0 0 0 0 0 0 0 0 0 1 0 0 0 0 0 0 0 
24202 0 1 0 0 0 0 0 0 0 0 0 0 0 0 0 1 0 0 0 0 0 0 
24217 0 0 0 0 0 0 0 0 0 0 0 0 0 0 0 0 0 0 0 0 0 0 
24247 0 21 0 0 0 0 0 0 0 0 0 0 0 0 0 21 0 0 0 0 0 0 
24262 0 0 0 0 0 0 0 0 0 0 0 0 0 0 0 0 0 0 0 0 0 0 
24302 1 0 0 0 1 0 0 0 0 0 0 0 0 0 0 0 0 0 0 0 0 0 
24317 4 0 0 0 4 0 0 0 0 0 0 0 0 0 0 0 0 0 0 0 0 0 
24347 3 0 0 0 3 0 0 0 0 0 0 0 0 0 0 0 0 0 0 0 0 0 
24362 54 0 0 0 54 0 0 0 0 0 0 0 0 0 0 0 0 0 0 0 0 0 
24377 0 1 0 0 0 1 0 0 0 0 0 0 0 0 0 0 0 0 0 0 0 0 
24392 0 0 0 0 0 0 0 0 0 0 0 0 0 0 0 0 0 0 0 0 0 0 
24407 0 10 0 0 0 10 0 0 0 0 0 0 0 0 0 0 0 0 0 0 0 0 
24422 0 11 0 0 0 11 0 0 0 0 0 0 0 0 0 0 0 0 0 0 0 0 
24437 0 0 0 0 0 0 0 0 0 0 0 0 0 0 0 0 0 0 0 0 0 0 
26240 4 0 0 0 0 0 0 0 0 0 4 0 0 0 0 0 0 0 0 0 0 0 
26255 3 0 0 0 0 0 0 0 0 0 3 0 0 0 0 0 0 0 0 0 0 0 
26270 4 0 0 0 0 0 0 0 0 0 4 0 0 0 0 0 0 0 0 0 0 0 
26315 3 0 0 0 0 0 0 0 0 0 3 0 0 0 0 0 0 0 0 0 0 0 
26330 4 0 0 0 0 0 0 0 0 0 4 0 0 0 0 0 0 0 0 0 0 0 
26375 3 0 0 0 0 0 0 0 0 0 3 0 0 0 0 0 0 0 0 0 0 0 
26390 -2 0 0 0 0 0 0 0 0 0 -2 0 0 0 0 0 0 0 0 0 0 0 
26405 0 0 0 0 0 0 0 0 0 0 0 0 0 0 0 0 0 0 0 0 0 0 
