# ValueCount deltaRoadVehicles
10 0 0 0 0 0 0 0 0 0 0 0 0 0 0 0 0 0 0 0 0 0 0 
1041 1 1 1 0 1 0 1 0 1 0 1 0 1 1 1 0 1 0 1 0 1 0 
1056 2 0 2 0 2 0 2 0 2 0 2 0 2 0 2 0 2 0 2 0 2 0 
1071 3 2 3 0 3 0 3 0 3 0 3 0 3 2 3 0 3 0 3 0 3 0 
1101 4 0 4 0 4 0 4 0 4 0 4 0 4 0 4 0 4 0 4 0 4 0 
2494 5 1 5 0 5 0 5 0 5 1 5 0 5 0 5 0 5 0 5 0 5 0 
2524 6 12 6 0 6 0 6 0 6 12 6 0 6 0 6 0 6 0 6 0 6 0 
2539 7 11 7 0 7 0 7 0 7 11 7 0 7 0 7 0 7 0 7 0 7 0 
2554 8 0 8 0 8 0 8 0 8 0 8 0 8 0 8 0 8 0 8 0 8 0 
4974 9 1 9 0 9 0 9 0 9 0 9 0 9 0 9 0 9 0 9 1 9 0 
4989 10 2 10 0 10 0 10 0 10 0 10 0 10 0 10 0 10 0 10 2 10 0 
5004 11 12 11 0 11 0 11 0 11 0 11 0 11 0 11 0 11 0 11 12 11 0 
5019 12 0 12 0 12 0 12 0 12 0 12 0 12 0 12 0 12 0 12 0 12 0 
6711 13 1 13 0 13 0 13 0 13 0 13 0 13 1 13 0 13 0 13 0 13 0 
6741 14 12 14 0 14 0 14 0 14 0 14 0 14 12 14 0 14 0 14 0 14 0 
6756 15 1 15 0 15 0 15 0 15 0 15 0 15 1 15 0 15 0 15 0 15 0 
6771 16 0 16 0 16 0 16 0 16 0 16 0 16 0 16 0 16 0 16 0 16 0 
8077 17 1 17 0 17 0 17 0 17 0 17 0 17 0 17 1 17 0 17 0 17 0 
8092 18 11 18 0 18 0 18 0 18 0 18 0 18 0 18 11 18 0 18 0 18 0 
8107 19 2 19 0 19 0 19 0 19 0 19 0 19 0 19 2 19 0 19 0 19 0 
8122 20 1 20 0 20 0 20 0 20 0 20 0 20 0 20 1 20 0 20 0 20 0 
8137 21 0 21 0 21 0 21 0 21 0 21 0 21 0 21 0 21 0 21 0 21 0 
9601 22 1 22 1 22 0 22 0 22 0 22 0 22 0 22 0 22 0 22 0 22 0 
9631 23 2 23 2 23 0 23 0 23 0 23 0 23 0 23 0 23 0 23 0 23 0 
9646 24 11 24 11 24 0 24 0 24 0 24 0 24 0 24 0 24 0 24 0 24 0 
9661 25 0 25 0 25 0 25 0 25 0 25 0 25 0 25 0 25 0 25 0 25 0 
10520 26 11 26 0 26 0 26 0 26 0 26 11 26 0 26 0 26 0 26 0 26 0 
10535 27 0 27 0 27 0 27 0 27 0 27 0 27 0 27 0 27 0 27 0 27 0 
10550 28 2 28 0 28 0 28 0 28 0 28 2 28 0 28 0 28 0 28 0 28 0 
10580 29 0 29 0 29 0 29 0 29 0 29 0 29 0 29 0 29 0 29 0 29 0 
11177 30 1 30 0 30 1 30 0 30 0 30 0 30 0 30 0 30 0 30 0 30 0 
11192 31 0 31 0 31 0 31 0 31 0 31 0 31 0 31 0 31 0 31 0 31 0 
11207 32 12 32 0 32 12 32 0 32 0 32 0 32 0 32 0 32 0 32 0 32 0 
11222 33 2 33 0 33 2 33 0 33 0 33 0 33 0 33 0 33 0 33 0 33 0 
11237 34 0 34 0 34 0 34 0 34 0 34 0 34 0 34 0 34 0 34 0 34 0 
13341 35 1 35 0 35 0 35 0 35 0 35 0 35 1 35 0 35 0 35 0 35 0 
13371 36 2 36 0 36 0 36 0 36 0 36 0 36 2 36 0 36 0 36 0 36 0 
13386 37 1 37 0 37 0 37 0 37 0 37 0 37 1 37 0 37 0 37 0 37 0 
13401 38 0 38 0 38 0 38 0 38 0 38 0 38 0 38 0 38 0 38 0 38 0 
14933 39 1 39 0 39 0 39 0 39 0 39 0 39 0 39 0 39 1 39 0 39 0 
14948 40 2 40 0 40 0 40 0 40 0 40 0 40 0 40 0 40 2 40 0 40 0 
14963 41 1 41 0 41 0 41 0 41 0 41 0 41 0 41 0 41 1 41 0 41 0 
14993 42 0 42 0 42 0 42 0 42 0 42 0 42 0 42 0 42 0 42 0 42 0 
15100 43 1 43 0 43 0 43 0 43 0 43 0 43 0 43 0 43 0 43 0 43 1 
15130 44 2 44 0 44 0 44 0 44 0 44 0 44 0 44 0 44 0 44 0 44 2 
15145 45 1 45 0 45 0 45 0 45 0 45 0 45 0 45 0 45 0 45 0 45 1 
15160 46 0 46 0 46 0 46 0 46 0 46 0 46 0 46 0 46 0 46 0 46 0 
16144 47 1 47 0 47 0 47 0 47 1 47 0 47 0 47 0 47 0 47 0 47 0 
16159 48 11 48 0 48 0 48 0 48 11 48 0 48 0 48 0 48 0 48 0 48 0 
16174 49 2 49 0 49 0 49 0 49 2 49 0 49 0 49 0 49 0 49 0 49 0 
16189 50 1 50 0 50 0 50 0 50 1 50 0 50 0 50 0 50 0 50 0 50 0 
16204 51 0 51 0 51 0 51 0 51 0 51 0 51 0 51 0 51 0 51 0 51 0 
20238 52 1 52 0 52 0 52 1 52 0 52 0 52 0 52 0 52 0 52 0 52 0 
20253 53 0 53 0 53 0 53 0 53 0 53 0 53 0 53 0 53 0 53 0 53 0 
20268 54 2 54 0 54 0 54 2 54 0 54 0 54 0 54 0 54 0 54 0 54 0 
20298 55 0 55 0 55 0 55 0 55 0 55 0 55 0 55 0 55 0 55 0 55 0 
22059 56 1 56 0 56 0 56 0 56 0 56 0 56 0 56 0 56 0 56 1 56 0 
22074 57 0.5 57 1 57 0 57 0 57 0 57 0 57 0 57 0 57 0 57 0 57 0 
22089 58 12 58 1 58 0 58 0 58 0 58 0 58 0 58 0 58 0 58 12 58 0 
22096 59 2 59 2 59 0 59 0 59 0 59 0 59 0 59 0 59 0 59 12 59 0 
22111 60 6.5 60 11 60 0 60 0 60 0 60 0 60 0 60 0 60 0 60 2 60 0 
22119 61 0 61 11 61 0 61 0 61 0 61 0 61 0 61 0 61 0 61 0 61 0 
22190 62 0.5 62 0 62 0 62 0 62 0 62 1 62 0 62 0 62 0 62 0 62 0 
22205 63 0 63 0 63 0 63 0 63 0 63 0 63 0 63 0 63 0 63 0 63 0 
22220 64 12 64 0 64 0 64 0 64 0 64 12 64 0 64 0 64 0 64 0 64 0 
22235 65 2 65 0 65 0 65 0 65 0 65 2 65 0 65 0 65 0 65 0 65 0 
22250 66 0 66 0 66 0 66 0 66 0 66 0 66 0 66 0 66 0 66 0 66 0 
22507 67 11 67 0 67 0 67 0 67 0 67 0 67 0 67 11 67 0 67 0 67 0 
22522 68 0 68 0 68 0 68 0 68 0 68 0 68 0 68 0 68 0 68 0 68 0 
22537 69 22 69 0 69 0 69 0 69 0 69 0 69 0 69 22 69 0 69 0 69 0 
22552 70 2 70 0 70 0 70 0 70 0 70 0 70 0 70 2 70 0 70 0 70 0 
22567 71 0 71 0 71 0 71 0 71 0 71 0 71 0 71 0 71 0 71 0 71 0 
24233 72 1 72 0 72 0 72 0 72 0 72 0 72 0 72 0 72 1 72 0 72 0 
24261 73 11 73 0 73 0 73 0 73 0 73 0 73 11 73 0 73 1 73 0 73 0 
24263 74 2 74 0 74 0 74 0 74 0 74 0 74 11 74 0 74 2 74 0 74 0 
24276 75 1 75 0 75 0 75 0 75 0 75 0 75 1 75 0 75 2 75 0 75 0 
24293 76 0 76 0 76 0 76 0 76 0 76 0 76 1 76 0 76 0 76 0 76 0 
24306 77 2 77 0 77 0 77 0 77 0 77 0 77 2 77 0 77 0 77 0 77 0 
24321 78 0 78 0 78 0 78 0 78 0 78 0 78 0 78 0 78 0 78 0 78 0 
26058 79 1 79 0 79 0 79 1 79 0 79 0 79 0 79 0 79 0 79 0 79 0 
26088 80 12 80 0 80 0 80 12 80 0 80 0 80 0 80 0 80 0 80 0 80 0 
26103 81 1 81 0 81 0 81 1 81 0 81 0 81 0 81 0 81 0 81 0 81 0 
26118 82 0 82 0 82 0 82 0 82 0 82 0 82 0 82 0 82 0 82 0 82 0 
