# deltaRoadVehicles deltaRailways
10 0 0 0 0 0 0 0 0 0 0 
121 0 8 0 8 0 0 0 0 0 0 
136 0 9 0 10 0 0 0 8 0 0 
151 0 11 0 11 0 0 0 8 0 0 
153 0 12 0 11 0 0 0 12 0 0 
166 0 7 0 7 0 0 0 12 0 0 
181 0 5.5 0 4 0 0 0 7 0 0 
183 0 3 0 4 0 0 0 3 0 0 
196 0 16 0 16 0 0 0 3 0 0 
211 0 9 0 2 0 0 0 16 0 0 
213 0 2 0 2 0 0 0 2 0 0 
226 0 3 0 3 0 0 0 2 0 0 
228 0 4 0 3 0 0 0 4 0 0 
243 0 3.5 0 4 0 0 0 3 0 0 
256 0 6 0 6 0 0 0 3 0 0 
271 0 4.5 0 3 0 0 0 6 0 0 
273 0 4 0 3 0 0 0 4 0 0 
288 0 3.5 0 4 0 0 0 3 0 0 
303 0 2 0 4 0 0 0 2 0 0 
318 0 4 0 4 0 0 0 4 0 0 
331 0 3 0 3 0 0 0 4 0 0 
333 0 6 0 3 0 0 0 6 0 0 
348 0 5 0 6 0 0 0 4 0 0 
376 0 0 0 0 0 0 0 4 0 0 
438 0 3 0 0 0 0 0 3 0 0 
451 0 1 0 1 0 0 0 3 0 0 
453 0 4 0 1 0 0 0 4 0 0 
483 0 3.5 0 4 0 0 0 3 0 0 
498 0 4 0 4 0 0 0 4 0 0 
511 0 42 0 42 0 0 0 4 0 0 
526 0 3 0 3 0 0 0 4 0 0 
541 0 0 0 0 0 0 0 4 0 0 
874 0.5 0 0 0 0 0 0 0 1 0 
889 2 0 0 0 0 0 0 0 2 0 
904 4 0 0 0 0 0 0 0 4 0 
916 0 4 0 4 0 0 0 0 4 0 
919 0 0 0 4 0 0 0 0 0 0 
931 0 3 0 3 0 0 0 0 0 0 
946 0 15 0 15 0 0 0 0 0 0 
961 0 4 0 4 0 0 0 0 0 0 
991 0 2 0 2 0 0 0 0 0 0 
1006 0 0 0 0 0 0 0 0 0 0 
1067 1 0 0 0 1 0 0 0 0 0 
1097 4 0 0 0 4 0 0 0 0 0 
1112 1 0 0 0 1 0 0 0 0 0 
1127 0 0 0 0 0 0 0 0 0 0 
1173 0 4 0 0 0 0 0 4 0 0 
1186 0 3 0 3 0 0 0 4 0 0 
1188 0 6 0 3 0 0 0 6 0 0 
1201 0 4 0 4 0 0 0 6 0 0 
1203 0 3 0 4 0 0 0 3 0 0 
1218 0 15 0 4 0 0 0 15 0 0 
1231 0 3 0 3 0 0 0 15 0 0 
1233 0 4 0 3 0 0 0 4 0 0 
1246 0 6 0 6 0 0 0 4 0 0 
1261 0 4 0 4 0 0 0 4 0 0 
1263 0 0 0 4 0 0 0 0 0 0 
1291 0 3 0 3 0 0 0 0 0 0 
1306 0 1 0 1 0 0 0 0 0 0 
1321 0 0 0 0 0 0 0 0 0 0 
1893 0 1 0 0 0 0 0 1 0 0 
1908 0 4 0 0 0 0 0 4 0 0 
1923 0 3 0 0 0 0 0 3 0 0 
1938 0 4 0 0 0 0 0 4 0 0 
1968 0 15 0 0 0 0 0 15 0 0 
1983 0 3 0 0 0 0 0 3 0 0 
1998 0 0 0 0 0 0 0 0 0 0 
5927 0 8 0 0 0 8 0 0 0 0 
5957 0 12 0 0 0 12 0 0 0 0 
5972 0 0 0 0 0 0 0 0 0 0 
5987 0 6 0 0 0 6 0 0 0 0 
6002 0 4 0 0 0 4 0 0 0 0 
6017 0 16 0 0 0 16 0 0 0 0 
6032 0 4 0 0 0 4 0 0 0 0 
6077 0 6 0 0 0 6 0 0 0 0 
6092 0 4 0 0 0 4 0 0 0 0 
6122 0 1 0 0 0 1 0 0 0 0 
6137 0 4 0 0 0 4 0 0 0 0 
6167 0 5 0 0 0 5 0 0 0 0 
6182 0 6 0 0 0 6 0 0 0 0 
6197 0 0 0 0 0 0 0 0 0 0 
6934 3 0 0 0 0 0 0 0 3 0 
6949 4 0 0 0 0 0 0 0 4 0 
6979 0 0 0 0 0 0 0 0 0 0 
7398 1 0 0 0 0 0 1 0 0 0 
7413 2 0 0 0 0 0 2 0 0 0 
7443 0 0 0 0 0 0 0 0 0 0 
7891 1 0 1 0 0 0 0 0 0 0 
7921 2 0 2 0 0 0 0 0 0 0 
7936 1 0 1 0 0 0 0 0 0 0 
7951 0 0 0 0 0 0 0 0 0 0 
11794 0 3 0 0 0 0 0 0 0 3 
11809 0 10 0 0 0 0 0 0 0 10 
11824 0 6 0 0 0 0 0 0 0 6 
11839 0 7 0 0 0 0 0 0 0 7 
11854 0 0 0 0 0 0 0 0 0 0 
12289 0 2 0 0 0 0 0 0 0 2 
12304 0 4 0 0 0 0 0 0 0 4 
12319 0 3 0 0 0 0 0 0 0 3 
12334 0 4 0 0 0 0 0 0 0 4 
12379 0 3 0 0 0 0 0 0 0 3 
12394 0 22 0 0 0 0 0 0 0 22 
12409 0 0 0 0 0 0 0 0 0 0 
12678 0 7 0 0 0 0 0 7 0 0 
12708 0 12 0 0 0 0 0 12 0 0 
12723 0 2 0 0 0 0 0 2 0 0 
12738 0 0 0 0 0 0 0 0 0 0 
13576 0 3 0 3 0 0 0 0 0 0 
13591 0 9 0 9 0 0 0 0 0 0 
13606 0 5 0 5 0 0 0 0 0 0 
13621 0 10 0 10 0 0 0 0 0 0 
13636 0 1 0 1 0 0 0 0 0 0 
13651 0 0 0 0 0 0 0 0 0 0 
14012 0 63 0 0 0 63 0 0 0 0 
14027 0 3 0 0 0 3 0 0 0 0 
14042 0 4 0 0 0 4 0 0 0 0 
14072 0 0 0 0 0 0 0 0 0 0 
14087 0 -1 0 0 0 -1 0 0 0 0 
14102 0 0 0 0 0 0 0 0 0 0 
15271 0 1 0 1 0 0 0 0 0 0 
15286 0 6 0 6 0 0 0 0 0 0 
15301 0 4 0 4 0 0 0 0 0 0 
15331 0 5 0 5 0 0 0 0 0 0 
15346 0 4 0 4 0 0 0 0 0 0 
15391 0 -1 0 -1 0 0 0 0 0 0 
15421 0 0 0 0 0 0 0 0 0 0 
15528 0 53 0 0 0 0 0 53 0 0 
15543 0 -53 0 0 0 0 0 -53 0 0 
15556 0 2 0 2 0 0 0 -53 0 0 
15558 0 0 0 2 0 0 0 0 0 0 
15571 0 3 0 3 0 0 0 0 0 0 
15586 0 19 0 19 0 0 0 0 0 0 
15601 0 1 0 1 0 0 0 0 0 0 
15616 0 0 0 0 0 0 0 0 0 0 
15632 0 18 0 0 0 18 0 0 0 0 
15647 0 3 0 0 0 3 0 0 0 0 
15662 0 4 0 0 0 4 0 0 0 0 
15707 0 3 0 0 0 3 0 0 0 0 
15722 0 -3 0 0 0 -3 0 0 0 0 
15737 0 0 0 0 0 0 0 0 0 0 
15812 0 2 0 0 0 2 0 0 0 0 
15827 0 14 0 0 0 14 0 0 0 0 
15842 0 3 0 0 0 3 0 0 0 0 
15857 0 0 0 0 0 0 0 0 0 0 
15992 0 3 0 0 0 3 0 0 0 0 
16022 0 4 0 0 0 4 0 0 0 0 
16067 0 3 0 0 0 3 0 0 0 0 
16082 0 15 0 0 0 15 0 0 0 0 
16097 0 4 0 0 0 4 0 0 0 0 
16112 0 1 0 0 0 1 0 0 0 0 
16127 0 0 0 0 0 0 0 0 0 0 
16142 0 1 0 0 0 1 0 0 0 0 
16157 0 4 0 0 0 4 0 0 0 0 
16172 0 6 0 0 0 6 0 0 0 0 
16187 0 3 0 0 0 3 0 0 0 0 
16202 0 8 0 0 0 8 0 0 0 0 
16217 0 6 0 0 0 6 0 0 0 0 
16232 0 4 0 0 0 4 0 0 0 0 
16247 0 1 0 0 0 1 0 0 0 0 
16262 0 0 0 0 0 0 0 0 0 0 
21137 0 11 0 0 0 11 0 0 0 0 
21152 0 4 0 0 0 4 0 0 0 0 
21167 0 9 0 0 0 9 0 0 0 0 
21182 0 2 0 0 0 2 0 0 0 0 
21197 0 0 0 0 0 0 0 0 0 0 
22067 0 3 0 0 0 3 0 0 0 0 
22082 0 4 0 0 0 4 0 0 0 0 
22097 0 19 0 0 0 19 0 0 0 0 
22112 0 4 0 0 0 4 0 0 0 0 
22127 0 3 0 0 0 3 0 0 0 0 
22157 0 0 0 0 0 0 0 0 0 0 
23521 1 0 1 0 0 0 0 0 0 0 
23536 2 0 2 0 0 0 0 0 0 0 
23551 1 0 1 0 0 0 0 0 0 0 
23566 3 0 3 0 0 0 0 0 0 0 
23581 0 0 0 0 0 0 0 0 0 0 
25654 1 0 0 0 0 0 0 0 1 0 
25669 2 0 0 0 0 0 0 0 2 0 
25699 0 0 0 0 0 0 0 0 0 0 
