# ValueCount deltaRoads
10 0 0 0 0 0 0 0 0 0 0 0 0 0 0 0 0 0 0 0 0 0 0 
121 1 6 1 6 1 0 1 0 1 0 1 0 1 0 1 0 1 0 1 0 1 0 
128 2 7 2 6 2 0 2 0 2 0 2 0 2 0 2 0 2 7 2 0 2 0 
129 3 6 3 6 3 0 3 0 3 0 3 0 3 0 3 0 3 7 3 6 3 0 
140 4 7 4 6 4 0 4 0 4 0 4 7 4 0 4 0 4 7 4 6 4 0 
143 5 5 5 6 5 0 5 0 5 0 5 7 5 0 5 0 5 5 5 6 5 0 
151 6 4 6 4 6 0 6 0 6 0 6 7 6 0 6 0 6 5 6 6 6 0 
155 7 3 7 4 7 0 7 0 7 0 7 3 7 0 7 0 7 5 7 6 7 0 
158 8 4 8 4 8 0 8 0 8 0 8 3 8 0 8 0 8 4 8 6 8 0 
166 9 2 9 0 9 0 9 0 9 0 9 3 9 0 9 0 9 4 9 4 9 0 
170 10 6 10 0 10 0 10 0 10 0 10 6 10 0 10 0 10 4 10 4 10 0 
173 11 0 11 0 11 0 11 0 11 0 11 6 11 0 11 0 11 0 11 4 11 0 
625 12 2 12 0 12 0 12 0 12 0 12 0 12 0 12 0 12 0 12 0 12 6 
655 13 4 13 0 13 0 13 0 13 0 13 0 13 0 13 0 13 0 13 0 13 4 
670 14 0 14 0 14 0 14 0 14 0 14 0 14 0 14 0 14 0 14 0 14 0 
894 15 2 15 0 15 0 15 0 15 0 15 0 15 0 15 0 15 0 15 2 15 0 
909 16 8 16 0 16 0 16 0 16 0 16 0 16 0 16 0 16 0 16 8 16 0 
939 17 7 17 0 17 0 17 0 17 0 17 0 17 0 17 0 17 0 17 7 17 0 
954 18 8 18 0 18 0 18 0 18 0 18 0 18 0 18 0 18 0 18 8 18 0 
999 19 6 19 0 19 0 19 0 19 0 19 0 19 0 19 0 19 0 19 6 19 0 
1014 20 8 20 0 20 0 20 0 20 0 20 0 20 0 20 0 20 0 20 8 20 0 
1059 21 7 21 0 21 0 21 0 21 0 21 0 21 0 21 0 21 0 21 7 21 0 
1074 22 8 22 0 22 0 22 0 22 0 22 0 22 0 22 0 22 0 22 8 22 0 
1104 23 26 23 0 23 0 23 0 23 0 23 0 23 0 23 0 23 0 23 26 23 0 
1119 24 2 24 0 24 0 24 0 24 0 24 0 24 0 24 0 24 0 24 2 24 0 
1134 25 0 25 0 25 0 25 0 25 0 25 0 25 0 25 0 25 0 25 0 25 0 
2135 26 4 26 0 26 0 26 0 26 0 26 4 26 0 26 0 26 0 26 0 26 0 
2150 27 8 27 0 27 0 27 0 27 0 27 8 27 0 27 0 27 0 27 0 27 0 
2195 28 6 28 0 28 0 28 0 28 0 28 6 28 0 28 0 28 0 28 0 28 0 
2210 29 9 29 0 29 0 29 0 29 0 29 9 29 0 29 0 29 0 29 0 29 0 
2225 30 8 30 0 30 0 30 0 30 0 30 8 30 0 30 0 30 0 30 0 30 0 
2255 31 6 31 0 31 0 31 0 31 0 31 6 31 0 31 0 31 0 31 0 31 0 
2270 32 9 32 0 32 0 32 0 32 0 32 9 32 0 32 0 32 0 32 0 32 0 
2285 33 8 33 0 33 0 33 0 33 0 33 8 33 0 33 0 33 0 33 0 33 0 
2300 34 26 34 0 34 0 34 0 34 0 34 26 34 0 34 0 34 0 34 0 34 0 
2315 35 7 35 0 35 0 35 0 35 0 35 7 35 0 35 0 35 0 35 0 35 0 
2330 36 8 36 0 36 0 36 0 36 0 36 8 36 0 36 0 36 0 36 0 36 0 
2345 37 6 37 0 37 0 37 0 37 0 37 6 37 0 37 0 37 0 37 0 37 0 
2360 38 0 38 0 38 0 38 0 38 0 38 0 38 0 38 0 38 0 38 0 38 0 
2723 39 2 39 0 39 0 39 0 39 0 39 0 39 0 39 0 39 2 39 0 39 0 
2738 40 8 40 0 40 0 40 0 40 0 40 0 40 0 40 0 40 8 40 0 40 0 
2783 41 6 41 0 41 0 41 0 41 0 41 0 41 0 41 0 41 6 41 0 41 0 
2798 42 8 42 0 42 0 42 0 42 0 42 0 42 0 42 0 42 8 42 0 42 0 
2843 43 6 43 0 43 0 43 0 43 0 43 0 43 0 43 0 43 6 43 0 43 0 
2858 44 8 44 0 44 0 44 0 44 0 44 0 44 0 44 0 44 8 44 0 44 0 
2888 45 34 45 0 45 0 45 0 45 0 45 0 45 0 45 0 45 34 45 0 45 0 
2903 46 6 46 0 46 0 46 0 46 0 46 0 46 0 46 0 46 6 46 0 46 0 
2918 47 8 47 0 47 0 47 0 47 0 47 0 47 0 47 0 47 8 47 0 47 0 
2963 48 5 48 0 48 0 48 0 48 0 48 0 48 0 48 0 48 5 48 0 48 0 
2978 49 7 49 0 49 0 49 0 49 0 49 0 49 0 49 0 49 7 49 0 49 0 
2993 50 8 50 0 50 0 50 0 50 0 50 0 50 0 50 0 50 8 50 0 50 0 
3023 51 0 51 0 51 0 51 0 51 0 51 0 51 0 51 0 51 0 51 0 51 0 
4366 52 8 52 8 52 0 52 0 52 0 52 0 52 0 52 0 52 0 52 0 52 0 
4411 53 6 53 6 53 0 53 0 53 0 53 0 53 0 53 0 53 0 53 0 53 0 
4426 54 8 54 8 54 0 54 0 54 0 54 0 54 0 54 0 54 0 54 0 54 0 
4471 55 6 55 6 55 0 55 0 55 0 55 0 55 0 55 0 55 0 55 0 55 0 
4486 56 9 56 9 56 0 56 0 56 0 56 0 56 0 56 0 56 0 56 0 56 0 
4501 57 8 57 8 57 0 57 0 57 0 57 0 57 0 57 0 57 0 57 0 57 0 
4531 58 6 58 6 58 0 58 0 58 0 58 0 58 0 58 0 58 0 58 0 58 0 
4546 59 8 59 8 59 0 59 0 59 0 59 0 59 0 59 0 59 0 59 0 59 0 
4576 60 6 60 6 60 0 60 0 60 0 60 0 60 0 60 0 60 0 60 0 60 0 
4606 61 8 61 8 61 0 61 0 61 0 61 0 61 0 61 0 61 0 61 0 61 0 
4621 62 4 62 4 62 0 62 0 62 0 62 0 62 0 62 0 62 0 62 0 62 0 
4636 63 0 63 0 63 0 63 0 63 0 63 0 63 0 63 0 63 0 63 0 63 0 
5883 64 2 64 0 64 0 64 2 64 0 64 0 64 0 64 0 64 0 64 0 64 0 
5898 65 6 65 0 65 0 65 6 65 0 65 0 65 0 65 0 65 0 65 0 65 0 
5913 66 7 66 0 66 0 66 7 66 0 66 0 66 0 66 0 66 0 66 0 66 0 
5928 67 1 67 0 67 0 67 1 67 0 67 0 67 0 67 0 67 0 67 0 67 0 
5943 68 0 68 0 68 0 68 0 68 0 68 0 68 0 68 0 68 0 68 0 68 0 
6258 69 6 69 0 69 0 69 6 69 0 69 0 69 0 69 0 69 0 69 0 69 0 
6271 70 2 70 2 70 0 70 6 70 0 70 0 70 0 70 0 70 0 70 0 70 0 
6286 71 1 71 0 71 0 71 2 71 0 71 0 71 0 71 0 71 0 71 0 71 0 
6288 72 0 72 0 72 0 72 0 72 0 72 0 72 0 72 0 72 0 72 0 72 0 
6772 73 2 73 0 73 0 73 0 73 0 73 0 73 0 73 2 73 0 73 0 73 0 
6787 74 5 74 0 74 0 74 0 74 0 74 0 74 0 74 5 74 0 74 0 74 0 
6817 75 4 75 0 75 0 75 0 75 0 75 0 75 0 75 4 75 0 75 0 75 0 
6832 76 0 76 0 76 0 76 0 76 0 76 0 76 0 76 0 76 0 76 0 76 0 
7220 77 6 77 0 77 0 77 0 77 0 77 6 77 0 77 0 77 0 77 0 77 0 
7235 78 4 78 0 78 0 78 0 78 0 78 4 78 0 78 0 78 0 78 0 78 0 
7250 79 6 79 0 79 0 79 0 79 0 79 6 79 0 79 0 79 0 79 0 79 0 
7265 80 0 80 0 80 0 80 0 80 0 80 0 80 0 80 0 80 0 80 0 80 0 
7898 81 6 81 0 81 0 81 0 81 0 81 0 81 0 81 0 81 6 81 0 81 0 
7913 82 4 82 0 82 0 82 0 82 0 82 0 82 0 82 0 82 4 82 0 82 0 
7928 83 6 83 0 83 0 83 0 83 0 83 0 83 0 83 0 83 6 83 0 83 0 
7943 84 0 84 0 84 0 84 0 84 0 84 0 84 0 84 0 84 0 84 0 84 0 
8555 85 7 85 0 85 0 85 0 85 0 85 7 85 0 85 0 85 0 85 0 85 0 
8570 86 9 86 0 86 0 86 0 86 0 86 9 86 0 86 0 86 0 86 0 86 0 
8585 87 8 87 0 87 0 87 0 87 0 87 8 87 0 87 0 87 0 87 0 87 0 
8615 88 6 88 0 88 0 88 0 88 0 88 6 88 0 88 0 88 0 88 0 88 0 
8630 89 8 89 0 89 0 89 0 89 0 89 8 89 0 89 0 89 0 89 0 89 0 
8660 90 5 90 0 90 0 90 0 90 0 90 5 90 0 90 0 90 0 90 0 90 0 
8661 91 6 91 0 91 0 91 0 91 0 91 5 91 6 91 0 91 0 91 0 91 0 
8675 92 67 92 0 92 0 92 0 92 0 92 67 92 6 92 0 92 0 92 0 92 0 
8676 93 3 93 0 93 0 93 0 93 0 93 67 93 3 93 0 93 0 93 0 93 0 
8690 94 8 94 0 94 0 94 0 94 0 94 8 94 3 94 0 94 0 94 0 94 0 
8691 95 4 95 0 95 0 95 0 95 0 95 8 95 4 95 0 95 0 95 0 95 0 
8706 96 1 96 0 96 0 96 0 96 0 96 8 96 1 96 0 96 0 96 0 96 0 
8721 97 0 97 0 97 0 97 0 97 0 97 8 97 0 97 0 97 0 97 0 97 0 
9220 98 -2 98 0 98 0 98 0 98 0 98 0 98 0 98 0 98 0 98 0 98 -4 
9235 99 -6 99 0 99 0 99 0 99 0 99 0 99 0 99 0 99 0 99 0 99 -6 
9265 100 0 100 0 100 0 100 0 100 0 100 0 100 0 100 0 100 0 100 0 100 0 
9670 101 7 101 0 101 0 101 0 101 0 101 0 101 0 101 0 101 0 101 0 101 7 
9685 102 -3 102 0 102 0 102 0 102 0 102 0 102 0 102 0 102 0 102 0 102 -3 
9700 103 -4 103 0 103 0 103 0 103 0 103 0 103 0 103 0 103 0 103 0 103 -4 
9715 104 0 104 0 104 0 104 0 104 0 104 0 104 0 104 0 104 0 104 0 104 0 
10742 105 4 105 0 105 4 105 0 105 0 105 0 105 0 105 0 105 0 105 0 105 0 
10757 106 6 106 0 106 6 106 0 106 0 106 0 106 0 106 0 106 0 106 0 106 0 
10787 107 0 107 0 107 0 107 0 107 0 107 0 107 0 107 0 107 0 107 0 107 0 
11148 108 7 108 0 108 0 108 7 108 0 108 0 108 0 108 0 108 0 108 0 108 0 
11163 109 5 109 0 109 0 109 5 109 0 109 0 109 0 109 0 109 0 109 0 109 0 
11178 110 4 110 0 110 0 110 4 110 0 110 0 110 0 110 0 110 0 110 0 110 0 
11193 111 0 111 0 111 0 111 0 111 0 111 0 111 0 111 0 111 0 111 0 111 0 
12182 112 1 112 0 112 1 112 0 112 0 112 0 112 0 112 0 112 0 112 0 112 0 
12197 113 87 113 0 113 87 113 0 113 0 113 0 113 0 113 0 113 0 113 0 113 0 
12212 114 8 114 0 114 8 114 0 114 0 114 0 114 0 114 0 114 0 114 0 114 0 
12227 115 6 115 0 115 6 115 0 115 0 115 0 115 0 115 0 115 0 115 0 115 0 
12242 116 9 116 0 116 9 116 0 116 0 116 0 116 0 116 0 116 0 116 0 116 0 
12257 117 8 117 0 117 8 117 0 117 0 117 0 117 0 117 0 117 0 117 0 117 0 
12287 118 6 118 0 118 6 118 0 118 0 118 0 118 0 118 0 118 0 118 0 118 0 
12302 119 8 119 0 119 8 119 0 119 0 119 0 119 0 119 0 119 0 119 0 119 0 
12332 120 4 120 0 120 4 120 0 120 0 120 0 120 0 120 0 120 0 120 0 120 0 
12347 121 0 121 0 121 0 121 0 121 0 121 0 121 0 121 0 121 0 121 0 121 0 
12354 122 2 122 0 122 0 122 0 122 0 122 0 122 0 122 0 122 0 122 2 122 0 
12369 123 6 123 0 123 0 123 0 123 0 123 0 123 0 123 0 123 0 123 6 123 0 
12384 124 7 124 0 124 0 124 0 124 0 124 0 124 0 124 0 124 0 124 7 124 0 
12399 125 1 125 0 125 0 125 0 125 0 125 0 125 0 125 0 125 0 125 1 125 0 
12414 126 0 126 0 126 0 126 0 126 0 126 0 126 0 126 0 126 0 126 0 126 0 
12487 127 1 127 0 127 0 127 0 127 0 127 0 127 0 127 1 127 0 127 0 127 0 
12502 128 7 128 0 128 0 128 0 128 0 128 0 128 0 128 7 128 0 128 0 128 0 
12517 129 8 129 0 129 0 129 0 129 0 129 0 129 0 129 8 129 0 129 0 129 0 
12547 130 7 130 0 130 0 130 0 130 0 130 0 130 0 130 7 130 0 130 0 130 0 
12562 131 8 131 0 131 0 131 0 131 0 131 0 131 0 131 8 131 0 131 0 131 0 
12607 132 6 132 0 132 0 132 0 132 0 132 0 132 0 132 6 132 0 132 0 132 0 
12622 133 8 133 0 133 0 133 0 133 0 133 0 133 0 133 8 133 0 133 0 133 0 
12637 134 10 134 0 134 0 134 0 134 0 134 0 134 0 134 10 134 0 134 0 134 0 
12652 135 8 135 0 135 0 135 0 135 0 135 0 135 0 135 8 135 0 135 0 135 0 
12667 136 6 136 0 136 0 136 0 136 0 136 0 136 0 136 6 136 0 136 0 136 0 
12682 137 9 137 0 137 0 137 0 137 0 137 0 137 0 137 9 137 0 137 0 137 0 
12683 138 6 138 0 138 0 138 0 138 0 138 0 138 0 138 9 138 6 138 0 138 0 
12698 139 8 139 0 139 0 139 0 139 0 139 0 139 0 139 9 139 8 139 0 139 0 
12712 140 11 140 0 140 0 140 0 140 0 140 0 140 0 140 11 140 8 140 0 140 0 
12713 141 9 141 0 141 0 141 0 141 0 141 0 141 0 141 11 141 9 141 0 141 0 
12727 142 6 142 0 142 0 142 0 142 0 142 0 142 0 142 6 142 9 142 0 142 0 
12728 143 8 143 0 143 0 143 0 143 0 143 0 143 0 143 6 143 8 143 0 143 0 
12743 144 7 144 0 144 0 144 0 144 0 144 0 144 0 144 8 144 6 144 0 144 0 
12758 145 8 145 0 145 0 145 0 145 0 145 0 145 0 145 8 145 8 145 0 145 0 
12787 146 3 146 0 146 0 146 0 146 0 146 0 146 0 146 3 146 8 146 0 146 0 
12788 147 9 147 0 147 0 147 0 147 0 147 0 147 0 147 3 147 9 147 0 147 0 
12802 148 165 148 0 148 0 148 0 148 0 148 0 148 0 148 165 148 9 148 0 148 0 
12803 149 6 149 0 149 0 149 0 149 0 149 0 149 0 149 165 149 6 149 0 149 0 
12817 150 9 150 0 150 0 150 0 150 0 150 0 150 0 150 9 150 6 150 0 150 0 
12818 151 8 151 0 151 0 151 0 151 0 151 0 151 0 151 9 151 8 151 0 151 0 
12847 152 6 152 0 152 0 152 0 152 0 152 0 152 0 152 6 152 8 152 0 152 0 
12862 153 8 153 0 153 0 153 0 153 0 153 0 153 0 153 8 153 8 153 0 153 0 
12863 154 6 154 0 154 0 154 0 154 0 154 0 154 0 154 8 154 6 154 0 154 0 
12878 155 5 155 0 155 0 155 0 155 0 155 0 155 0 155 8 155 5 155 0 155 0 
12892 156 0 156 0 156 0 156 0 156 0 156 0 156 0 156 0 156 5 156 0 156 0 
12893 157 37 157 0 157 0 157 0 157 0 157 0 157 0 157 0 157 37 157 0 157 0 
12908 158 8 158 0 158 0 158 0 158 0 158 0 158 0 158 0 158 8 158 0 158 0 
12923 159 24 159 0 159 0 159 0 159 0 159 0 159 0 159 0 159 24 159 0 159 0 
12938 160 8 160 0 160 0 160 0 160 0 160 0 160 0 160 0 160 8 160 0 160 0 
12983 161 6 161 0 161 0 161 0 161 0 161 0 161 0 161 0 161 6 161 0 161 0 
12998 162 5 162 0 162 0 162 0 162 0 162 0 162 0 162 0 162 5 162 0 162 0 
13013 163 38 163 0 163 0 163 0 163 0 163 0 163 0 163 0 163 38 163 0 163 0 
13028 164 0 164 0 164 0 164 0 164 0 164 0 164 0 164 0 164 0 164 0 164 0 
13610 165 4 165 0 165 0 165 0 165 0 165 4 165 0 165 0 165 0 165 0 165 0 
13640 166 7 166 0 166 0 166 0 166 0 166 7 166 0 166 0 166 0 166 0 166 0 
13655 167 1 167 0 167 0 167 0 167 0 167 1 167 0 167 0 167 0 167 0 167 0 
13670 168 0 168 0 168 0 168 0 168 0 168 0 168 0 168 0 168 0 168 0 168 0 
14510 169 4 169 0 169 0 169 0 169 0 169 4 169 0 169 0 169 0 169 0 169 0 
14525 170 6 170 0 170 0 170 0 170 0 170 6 170 0 170 0 170 0 170 0 170 0 
14540 171 8 171 0 171 0 171 0 171 0 171 8 171 0 171 0 171 0 171 0 171 0 
14555 172 6 172 0 172 0 172 0 172 0 172 6 172 0 172 0 172 0 172 0 172 0 
14570 173 9 173 0 173 0 173 0 173 0 173 9 173 0 173 0 173 0 173 0 173 0 
14585 174 8 174 0 174 0 174 0 174 0 174 8 174 0 174 0 174 0 174 0 174 0 
14615 175 7 175 0 175 0 175 0 175 0 175 7 175 0 175 0 175 0 175 0 175 0 
14630 176 9 176 0 176 0 176 0 176 0 176 9 176 0 176 0 176 0 176 0 176 0 
14660 177 8 177 0 177 0 177 0 177 0 177 8 177 0 177 0 177 0 177 0 177 0 
14675 178 6 178 0 178 0 178 0 178 0 178 6 178 0 178 0 178 0 178 0 178 0 
14690 179 8 179 0 179 0 179 0 179 0 179 8 179 0 179 0 179 0 179 0 179 0 
14735 180 2 180 0 180 0 180 0 180 0 180 2 180 0 180 0 180 0 180 0 180 0 
14750 181 0 181 0 181 0 181 0 181 0 181 0 181 0 181 0 181 0 181 0 181 0 
15608 182 1 182 0 182 0 182 0 182 0 182 0 182 0 182 0 182 1 182 0 182 0 
15623 183 0 183 0 183 0 183 0 183 0 183 0 183 0 183 0 183 0 183 0 183 0 
15801 184 8 184 0 184 0 184 0 184 0 184 0 184 8 184 0 184 0 184 0 184 0 
15831 185 6 185 0 185 0 185 0 185 0 185 0 185 6 185 0 185 0 185 0 185 0 
15846 186 9 186 0 186 0 186 0 186 0 186 0 186 9 186 0 186 0 186 0 186 0 
15861 187 8 187 0 187 0 187 0 187 0 187 0 187 8 187 0 187 0 187 0 187 0 
15891 188 6 188 0 188 0 188 0 188 0 188 0 188 6 188 0 188 0 188 0 188 0 
15906 189 9 189 0 189 0 189 0 189 0 189 0 189 9 189 0 189 0 189 0 189 0 
15921 190 8 190 0 190 0 190 0 190 0 190 0 190 8 190 0 190 0 190 0 190 0 
15951 191 6 191 0 191 0 191 0 191 0 191 0 191 6 191 0 191 0 191 0 191 0 
15966 192 8 192 0 192 0 192 0 192 0 192 0 192 8 192 0 192 0 192 0 192 0 
16011 193 6 193 0 193 0 193 0 193 0 193 0 193 6 193 0 193 0 193 0 193 0 
16026 194 8 194 0 194 0 194 0 194 0 194 0 194 8 194 0 194 0 194 0 194 0 
16071 195 6 195 0 195 0 195 0 195 0 195 0 195 6 195 0 195 0 195 0 195 0 
16086 196 8 196 0 196 0 196 0 196 0 196 0 196 8 196 0 196 0 196 0 196 0 
16101 197 42 197 0 197 0 197 0 197 0 197 0 197 42 197 0 197 0 197 0 197 0 
16116 198 8 198 0 198 0 198 0 198 0 198 0 198 8 198 0 198 0 198 0 198 0 
16131 199 3 199 0 199 0 199 0 199 0 199 0 199 3 199 0 199 0 199 0 199 0 
16146 200 0 200 0 200 0 200 0 200 0 200 0 200 0 200 0 200 0 200 0 200 0 
16968 201 6 201 0 201 0 201 6 201 0 201 0 201 0 201 0 201 0 201 0 201 0 
16998 202 8 202 0 202 0 202 8 202 0 202 0 202 0 202 0 202 0 202 0 202 0 
17013 203 26 203 0 203 0 203 26 203 0 203 0 203 0 203 0 203 0 203 0 203 0 
17028 204 8 204 0 204 0 204 8 204 0 204 0 204 0 204 0 204 0 204 0 204 0 
17043 205 3 205 0 205 0 205 3 205 0 205 0 205 0 205 0 205 0 205 0 205 0 
17058 206 29 206 0 206 0 206 29 206 0 206 0 206 0 206 0 206 0 206 0 206 0 
17073 207 8 207 0 207 0 207 8 207 0 207 0 207 0 207 0 207 0 207 0 207 0 
17103 208 6 208 0 208 0 208 6 208 0 208 0 208 0 208 0 208 0 208 0 208 0 
17118 209 8 209 0 209 0 209 8 209 0 209 0 209 0 209 0 209 0 209 0 209 0 
17163 210 6 210 0 210 0 210 6 210 0 210 0 210 0 210 0 210 0 210 0 210 0 
17178 211 8 211 0 211 0 211 8 211 0 211 0 211 0 211 0 211 0 211 0 211 0 
17193 212 5 212 0 212 0 212 5 212 0 212 0 212 0 212 0 212 0 212 0 212 0 
17208 213 53 213 0 213 0 213 53 213 0 213 0 213 0 213 0 213 0 213 0 213 0 
17222 214 7 214 0 214 7 214 53 214 0 214 0 214 0 214 0 214 0 214 0 214 0 
17223 215 6 215 0 215 7 215 6 215 0 215 0 215 0 215 0 215 0 215 0 215 0 
17237 216 3 216 0 216 3 216 6 216 0 216 0 216 0 216 0 216 0 216 0 216 0 
17238 217 5 217 0 217 3 217 5 217 0 217 0 217 0 217 0 217 0 217 0 217 0 
17252 218 2 218 0 218 2 218 5 218 0 218 0 218 0 218 0 218 0 218 0 218 0 
17253 219 45 219 0 219 2 219 45 219 0 219 0 219 0 219 0 219 0 219 0 219 0 
17267 220 0 220 0 220 0 220 45 220 0 220 0 220 0 220 0 220 0 220 0 220 0 
17268 221 8 221 0 221 0 221 8 221 0 221 0 221 0 221 0 221 0 221 0 221 0 
17283 222 6 222 0 222 0 222 6 222 0 222 0 222 0 222 0 222 0 222 0 222 0 
17298 223 5 223 0 223 0 223 5 223 0 223 0 223 0 223 0 223 0 223 0 223 0 
17313 224 0 224 0 224 0 224 0 224 0 224 0 224 0 224 0 224 0 224 0 224 0 
19989 225 6 225 0 225 0 225 0 225 0 225 0 225 0 225 0 225 0 225 6 225 0 
20004 226 9 226 0 226 0 226 0 226 0 226 0 226 0 226 0 226 0 226 9 226 0 
20019 227 6 227 0 227 0 227 0 227 0 227 0 227 0 227 0 227 0 227 6 227 0 
20034 228 8 228 0 228 0 228 0 228 0 228 0 228 0 228 0 228 0 228 8 228 0 
20049 229 34 229 0 229 0 229 0 229 0 229 0 229 0 229 0 229 0 229 34 229 0 
20064 230 8 230 0 230 0 230 0 230 0 230 0 230 0 230 0 230 0 230 8 230 0 
20079 231 7 231 0 231 0 231 0 231 0 231 0 231 0 231 0 231 0 231 7 231 0 
20109 232 8 232 0 232 0 232 0 232 0 232 0 232 0 232 0 232 0 232 8 232 0 
20139 233 6 233 0 233 0 233 0 233 0 233 0 233 0 233 0 233 0 233 6 233 0 
20154 234 34 234 0 234 0 234 0 234 0 234 0 234 0 234 0 234 0 234 34 234 0 
20169 235 8 235 0 235 0 235 0 235 0 235 0 235 0 235 0 235 0 235 8 235 0 
20199 236 6 236 0 236 0 236 0 236 0 236 0 236 0 236 0 236 0 236 6 236 0 
20214 237 8 237 0 237 0 237 0 237 0 237 0 237 0 237 0 237 0 237 8 237 0 
20229 238 9 238 0 238 0 238 0 238 0 238 0 238 0 238 0 238 0 238 9 238 0 
20244 239 8 239 0 239 0 239 0 239 0 239 0 239 0 239 0 239 0 239 8 239 0 
20259 240 6 240 0 240 0 240 0 240 0 240 0 240 0 240 0 240 0 240 6 240 0 
20274 241 8 241 0 241 0 241 0 241 0 241 0 241 0 241 0 241 0 241 8 241 0 
20319 242 6 242 0 242 0 242 0 242 0 242 0 242 0 242 0 242 0 242 6 242 0 
20334 243 8 243 0 243 0 243 0 243 0 243 0 243 0 243 0 243 0 243 8 243 0 
20349 244 9 244 0 244 0 244 0 244 0 244 0 244 0 244 0 244 0 244 9 244 0 
20364 245 6 245 0 245 0 245 0 245 0 245 0 245 0 245 0 245 0 245 6 245 0 
20379 246 0 246 0 246 0 246 0 246 0 246 0 246 0 246 0 246 0 246 0 246 0 
20494 247 7 247 0 247 0 247 0 247 7 247 0 247 0 247 0 247 0 247 0 247 0 
20509 248 5 248 0 248 0 248 0 248 5 248 0 248 0 248 0 248 0 248 0 248 0 
20524 249 4 249 0 249 0 249 0 249 4 249 0 249 0 249 0 249 0 249 0 249 0 
20539 250 0 250 0 250 0 250 0 250 0 250 0 250 0 250 0 250 0 250 0 250 0 
21006 251 3 251 0 251 0 251 0 251 0 251 0 251 3 251 0 251 0 251 0 251 0 
21021 252 5 252 0 252 0 252 0 252 0 252 0 252 5 252 0 252 0 252 0 252 0 
21036 253 6 253 0 253 0 253 0 253 0 253 0 253 6 253 0 253 0 253 0 253 0 
21051 254 0 254 0 254 0 254 0 254 0 254 0 254 0 254 0 254 0 254 0 254 0 
22249 255 2 255 0 255 0 255 0 255 2 255 0 255 0 255 0 255 0 255 0 255 0 
22264 256 8 256 0 256 0 256 0 256 8 256 0 256 0 256 0 256 0 256 0 256 0 
22279 257 6 257 0 257 0 257 0 257 6 257 0 257 0 257 0 257 0 257 0 257 0 
22294 258 4 258 0 258 0 258 0 258 4 258 0 258 0 258 0 258 0 258 0 258 0 
22295 259 1 259 0 259 0 259 0 259 4 259 1 259 0 259 0 259 0 259 0 259 0 
22309 260 0 260 0 260 0 260 0 260 0 260 1 260 0 260 0 260 0 260 0 260 0 
22487 261 1 261 0 261 2 261 0 261 0 261 0 261 0 261 0 261 0 261 0 261 0 
22502 262 8 262 0 262 8 262 0 262 0 262 0 262 0 262 0 262 0 262 0 262 0 
22517 263 6 263 0 263 6 263 0 263 0 263 0 263 0 263 0 263 0 263 0 263 0 
22523 264 2 264 0 264 6 264 0 264 0 264 0 264 0 264 0 264 2 264 0 264 0 
22532 265 8 265 0 265 8 265 0 265 0 265 0 265 0 265 0 265 2 265 0 265 0 
22538 266 0 266 0 266 8 266 0 266 0 266 0 266 0 266 0 266 0 266 0 266 0 
22547 267 6 267 0 267 6 267 0 267 0 267 0 267 0 267 0 267 0 267 0 267 0 
22562 268 8 268 0 268 8 268 0 268 0 268 0 268 0 268 0 268 0 268 0 268 0 
22607 269 6 269 0 269 6 269 0 269 0 269 0 269 0 269 0 269 0 269 0 269 0 
22622 270 8 270 0 270 8 270 0 270 0 270 0 270 0 270 0 270 0 270 0 270 0 
22667 271 3 271 0 271 3 271 0 271 0 271 0 271 0 271 0 271 0 271 0 271 0 
22682 272 29 272 0 272 29 272 0 272 0 272 0 272 0 272 0 272 0 272 0 272 0 
22697 273 6 273 0 273 6 273 0 273 0 273 0 273 0 273 0 273 0 273 0 273 0 
22700 274 2 274 0 274 6 274 0 274 0 274 2 274 0 274 0 274 0 274 0 274 0 
22712 275 8 275 0 275 8 275 0 275 0 275 2 275 0 275 0 275 0 275 0 275 0 
22715 276 0 276 0 276 8 276 0 276 0 276 0 276 0 276 0 276 0 276 0 276 0 
22716 277 5 277 0 277 8 277 0 277 0 277 0 277 5 277 0 277 0 277 0 277 0 
22727 278 6 278 0 278 6 278 0 278 0 278 0 278 5 278 0 278 0 278 0 278 0 
22742 279 7 279 0 279 8 279 0 279 0 279 0 279 6 279 0 279 0 279 0 279 0 
22746 280 9 280 0 280 8 280 0 280 0 280 0 280 9 280 0 280 0 280 0 280 0 
22757 281 1 281 0 281 1 281 0 281 0 281 0 281 9 281 0 281 0 281 0 281 0 
22761 282 8 282 0 282 1 282 0 282 0 282 0 282 8 282 0 282 0 282 0 282 0 
22772 283 0 283 0 283 0 283 0 283 0 283 0 283 8 283 0 283 0 283 0 283 0 
22791 284 6 284 0 284 0 284 0 284 0 284 0 284 6 284 0 284 0 284 0 284 0 
22806 285 8 285 0 285 0 285 0 285 0 285 0 285 8 285 0 285 0 285 0 285 0 
22836 286 9 286 0 286 0 286 0 286 0 286 0 286 9 286 0 286 0 286 0 286 0 
22851 287 6 287 0 287 0 287 0 287 0 287 0 287 6 287 0 287 0 287 0 287 0 
22866 288 5 288 0 288 0 288 0 288 0 288 0 288 5 288 0 288 0 288 0 288 0 
22881 289 89 289 0 289 0 289 0 289 0 289 0 289 89 289 0 289 0 289 0 289 0 
22896 290 0 290 0 290 0 290 0 290 0 290 0 290 0 290 0 290 0 290 0 290 0 
23256 291 8 291 0 291 0 291 0 291 0 291 0 291 8 291 0 291 0 291 0 291 0 
23271 292 6 292 0 292 0 292 0 292 0 292 0 292 6 292 0 292 0 292 0 292 0 
23286 293 8 293 0 293 0 293 0 293 0 293 0 293 8 293 0 293 0 293 0 293 0 
23301 294 4 294 0 294 0 294 0 294 0 294 0 294 4 294 0 294 0 294 0 294 0 
23316 295 0 295 0 295 0 295 0 295 0 295 0 295 0 295 0 295 0 295 0 295 0 
