# deltaRoads deltaRoadVehicles
10 0 0 0 0 0 0 0 0 0 0 
124 5 0 0 0 0 0 0 0 5 0 
137 7 0 0 0 7 0 0 0 5 0 
152 5 0 0 0 5 0 0 0 5 0 
154 4 0 0 0 5 0 0 0 4 0 
169 2 0 0 0 4 0 0 0 0 0 
182 0 0 0 0 0 0 0 0 0 0 
739 1 0 0 0 0 0 0 0 1 0 
754 8 0 0 0 0 0 0 0 8 0 
799 6 0 0 0 0 0 0 0 6 0 
814 8 0 0 0 0 0 0 0 8 0 
829 18 0 0 0 0 0 0 0 18 0 
844 8 0 0 0 0 0 0 0 8 0 
859 2 0 0 0 0 0 0 0 2 0 
874 0 1 0 0 0 0 0 0 0 1 
889 0 2 0 0 0 0 0 0 0 2 
904 0 12 0 0 0 0 0 0 0 12 
917 8 0 0 0 8 0 0 0 0 12 
919 0 0 0 0 8 0 0 0 0 0 
947 6 0 0 0 6 0 0 0 0 0 
962 18 0 0 0 18 0 0 0 0 0 
977 8 0 0 0 8 0 0 0 0 0 
1007 24 0 0 0 24 0 0 0 0 0 
1022 28 0 0 0 28 0 0 0 0 0 
1037 8 0 0 0 8 0 0 0 0 0 
1052 4 0 0 0 4 0 0 0 0 0 
1067 0 1 0 0 0 1 0 0 0 0 
1097 0 12 0 0 0 12 0 0 0 0 
1112 0 1 0 0 0 1 0 0 0 0 
1127 0 0 0 0 0 0 0 0 0 0 
5734 7 0 0 0 0 0 0 0 7 0 
5764 2 0 0 0 0 0 0 0 2 0 
5779 0 0 0 0 0 0 0 0 0 0 
6586 12 0 12 0 0 0 0 0 0 0 
6601 6 0 6 0 0 0 0 0 0 0 
6616 7 0 7 0 0 0 0 0 0 0 
6631 1 0 1 0 0 0 0 0 0 0 
6646 0 0 0 0 0 0 0 0 0 0 
6754 8 0 0 0 0 0 0 0 8 0 
6799 6 0 0 0 0 0 0 0 6 0 
6814 8 0 0 0 0 0 0 0 8 0 
6844 18 0 0 0 0 0 0 0 18 0 
6858 2 0 0 0 0 0 2 0 18 0 
6859 6 0 0 0 0 0 2 0 6 0 
6874 7 0 0 0 0 0 6 0 8 0 
6889 8 0 0 0 0 0 7 0 9 0 
6903 1 0 0 0 0 0 1 0 9 0 
6904 7 0 0 0 0 0 1 0 7 0 
6918 0 0 0 0 0 0 0 0 7 0 
6919 2 0 0 0 0 0 0 0 2 0 
6934 0 11 0 0 0 0 0 0 0 11 
6949 0 12 0 0 0 0 0 0 0 12 
6979 0 0 0 0 0 0 0 0 0 0 
7293 3 0 0 0 0 0 3 0 0 0 
7308 53 0 0 0 0 0 53 0 0 0 
7323 6 0 0 0 0 0 6 0 0 0 
7338 8 0 0 0 0 0 8 0 0 0 
7353 18 0 0 0 0 0 18 0 0 0 
7368 8 0 0 0 0 0 8 0 0 0 
7383 2 0 0 0 0 0 2 0 0 0 
7398 0 1 0 0 0 0 0 1 0 0 
7413 0 2 0 0 0 0 0 2 0 0 
7443 0 0 0 0 0 0 0 0 0 0 
7756 6 0 6 0 0 0 0 0 0 0 
7786 8 0 8 0 0 0 0 0 0 0 
7801 18 0 18 0 0 0 0 0 0 0 
7831 6 0 6 0 0 0 0 0 0 0 
7846 8 0 8 0 0 0 0 0 0 0 
7876 4 0 4 0 0 0 0 0 0 0 
7891 0 1 0 1 0 0 0 0 0 0 
7921 0 2 0 2 0 0 0 0 0 0 
7936 0 1 0 1 0 0 0 0 0 0 
7951 0 0 0 0 0 0 0 0 0 0 
17269 6 0 0 0 0 0 0 0 6 0 
17284 4 0 0 0 0 0 0 0 4 0 
17299 5 0 0 0 0 0 0 0 5 0 
17314 1 0 0 0 0 0 0 0 1 0 
17329 0 0 0 0 0 0 0 0 0 0 
20461 4 0 4 0 0 0 0 0 0 0 
20476 6 0 6 0 0 0 0 0 0 0 
20491 5 0 5 0 0 0 0 0 0 0 
20506 1 0 1 0 0 0 0 0 0 0 
20521 0 0 0 0 0 0 0 0 0 0 
23266 6 0 6 0 0 0 0 0 0 0 
23281 8 0 8 0 0 0 0 0 0 0 
23296 18 0 18 0 0 0 0 0 0 0 
23311 6 0 6 0 0 0 0 0 0 0 
23326 8 0 8 0 0 0 0 0 0 0 
23371 6 0 6 0 0 0 0 0 0 0 
23386 8 0 8 0 0 0 0 0 0 0 
23416 6 0 6 0 0 0 0 0 0 0 
23431 112 0 112 0 0 0 0 0 0 0 
23446 8 0 8 0 0 0 0 0 0 0 
23491 6 0 6 0 0 0 0 0 0 0 
23506 4 0 4 0 0 0 0 0 0 0 
23521 0 1 0 1 0 0 0 0 0 0 
23536 0 2 0 2 0 0 0 0 0 0 
23551 0 1 0 1 0 0 0 0 0 0 
23566 0 11 0 11 0 0 0 0 0 0 
23581 0 0 0 0 0 0 0 0 0 0 
25234 1 0 0 0 0 0 0 0 1 0 
25249 37 0 0 0 0 0 0 0 37 0 
25261 1 0 1 0 0 0 0 0 37 0 
25264 6 0 1 0 0 0 0 0 6 0 
25291 0 0 0 0 0 0 0 0 6 0 
25294 8 0 0 0 0 0 0 0 8 0 
25306 1 0 1 0 0 0 0 0 8 0 
25309 6 0 1 0 0 0 0 0 6 0 
25324 8 0 1 0 0 0 0 0 8 0 
25336 0 0 0 0 0 0 0 0 8 0 
25339 6 0 0 0 0 0 0 0 6 0 
25354 18 0 0 0 0 0 0 0 18 0 
25369 8 0 0 0 0 0 0 0 8 0 
25399 6 0 0 0 0 0 0 0 6 0 
25414 8 0 0 0 0 0 0 0 8 0 
25459 6 0 0 0 0 0 0 0 6 0 
25474 8 0 0 0 0 0 0 0 8 0 
25519 16 0 0 0 0 0 0 0 16 0 
25534 8 0 0 0 0 0 0 0 8 0 
25579 16 0 0 0 0 0 0 0 16 0 
25594 8 0 0 0 0 0 0 0 8 0 
25639 2 0 0 0 0 0 0 0 2 0 
25654 0 1 0 0 0 0 0 0 0 1 
25669 0 2 0 0 0 0 0 0 0 2 
25699 0 0 0 0 0 0 0 0 0 0 
