# deltaRoads deltaRailways
10 0 0 0 0 0 0 0 0 0 0 
121 0 8 0 8 0 0 0 0 0 0 
124 2.5 4 0 8 0 0 0 8 5 0 
136 0 18 0 18 0 0 0 8 5 0 
137 7 0 0 18 7 0 0 8 5 0 
151 0 11 0 11 7 0 0 8 5 0 
152 5 0 0 11 5 0 0 8 5 0 
153 0 12 0 11 5 0 0 12 5 0 
154 4 0 0 11 5 0 0 12 4 0 
166 0 7 0 7 5 0 0 12 4 0 
167 4 0 0 7 4 0 0 12 4 0 
168 0 7 0 7 4 0 0 7 4 0 
169 0 0 0 7 4 0 0 7 0 0 
181 0 4 0 4 4 0 0 7 0 0 
182 0 0 0 4 0 0 0 7 0 0 
183 0 3 0 4 0 0 0 3 0 0 
196 0 16 0 16 0 0 0 3 0 0 
211 0 9 0 2 0 0 0 16 0 0 
213 0 2 0 2 0 0 0 2 0 0 
226 0 3 0 3 0 0 0 2 0 0 
228 0 4 0 3 0 0 0 4 0 0 
243 0 3.5 0 4 0 0 0 3 0 0 
256 0 6 0 6 0 0 0 3 0 0 
271 0 4.5 0 3 0 0 0 6 0 0 
273 0 4 0 3 0 0 0 4 0 0 
288 0 3.5 0 4 0 0 0 3 0 0 
301 0 12 0 12 0 0 0 3 0 0 
303 0 2 0 12 0 0 0 2 0 0 
316 0 4 0 4 0 0 0 2 0 0 
331 0 3.5 0 3 0 0 0 4 0 0 
333 0 6 0 3 0 0 0 6 0 0 
348 0 5 0 6 0 0 0 4 0 0 
376 0 0 0 0 0 0 0 4 0 0 
438 0 3 0 0 0 0 0 3 0 0 
451 0 1 0 1 0 0 0 3 0 0 
453 0 4 0 1 0 0 0 4 0 0 
483 0 3.5 0 4 0 0 0 3 0 0 
498 0 4 0 4 0 0 0 4 0 0 
511 0 42 0 42 0 0 0 4 0 0 
526 0 3 0 3 0 0 0 4 0 0 
541 0 0 0 0 0 0 0 4 0 0 
739 0.5 0 0 0 0 0 0 0 1 0 
754 8 0 0 0 0 0 0 0 8 0 
799 6 0 0 0 0 0 0 0 6 0 
814 8 0 0 0 0 0 0 0 8 0 
829 18 0 0 0 0 0 0 0 18 0 
844 8 0 0 0 0 0 0 0 8 0 
859 2 0 0 0 0 0 0 0 2 0 
874 0 0 0 0 0 0 0 0 0 0 
916 0 4 0 4 0 0 0 0 0 0 
917 8 0 0 4 8 0 0 0 0 0 
931 0 3 0 3 8 0 0 0 0 0 
946 0 15 0 15 8 0 0 0 0 0 
947 6 0 0 15 6 0 0 0 0 0 
961 0 4 0 4 6 0 0 0 0 0 
962 18 0 0 4 18 0 0 0 0 0 
977 8 0 0 4 8 0 0 0 0 0 
991 0 2 0 2 8 0 0 0 0 0 
1006 0 0 0 0 8 0 0 0 0 0 
1007 24 0 0 0 24 0 0 0 0 0 
1022 28 0 0 0 28 0 0 0 0 0 
1037 8 0 0 0 8 0 0 0 0 0 
1052 4 0 0 0 4 0 0 0 0 0 
1067 0 0 0 0 0 0 0 0 0 0 
1173 0 4 0 0 0 0 0 4 0 0 
1186 0 3 0 3 0 0 0 4 0 0 
1188 0 14 0 3 0 0 0 14 0 0 
1201 0 4 0 4 0 0 0 14 0 0 
1203 0 3 0 4 0 0 0 3 0 0 
1218 0 15 0 4 0 0 0 15 0 0 
1231 0 3 0 3 0 0 0 15 0 0 
1233 0 4 0 3 0 0 0 4 0 0 
1246 0 14 0 14 0 0 0 4 0 0 
1261 0 4 0 4 0 0 0 4 0 0 
1263 0 0 0 4 0 0 0 0 0 0 
1291 0 3 0 3 0 0 0 0 0 0 
1306 0 1 0 1 0 0 0 0 0 0 
1321 0 0 0 0 0 0 0 0 0 0 
1893 0 1 0 0 0 0 0 1 0 0 
1908 0 4 0 0 0 0 0 4 0 0 
1923 0 3 0 0 0 0 0 3 0 0 
1938 0 4 0 0 0 0 0 4 0 0 
1968 0 15 0 0 0 0 0 15 0 0 
1983 0 3 0 0 0 0 0 3 0 0 
1998 0 0 0 0 0 0 0 0 0 0 
5734 7 0 0 0 0 0 0 0 7 0 
5764 2 0 0 0 0 0 0 0 2 0 
5779 0 0 0 0 0 0 0 0 0 0 
5927 0 8 0 0 0 8 0 0 0 0 
5957 0 12 0 0 0 12 0 0 0 0 
5972 0 0 0 0 0 0 0 0 0 0 
5987 0 6 0 0 0 6 0 0 0 0 
6002 0 4 0 0 0 4 0 0 0 0 
6017 0 16 0 0 0 16 0 0 0 0 
6032 0 12 0 0 0 12 0 0 0 0 
6062 0 4 0 0 0 4 0 0 0 0 
6077 0 6 0 0 0 6 0 0 0 0 
6092 0 4 0 0 0 4 0 0 0 0 
6122 0 1 0 0 0 1 0 0 0 0 
6137 0 4 0 0 0 4 0 0 0 0 
6167 0 5 0 0 0 5 0 0 0 0 
6182 0 6 0 0 0 6 0 0 0 0 
6197 0 0 0 0 0 0 0 0 0 0 
6586 12 0 12 0 0 0 0 0 0 0 
6601 6 0 6 0 0 0 0 0 0 0 
6616 7 0 7 0 0 0 0 0 0 0 
6631 1 0 1 0 0 0 0 0 0 0 
6646 0 0 0 0 0 0 0 0 0 0 
6754 8 0 0 0 0 0 0 0 8 0 
6799 6 0 0 0 0 0 0 0 6 0 
6814 8 0 0 0 0 0 0 0 8 0 
6844 18 0 0 0 0 0 0 0 18 0 
6858 2 0 0 0 0 0 2 0 18 0 
6859 6 0 0 0 0 0 2 0 6 0 
6874 7 0 0 0 0 0 6 0 8 0 
6889 8 0 0 0 0 0 7 0 9 0 
6903 1 0 0 0 0 0 1 0 9 0 
6904 7 0 0 0 0 0 1 0 7 0 
6918 0 0 0 0 0 0 0 0 7 0 
6919 2 0 0 0 0 0 0 0 2 0 
6934 0 0 0 0 0 0 0 0 0 0 
7293 3 0 0 0 0 0 3 0 0 0 
7308 53 0 0 0 0 0 53 0 0 0 
7323 6 0 0 0 0 0 6 0 0 0 
7338 8 0 0 0 0 0 8 0 0 0 
7353 18 0 0 0 0 0 18 0 0 0 
7368 8 0 0 0 0 0 8 0 0 0 
7383 2 0 0 0 0 0 2 0 0 0 
7398 0 0 0 0 0 0 0 0 0 0 
7756 6 0 6 0 0 0 0 0 0 0 
7786 8 0 8 0 0 0 0 0 0 0 
7801 18 0 18 0 0 0 0 0 0 0 
7831 6 0 6 0 0 0 0 0 0 0 
7846 8 0 8 0 0 0 0 0 0 0 
7876 4 0 4 0 0 0 0 0 0 0 
7891 0 0 0 0 0 0 0 0 0 0 
11794 0 3 0 0 0 0 0 0 0 3 
11809 0 10 0 0 0 0 0 0 0 10 
11824 0 6 0 0 0 0 0 0 0 6 
11839 0 7 0 0 0 0 0 0 0 7 
11854 0 0 0 0 0 0 0 0 0 0 
12289 0 2 0 0 0 0 0 0 0 2 
12304 0 4 0 0 0 0 0 0 0 4 
12319 0 3 0 0 0 0 0 0 0 3 
12334 0 4 0 0 0 0 0 0 0 4 
12379 0 3 0 0 0 0 0 0 0 3 
12394 0 22 0 0 0 0 0 0 0 22 
12409 0 0 0 0 0 0 0 0 0 0 
12678 0 7 0 0 0 0 0 7 0 0 
12708 0 12 0 0 0 0 0 12 0 0 
12723 0 2 0 0 0 0 0 2 0 0 
12738 0 0 0 0 0 0 0 0 0 0 
13576 0 3 0 3 0 0 0 0 0 0 
13591 0 9 0 9 0 0 0 0 0 0 
13606 0 5 0 5 0 0 0 0 0 0 
13621 0 10 0 10 0 0 0 0 0 0 
13636 0 1 0 1 0 0 0 0 0 0 
13651 0 0 0 0 0 0 0 0 0 0 
14012 0 63 0 0 0 63 0 0 0 0 
14027 0 3 0 0 0 3 0 0 0 0 
14042 0 4 0 0 0 4 0 0 0 0 
14072 0 0 0 0 0 0 0 0 0 0 
14087 0 -1 0 0 0 -1 0 0 0 0 
14102 0 0 0 0 0 0 0 0 0 0 
15271 0 1 0 1 0 0 0 0 0 0 
15286 0 14 0 14 0 0 0 0 0 0 
15301 0 4 0 4 0 0 0 0 0 0 
15331 0 13 0 13 0 0 0 0 0 0 
15346 0 4 0 4 0 0 0 0 0 0 
15391 0 -1 0 -1 0 0 0 0 0 0 
15421 0 0 0 0 0 0 0 0 0 0 
15528 0 53 0 0 0 0 0 53 0 0 
15543 0 -53 0 0 0 0 0 -53 0 0 
15556 0 2 0 2 0 0 0 -53 0 0 
15558 0 0 0 2 0 0 0 0 0 0 
15571 0 3 0 3 0 0 0 0 0 0 
15586 0 19 0 19 0 0 0 0 0 0 
15601 0 1 0 1 0 0 0 0 0 0 
15616 0 0 0 0 0 0 0 0 0 0 
15632 0 18 0 0 0 18 0 0 0 0 
15647 0 3 0 0 0 3 0 0 0 0 
15662 0 4 0 0 0 4 0 0 0 0 
15707 0 3 0 0 0 3 0 0 0 0 
15722 0 -3 0 0 0 -3 0 0 0 0 
15737 0 0 0 0 0 0 0 0 0 0 
15812 0 2 0 0 0 2 0 0 0 0 
15827 0 14 0 0 0 14 0 0 0 0 
15842 0 3 0 0 0 3 0 0 0 0 
15857 0 0 0 0 0 0 0 0 0 0 
15992 0 3 0 0 0 3 0 0 0 0 
16022 0 4 0 0 0 4 0 0 0 0 
16067 0 3 0 0 0 3 0 0 0 0 
16082 0 15 0 0 0 15 0 0 0 0 
16097 0 4 0 0 0 4 0 0 0 0 
16112 0 1 0 0 0 1 0 0 0 0 
16127 0 0 0 0 0 0 0 0 0 0 
16142 0 1 0 0 0 1 0 0 0 0 
16157 0 4 0 0 0 4 0 0 0 0 
16172 0 14 0 0 0 14 0 0 0 0 
16187 0 3 0 0 0 3 0 0 0 0 
16202 0 24 0 0 0 24 0 0 0 0 
16217 0 14 0 0 0 14 0 0 0 0 
16232 0 4 0 0 0 4 0 0 0 0 
16247 0 1 0 0 0 1 0 0 0 0 
16262 0 0 0 0 0 0 0 0 0 0 
17269 6 0 0 0 0 0 0 0 6 0 
17284 4 0 0 0 0 0 0 0 4 0 
17299 5 0 0 0 0 0 0 0 5 0 
17314 1 0 0 0 0 0 0 0 1 0 
17329 0 0 0 0 0 0 0 0 0 0 
20461 4 0 4 0 0 0 0 0 0 0 
20476 6 0 6 0 0 0 0 0 0 0 
20491 5 0 5 0 0 0 0 0 0 0 
20506 1 0 1 0 0 0 0 0 0 0 
20521 0 0 0 0 0 0 0 0 0 0 
21137 0 11 0 0 0 11 0 0 0 0 
21152 0 4 0 0 0 4 0 0 0 0 
21167 0 9 0 0 0 9 0 0 0 0 
21182 0 2 0 0 0 2 0 0 0 0 
21197 0 0 0 0 0 0 0 0 0 0 
22067 0 3 0 0 0 3 0 0 0 0 
22082 0 4 0 0 0 4 0 0 0 0 
22097 0 19 0 0 0 19 0 0 0 0 
22112 0 4 0 0 0 4 0 0 0 0 
22127 0 3 0 0 0 3 0 0 0 0 
22157 0 0 0 0 0 0 0 0 0 0 
23266 6 0 6 0 0 0 0 0 0 0 
23281 8 0 8 0 0 0 0 0 0 0 
23296 18 0 18 0 0 0 0 0 0 0 
23311 6 0 6 0 0 0 0 0 0 0 
23326 8 0 8 0 0 0 0 0 0 0 
23371 6 0 6 0 0 0 0 0 0 0 
23386 8 0 8 0 0 0 0 0 0 0 
23416 6 0 6 0 0 0 0 0 0 0 
23431 112 0 112 0 0 0 0 0 0 0 
23446 8 0 8 0 0 0 0 0 0 0 
23491 6 0 6 0 0 0 0 0 0 0 
23506 4 0 4 0 0 0 0 0 0 0 
23521 0 0 0 0 0 0 0 0 0 0 
25234 1 0 0 0 0 0 0 0 1 0 
25249 37 0 0 0 0 0 0 0 37 0 
25261 1 0 1 0 0 0 0 0 37 0 
25264 6 0 1 0 0 0 0 0 6 0 
25291 0 0 0 0 0 0 0 0 6 0 
25294 8 0 0 0 0 0 0 0 8 0 
25306 1 0 1 0 0 0 0 0 8 0 
25309 6 0 1 0 0 0 0 0 6 0 
25324 8 0 1 0 0 0 0 0 8 0 
25336 0 0 0 0 0 0 0 0 8 0 
25339 6 0 0 0 0 0 0 0 6 0 
25354 18 0 0 0 0 0 0 0 18 0 
25369 8 0 0 0 0 0 0 0 8 0 
25399 6 0 0 0 0 0 0 0 6 0 
25414 8 0 0 0 0 0 0 0 8 0 
25459 6 0 0 0 0 0 0 0 6 0 
25474 8 0 0 0 0 0 0 0 8 0 
25519 16 0 0 0 0 0 0 0 16 0 
25534 8 0 0 0 0 0 0 0 8 0 
25579 16 0 0 0 0 0 0 0 16 0 
25594 8 0 0 0 0 0 0 0 8 0 
25639 2 0 0 0 0 0 0 0 2 0 
25654 0 0 0 0 0 0 0 0 0 0 
