# deltaRoads deltaRailVehicles
10 0 0 0 0 0 0 0 0 0 0 0 0 0 0 0 0 0 0 0 0 0 0 
121 6 0 6 0 0 0 0 0 0 0 0 0 0 0 0 0 0 0 0 0 0 0 
124 2 0 6 0 0 0 0 0 2 0 0 0 0 0 0 0 0 0 0 0 0 0 
126 16 0 6 0 0 0 0 0 2 0 0 0 16 0 0 0 0 0 0 0 0 0 
127 2 0 6 0 0 0 0 0 2 0 0 0 16 0 2 0 0 0 0 0 0 0 
139 5 0 6 0 0 0 0 0 5 0 0 0 16 0 2 0 0 0 0 0 0 0 
141 5.5 0 6 0 0 0 0 0 5 0 5 0 6 0 2 0 0 0 0 0 0 0 
142 6 0 6 0 0 0 0 0 5 0 5 0 6 0 6 0 0 0 0 0 0 0 
145 7 0 6 0 0 0 0 0 5 0 5 0 6 0 6 0 0 0 0 0 7 0 
151 4 0 4 0 0 0 0 0 5 0 5 0 6 0 6 0 0 0 0 0 7 0 
155 2 0 4 0 0 0 0 0 5 0 2 0 6 0 6 0 0 0 0 0 7 0 
156 4 0 4 0 0 0 0 0 5 0 2 0 4 0 6 0 0 0 0 0 7 0 
160 2 0 4 0 0 0 0 0 5 0 2 0 4 0 4 0 0 0 0 0 0 0 
166 0 0 0 0 0 0 0 0 5 0 2 0 4 0 4 0 0 0 0 0 0 0 
169 4 0 0 0 0 0 0 0 4 0 2 0 4 0 4 0 0 0 0 0 0 0 
170 3 0 0 0 0 0 0 0 4 0 3 0 4 0 4 0 0 0 0 0 0 0 
171 0 0 0 0 0 0 0 0 4 0 3 0 0 0 4 0 0 0 0 0 0 0 
172 2 0 0 0 0 0 0 0 4 0 3 0 0 0 2 0 0 0 0 0 0 0 
184 0 0 0 0 0 0 0 0 0 0 3 0 0 0 2 0 0 0 0 0 0 0 
481 0.666667 0 2 0 0 0 0 0 0 0 0 0 0 0 0 0 0 0 0 0 0 0 
496 8 0 8 0 0 0 0 0 0 0 0 0 0 0 0 0 0 0 0 0 0 0 
511 6 0 6 0 0 0 0 0 0 0 0 0 0 0 0 0 0 0 0 0 0 0 
526 18 0 18 0 0 0 0 0 0 0 0 0 0 0 0 0 0 0 0 0 0 0 
541 8 0 8 0 0 0 0 0 0 0 0 0 0 0 0 0 0 0 0 0 0 0 
571 6 0 6 0 0 0 0 0 0 0 0 0 0 0 0 0 0 0 0 0 0 0 
586 8 0 8 0 0 0 0 0 0 0 0 0 0 0 0 0 0 0 0 0 0 0 
616 4 0 4 0 0 0 0 0 0 0 0 0 0 0 0 0 0 0 0 0 0 0 
631 0 0 0 0 0 0 0 0 0 0 0 0 0 0 0 0 0 0 0 0 0 0 
908 0 1 0 0 0 0 0 0 0 0 0 0 0 0 0 0 0 1 0 0 0 0 
923 0 0 0 0 0 0 0 0 0 0 0 0 0 0 0 0 0 0 0 0 0 0 
953 0 11 0 0 0 0 0 0 0 0 0 0 0 0 0 0 0 11 0 0 0 0 
968 0 0 0 0 0 0 0 0 0 0 0 0 0 0 0 0 0 0 0 0 0 0 
1277 0 1 0 0 0 1 0 0 0 0 0 0 0 0 0 0 0 0 0 0 0 0 
1292 0 0 0 0 0 0 0 0 0 0 0 0 0 0 0 0 0 0 0 0 0 0 
1307 0 10 0 0 0 10 0 0 0 0 0 0 0 0 0 0 0 0 0 0 0 0 
1322 0 0 0 0 0 0 0 0 0 0 0 0 0 0 0 0 0 0 0 0 0 0 
1337 0 1 0 0 0 1 0 0 0 0 0 0 0 0 0 0 0 0 0 0 0 0 
1352 0 0 0 0 0 0 0 0 0 0 0 0 0 0 0 0 0 0 0 0 0 0 
1390 0 1 0 0 0 0 0 0 0 0 0 0 0 0 0 0 0 0 0 0 0 1 
1405 0 0 0 0 0 0 0 0 0 0 0 0 0 0 0 0 0 0 0 0 0 0 
1450 0 1 0 0 0 0 0 0 0 0 0 0 0 0 0 0 0 0 0 0 0 1 
1465 0 0 0 0 0 0 0 0 0 0 0 0 0 0 0 0 0 0 0 0 0 0 
1659 0 1 0 0 0 0 0 0 0 0 0 0 0 0 0 0 0 0 0 1 0 0 
1674 0 0 0 0 0 0 0 0 0 0 0 0 0 0 0 0 0 0 0 0 0 0 
1704 0 11 0 0 0 0 0 0 0 0 0 0 0 0 0 0 0 0 0 11 0 0 
1719 0 0 0 0 0 0 0 0 0 0 0 0 0 0 0 0 0 0 0 0 0 0 
1865 3 0 0 0 0 0 0 0 0 0 3 0 0 0 0 0 0 0 0 0 0 0 
1880 8 0 0 0 0 0 0 0 0 0 8 0 0 0 0 0 0 0 0 0 0 0 
1895 6 0 0 0 0 0 0 0 0 0 6 0 0 0 0 0 0 0 0 0 0 0 
1910 28 0 0 0 0 0 0 0 0 0 28 0 0 0 0 0 0 0 0 0 0 0 
1925 8 0 0 0 0 0 0 0 0 0 8 0 0 0 0 0 0 0 0 0 0 0 
1940 18 0 0 0 0 0 0 0 0 0 18 0 0 0 0 0 0 0 0 0 0 0 
1955 13 0 0 0 0 0 0 0 0 0 13 0 0 0 0 0 0 0 0 0 0 0 
1970 53 0 0 0 0 0 0 0 0 0 53 0 0 0 0 0 0 0 0 0 0 0 
1985 18 0 0 0 0 0 0 0 0 0 18 0 0 0 0 0 0 0 0 0 0 0 
2000 8 0 0 0 0 0 0 0 0 0 8 0 0 0 0 0 0 0 0 0 0 0 
2015 4 0 0 0 0 0 0 0 0 0 4 0 0 0 0 0 0 0 0 0 0 0 
2030 8 0 0 0 0 0 0 0 0 0 8 0 0 0 0 0 0 0 0 0 0 0 
2045 7 0 0 0 0 0 0 0 0 0 7 0 0 0 0 0 0 0 0 0 0 0 
2060 4 0 0 0 0 0 0 0 0 0 4 0 0 0 0 0 0 0 0 0 0 0 
2075 0 0 0 0 0 0 0 0 0 0 0 0 0 0 0 0 0 0 0 0 0 0 
3022 4 0 0 0 0 0 0 0 0 0 0 0 0 0 4 0 0 0 0 0 0 0 
3037 8 0 0 0 0 0 0 0 0 0 0 0 0 0 8 0 0 0 0 0 0 0 
3067 6 0 0 0 0 0 0 0 0 0 0 0 0 0 6 0 0 0 0 0 0 0 
3082 8 0 0 0 0 0 0 0 0 0 0 0 0 0 8 0 0 0 0 0 0 0 
3097 19 0 0 0 0 0 0 0 0 0 0 0 0 0 19 0 0 0 0 0 0 0 
3112 7 0 0 0 0 0 0 0 0 0 0 0 0 0 7 0 0 0 0 0 0 0 
3157 8 0 0 0 0 0 0 0 0 0 0 0 0 0 8 0 0 0 0 0 0 0 
3187 6 0 0 0 0 0 0 0 0 0 0 0 0 0 6 0 0 0 0 0 0 0 
3202 8 0 0 0 0 0 0 0 0 0 0 0 0 0 8 0 0 0 0 0 0 0 
3247 6 0 0 0 0 0 0 0 0 0 0 0 0 0 6 0 0 0 0 0 0 0 
3262 8 0 0 0 0 0 0 0 0 0 0 0 0 0 8 0 0 0 0 0 0 0 
3307 16 0 0 0 0 0 0 0 0 0 0 0 0 0 16 0 0 0 0 0 0 0 
3322 6 0 0 0 0 0 0 0 0 0 0 0 0 0 6 0 0 0 0 0 0 0 
3337 0 0 0 0 0 0 0 0 0 0 0 0 0 0 0 0 0 0 0 0 0 0 
4385 1 0 0 0 0 0 0 0 0 0 1 0 0 0 0 0 0 0 0 0 0 0 
4400 0 0 0 0 0 0 0 0 0 0 0 0 0 0 0 0 0 0 0 0 0 0 
5491 2 0 2 0 0 0 0 0 0 0 0 0 0 0 0 0 0 0 0 0 0 0 
5506 6 0 6 0 0 0 0 0 0 0 0 0 0 0 0 0 0 0 0 0 0 0 
5536 2 0 2 0 0 0 0 0 0 0 0 0 0 0 0 0 0 0 0 0 0 0 
5551 0 0 0 0 0 0 0 0 0 0 0 0 0 0 0 0 0 0 0 0 0 0 
5768 2 0 0 0 0 0 0 0 0 0 0 0 0 0 0 0 2 0 0 0 0 0 
5783 15 0 0 0 0 0 0 0 0 0 0 0 0 0 0 0 15 0 0 0 0 0 
5798 5 0 0 0 0 0 0 0 0 0 0 0 0 0 0 0 5 0 0 0 0 0 
5813 4 0 0 0 0 0 0 0 0 0 0 0 0 0 0 0 4 0 0 0 0 0 
5826 2 0 0 0 0 0 0 0 0 0 0 0 2 0 0 0 4 0 0 0 0 0 
5828 0 0 0 0 0 0 0 0 0 0 0 0 2 0 0 0 0 0 0 0 0 0 
5841 18 0 0 0 0 0 0 0 0 0 0 0 18 0 0 0 0 0 0 0 0 0 
5856 8 0 0 0 0 0 0 0 0 0 0 0 8 0 0 0 0 0 0 0 0 0 
5871 6 0 0 0 0 0 0 0 0 0 0 0 6 0 0 0 0 0 0 0 0 0 
5886 8 0 0 0 0 0 0 0 0 0 0 0 8 0 0 0 0 0 0 0 0 0 
5931 16 0 0 0 0 0 0 0 0 0 0 0 16 0 0 0 0 0 0 0 0 0 
5946 8 0 0 0 0 0 0 0 0 0 0 0 8 0 0 0 0 0 0 0 0 0 
5991 6 0 0 0 0 0 0 0 0 0 0 0 6 0 0 0 0 0 0 0 0 0 
6006 8 0 0 0 0 0 0 0 0 0 0 0 8 0 0 0 0 0 0 0 0 0 
6051 7 0 0 0 0 0 0 0 0 0 0 0 7 0 0 0 0 0 0 0 0 0 
6081 19 0 0 0 0 0 0 0 0 0 0 0 19 0 0 0 0 0 0 0 0 0 
6096 8 0 0 0 0 0 0 0 0 0 0 0 8 0 0 0 0 0 0 0 0 0 
6111 5 0 0 0 0 0 0 0 0 0 0 0 5 0 0 0 0 0 0 0 0 0 
6126 8 0 0 0 0 0 0 0 0 0 0 0 8 0 0 0 0 0 0 0 0 0 
6152 4 0 0 0 4 0 0 0 0 0 0 0 8 0 0 0 0 0 0 0 0 0 
6156 6 0 0 0 4 0 0 0 0 0 0 0 6 0 0 0 0 0 0 0 0 0 
6171 0 0 0 0 4 0 0 0 0 0 0 0 0 0 0 0 0 0 0 0 0 0 
6182 16 0 0 0 16 0 0 0 0 0 0 0 0 0 0 0 0 0 0 0 0 0 
6197 2 0 0 0 2 0 0 0 0 0 0 0 0 0 0 0 0 0 0 0 0 0 
6212 0 0 0 0 0 0 0 0 0 0 0 0 0 0 0 0 0 0 0 0 0 0 
6250 2 0 0 0 0 0 0 0 0 0 0 0 0 0 0 0 0 0 0 0 2 0 
6265 6 0 0 0 0 0 0 0 0 0 0 0 0 0 0 0 0 0 0 0 6 0 
6295 2 0 0 0 0 0 0 0 0 0 0 0 0 0 0 0 0 0 0 0 2 0 
6310 0 0 0 0 0 0 0 0 0 0 0 0 0 0 0 0 0 0 0 0 0 0 
6950 4 0 0 0 0 0 0 0 0 0 4 0 0 0 0 0 0 0 0 0 0 0 
6980 -8 0 0 0 0 0 0 0 0 0 -8 0 0 0 0 0 0 0 0 0 0 0 
6995 0 0 0 0 0 0 0 0 0 0 0 0 0 0 0 0 0 0 0 0 0 0 
7352 4 0 0 0 4 0 0 0 0 0 0 0 0 0 0 0 0 0 0 0 0 0 
7367 6 0 0 0 6 0 0 0 0 0 0 0 0 0 0 0 0 0 0 0 0 0 
7387 2 0 0 0 6 0 0 0 0 0 0 0 0 0 2 0 0 0 0 0 0 0 
7397 8 0 0 0 8 0 0 0 0 0 0 0 0 0 2 0 0 0 0 0 0 0 
7402 0 0 0 0 8 0 0 0 0 0 0 0 0 0 0 0 0 0 0 0 0 0 
7427 6 0 0 0 6 0 0 0 0 0 0 0 0 0 0 0 0 0 0 0 0 0 
7442 18 0 0 0 18 0 0 0 0 0 0 0 0 0 0 0 0 0 0 0 0 0 
7457 8 0 0 0 8 0 0 0 0 0 0 0 0 0 0 0 0 0 0 0 0 0 
7472 2 0 0 0 2 0 0 0 0 0 0 0 0 0 0 0 0 0 0 0 0 0 
7487 0 0 0 0 0 0 0 0 0 0 0 0 0 0 0 0 0 0 0 0 0 0 
7651 1 0 1 0 0 0 0 0 0 0 0 0 0 0 0 0 0 0 0 0 0 0 
7652 12 0 1 0 12 0 0 0 0 0 0 0 0 0 0 0 0 0 0 0 0 0 
7666 7 0 7 0 12 0 0 0 0 0 0 0 0 0 0 0 0 0 0 0 0 0 
7667 0 0 7 0 0 0 0 0 0 0 0 0 0 0 0 0 0 0 0 0 0 0 
7681 8 0 8 0 0 0 0 0 0 0 0 0 0 0 0 0 0 0 0 0 0 0 
7711 16 0 16 0 0 0 0 0 0 0 0 0 0 0 0 0 0 0 0 0 0 0 
7726 18 0 18 0 0 0 0 0 0 0 0 0 0 0 0 0 0 0 0 0 0 0 
7741 8 0 8 0 0 0 0 0 0 0 0 0 0 0 0 0 0 0 0 0 0 0 
7771 6 0 6 0 0 0 0 0 0 0 0 0 0 0 0 0 0 0 0 0 0 0 
7786 8 0 8 0 0 0 0 0 0 0 0 0 0 0 0 0 0 0 0 0 0 0 
7831 6 0 6 0 0 0 0 0 0 0 0 0 0 0 0 0 0 0 0 0 0 0 
7861 0 0 0 0 0 0 0 0 0 0 0 0 0 0 0 0 0 0 0 0 0 0 
7909 6 0 0 0 0 0 0 0 6 0 0 0 0 0 0 0 0 0 0 0 0 0 
7924 8 0 0 0 0 0 0 0 8 0 0 0 0 0 0 0 0 0 0 0 0 0 
7939 6 0 0 0 0 0 0 0 6 0 0 0 0 0 0 0 0 0 0 0 0 0 
7954 8 0 0 0 0 0 0 0 8 0 0 0 0 0 0 0 0 0 0 0 0 0 
7999 6 0 0 0 0 0 0 0 6 0 0 0 0 0 0 0 0 0 0 0 0 0 
8014 8 0 0 0 0 0 0 0 8 0 0 0 0 0 0 0 0 0 0 0 0 0 
8059 6 0 0 0 0 0 0 0 6 0 0 0 0 0 0 0 0 0 0 0 0 0 
8074 8 0 0 0 0 0 0 0 8 0 0 0 0 0 0 0 0 0 0 0 0 0 
8119 6 0 0 0 0 0 0 0 6 0 0 0 0 0 0 0 0 0 0 0 0 0 
8134 8 0 0 0 0 0 0 0 8 0 0 0 0 0 0 0 0 0 0 0 0 0 
8164 18 0 0 0 0 0 0 0 18 0 0 0 0 0 0 0 0 0 0 0 0 0 
8179 6 0 0 0 0 0 0 0 6 0 0 0 0 0 0 0 0 0 0 0 0 0 
8194 8 0 0 0 0 0 0 0 8 0 0 0 0 0 0 0 0 0 0 0 0 0 
8239 6 0 0 0 0 0 0 0 6 0 0 0 0 0 0 0 0 0 0 0 0 0 
8254 8 0 0 0 0 0 0 0 8 0 0 0 0 0 0 0 0 0 0 0 0 0 
8269 28 0 0 0 0 0 0 0 28 0 0 0 0 0 0 0 0 0 0 0 0 0 
8284 6 0 0 0 0 0 0 0 6 0 0 0 0 0 0 0 0 0 0 0 0 0 
8299 4 0 0 0 0 0 0 0 4 0 0 0 0 0 0 0 0 0 0 0 0 0 
8314 0 0 0 0 0 0 0 0 0 0 0 0 0 0 0 0 0 0 0 0 0 0 
9530 0 1 0 0 0 0 0 0 0 0 0 1 0 0 0 0 0 0 0 0 0 0 
9545 0 0 0 0 0 0 0 0 0 0 0 0 0 0 0 0 0 0 0 0 0 0 
9575 0 10 0 0 0 0 0 0 0 0 0 10 0 0 0 0 0 0 0 0 0 0 
9590 0 0 0 0 0 0 0 0 0 0 0 0 0 0 0 0 0 0 0 0 0 0 
11031 4 0 0 0 0 0 0 0 0 0 0 0 4 0 0 0 0 0 0 0 0 0 
11046 16 0 0 0 0 0 0 0 0 0 0 0 16 0 0 0 0 0 0 0 0 0 
11049 0 1 0 0 0 0 0 0 0 0 0 0 16 0 0 0 0 0 0 1 0 0 
11064 0 0 0 0 0 0 0 0 0 0 0 0 16 0 0 0 0 0 0 0 0 0 
11109 0 0.5 0 0 0 0 0 0 0 0 0 0 0 0 0 0 0 0 0 1 0 0 
11124 0 0 0 0 0 0 0 0 0 0 0 0 0 0 0 0 0 0 0 0 0 0 
11710 2 0 0 0 0 0 0 0 0 0 0 0 0 0 0 0 0 0 0 0 2 0 
11725 9 0 0 0 0 0 0 0 0 0 0 0 0 0 0 0 0 0 0 0 9 0 
11737 0 1 0 0 0 0 0 0 0 0 0 0 0 0 0 1 0 0 0 0 9 0 
11740 7 0 0 0 0 0 0 0 0 0 0 0 0 0 0 1 0 0 0 0 7 0 
11752 0 0 0 0 0 0 0 0 0 0 0 0 0 0 0 0 0 0 0 0 7 0 
11755 56 0 0 0 0 0 0 0 0 0 0 0 0 0 0 0 0 0 0 0 56 0 
11770 8 0 0 0 0 0 0 0 0 0 0 0 0 0 0 0 0 0 0 0 8 0 
11782 0 11 0 0 0 0 0 0 0 0 0 0 0 0 0 11 0 0 0 0 8 0 
11785 18 0 0 0 0 0 0 0 0 0 0 0 0 0 0 11 0 0 0 0 18 0 
11797 0 0 0 0 0 0 0 0 0 0 0 0 0 0 0 0 0 0 0 0 18 0 
11815 6 0 0 0 0 0 0 0 0 0 0 0 0 0 0 0 0 0 0 0 6 0 
11826 8 0 0 0 0 0 0 0 0 0 0 0 8 0 0 0 0 0 0 0 6 0 
11871 7 0 0 0 0 0 0 0 0 0 0 0 6 0 0 0 0 0 0 0 8 0 
11875 89 0 0 0 0 0 0 0 0 0 0 0 6 0 0 0 0 0 0 0 89 0 
11886 28 0 0 0 0 0 0 0 0 0 0 0 28 0 0 0 0 0 0 0 89 0 
11890 7 0 0 0 0 0 0 0 0 0 0 0 28 0 0 0 0 0 0 0 7 0 
11901 8 0 0 0 0 0 0 0 0 0 0 0 8 0 0 0 0 0 0 0 7 0 
11930 4.5 0 0 0 0 0 0 0 0 0 1 0 8 0 0 0 0 0 0 0 8 0 
11931 15 0 0 0 0 0 0 0 0 0 1 0 15 0 0 0 0 0 0 0 8 0 
11935 6 0 0 0 0 0 0 0 0 0 1 0 15 0 0 0 0 0 0 0 6 0 
11945 0 0 0 0 0 0 0 0 0 0 0 0 15 0 0 0 0 0 0 0 6 0 
11946 7 0 0 0 0 0 0 0 0 0 0 0 7 0 0 0 0 0 0 0 6 0 
11961 7.5 0 0 0 0 0 0 0 0 0 0 0 8 0 0 0 0 0 0 0 7 0 
11965 1 0 0 0 0 0 0 0 0 0 0 0 8 0 0 0 0 0 0 0 1 0 
11976 2 0 0 0 0 0 0 0 0 0 0 0 2 0 0 0 0 0 0 0 1 0 
11980 0 0 0 0 0 0 0 0 0 0 0 0 2 0 0 0 0 0 0 0 0 0 
12347 6 0 0 0 12 0 0 0 0 0 0 0 0 0 0 0 0 0 0 0 0 0 
12377 17 0 0 0 17 0 0 0 0 0 0 0 0 0 0 0 0 0 0 0 0 0 
12392 1 0 0 0 1 0 0 0 0 0 0 0 0 0 0 0 0 0 0 0 0 0 
12407 0 0 0 0 0 0 0 0 0 0 0 0 0 0 0 0 0 0 0 0 0 0 
12953 6 0 0 0 0 0 0 0 0 0 0 0 0 0 0 0 6 0 0 0 0 0 
12983 40 0 0 0 0 0 0 0 0 0 0 0 0 0 0 0 40 0 0 0 0 0 
12998 8 0 0 0 0 0 0 0 0 0 0 0 0 0 0 0 8 0 0 0 0 0 
13043 6 0 0 0 0 0 0 0 0 0 0 0 0 0 0 0 6 0 0 0 0 0 
13058 8 0 0 0 0 0 0 0 0 0 0 0 0 0 0 0 8 0 0 0 0 0 
13103 6 0 0 0 0 0 0 0 0 0 0 0 0 0 0 0 6 0 0 0 0 0 
13118 18 0 0 0 0 0 0 0 0 0 0 0 0 0 0 0 18 0 0 0 0 0 
13133 9 0 0 0 0 0 0 0 0 0 0 0 0 0 0 0 9 0 0 0 0 0 
13148 17 0 0 0 0 0 0 0 0 0 0 0 0 0 0 0 17 0 0 0 0 0 
13163 6 0 0 0 0 0 0 0 0 0 0 0 0 0 0 0 6 0 0 0 0 0 
13174 2 0 0 0 0 0 0 0 2 0 0 0 0 0 0 0 6 0 0 0 0 0 
13189 6 0 0 0 0 0 0 0 6 0 0 0 0 0 0 0 6 0 0 0 0 0 
13193 8 0 0 0 0 0 0 0 6 0 0 0 0 0 0 0 8 0 0 0 0 0 
13208 18 0 0 0 0 0 0 0 6 0 0 0 0 0 0 0 18 0 0 0 0 0 
13219 2 0 0 0 0 0 0 0 2 0 0 0 0 0 0 0 18 0 0 0 0 0 
13223 6 0 0 0 0 0 0 0 2 0 0 0 0 0 0 0 6 0 0 0 0 0 
13234 0 0 0 0 0 0 0 0 0 0 0 0 0 0 0 0 6 0 0 0 0 0 
13238 18 0 0 0 0 0 0 0 0 0 0 0 0 0 0 0 18 0 0 0 0 0 
13253 8 0 0 0 0 0 0 0 0 0 0 0 0 0 0 0 8 0 0 0 0 0 
13283 6 0 0 0 0 0 0 0 0 0 0 0 0 0 0 0 6 0 0 0 0 0 
13298 7 0 0 0 0 0 0 0 0 0 0 0 0 0 0 0 7 0 0 0 0 0 
13300 1 0 0 0 0 0 0 0 0 0 0 0 0 0 0 0 7 0 0 0 1 0 
13315 0.5 0 0 0 0 0 0 0 0 0 0 0 0 0 0 0 1 0 0 0 0 0 
13328 0 0 0 0 0 0 0 0 0 0 0 0 0 0 0 0 0 0 0 0 0 0 
13876 0 1 0 1 0 0 0 0 0 0 0 0 0 0 0 0 0 0 0 0 0 0 
13891 0 0 0 0 0 0 0 0 0 0 0 0 0 0 0 0 0 0 0 0 0 0 
13921 0 1 0 1 0 0 0 0 0 0 0 0 0 0 0 0 0 0 0 0 0 0 
13936 0 0 0 0 0 0 0 0 0 0 0 0 0 0 0 0 0 0 0 0 0 0 
14254 4 0 0 0 0 0 0 0 4 0 0 0 0 0 0 0 0 0 0 0 0 0 
14269 8 0 0 0 0 0 0 0 8 0 0 0 0 0 0 0 0 0 0 0 0 0 
14299 6 0 0 0 0 0 0 0 6 0 0 0 0 0 0 0 0 0 0 0 0 0 
14314 8 0 0 0 0 0 0 0 8 0 0 0 0 0 0 0 0 0 0 0 0 0 
14329 18 0 0 0 0 0 0 0 18 0 0 0 0 0 0 0 0 0 0 0 0 0 
14344 8 0 0 0 0 0 0 0 8 0 0 0 0 0 0 0 0 0 0 0 0 0 
14359 6 0 0 0 0 0 0 0 6 0 0 0 0 0 0 0 0 0 0 0 0 0 
14374 8 0 0 0 0 0 0 0 8 0 0 0 0 0 0 0 0 0 0 0 0 0 
14419 6 0 0 0 0 0 0 0 6 0 0 0 0 0 0 0 0 0 0 0 0 0 
14434 8 0 0 0 0 0 0 0 8 0 0 0 0 0 0 0 0 0 0 0 0 0 
14449 4 0 0 0 0 0 0 0 4 0 0 0 0 0 0 0 0 0 0 0 0 0 
14464 0 0 0 0 0 0 0 0 0 0 0 0 0 0 0 0 0 0 0 0 0 0 
14897 6 0 0 0 6 0 0 0 0 0 0 0 0 0 0 0 0 0 0 0 0 0 
14912 18 0 0 0 18 0 0 0 0 0 0 0 0 0 0 0 0 0 0 0 0 0 
14927 3 0 0 0 3 0 0 0 0 0 0 0 0 0 0 0 0 0 0 0 0 0 
14942 37 0 0 0 37 0 0 0 0 0 0 0 0 0 0 0 0 0 0 0 0 0 
14957 8 0 0 0 8 0 0 0 0 0 0 0 0 0 0 0 0 0 0 0 0 0 
14987 6 0 0 0 6 0 0 0 0 0 0 0 0 0 0 0 0 0 0 0 0 0 
15002 8 0 0 0 8 0 0 0 0 0 0 0 0 0 0 0 0 0 0 0 0 0 
15008 1 0 0 0 8 0 0 0 0 0 0 0 0 0 0 0 1 0 0 0 0 0 
15017 6 0 0 0 6 0 0 0 0 0 0 0 0 0 0 0 1 0 0 0 0 0 
15032 8 0 0 0 8 0 0 0 0 0 0 0 0 0 0 0 1 0 0 0 0 0 
15038 0 0 0 0 8 0 0 0 0 0 0 0 0 0 0 0 0 0 0 0 0 0 
15047 6 0 0 0 6 0 0 0 0 0 0 0 0 0 0 0 0 0 0 0 0 0 
15062 8 0 0 0 8 0 0 0 0 0 0 0 0 0 0 0 0 0 0 0 0 0 
15107 6 0 0 0 6 0 0 0 0 0 0 0 0 0 0 0 0 0 0 0 0 0 
15122 8 0 0 0 8 0 0 0 0 0 0 0 0 0 0 0 0 0 0 0 0 0 
15167 6 0 0 0 6 0 0 0 0 0 0 0 0 0 0 0 0 0 0 0 0 0 
15182 7 0 0 0 7 0 0 0 0 0 0 0 0 0 0 0 0 0 0 0 0 0 
15184 2 0 0 0 7 0 0 0 2 0 0 0 0 0 0 0 0 0 0 0 0 0 
15199 0 0 0 0 7 0 0 0 0 0 0 0 0 0 0 0 0 0 0 0 0 0 
15212 2 0 0 0 2 0 0 0 0 0 0 0 0 0 0 0 0 0 0 0 0 0 
15227 0 0 0 0 0 0 0 0 0 0 0 0 0 0 0 0 0 0 0 0 0 0 
16866 6 0 0 0 0 0 0 0 0 0 0 0 6 0 0 0 0 0 0 0 0 0 
16881 4 0 0 0 0 0 0 0 0 0 0 0 4 0 0 0 0 0 0 0 0 0 
16896 6 0 0 0 0 0 0 0 0 0 0 0 6 0 0 0 0 0 0 0 0 0 
16911 0 0 0 0 0 0 0 0 0 0 0 0 0 0 0 0 0 0 0 0 0 0 
16956 4 0 0 0 0 0 0 0 0 0 0 0 4 0 0 0 0 0 0 0 0 0 
16971 6 0 0 0 0 0 0 0 0 0 0 0 6 0 0 0 0 0 0 0 0 0 
16986 8 0 0 0 0 0 0 0 0 0 0 0 8 0 0 0 0 0 0 0 0 0 
17031 6 0 0 0 0 0 0 0 0 0 0 0 6 0 0 0 0 0 0 0 0 0 
17046 4 0 0 0 0 0 0 0 0 0 0 0 4 0 0 0 0 0 0 0 0 0 
17061 0 0 0 0 0 0 0 0 0 0 0 0 0 0 0 0 0 0 0 0 0 0 
17889 0 1 0 0 0 0 0 0 0 0 0 0 0 0 0 0 0 0 0 1 0 0 
17904 0 0 0 0 0 0 0 0 0 0 0 0 0 0 0 0 0 0 0 0 0 0 
18188 26 0 0 0 0 0 0 0 0 0 0 0 0 0 0 0 26 0 0 0 0 0 
18203 4 0 0 0 0 0 0 0 0 0 0 0 0 0 0 0 4 0 0 0 0 0 
18218 6 0 0 0 0 0 0 0 0 0 0 0 0 0 0 0 6 0 0 0 0 0 
18233 0 0 0 0 0 0 0 0 0 0 0 0 0 0 0 0 0 0 0 0 0 0 
18277 0 1 0 0 0 0 0 0 0 0 0 0 0 0 0 1 0 0 0 0 0 0 
18292 0 0 0 0 0 0 0 0 0 0 0 0 0 0 0 0 0 0 0 0 0 0 
18322 0 1 0 0 0 0 0 0 0 0 0 0 0 0 0 1 0 0 0 0 0 0 
18337 0 0 0 0 0 0 0 0 0 0 0 0 0 0 0 0 0 0 0 0 0 0 
18955 0 1 0 0 0 0 0 0 0 0 0 0 0 0 0 0 0 0 0 0 0 1 
18970 0 0 0 0 0 0 0 0 0 0 0 0 0 0 0 0 0 0 0 0 0 0 
18985 0 10 0 0 0 0 0 0 0 0 0 0 0 0 0 0 0 0 0 0 0 10 
19000 0 0 0 0 0 0 0 0 0 0 0 0 0 0 0 0 0 0 0 0 0 0 
19324 7 0 0 0 0 0 0 0 7 0 0 0 0 0 0 0 0 0 0 0 0 0 
19339 5 0 0 0 0 0 0 0 5 0 0 0 0 0 0 0 0 0 0 0 0 0 
19354 4 0 0 0 0 0 0 0 4 0 0 0 0 0 0 0 0 0 0 0 0 0 
19369 0 0 0 0 0 0 0 0 0 0 0 0 0 0 0 0 0 0 0 0 0 0 
20102 7 0 0 0 7 0 0 0 0 0 0 0 0 0 0 0 0 0 0 0 0 0 
20117 -3 0 0 0 -3 0 0 0 0 0 0 0 0 0 0 0 0 0 0 0 0 0 
20132 -4 0 0 0 -4 0 0 0 0 0 0 0 0 0 0 0 0 0 0 0 0 0 
20147 0 0 0 0 0 0 0 0 0 0 0 0 0 0 0 0 0 0 0 0 0 0 
20973 0 1 0 0 0 0 0 1 0 0 0 0 0 0 0 0 0 0 0 0 0 0 
20988 0 0 0 0 0 0 0 0 0 0 0 0 0 0 0 0 0 0 0 0 0 0 
21121 0 1 0 1 0 0 0 0 0 0 0 0 0 0 0 0 0 0 0 0 0 0 
21136 0 0 0 0 0 0 0 0 0 0 0 0 0 0 0 0 0 0 0 0 0 0 
21166 0 1 0 1 0 0 0 0 0 0 0 0 0 0 0 0 0 0 0 0 0 0 
21181 0 0 0 0 0 0 0 0 0 0 0 0 0 0 0 0 0 0 0 0 0 0 
21392 0 1 0 0 0 1 0 0 0 0 0 0 0 0 0 0 0 0 0 0 0 0 
21407 0 0 0 0 0 0 0 0 0 0 0 0 0 0 0 0 0 0 0 0 0 0 
21437 0 31 0 0 0 31 0 0 0 0 0 0 0 0 0 0 0 0 0 0 0 0 
21452 0 0 0 0 0 0 0 0 0 0 0 0 0 0 0 0 0 0 0 0 0 0 
21964 4 0 0 0 0 0 0 0 4 0 0 0 0 0 0 0 0 0 0 0 0 0 
21979 6 0 0 0 0 0 0 0 6 0 0 0 0 0 0 0 0 0 0 0 0 0 
21992 1 0 0 0 1 0 0 0 6 0 0 0 0 0 0 0 0 0 0 0 0 0 
21994 7 0 0 0 1 0 0 0 7 0 0 0 0 0 0 0 0 0 0 0 0 0 
22007 0 0 0 0 0 0 0 0 7 0 0 0 0 0 0 0 0 0 0 0 0 0 
22009 8 0 0 0 0 0 0 0 8 0 0 0 0 0 0 0 0 0 0 0 0 0 
22039 6 0 0 0 0 0 0 0 6 0 0 0 0 0 0 0 0 0 0 0 0 0 
22054 0 0 0 0 0 0 0 0 0 0 0 0 0 0 0 0 0 0 0 0 0 0 
22204 18 0 0 0 0 0 0 0 18 0 0 0 0 0 0 0 0 0 0 0 0 0 
22219 7 0 0 0 0 0 0 0 7 0 0 0 0 0 0 0 0 0 0 0 0 0 
22234 17 0 0 0 0 0 0 0 17 0 0 0 0 0 0 0 0 0 0 0 0 0 
22249 6 0 0 0 0 0 0 0 6 0 0 0 0 0 0 0 0 0 0 0 0 0 
22264 0 0 0 0 0 0 0 0 0 0 0 0 0 0 0 0 0 0 0 0 0 0 
23815 4 0 0 0 0 0 0 0 0 0 0 0 0 0 0 0 0 0 0 0 4 0 
23830 6 0 0 0 0 0 0 0 0 0 0 0 0 0 0 0 0 0 0 0 6 0 
23860 0 0 0 0 0 0 0 0 0 0 0 0 0 0 0 0 0 0 0 0 0 0 
24097 0 1 0 0 0 0 0 0 0 0 0 0 0 0 0 1 0 0 0 0 0 0 
24112 0 0 0 0 0 0 0 0 0 0 0 0 0 0 0 0 0 0 0 0 0 0 
25629 0 1 0 0 0 0 0 0 0 0 0 0 0 0 0 0 0 0 0 1 0 0 
25644 0 0 0 0 0 0 0 0 0 0 0 0 0 0 0 0 0 0 0 0 0 0 
25658 2 0 0 0 0 0 0 0 0 0 0 0 0 0 0 0 2 0 0 0 0 0 
25673 8 0 0 0 0 0 0 0 0 0 0 0 0 0 0 0 8 0 0 0 0 0 
25674 0 11 0 0 0 0 0 0 0 0 0 0 0 0 0 0 8 0 0 11 0 0 
25689 0 0 0 0 0 0 0 0 0 0 0 0 0 0 0 0 8 0 0 0 0 0 
25703 6 0 0 0 0 0 0 0 0 0 0 0 0 0 0 0 6 0 0 0 0 0 
25718 8 0 0 0 0 0 0 0 0 0 0 0 0 0 0 0 8 0 0 0 0 0 
25763 26 0 0 0 0 0 0 0 0 0 0 0 0 0 0 0 26 0 0 0 0 0 
25778 8 0 0 0 0 0 0 0 0 0 0 0 0 0 0 0 8 0 0 0 0 0 
25808 36 0 0 0 0 0 0 0 0 0 0 0 0 0 0 0 36 0 0 0 0 0 
25823 6 0 0 0 0 0 0 0 0 0 0 0 0 0 0 0 6 0 0 0 0 0 
25838 8 0 0 0 0 0 0 0 0 0 0 0 0 0 0 0 8 0 0 0 0 0 
25883 6 0 0 0 0 0 0 0 0 0 0 0 0 0 0 0 6 0 0 0 0 0 
25898 8 0 0 0 0 0 0 0 0 0 0 0 0 0 0 0 8 0 0 0 0 0 
25943 6 0 0 0 0 0 0 0 0 0 0 0 0 0 0 0 6 0 0 0 0 0 
25958 28 0 0 0 0 0 0 0 0 0 0 0 0 0 0 0 28 0 0 0 0 0 
25973 8 0 0 0 0 0 0 0 0 0 0 0 0 0 0 0 8 0 0 0 0 0 
26003 7 0 0 0 0 0 0 0 0 0 0 0 0 0 0 0 7 0 0 0 0 0 
26018 5 0 0 0 0 0 0 0 0 0 0 0 0 0 0 0 5 0 0 0 0 0 
26033 0 0 0 0 0 0 0 0 0 0 0 0 0 0 0 0 0 0 0 0 0 0 
26252 2 0 0 0 2 0 0 0 0 0 0 0 0 0 0 0 0 0 0 0 0 0 
26267 5 0 0 0 5 0 0 0 0 0 0 0 0 0 0 0 0 0 0 0 0 0 
26282 7 0 0 0 7 0 0 0 0 0 0 0 0 0 0 0 0 0 0 0 0 0 
26297 2 0 0 0 2 0 0 0 0 0 0 0 0 0 0 0 0 0 0 0 0 0 
26312 0 0 0 0 0 0 0 0 0 0 0 0 0 0 0 0 0 0 0 0 0 0 
26942 4 0 0 0 4 0 0 0 0 0 0 0 0 0 0 0 0 0 0 0 0 0 
26957 18 0 0 0 18 0 0 0 0 0 0 0 0 0 0 0 0 0 0 0 0 0 
26961 1 0 0 0 18 0 0 0 0 0 0 0 1 0 0 0 0 0 0 0 0 0 
26972 6 0 0 0 6 0 0 0 0 0 0 0 1 0 0 0 0 0 0 0 0 0 
26991 0 0 0 0 6 0 0 0 0 0 0 0 0 0 0 0 0 0 0 0 0 0 
