# ValueCount deltaRoads
10 0 0 0 0 0 0 0 0 0 0 0 0 0 0 0 0 0 0 0 0 0 0 
121 1 6 1 6 1 0 1 0 1 0 1 0 1 0 1 0 1 0 1 0 1 0 
128 2 7 2 6 2 0 2 0 2 0 2 0 2 0 2 0 2 7 2 0 2 0 
129 3 6 3 6 3 0 3 0 3 0 3 0 3 0 3 0 3 7 3 6 3 0 
140 4 7 4 6 4 0 4 0 4 0 4 7 4 0 4 0 4 7 4 6 4 0 
143 5 5 5 6 5 0 5 0 5 0 5 7 5 0 5 0 5 5 5 6 5 0 
151 6 4 6 4 6 0 6 0 6 0 6 7 6 0 6 0 6 5 6 6 6 0 
155 7 3 7 4 7 0 7 0 7 0 7 3 7 0 7 0 7 5 7 6 7 0 
158 8 4 8 4 8 0 8 0 8 0 8 3 8 0 8 0 8 4 8 6 8 0 
166 9 2 9 0 9 0 9 0 9 0 9 3 9 0 9 0 9 4 9 4 9 0 
170 10 6 10 0 10 0 10 0 10 0 10 6 10 0 10 0 10 4 10 4 10 0 
173 11 0 11 0 11 0 11 0 11 0 11 6 11 0 11 0 11 0 11 4 11 0 
625 12 2 12 0 12 0 12 0 12 0 12 0 12 0 12 0 12 0 12 0 12 6 
655 13 4 13 0 13 0 13 0 13 0 13 0 13 0 13 0 13 0 13 0 13 4 
670 14 0 14 0 14 0 14 0 14 0 14 0 14 0 14 0 14 0 14 0 14 0 
894 15 2 15 0 15 0 15 0 15 0 15 0 15 0 15 0 15 0 15 2 15 0 
909 16 8 16 0 16 0 16 0 16 0 16 0 16 0 16 0 16 0 16 8 16 0 
999 17 6 17 0 17 0 17 0 17 0 17 0 17 0 17 0 17 0 17 6 17 0 
1014 18 8 18 0 18 0 18 0 18 0 18 0 18 0 18 0 18 0 18 8 18 0 
1104 19 26 19 0 19 0 19 0 19 0 19 0 19 0 19 0 19 0 19 26 19 0 
1119 20 2 20 0 20 0 20 0 20 0 20 0 20 0 20 0 20 0 20 2 20 0 
1134 21 0 21 0 21 0 21 0 21 0 21 0 21 0 21 0 21 0 21 0 21 0 
2135 22 4 22 0 22 0 22 0 22 0 22 4 22 0 22 0 22 0 22 0 22 0 
2150 23 8 23 0 23 0 23 0 23 0 23 8 23 0 23 0 23 0 23 0 23 0 
2195 24 6 24 0 24 0 24 0 24 0 24 6 24 0 24 0 24 0 24 0 24 0 
2210 25 10 25 0 25 0 25 0 25 0 25 10 25 0 25 0 25 0 25 0 25 0 
2225 26 8 26 0 26 0 26 0 26 0 26 8 26 0 26 0 26 0 26 0 26 0 
2255 27 6 27 0 27 0 27 0 27 0 27 6 27 0 27 0 27 0 27 0 27 0 
2270 28 10 28 0 28 0 28 0 28 0 28 10 28 0 28 0 28 0 28 0 28 0 
2285 29 8 29 0 29 0 29 0 29 0 29 8 29 0 29 0 29 0 29 0 29 0 
2300 30 26 30 0 30 0 30 0 30 0 30 26 30 0 30 0 30 0 30 0 30 0 
2315 31 8 31 0 31 0 31 0 31 0 31 8 31 0 31 0 31 0 31 0 31 0 
2345 32 6 32 0 32 0 32 0 32 0 32 6 32 0 32 0 32 0 32 0 32 0 
2360 33 0 33 0 33 0 33 0 33 0 33 0 33 0 33 0 33 0 33 0 33 0 
2723 34 2 34 0 34 0 34 0 34 0 34 0 34 0 34 0 34 2 34 0 34 0 
2738 35 8 35 0 35 0 35 0 35 0 35 0 35 0 35 0 35 8 35 0 35 0 
2783 36 6 36 0 36 0 36 0 36 0 36 0 36 0 36 0 36 6 36 0 36 0 
2798 37 8 37 0 37 0 37 0 37 0 37 0 37 0 37 0 37 8 37 0 37 0 
2843 38 6 38 0 38 0 38 0 38 0 38 0 38 0 38 0 38 6 38 0 38 0 
2858 39 8 39 0 39 0 39 0 39 0 39 0 39 0 39 0 39 8 39 0 39 0 
2888 40 34 40 0 40 0 40 0 40 0 40 0 40 0 40 0 40 34 40 0 40 0 
2903 41 6 41 0 41 0 41 0 41 0 41 0 41 0 41 0 41 6 41 0 41 0 
2918 42 8 42 0 42 0 42 0 42 0 42 0 42 0 42 0 42 8 42 0 42 0 
2963 43 5 43 0 43 0 43 0 43 0 43 0 43 0 43 0 43 5 43 0 43 0 
2978 44 7 44 0 44 0 44 0 44 0 44 0 44 0 44 0 44 7 44 0 44 0 
2993 45 8 45 0 45 0 45 0 45 0 45 0 45 0 45 0 45 8 45 0 45 0 
3023 46 0 46 0 46 0 46 0 46 0 46 0 46 0 46 0 46 0 46 0 46 0 
4366 47 8 47 8 47 0 47 0 47 0 47 0 47 0 47 0 47 0 47 0 47 0 
4411 48 6 48 6 48 0 48 0 48 0 48 0 48 0 48 0 48 0 48 0 48 0 
4426 49 8 49 8 49 0 49 0 49 0 49 0 49 0 49 0 49 0 49 0 49 0 
4471 50 6 50 6 50 0 50 0 50 0 50 0 50 0 50 0 50 0 50 0 50 0 
4486 51 10 51 10 51 0 51 0 51 0 51 0 51 0 51 0 51 0 51 0 51 0 
4501 52 8 52 8 52 0 52 0 52 0 52 0 52 0 52 0 52 0 52 0 52 0 
4531 53 6 53 6 53 0 53 0 53 0 53 0 53 0 53 0 53 0 53 0 53 0 
4546 54 8 54 8 54 0 54 0 54 0 54 0 54 0 54 0 54 0 54 0 54 0 
4576 55 6 55 6 55 0 55 0 55 0 55 0 55 0 55 0 55 0 55 0 55 0 
4606 56 8 56 8 56 0 56 0 56 0 56 0 56 0 56 0 56 0 56 0 56 0 
4621 57 4 57 4 57 0 57 0 57 0 57 0 57 0 57 0 57 0 57 0 57 0 
4636 58 0 58 0 58 0 58 0 58 0 58 0 58 0 58 0 58 0 58 0 58 0 
5883 59 2 59 0 59 0 59 2 59 0 59 0 59 0 59 0 59 0 59 0 59 0 
5898 60 6 60 0 60 0 60 6 60 0 60 0 60 0 60 0 60 0 60 0 60 0 
5913 61 7 61 0 61 0 61 7 61 0 61 0 61 0 61 0 61 0 61 0 61 0 
5928 62 1 62 0 62 0 62 1 62 0 62 0 62 0 62 0 62 0 62 0 62 0 
5943 63 0 63 0 63 0 63 0 63 0 63 0 63 0 63 0 63 0 63 0 63 0 
6258 64 6 64 0 64 0 64 6 64 0 64 0 64 0 64 0 64 0 64 0 64 0 
6271 65 2 65 2 65 0 65 6 65 0 65 0 65 0 65 0 65 0 65 0 65 0 
6286 66 1 66 0 66 0 66 2 66 0 66 0 66 0 66 0 66 0 66 0 66 0 
6288 67 0 67 0 67 0 67 0 67 0 67 0 67 0 67 0 67 0 67 0 67 0 
6772 68 2 68 0 68 0 68 0 68 0 68 0 68 0 68 2 68 0 68 0 68 0 
6787 69 5 69 0 69 0 69 0 69 0 69 0 69 0 69 5 69 0 69 0 69 0 
6817 70 4 70 0 70 0 70 0 70 0 70 0 70 0 70 4 70 0 70 0 70 0 
6832 71 0 71 0 71 0 71 0 71 0 71 0 71 0 71 0 71 0 71 0 71 0 
7220 72 6 72 0 72 0 72 0 72 0 72 6 72 0 72 0 72 0 72 0 72 0 
7235 73 4 73 0 73 0 73 0 73 0 73 4 73 0 73 0 73 0 73 0 73 0 
7250 74 6 74 0 74 0 74 0 74 0 74 6 74 0 74 0 74 0 74 0 74 0 
7265 75 0 75 0 75 0 75 0 75 0 75 0 75 0 75 0 75 0 75 0 75 0 
7898 76 6 76 0 76 0 76 0 76 0 76 0 76 0 76 0 76 6 76 0 76 0 
7913 77 4 77 0 77 0 77 0 77 0 77 0 77 0 77 0 77 4 77 0 77 0 
7928 78 6 78 0 78 0 78 0 78 0 78 0 78 0 78 0 78 6 78 0 78 0 
7943 79 0 79 0 79 0 79 0 79 0 79 0 79 0 79 0 79 0 79 0 79 0 
8555 80 8 80 0 80 0 80 0 80 0 80 8 80 0 80 0 80 0 80 0 80 0 
8570 81 10 81 0 81 0 81 0 81 0 81 10 81 0 81 0 81 0 81 0 81 0 
8585 82 8 82 0 82 0 82 0 82 0 82 8 82 0 82 0 82 0 82 0 82 0 
8615 83 6 83 0 83 0 83 0 83 0 83 6 83 0 83 0 83 0 83 0 83 0 
8630 84 8 84 0 84 0 84 0 84 0 84 8 84 0 84 0 84 0 84 0 84 0 
8660 85 5 85 0 85 0 85 0 85 0 85 5 85 0 85 0 85 0 85 0 85 0 
8661 86 6 86 0 86 0 86 0 86 0 86 5 86 6 86 0 86 0 86 0 86 0 
8675 87 67 87 0 87 0 87 0 87 0 87 67 87 6 87 0 87 0 87 0 87 0 
8676 88 3 88 0 88 0 88 0 88 0 88 67 88 3 88 0 88 0 88 0 88 0 
8690 89 8 89 0 89 0 89 0 89 0 89 8 89 3 89 0 89 0 89 0 89 0 
8691 90 4 90 0 90 0 90 0 90 0 90 8 90 4 90 0 90 0 90 0 90 0 
8706 91 1 91 0 91 0 91 0 91 0 91 8 91 1 91 0 91 0 91 0 91 0 
8721 92 0 92 0 92 0 92 0 92 0 92 8 92 0 92 0 92 0 92 0 92 0 
9220 93 -2 93 0 93 0 93 0 93 0 93 0 93 0 93 0 93 0 93 0 93 -4 
9235 94 -6 94 0 94 0 94 0 94 0 94 0 94 0 94 0 94 0 94 0 94 -6 
9265 95 0 95 0 95 0 95 0 95 0 95 0 95 0 95 0 95 0 95 0 95 0 
9670 96 7 96 0 96 0 96 0 96 0 96 0 96 0 96 0 96 0 96 0 96 7 
9685 97 -3 97 0 97 0 97 0 97 0 97 0 97 0 97 0 97 0 97 0 97 -3 
9700 98 -4 98 0 98 0 98 0 98 0 98 0 98 0 98 0 98 0 98 0 98 -4 
9715 99 0 99 0 99 0 99 0 99 0 99 0 99 0 99 0 99 0 99 0 99 0 
10742 100 4 100 0 100 4 100 0 100 0 100 0 100 0 100 0 100 0 100 0 100 0 
10757 101 6 101 0 101 6 101 0 101 0 101 0 101 0 101 0 101 0 101 0 101 0 
10787 102 0 102 0 102 0 102 0 102 0 102 0 102 0 102 0 102 0 102 0 102 0 
11148 103 7 103 0 103 0 103 7 103 0 103 0 103 0 103 0 103 0 103 0 103 0 
11163 104 5 104 0 104 0 104 5 104 0 104 0 104 0 104 0 104 0 104 0 104 0 
11178 105 4 105 0 105 0 105 4 105 0 105 0 105 0 105 0 105 0 105 0 105 0 
11193 106 0 106 0 106 0 106 0 106 0 106 0 106 0 106 0 106 0 106 0 106 0 
12182 107 1 107 0 107 1 107 0 107 0 107 0 107 0 107 0 107 0 107 0 107 0 
12197 108 89 108 0 108 89 108 0 108 0 108 0 108 0 108 0 108 0 108 0 108 0 
12212 109 8 109 0 109 8 109 0 109 0 109 0 109 0 109 0 109 0 109 0 109 0 
12227 110 6 110 0 110 6 110 0 110 0 110 0 110 0 110 0 110 0 110 0 110 0 
12242 111 10 111 0 111 10 111 0 111 0 111 0 111 0 111 0 111 0 111 0 111 0 
12257 112 8 112 0 112 8 112 0 112 0 112 0 112 0 112 0 112 0 112 0 112 0 
12287 113 6 113 0 113 6 113 0 113 0 113 0 113 0 113 0 113 0 113 0 113 0 
12302 114 8 114 0 114 8 114 0 114 0 114 0 114 0 114 0 114 0 114 0 114 0 
12332 115 4 115 0 115 4 115 0 115 0 115 0 115 0 115 0 115 0 115 0 115 0 
12347 116 0 116 0 116 0 116 0 116 0 116 0 116 0 116 0 116 0 116 0 116 0 
12354 117 2 117 0 117 0 117 0 117 0 117 0 117 0 117 0 117 0 117 2 117 0 
12369 118 6 118 0 118 0 118 0 118 0 118 0 118 0 118 0 118 0 118 6 118 0 
12384 119 7 119 0 119 0 119 0 119 0 119 0 119 0 119 0 119 0 119 7 119 0 
12399 120 1 120 0 120 0 120 0 120 0 120 0 120 0 120 0 120 0 120 1 120 0 
12414 121 0 121 0 121 0 121 0 121 0 121 0 121 0 121 0 121 0 121 0 121 0 
12487 122 1 122 0 122 0 122 0 122 0 122 0 122 0 122 1 122 0 122 0 122 0 
12502 123 7 123 0 123 0 123 0 123 0 123 0 123 0 123 7 123 0 123 0 123 0 
12517 124 8 124 0 124 0 124 0 124 0 124 0 124 0 124 8 124 0 124 0 124 0 
12607 125 6 125 0 125 0 125 0 125 0 125 0 125 0 125 6 125 0 125 0 125 0 
12622 126 8 126 0 126 0 126 0 126 0 126 0 126 0 126 8 126 0 126 0 126 0 
12637 127 12 127 0 127 0 127 0 127 0 127 0 127 0 127 12 127 0 127 0 127 0 
12652 128 8 128 0 128 0 128 0 128 0 128 0 128 0 128 8 128 0 128 0 128 0 
12667 129 6 129 0 129 0 129 0 129 0 129 0 129 0 129 6 129 0 129 0 129 0 
12682 130 9 130 0 130 0 130 0 130 0 130 0 130 0 130 9 130 0 130 0 130 0 
12683 131 6 131 0 131 0 131 0 131 0 131 0 131 0 131 9 131 6 131 0 131 0 
12697 132 11 132 0 132 0 132 0 132 0 132 0 132 0 132 11 132 6 132 0 132 0 
12698 133 8 133 0 133 0 133 0 133 0 133 0 133 0 133 11 133 8 133 0 133 0 
12712 134 14 134 0 134 0 134 0 134 0 134 0 134 0 134 14 134 8 134 0 134 0 
12713 135 10 135 0 135 0 135 0 135 0 135 0 135 0 135 14 135 10 135 0 135 0 
12727 136 6 136 0 136 0 136 0 136 0 136 0 136 0 136 6 136 10 136 0 136 0 
12728 137 8 137 0 137 0 137 0 137 0 137 0 137 0 137 6 137 8 137 0 137 0 
12743 138 7 138 0 138 0 138 0 138 0 138 0 138 0 138 8 138 6 138 0 138 0 
12758 139 8 139 0 139 0 139 0 139 0 139 0 139 0 139 8 139 8 139 0 139 0 
12787 140 3 140 0 140 0 140 0 140 0 140 0 140 0 140 3 140 8 140 0 140 0 
12788 141 10 141 0 141 0 141 0 141 0 141 0 141 0 141 3 141 10 141 0 141 0 
12802 142 165 142 0 142 0 142 0 142 0 142 0 142 0 142 165 142 10 142 0 142 0 
12803 143 6 143 0 143 0 143 0 143 0 143 0 143 0 143 165 143 6 143 0 143 0 
12817 144 10 144 0 144 0 144 0 144 0 144 0 144 0 144 10 144 6 144 0 144 0 
12818 145 8 145 0 145 0 145 0 145 0 145 0 145 0 145 10 145 8 145 0 145 0 
12847 146 6 146 0 146 0 146 0 146 0 146 0 146 0 146 6 146 8 146 0 146 0 
12862 147 8 147 0 147 0 147 0 147 0 147 0 147 0 147 8 147 8 147 0 147 0 
12863 148 6 148 0 148 0 148 0 148 0 148 0 148 0 148 8 148 6 148 0 148 0 
12878 149 5 149 0 149 0 149 0 149 0 149 0 149 0 149 8 149 5 149 0 149 0 
12892 150 0 150 0 150 0 150 0 150 0 150 0 150 0 150 0 150 5 150 0 150 0 
12893 151 37 151 0 151 0 151 0 151 0 151 0 151 0 151 0 151 37 151 0 151 0 
12908 152 8 152 0 152 0 152 0 152 0 152 0 152 0 152 0 152 8 152 0 152 0 
12923 153 24 153 0 153 0 153 0 153 0 153 0 153 0 153 0 153 24 153 0 153 0 
12938 154 8 154 0 154 0 154 0 154 0 154 0 154 0 154 0 154 8 154 0 154 0 
12983 155 6 155 0 155 0 155 0 155 0 155 0 155 0 155 0 155 6 155 0 155 0 
12998 156 5 156 0 156 0 156 0 156 0 156 0 156 0 156 0 156 5 156 0 156 0 
13013 157 39 157 0 157 0 157 0 157 0 157 0 157 0 157 0 157 39 157 0 157 0 
13028 158 0 158 0 158 0 158 0 158 0 158 0 158 0 158 0 158 0 158 0 158 0 
13610 159 4 159 0 159 0 159 0 159 0 159 4 159 0 159 0 159 0 159 0 159 0 
13640 160 7 160 0 160 0 160 0 160 0 160 7 160 0 160 0 160 0 160 0 160 0 
13655 161 1 161 0 161 0 161 0 161 0 161 1 161 0 161 0 161 0 161 0 161 0 
13670 162 0 162 0 162 0 162 0 162 0 162 0 162 0 162 0 162 0 162 0 162 0 
14510 163 4 163 0 163 0 163 0 163 0 163 4 163 0 163 0 163 0 163 0 163 0 
14525 164 6 164 0 164 0 164 0 164 0 164 6 164 0 164 0 164 0 164 0 164 0 
14540 165 8 165 0 165 0 165 0 165 0 165 8 165 0 165 0 165 0 165 0 165 0 
14555 166 6 166 0 166 0 166 0 166 0 166 6 166 0 166 0 166 0 166 0 166 0 
14570 167 10 167 0 167 0 167 0 167 0 167 10 167 0 167 0 167 0 167 0 167 0 
14585 168 8 168 0 168 0 168 0 168 0 168 8 168 0 168 0 168 0 168 0 168 0 
14630 169 10 169 0 169 0 169 0 169 0 169 10 169 0 169 0 169 0 169 0 169 0 
14660 170 8 170 0 170 0 170 0 170 0 170 8 170 0 170 0 170 0 170 0 170 0 
14675 171 6 171 0 171 0 171 0 171 0 171 6 171 0 171 0 171 0 171 0 171 0 
14690 172 8 172 0 172 0 172 0 172 0 172 8 172 0 172 0 172 0 172 0 172 0 
14735 173 2 173 0 173 0 173 0 173 0 173 2 173 0 173 0 173 0 173 0 173 0 
14750 174 0 174 0 174 0 174 0 174 0 174 0 174 0 174 0 174 0 174 0 174 0 
15608 175 1 175 0 175 0 175 0 175 0 175 0 175 0 175 0 175 1 175 0 175 0 
15623 176 0 176 0 176 0 176 0 176 0 176 0 176 0 176 0 176 0 176 0 176 0 
15801 177 8 177 0 177 0 177 0 177 0 177 0 177 8 177 0 177 0 177 0 177 0 
15831 178 6 178 0 178 0 178 0 178 0 178 0 178 6 178 0 178 0 178 0 178 0 
15846 179 10 179 0 179 0 179 0 179 0 179 0 179 10 179 0 179 0 179 0 179 0 
15861 180 8 180 0 180 0 180 0 180 0 180 0 180 8 180 0 180 0 180 0 180 0 
15891 181 6 181 0 181 0 181 0 181 0 181 0 181 6 181 0 181 0 181 0 181 0 
15906 182 10 182 0 182 0 182 0 182 0 182 0 182 10 182 0 182 0 182 0 182 0 
15921 183 8 183 0 183 0 183 0 183 0 183 0 183 8 183 0 183 0 183 0 183 0 
15951 184 6 184 0 184 0 184 0 184 0 184 0 184 6 184 0 184 0 184 0 184 0 
15966 185 8 185 0 185 0 185 0 185 0 185 0 185 8 185 0 185 0 185 0 185 0 
16011 186 6 186 0 186 0 186 0 186 0 186 0 186 6 186 0 186 0 186 0 186 0 
16026 187 8 187 0 187 0 187 0 187 0 187 0 187 8 187 0 187 0 187 0 187 0 
16071 188 6 188 0 188 0 188 0 188 0 188 0 188 6 188 0 188 0 188 0 188 0 
16086 189 8 189 0 189 0 189 0 189 0 189 0 189 8 189 0 189 0 189 0 189 0 
16101 190 42 190 0 190 0 190 0 190 0 190 0 190 42 190 0 190 0 190 0 190 0 
16116 191 8 191 0 191 0 191 0 191 0 191 0 191 8 191 0 191 0 191 0 191 0 
16131 192 3 192 0 192 0 192 0 192 0 192 0 192 3 192 0 192 0 192 0 192 0 
16146 193 0 193 0 193 0 193 0 193 0 193 0 193 0 193 0 193 0 193 0 193 0 
16968 194 6 194 0 194 0 194 6 194 0 194 0 194 0 194 0 194 0 194 0 194 0 
16998 195 8 195 0 195 0 195 8 195 0 195 0 195 0 195 0 195 0 195 0 195 0 
17013 196 26 196 0 196 0 196 26 196 0 196 0 196 0 196 0 196 0 196 0 196 0 
17028 197 8 197 0 197 0 197 8 197 0 197 0 197 0 197 0 197 0 197 0 197 0 
17043 198 3 198 0 198 0 198 3 198 0 198 0 198 0 198 0 198 0 198 0 198 0 
17058 199 29 199 0 199 0 199 29 199 0 199 0 199 0 199 0 199 0 199 0 199 0 
17073 200 8 200 0 200 0 200 8 200 0 200 0 200 0 200 0 200 0 200 0 200 0 
17103 201 6 201 0 201 0 201 6 201 0 201 0 201 0 201 0 201 0 201 0 201 0 
17118 202 8 202 0 202 0 202 8 202 0 202 0 202 0 202 0 202 0 202 0 202 0 
17163 203 6 203 0 203 0 203 6 203 0 203 0 203 0 203 0 203 0 203 0 203 0 
17178 204 8 204 0 204 0 204 8 204 0 204 0 204 0 204 0 204 0 204 0 204 0 
17193 205 5 205 0 205 0 205 5 205 0 205 0 205 0 205 0 205 0 205 0 205 0 
17208 206 53 206 0 206 0 206 53 206 0 206 0 206 0 206 0 206 0 206 0 206 0 
17222 207 7 207 0 207 7 207 53 207 0 207 0 207 0 207 0 207 0 207 0 207 0 
17223 208 6 208 0 208 7 208 6 208 0 208 0 208 0 208 0 208 0 208 0 208 0 
17237 209 3 209 0 209 3 209 6 209 0 209 0 209 0 209 0 209 0 209 0 209 0 
17238 210 5 210 0 210 3 210 5 210 0 210 0 210 0 210 0 210 0 210 0 210 0 
17252 211 2 211 0 211 2 211 5 211 0 211 0 211 0 211 0 211 0 211 0 211 0 
17253 212 45 212 0 212 2 212 45 212 0 212 0 212 0 212 0 212 0 212 0 212 0 
17267 213 0 213 0 213 0 213 45 213 0 213 0 213 0 213 0 213 0 213 0 213 0 
17268 214 8 214 0 214 0 214 8 214 0 214 0 214 0 214 0 214 0 214 0 214 0 
17283 215 6 215 0 215 0 215 6 215 0 215 0 215 0 215 0 215 0 215 0 215 0 
17313 216 0 216 0 216 0 216 0 216 0 216 0 216 0 216 0 216 0 216 0 216 0 
19989 217 6 217 0 217 0 217 0 217 0 217 0 217 0 217 0 217 0 217 6 217 0 
20004 218 10 218 0 218 0 218 0 218 0 218 0 218 0 218 0 218 0 218 10 218 0 
20019 219 6 219 0 219 0 219 0 219 0 219 0 219 0 219 0 219 0 219 6 219 0 
20034 220 8 220 0 220 0 220 0 220 0 220 0 220 0 220 0 220 0 220 8 220 0 
20049 221 34 221 0 221 0 221 0 221 0 221 0 221 0 221 0 221 0 221 34 221 0 
20064 222 8 222 0 222 0 222 0 222 0 222 0 222 0 222 0 222 0 222 8 222 0 
20079 223 7 223 0 223 0 223 0 223 0 223 0 223 0 223 0 223 0 223 7 223 0 
20109 224 8 224 0 224 0 224 0 224 0 224 0 224 0 224 0 224 0 224 8 224 0 
20139 225 6 225 0 225 0 225 0 225 0 225 0 225 0 225 0 225 0 225 6 225 0 
20154 226 34 226 0 226 0 226 0 226 0 226 0 226 0 226 0 226 0 226 34 226 0 
20169 227 8 227 0 227 0 227 0 227 0 227 0 227 0 227 0 227 0 227 8 227 0 
20199 228 6 228 0 228 0 228 0 228 0 228 0 228 0 228 0 228 0 228 6 228 0 
20214 229 8 229 0 229 0 229 0 229 0 229 0 229 0 229 0 229 0 229 8 229 0 
20229 230 10 230 0 230 0 230 0 230 0 230 0 230 0 230 0 230 0 230 10 230 0 
20244 231 8 231 0 231 0 231 0 231 0 231 0 231 0 231 0 231 0 231 8 231 0 
20259 232 6 232 0 232 0 232 0 232 0 232 0 232 0 232 0 232 0 232 6 232 0 
20274 233 8 233 0 233 0 233 0 233 0 233 0 233 0 233 0 233 0 233 8 233 0 
20319 234 6 234 0 234 0 234 0 234 0 234 0 234 0 234 0 234 0 234 6 234 0 
20334 235 8 235 0 235 0 235 0 235 0 235 0 235 0 235 0 235 0 235 8 235 0 
20349 236 10 236 0 236 0 236 0 236 0 236 0 236 0 236 0 236 0 236 10 236 0 
20364 237 6 237 0 237 0 237 0 237 0 237 0 237 0 237 0 237 0 237 6 237 0 
20379 238 0 238 0 238 0 238 0 238 0 238 0 238 0 238 0 238 0 238 0 238 0 
20494 239 7 239 0 239 0 239 0 239 7 239 0 239 0 239 0 239 0 239 0 239 0 
20509 240 5 240 0 240 0 240 0 240 5 240 0 240 0 240 0 240 0 240 0 240 0 
20524 241 4 241 0 241 0 241 0 241 4 241 0 241 0 241 0 241 0 241 0 241 0 
20539 242 0 242 0 242 0 242 0 242 0 242 0 242 0 242 0 242 0 242 0 242 0 
21006 243 3 243 0 243 0 243 0 243 0 243 0 243 3 243 0 243 0 243 0 243 0 
21021 244 5 244 0 244 0 244 0 244 0 244 0 244 5 244 0 244 0 244 0 244 0 
21036 245 6 245 0 245 0 245 0 245 0 245 0 245 6 245 0 245 0 245 0 245 0 
21051 246 0 246 0 246 0 246 0 246 0 246 0 246 0 246 0 246 0 246 0 246 0 
22249 247 2 247 0 247 0 247 0 247 2 247 0 247 0 247 0 247 0 247 0 247 0 
22264 248 8 248 0 248 0 248 0 248 8 248 0 248 0 248 0 248 0 248 0 248 0 
22279 249 6 249 0 249 0 249 0 249 6 249 0 249 0 249 0 249 0 249 0 249 0 
22294 250 4 250 0 250 0 250 0 250 4 250 0 250 0 250 0 250 0 250 0 250 0 
22295 251 1 251 0 251 0 251 0 251 4 251 1 251 0 251 0 251 0 251 0 251 0 
22309 252 0 252 0 252 0 252 0 252 0 252 1 252 0 252 0 252 0 252 0 252 0 
22487 253 1 253 0 253 2 253 0 253 0 253 0 253 0 253 0 253 0 253 0 253 0 
22502 254 8 254 0 254 8 254 0 254 0 254 0 254 0 254 0 254 0 254 0 254 0 
22517 255 6 255 0 255 6 255 0 255 0 255 0 255 0 255 0 255 0 255 0 255 0 
22523 256 2 256 0 256 6 256 0 256 0 256 0 256 0 256 0 256 2 256 0 256 0 
22532 257 8 257 0 257 8 257 0 257 0 257 0 257 0 257 0 257 2 257 0 257 0 
22538 258 0 258 0 258 8 258 0 258 0 258 0 258 0 258 0 258 0 258 0 258 0 
22547 259 6 259 0 259 6 259 0 259 0 259 0 259 0 259 0 259 0 259 0 259 0 
22562 260 8 260 0 260 8 260 0 260 0 260 0 260 0 260 0 260 0 260 0 260 0 
22607 261 6 261 0 261 6 261 0 261 0 261 0 261 0 261 0 261 0 261 0 261 0 
22622 262 8 262 0 262 8 262 0 262 0 262 0 262 0 262 0 262 0 262 0 262 0 
22667 263 3 263 0 263 3 263 0 263 0 263 0 263 0 263 0 263 0 263 0 263 0 
22682 264 29 264 0 264 29 264 0 264 0 264 0 264 0 264 0 264 0 264 0 264 0 
22697 265 6 265 0 265 6 265 0 265 0 265 0 265 0 265 0 265 0 265 0 265 0 
22700 266 2 266 0 266 6 266 0 266 0 266 2 266 0 266 0 266 0 266 0 266 0 
22712 267 8 267 0 267 8 267 0 267 0 267 2 267 0 267 0 267 0 267 0 267 0 
22715 268 0 268 0 268 8 268 0 268 0 268 0 268 0 268 0 268 0 268 0 268 0 
22716 269 5 269 0 269 8 269 0 269 0 269 0 269 5 269 0 269 0 269 0 269 0 
22727 270 6 270 0 270 6 270 0 270 0 270 0 270 5 270 0 270 0 270 0 270 0 
22742 271 7 271 0 271 8 271 0 271 0 271 0 271 6 271 0 271 0 271 0 271 0 
22746 272 9 272 0 272 8 272 0 272 0 272 0 272 9 272 0 272 0 272 0 272 0 
22757 273 1 273 0 273 1 273 0 273 0 273 0 273 9 273 0 273 0 273 0 273 0 
22761 274 8 274 0 274 1 274 0 274 0 274 0 274 8 274 0 274 0 274 0 274 0 
22772 275 0 275 0 275 0 275 0 275 0 275 0 275 8 275 0 275 0 275 0 275 0 
22791 276 6 276 0 276 0 276 0 276 0 276 0 276 6 276 0 276 0 276 0 276 0 
22806 277 8 277 0 277 0 277 0 277 0 277 0 277 8 277 0 277 0 277 0 277 0 
22836 278 9 278 0 278 0 278 0 278 0 278 0 278 9 278 0 278 0 278 0 278 0 
22851 279 6 279 0 279 0 279 0 279 0 279 0 279 6 279 0 279 0 279 0 279 0 
22866 280 5 280 0 280 0 280 0 280 0 280 0 280 5 280 0 280 0 280 0 280 0 
22881 281 89 281 0 281 0 281 0 281 0 281 0 281 89 281 0 281 0 281 0 281 0 
22896 282 0 282 0 282 0 282 0 282 0 282 0 282 0 282 0 282 0 282 0 282 0 
23256 283 8 283 0 283 0 283 0 283 0 283 0 283 8 283 0 283 0 283 0 283 0 
23271 284 6 284 0 284 0 284 0 284 0 284 0 284 6 284 0 284 0 284 0 284 0 
23286 285 8 285 0 285 0 285 0 285 0 285 0 285 8 285 0 285 0 285 0 285 0 
23301 286 4 286 0 286 0 286 0 286 0 286 0 286 4 286 0 286 0 286 0 286 0 
23316 287 0 287 0 287 0 287 0 287 0 287 0 287 0 287 0 287 0 287 0 287 0 
