# ValueCount deltaRailways
10 0 0 0 0 0 0 0 0 0 0 0 0 0 0 0 0 0 0 0 0 0 0 
122 1 8 1 0 1 8 1 0 1 0 1 0 1 0 1 0 1 0 1 0 1 0 
125 2 7.5 2 0 2 8 2 8 2 0 2 7 2 0 2 0 2 0 2 0 2 0 
128 3 12 3 0 3 8 3 8 3 0 3 7 3 0 3 0 3 12 3 0 3 0 
130 4 8 4 0 4 8 4 8 4 0 4 7 4 0 4 0 4 12 4 0 4 8 
140 5 10 5 0 5 8 5 8 5 0 5 10 5 0 5 0 5 12 5 0 5 8 
142 6 6 6 0 6 8 6 8 6 0 6 10 6 0 6 6 6 12 6 0 6 8 
143 7 5 7 0 7 8 7 8 7 0 7 10 7 0 7 6 7 5 7 0 7 8 
152 8 12 8 0 8 12 8 8 8 0 8 10 8 0 8 6 8 5 8 0 8 8 
155 9 10.5 9 0 9 12 9 12 9 0 9 9 9 0 9 6 9 5 9 0 9 8 
157 10 4 10 0 10 12 10 12 10 0 10 9 10 0 10 4 10 5 10 0 10 8 
158 11 10 11 0 11 12 11 12 11 0 11 9 11 0 11 4 11 10 11 0 11 8 
160 12 12 12 0 12 12 12 12 12 0 12 9 12 0 12 4 12 10 12 0 12 12 
167 13 6 13 0 13 6 13 12 13 0 13 9 13 0 13 4 13 10 13 0 13 12 
168 14 7 14 0 14 6 14 7 14 0 14 9 14 0 14 4 14 10 14 0 14 12 
170 15 2 15 0 15 6 15 7 15 0 15 2 15 0 15 4 15 10 15 0 15 12 
172 16 16 16 0 16 6 16 7 16 0 16 2 16 0 16 16 16 10 16 0 16 12 
173 17 1 17 0 17 6 17 7 17 0 17 2 17 0 17 16 17 1 17 0 17 12 
175 18 6 18 0 18 6 18 7 18 0 18 2 18 0 18 16 18 1 18 0 18 6 
182 19 4 19 0 19 4 19 7 19 0 19 2 19 0 19 16 19 1 19 0 19 6 
183 20 3 20 0 20 4 20 3 20 0 20 2 20 0 20 16 20 1 20 0 20 6 
185 21 0 21 0 21 4 21 3 21 0 21 0 21 0 21 16 21 1 21 0 21 6 
187 22 2 22 0 22 4 22 3 22 0 22 0 22 0 22 2 22 1 22 0 22 6 
188 23 0 23 0 23 4 23 3 23 0 23 0 23 0 23 2 23 0 23 0 23 6 
190 24 4 24 0 24 4 24 3 24 0 24 0 24 0 24 2 24 0 24 0 24 4 
197 25 16 25 0 25 16 25 3 25 0 25 0 25 0 25 2 25 0 25 0 25 4 
202 26 8 26 0 26 16 26 16 26 0 26 0 26 0 26 0 26 0 26 0 26 4 
205 27 16 27 0 27 16 27 16 27 0 27 0 27 0 27 0 27 0 27 0 27 16 
212 28 2 28 0 28 2 28 16 28 0 28 0 28 0 28 0 28 0 28 0 28 16 
217 29 5 29 0 29 2 29 2 29 0 29 0 29 0 29 8 29 0 29 0 29 16 
220 30 2 30 0 30 2 30 2 30 0 30 0 30 0 30 8 30 0 30 0 30 2 
227 31 3 31 0 31 3 31 2 31 0 31 0 31 0 31 8 31 0 31 0 31 2 
228 32 4 32 0 32 3 32 4 32 0 32 0 32 0 32 8 32 0 32 0 32 2 
235 33 3 33 0 33 3 33 4 33 0 33 0 33 0 33 8 33 0 33 0 33 3 
242 34 4 34 0 34 4 34 4 34 0 34 0 34 0 34 8 34 0 34 0 34 3 
243 35 3 35 0 35 4 35 3 35 0 35 0 35 0 35 8 35 0 35 0 35 3 
247 36 11 36 0 36 4 36 3 36 0 36 0 36 0 36 11 36 0 36 0 36 3 
250 37 4 37 0 37 4 37 3 37 0 37 0 37 0 37 11 37 0 37 0 37 4 
257 38 6 38 0 38 6 38 3 38 0 38 0 38 0 38 11 38 0 38 0 38 4 
262 39 4 39 0 39 6 39 6 39 0 39 0 39 0 39 2 39 0 39 0 39 4 
265 40 6 40 0 40 6 40 6 40 0 40 0 40 0 40 2 40 0 40 0 40 6 
272 41 4 41 0 41 4 41 6 41 0 41 0 41 0 41 2 41 0 41 0 41 6 
280 42 4.33333 42 0 42 4 42 4 42 0 42 0 42 0 42 4 42 0 42 0 42 5 
287 43 3 43 0 43 3 43 4 43 0 43 0 43 0 43 4 43 0 43 0 43 5 
302 44 2.66667 44 0 44 2 44 3 44 0 44 0 44 0 44 4 44 0 44 0 44 3 
303 45 2 45 0 45 2 45 2 45 0 45 0 45 0 45 4 45 0 45 0 45 3 
307 46 5 46 0 46 2 46 2 46 0 46 0 46 0 46 5 46 0 46 0 46 3 
310 47 2 47 0 47 2 47 2 47 0 47 0 47 0 47 5 47 0 47 0 47 2 
317 48 4 48 0 48 4 48 2 48 0 48 0 48 0 48 5 48 0 48 0 48 2 
322 49 5 49 0 49 4 49 4 49 0 49 0 49 0 49 6 49 0 49 0 49 2 
325 50 4 50 0 50 4 50 4 50 0 50 0 50 0 50 6 50 0 50 0 50 4 
332 51 6 51 0 51 6 51 4 51 0 51 0 51 0 51 6 51 0 51 0 51 4 
337 52 3 52 0 52 6 52 6 52 0 52 0 52 0 52 0 52 0 52 0 52 4 
340 53 6 53 0 53 6 53 6 53 0 53 0 53 0 53 0 53 0 53 0 53 6 
347 54 3 54 0 54 3 54 6 54 0 54 0 54 0 54 0 54 0 54 0 54 6 
348 55 4 55 0 55 3 55 4 55 0 55 0 55 0 55 0 55 0 55 0 55 6 
355 56 3.5 56 0 56 3 56 4 56 0 56 0 56 0 56 4 56 0 56 0 56 3 
362 57 5 57 0 57 5 57 4 57 0 57 0 57 0 57 4 57 0 57 0 57 3 
367 58 3 58 0 58 5 58 4 58 0 58 0 58 0 58 3 58 0 58 0 58 3 
370 59 5 59 0 59 5 59 4 59 0 59 0 59 0 59 3 59 0 59 0 59 5 
377 60 0 60 0 60 0 60 4 60 0 60 0 60 0 60 3 60 0 60 0 60 5 
382 61 3 61 0 61 0 61 0 61 0 61 0 61 0 61 6 61 0 61 0 61 5 
385 62 0 62 0 62 0 62 0 62 0 62 0 62 0 62 6 62 0 62 0 62 0 
397 63 4 63 0 63 0 63 0 63 0 63 0 63 0 63 4 63 0 63 0 63 0 
408 64 2 64 0 64 0 64 2 64 0 64 0 64 0 64 4 64 0 64 0 64 0 
412 65 3 65 0 65 0 65 2 65 0 65 0 65 0 65 3 65 0 65 0 65 0 
427 66 1.5 66 0 66 0 66 3 66 0 66 0 66 0 66 0 66 0 66 0 66 0 
438 67 5 67 0 67 0 67 5 67 0 67 0 67 0 67 0 67 0 67 0 67 0 
443 68 2 68 0 68 0 68 5 68 0 68 0 68 0 68 0 68 2 68 0 68 0 
453 69 4 69 0 69 0 69 4 69 0 69 0 69 0 69 0 69 2 69 0 69 0 
457 70 2 70 0 70 0 70 4 70 0 70 0 70 0 70 2 70 2 70 0 70 0 
458 71 4 71 0 71 0 71 4 71 0 71 0 71 0 71 2 71 4 71 0 71 0 
483 72 3 72 0 72 0 72 2 72 0 72 0 72 0 72 4 72 4 72 0 72 0 
498 73 1.5 73 0 73 0 73 0 73 0 73 0 73 0 73 3 73 4 73 0 73 0 
502 74 4 74 0 74 0 74 0 74 0 74 0 74 0 74 4 74 4 74 0 74 0 
503 75 3 75 0 75 0 75 0 75 0 75 0 75 0 75 4 75 3 75 0 75 0 
518 76 3.5 76 0 76 0 76 3 76 0 76 0 76 0 76 4 76 4 76 0 76 0 
528 77 4 77 0 77 0 77 4 77 0 77 0 77 0 77 4 77 4 77 0 77 0 
542 78 1 78 0 78 1 78 4 78 0 78 0 78 0 78 4 78 4 78 0 78 0 
543 79 3 79 0 79 1 79 3 79 0 79 0 79 0 79 4 79 4 79 0 79 0 
557 80 3.5 80 0 80 4 80 3 80 0 80 0 80 0 80 3 80 4 80 0 80 0 
558 81 4 81 0 81 4 81 4 81 0 81 0 81 0 81 3 81 4 81 0 81 0 
562 82 0 82 0 82 4 82 4 82 0 82 0 82 0 82 0 82 4 82 0 82 0 
563 83 3 83 0 83 4 83 4 83 0 83 0 83 0 83 0 83 3 83 0 83 0 
571 84 6 84 6 84 4 84 4 84 0 84 0 84 0 84 0 84 3 84 0 84 0 
575 85 1 85 6 85 4 85 4 85 0 85 1 85 0 85 0 85 3 85 0 85 0 
578 86 0 86 6 86 4 86 4 86 0 86 1 86 0 86 0 86 0 86 0 86 0 
586 87 5 87 5 87 4 87 4 87 0 87 1 87 0 87 0 87 0 87 0 87 0 
587 88 3 88 5 88 3 88 4 88 0 88 1 88 0 88 0 88 0 88 0 88 0 
590 89 4 89 5 89 3 89 4 89 0 89 4 89 0 89 0 89 0 89 0 89 0 
601 90 10 90 16 90 3 90 4 90 0 90 4 90 0 90 4 90 0 90 0 90 0 
602 91 4 91 16 91 4 91 4 91 0 91 4 91 0 91 4 91 0 91 0 91 0 
603 92 3 92 16 92 4 92 3 92 0 92 4 92 0 92 4 92 0 92 0 92 0 
616 93 2.5 93 2 93 4 93 3 93 0 93 4 93 0 93 3 93 0 93 0 93 0 
618 94 1 94 2 94 4 94 1 94 0 94 4 94 0 94 3 94 0 94 0 94 0 
622 95 4 95 2 95 4 95 1 95 0 95 4 95 0 95 4 95 0 95 0 95 0 
631 96 9 96 9 96 4 96 1 96 0 96 4 96 0 96 4 96 0 96 0 96 0 
632 97 2 97 9 97 2 97 1 97 0 97 4 97 0 97 4 97 0 97 0 97 0 
633 98 0 98 9 98 2 98 0 98 0 98 4 98 0 98 4 98 0 98 0 98 0 
635 99 3 99 9 99 2 99 0 99 0 99 3 99 0 99 4 99 0 99 0 99 0 
646 100 8 100 8 100 2 100 0 100 0 100 3 100 0 100 4 100 0 100 0 100 0 
647 101 0 101 8 101 0 101 0 101 0 101 3 101 0 101 4 101 0 101 0 101 0 
650 102 4 102 8 102 0 102 0 102 0 102 4 102 0 102 4 102 0 102 0 102 0 
661 103 12 103 12 103 0 103 0 103 0 103 4 103 0 103 4 103 0 103 0 103 0 
667 104 0 104 12 104 0 104 0 104 0 104 4 104 0 104 0 104 0 104 0 104 0 
676 105 2 105 2 105 0 105 0 105 0 105 4 105 0 105 0 105 0 105 0 105 0 
691 106 3 106 3 106 0 106 0 106 0 106 4 106 0 106 0 106 0 106 0 106 0 
695 107 1 107 3 107 0 107 0 107 0 107 1 107 0 107 0 107 0 107 0 107 0 
706 108 4 108 4 108 0 108 0 108 0 108 1 108 0 108 0 108 0 108 0 108 0 
710 109 0 109 4 109 0 109 0 109 0 109 0 109 0 109 0 109 0 109 0 109 0 
721 110 6 110 6 110 0 110 0 110 0 110 0 110 0 110 0 110 0 110 0 110 0 
730 111 4 111 6 111 0 111 0 111 0 111 0 111 0 111 0 111 0 111 0 111 4 
736 112 5 112 5 112 0 112 0 112 0 112 0 112 0 112 0 112 0 112 0 112 4 
737 113 4 113 5 113 4 113 0 113 0 113 0 113 0 113 0 113 0 113 0 113 4 
745 114 5 114 5 114 4 114 0 114 0 114 0 114 0 114 0 114 0 114 0 114 5 
751 115 0 115 0 115 4 115 0 115 0 115 0 115 0 115 0 115 0 115 0 115 5 
760 116 4 116 0 116 4 116 0 116 0 116 0 116 0 116 0 116 0 116 0 116 4 
767 117 3.5 117 4 117 3 117 0 117 0 117 0 117 0 117 0 117 0 117 0 117 4 
775 118 3 118 4 118 3 118 0 118 0 118 0 118 0 118 0 118 0 118 0 118 3 
782 119 4 119 4 119 4 119 0 119 0 119 0 119 0 119 0 119 0 119 0 119 3 
796 120 5 120 6 120 4 120 0 120 0 120 0 120 0 120 0 120 0 120 0 120 4 
811 121 4 121 3 121 4 121 0 121 0 121 0 121 0 121 0 121 0 121 0 121 5 
812 122 1 122 3 122 1 122 0 122 0 122 0 122 0 122 0 122 0 122 0 122 5 
820 123 0 123 3 123 1 123 0 123 0 123 0 123 0 123 0 123 0 123 0 123 0 
1022 124 1.5 124 0 124 3 124 0 124 0 124 0 124 0 124 0 124 0 124 0 124 0 
1037 125 4 125 0 125 4 125 0 125 0 125 0 125 0 125 0 125 0 125 0 125 0 
1067 126 3 126 0 126 3 126 0 126 0 126 0 126 0 126 0 126 0 126 0 126 0 
1082 127 4 127 0 127 4 127 0 127 0 127 0 127 0 127 0 127 0 127 0 127 0 
1097 128 3 128 0 128 3 128 0 128 0 128 0 128 0 128 0 128 0 128 0 128 0 
1112 129 0 129 0 129 0 129 0 129 0 129 0 129 0 129 0 129 0 129 0 129 0 
1165 130 3 130 0 130 0 130 0 130 0 130 0 130 0 130 0 130 0 130 0 130 3 
1180 131 4 131 0 131 0 131 0 131 0 131 0 131 0 131 0 131 0 131 0 131 4 
1195 132 3 132 0 132 0 132 0 132 0 132 0 132 0 132 0 132 0 132 0 132 3 
1210 133 4 133 0 133 0 133 0 133 0 133 0 133 0 133 0 133 0 133 0 133 4 
1255 134 2 134 0 134 0 134 0 134 0 134 0 134 0 134 0 134 0 134 0 134 2 
1270 135 0 135 0 135 0 135 0 135 0 135 0 135 0 135 0 135 0 135 0 135 0 
1462 136 2 136 0 136 0 136 0 136 0 136 0 136 0 136 2 136 0 136 0 136 0 
1473 137 4 137 0 137 0 137 4 137 0 137 0 137 0 137 2 137 0 137 0 137 0 
1477 138 5 138 0 138 0 138 4 138 0 138 0 138 0 138 5 138 0 138 0 138 0 
1492 139 4.5 139 0 139 0 139 5 139 0 139 0 139 0 139 4 139 0 139 0 139 0 
1503 140 3 140 0 140 0 140 3 140 0 140 0 140 0 140 4 140 0 140 0 140 0 
1518 141 3.5 141 0 141 0 141 4 141 0 141 0 141 0 141 3 141 0 141 0 141 0 
1522 142 4 142 0 142 0 142 4 142 0 142 0 142 0 142 4 142 0 142 0 142 0 
1548 143 15 143 0 143 0 143 15 143 0 143 0 143 0 143 4 143 0 143 0 143 0 
1563 144 1 144 0 144 0 144 1 144 0 144 0 144 0 144 4 144 0 144 0 144 0 
1578 145 0.5 145 0 145 0 145 0 145 0 145 0 145 0 145 1 145 0 145 0 145 0 
1582 146 0 146 0 146 0 146 0 146 0 146 0 146 0 146 0 146 0 146 0 146 0 
1765 147 4 147 0 147 0 147 0 147 0 147 0 147 0 147 0 147 0 147 0 147 4 
1795 148 3 148 0 148 0 148 0 148 0 148 0 148 0 148 0 148 0 148 0 148 3 
1810 149 4 149 0 149 0 149 0 149 0 149 0 149 0 149 0 149 0 149 0 149 4 
1855 150 2 150 0 150 0 150 0 150 0 150 0 150 0 150 0 150 0 150 0 150 2 
1870 151 0 151 0 151 0 151 0 151 0 151 0 151 0 151 0 151 0 151 0 151 0 
3016 152 1 152 1 152 0 152 0 152 0 152 0 152 0 152 0 152 0 152 0 152 0 
3031 153 3 153 3 153 0 153 0 153 0 153 0 153 0 153 0 153 0 153 0 153 0 
3046 154 4 154 4 154 0 154 0 154 0 154 0 154 0 154 0 154 0 154 0 154 0 
3091 155 3 155 3 155 0 155 0 155 0 155 0 155 0 155 0 155 0 155 0 155 0 
3106 156 4 156 4 156 0 156 0 156 0 156 0 156 0 156 0 156 0 156 0 156 0 
3151 157 3 157 3 157 0 157 0 157 0 157 0 157 0 157 0 157 0 157 0 157 0 
3166 158 4 158 4 158 0 158 0 158 0 158 0 158 0 158 0 158 0 158 0 158 0 
3181 159 1 159 1 159 0 159 0 159 0 159 0 159 0 159 0 159 0 159 0 159 0 
3196 160 0 160 0 160 0 160 0 160 0 160 0 160 0 160 0 160 0 160 0 160 0 
3721 161 3 161 3 161 0 161 0 161 0 161 0 161 0 161 0 161 0 161 0 161 0 
3736 162 4 162 4 162 0 162 0 162 0 162 0 162 0 162 0 162 0 162 0 162 0 
3751 163 3 163 3 163 0 163 0 163 0 163 0 163 0 163 0 163 0 163 0 163 0 
3766 164 4 164 4 164 0 164 0 164 0 164 0 164 0 164 0 164 0 164 0 164 0 
3811 165 3 165 3 165 0 165 0 165 0 165 0 165 0 165 0 165 0 165 0 165 0 
3826 166 4 166 4 166 0 166 0 166 0 166 0 166 0 166 0 166 0 166 0 166 0 
3841 167 3 167 3 167 0 167 0 167 0 167 0 167 0 167 0 167 0 167 0 167 0 
3856 168 0 168 0 168 0 168 0 168 0 168 0 168 0 168 0 168 0 168 0 168 0 
5438 169 8 169 0 169 0 169 0 169 0 169 0 169 0 169 0 169 8 169 0 169 0 
5468 170 12 170 0 170 0 170 0 170 0 170 0 170 0 170 0 170 12 170 0 170 0 
5483 171 6 171 0 171 0 171 0 171 0 171 0 171 0 171 0 171 6 171 0 171 0 
5498 172 4 172 0 172 0 172 0 172 0 172 0 172 0 172 0 172 4 172 0 172 0 
5513 173 16 173 0 173 0 173 0 173 0 173 0 173 0 173 0 173 16 173 0 173 0 
5528 174 2 174 0 174 0 174 0 174 0 174 0 174 0 174 0 174 2 174 0 174 0 
5543 175 4 175 0 175 0 175 0 175 0 175 0 175 0 175 0 175 4 175 0 175 0 
5573 176 6 176 0 176 0 176 0 176 0 176 0 176 0 176 0 176 6 176 0 176 0 
5588 177 4 177 0 177 0 177 0 177 0 177 0 177 0 177 0 177 4 177 0 177 0 
5603 178 3 178 0 178 0 178 0 178 0 178 0 178 0 178 0 178 3 178 0 178 0 
5618 179 2 179 0 179 0 179 0 179 0 179 0 179 0 179 0 179 2 179 0 179 0 
5633 180 4 180 0 180 0 180 0 180 0 180 0 180 0 180 0 180 4 180 0 180 0 
5648 181 6 181 0 181 0 181 0 181 0 181 0 181 0 181 0 181 6 181 0 181 0 
5663 182 3 182 0 182 0 182 0 182 0 182 0 182 0 182 0 182 3 182 0 182 0 
5678 183 5 183 0 183 0 183 0 183 0 183 0 183 0 183 0 183 5 183 0 183 0 
5693 184 0 184 0 184 0 184 0 184 0 184 0 184 0 184 0 184 0 184 0 184 0 
5903 185 1 185 0 185 0 185 0 185 0 185 0 185 0 185 0 185 1 185 0 185 0 
5918 186 4 186 0 186 0 186 0 186 0 186 0 186 0 186 0 186 4 186 0 186 0 
5963 187 3 187 0 187 0 187 0 187 0 187 0 187 0 187 0 187 3 187 0 187 0 
5972 188 4 188 0 188 4 188 0 188 0 188 0 188 0 188 0 188 3 188 0 188 0 
5987 189 6.5 189 0 189 9 189 0 189 0 189 0 189 0 189 0 189 4 189 0 189 0 
6001 190 2 190 2 190 9 190 0 190 0 190 0 190 0 190 0 190 4 190 0 190 0 
6002 191 8 191 2 191 8 191 0 191 0 191 0 191 0 191 0 191 4 191 0 191 0 
6008 192 1 192 2 192 8 192 0 192 0 192 0 192 0 192 0 192 1 192 0 192 0 
6016 193 4 193 4 193 8 193 0 193 0 193 0 193 0 193 0 193 1 193 0 193 0 
6017 194 7 194 4 194 7 194 0 194 0 194 0 194 0 194 0 194 1 194 0 194 0 
6023 195 0 195 4 195 7 195 0 195 0 195 0 195 0 195 0 195 0 195 0 195 0 
6031 196 3 196 3 196 7 196 0 196 0 196 0 196 0 196 0 196 0 196 0 196 0 
6032 197 0 197 3 197 0 197 0 197 0 197 0 197 0 197 0 197 0 197 0 197 0 
6046 198 4 198 4 198 0 198 0 198 0 198 0 198 0 198 0 198 0 198 0 198 0 
6091 199 3 199 3 199 0 199 0 199 0 199 0 199 0 199 0 199 0 199 0 199 0 
6106 200 4 200 4 200 0 200 0 200 0 200 0 200 0 200 0 200 0 200 0 200 0 
6136 201 5 201 5 201 0 201 0 201 0 201 0 201 0 201 0 201 0 201 0 201 0 
6151 202 0 202 0 202 0 202 0 202 0 202 0 202 0 202 0 202 0 202 0 202 0 
6308 203 1 203 0 203 0 203 0 203 0 203 0 203 0 203 0 203 1 203 0 203 0 
6323 204 3 204 0 204 0 204 0 204 0 204 0 204 0 204 0 204 3 204 0 204 0 
6338 205 5 205 0 205 0 205 0 205 0 205 0 205 0 205 0 205 5 205 0 205 0 
6353 206 4 206 0 206 0 206 0 206 0 206 0 206 0 206 0 206 4 206 0 206 0 
6383 207 3 207 0 207 0 207 0 207 0 207 0 207 0 207 0 207 3 207 0 207 0 
6398 208 4 208 0 208 0 208 0 208 0 208 0 208 0 208 0 208 4 208 0 208 0 
6413 209 1 209 0 209 0 209 0 209 0 209 0 209 0 209 0 209 1 209 0 209 0 
6428 210 0 210 0 210 0 210 0 210 0 210 0 210 0 210 0 210 0 210 0 210 0 
6442 211 8 211 0 211 0 211 0 211 0 211 0 211 0 211 8 211 0 211 0 211 0 
6472 212 12 212 0 212 0 212 0 212 0 212 0 212 0 212 12 212 0 212 0 212 0 
6487 213 6 213 0 213 0 213 0 213 0 213 0 213 0 213 6 213 0 213 0 213 0 
6502 214 4 214 0 214 0 214 0 214 0 214 0 214 0 214 4 214 0 214 0 214 0 
6517 215 16 215 0 215 0 215 0 215 0 215 0 215 0 215 16 215 0 215 0 215 0 
6532 216 2 216 0 216 0 216 0 216 0 216 0 216 0 216 2 216 0 216 0 216 0 
6547 217 3 217 0 217 0 217 0 217 0 217 0 217 0 217 3 217 0 217 0 217 0 
6562 218 4 218 0 218 0 218 0 218 0 218 0 218 0 218 4 218 0 218 0 218 0 
6577 219 6 219 0 219 0 219 0 219 0 219 0 219 0 219 6 219 0 219 0 219 0 
6592 220 4 220 0 220 0 220 0 220 0 220 0 220 0 220 4 220 0 220 0 220 0 
6607 221 3 221 0 221 0 221 0 221 0 221 0 221 0 221 3 221 0 221 0 221 0 
6622 222 2 222 0 222 0 222 0 222 0 222 0 222 0 222 2 222 0 222 0 222 0 
6637 223 5 223 0 223 0 223 0 223 0 223 0 223 0 223 5 223 0 223 0 223 0 
6652 224 6 224 0 224 0 224 0 224 0 224 0 224 0 224 6 224 0 224 0 224 0 
6667 225 3 225 0 225 0 225 0 225 0 225 0 225 0 225 3 225 0 225 0 225 0 
6682 226 5 226 0 226 0 226 0 226 0 226 0 226 0 226 5 226 0 226 0 226 0 
6697 227 0 227 0 227 0 227 0 227 0 227 0 227 0 227 0 227 0 227 0 227 0 
6745 228 11 228 0 228 0 228 0 228 0 228 0 228 0 228 0 228 0 228 0 228 11 
6752 229 1 229 0 229 1 229 0 229 0 229 0 229 0 229 0 229 0 229 0 229 11 
6760 230 4 230 0 230 1 230 0 230 0 230 0 230 0 230 0 230 0 230 0 230 4 
6767 231 3 231 0 231 3 231 0 231 0 231 0 231 0 231 0 231 0 231 0 231 4 
6775 232 9 232 0 232 3 232 0 232 0 232 0 232 0 232 0 232 0 232 0 232 9 
6782 233 4 233 0 233 4 233 0 233 0 233 0 233 0 233 0 233 0 233 0 233 9 
6790 234 2 234 0 234 4 234 0 234 0 234 0 234 0 234 0 234 0 234 0 234 2 
6805 235 0 235 0 235 4 235 0 235 0 235 0 235 0 235 0 235 0 235 0 235 0 
6833 236 3 236 0 236 4 236 0 236 0 236 0 236 0 236 0 236 3 236 0 236 0 
6848 237 4 237 0 237 4 237 0 237 0 237 0 237 0 237 0 237 4 237 0 237 0 
6863 238 3 238 0 238 4 238 0 238 0 238 0 238 0 238 0 238 3 238 0 238 0 
6878 239 4 239 0 239 4 239 0 239 0 239 0 239 0 239 0 239 4 239 0 239 0 
6887 240 3 240 0 240 3 240 0 240 0 240 0 240 0 240 0 240 4 240 0 240 0 
6902 241 2 241 0 241 2 241 0 241 0 241 0 241 0 241 0 241 4 241 0 241 0 
6917 242 0 242 0 242 0 242 0 242 0 242 0 242 0 242 0 242 4 242 0 242 0 
6923 243 2 243 0 243 0 243 0 243 0 243 0 243 0 243 0 243 2 243 0 243 0 
6938 244 0 244 0 244 0 244 0 244 0 244 0 244 0 244 0 244 0 244 0 244 0 
7072 245 3 245 0 245 0 245 0 245 0 245 0 245 0 245 3 245 0 245 0 245 0 
7102 246 4 246 0 246 0 246 0 246 0 246 0 246 0 246 4 246 0 246 0 246 0 
7147 247 3 247 0 247 0 247 0 247 0 247 0 247 0 247 3 247 0 247 0 247 0 
7162 248 4 248 0 248 0 248 0 248 0 248 0 248 0 248 4 248 0 248 0 248 0 
7177 249 0 249 0 249 0 249 0 249 0 249 0 249 0 249 0 249 0 249 0 249 0 
7672 250 4 250 0 250 0 250 0 250 0 250 0 250 0 250 4 250 0 250 0 250 0 
7687 251 3 251 0 251 0 251 0 251 0 251 0 251 0 251 3 251 0 251 0 251 0 
7702 252 4 252 0 252 0 252 0 252 0 252 0 252 0 252 4 252 0 252 0 252 0 
7717 253 5 253 0 253 0 253 0 253 0 253 0 253 0 253 5 253 0 253 0 253 0 
7732 254 4 254 0 254 0 254 0 254 0 254 0 254 0 254 4 254 0 254 0 254 0 
7747 255 0 255 0 255 0 255 0 255 0 255 0 255 0 255 0 255 0 255 0 255 0 
7777 256 2 256 0 256 0 256 0 256 0 256 0 256 0 256 2 256 0 256 0 256 0 
7792 257 4 257 0 257 0 257 0 257 0 257 0 257 0 257 4 257 0 257 0 257 0 
7807 258 3 258 0 258 0 258 0 258 0 258 0 258 0 258 3 258 0 258 0 258 0 
7822 259 4 259 0 259 0 259 0 259 0 259 0 259 0 259 4 259 0 259 0 259 0 
7852 260 3 260 0 260 0 260 0 260 0 260 0 260 0 260 3 260 0 260 0 260 0 
7867 261 0 261 0 261 0 261 0 261 0 261 0 261 0 261 0 261 0 261 0 261 0 
8589 262 9 262 0 262 0 262 0 262 0 262 0 262 0 262 0 262 0 262 9 262 0 
8604 263 12 263 0 263 0 263 0 263 0 263 0 263 0 263 0 263 0 263 12 263 0 
8619 264 7 264 0 264 0 264 0 264 0 264 0 264 0 264 0 264 0 264 7 264 0 
8649 265 6 265 0 265 0 265 0 265 0 265 0 265 0 265 0 265 0 265 6 265 0 
8664 266 14 266 0 266 0 266 0 266 0 266 0 266 0 266 0 266 0 266 14 266 0 
8679 267 1 267 0 267 0 267 0 267 0 267 0 267 0 267 0 267 0 267 1 267 0 
8694 268 4 268 0 268 0 268 0 268 0 268 0 268 0 268 0 268 0 268 4 268 0 
8724 269 6 269 0 269 0 269 0 269 0 269 0 269 0 269 0 269 0 269 6 269 0 
8739 270 3 270 0 270 0 270 0 270 0 270 0 270 0 270 0 270 0 270 3 270 0 
8784 271 4 271 0 271 0 271 0 271 0 271 0 271 0 271 0 271 0 271 4 271 0 
8799 272 5 272 0 272 0 272 0 272 0 272 0 272 0 272 0 272 0 272 5 272 0 
8814 273 4 273 0 273 0 273 0 273 0 273 0 273 0 273 0 273 0 273 4 273 0 
8844 274 0 274 0 274 0 274 0 274 0 274 0 274 0 274 0 274 0 274 0 274 0 
11026 275 8 275 8 275 0 275 0 275 0 275 0 275 0 275 0 275 0 275 0 275 0 
11034 276 15 276 8 276 0 276 0 276 0 276 0 276 0 276 0 276 0 276 15 276 0 
11049 277 4 277 8 277 0 277 0 277 0 277 0 277 0 277 0 277 0 277 4 277 0 
11056 278 13 278 13 278 0 278 0 278 0 278 0 278 0 278 0 278 0 278 4 278 0 
11064 279 15 279 13 279 0 279 0 279 0 279 0 279 0 279 0 279 0 279 15 279 0 
11071 280 6 280 6 280 0 280 0 280 0 280 0 280 0 280 0 280 0 280 15 280 0 
11079 281 3 281 6 281 0 281 0 281 0 281 0 281 0 281 0 281 0 281 3 281 0 
11086 282 5 282 5 282 0 282 0 282 0 282 0 282 0 282 0 282 0 282 3 282 0 
11094 283 4 283 5 283 0 283 0 283 0 283 0 283 0 283 0 283 0 283 4 283 0 
11101 284 16 284 16 284 0 284 0 284 0 284 0 284 0 284 0 284 0 284 4 284 0 
11109 285 5 285 16 285 0 285 0 285 0 285 0 285 0 285 0 285 0 285 5 285 0 
11116 286 2 286 2 286 0 286 0 286 0 286 0 286 0 286 0 286 0 286 5 286 0 
11124 287 3 287 2 287 0 287 0 287 0 287 0 287 0 287 0 287 0 287 3 287 0 
11139 288 1.5 288 3 288 0 288 0 288 0 288 0 288 0 288 0 288 0 288 0 288 0 
11146 289 4 289 4 289 0 289 0 289 0 289 0 289 0 289 0 289 0 289 0 289 0 
11161 290 6 290 6 290 0 290 0 290 0 290 0 290 0 290 0 290 0 290 0 290 0 
11176 291 4 291 4 291 0 291 0 291 0 291 0 291 0 291 0 291 0 291 0 291 0 
11191 292 3 292 3 292 0 292 0 292 0 292 0 292 0 292 0 292 0 292 0 292 0 
11221 293 4 293 4 293 0 293 0 293 0 293 0 293 0 293 0 293 0 293 0 293 0 
11236 294 6 294 6 294 0 294 0 294 0 294 0 294 0 294 0 294 0 294 0 294 0 
11251 295 3 295 3 295 0 295 0 295 0 295 0 295 0 295 0 295 0 295 0 295 0 
11266 296 5 296 5 296 0 296 0 296 0 296 0 296 0 296 0 296 0 296 0 296 0 
11281 297 0 297 0 297 0 297 0 297 0 297 0 297 0 297 0 297 0 297 0 297 0 
11491 298 1 298 1 298 0 298 0 298 0 298 0 298 0 298 0 298 0 298 0 298 0 
11506 299 4 299 4 299 0 299 0 299 0 299 0 299 0 299 0 299 0 299 0 299 0 
11551 300 3 300 3 300 0 300 0 300 0 300 0 300 0 300 0 300 0 300 0 300 0 
11566 301 5 301 5 301 0 301 0 301 0 301 0 301 0 301 0 301 0 301 0 301 0 
11581 302 4 302 4 302 0 302 0 302 0 302 0 302 0 302 0 302 0 302 0 302 0 
11596 303 2 303 2 303 0 303 0 303 0 303 0 303 0 303 0 303 0 303 0 303 0 
11611 304 0 304 0 304 0 304 0 304 0 304 0 304 0 304 0 304 0 304 0 304 0 
11626 305 4 305 4 305 0 305 0 305 0 305 0 305 0 305 0 305 0 305 0 305 0 
11671 306 3 306 3 306 0 306 0 306 0 306 0 306 0 306 0 306 0 306 0 306 0 
11686 307 4 307 4 307 0 307 0 307 0 307 0 307 0 307 0 307 0 307 0 307 0 
11701 308 2 308 2 308 0 308 0 308 0 308 0 308 0 308 0 308 0 308 0 308 0 
11716 309 0 309 0 309 0 309 0 309 0 309 0 309 0 309 0 309 0 309 0 309 0 
11762 310 6 310 0 310 6 310 0 310 0 310 0 310 0 310 0 310 0 310 0 310 0 
11777 311 4 311 0 311 4 311 0 311 0 311 0 311 0 311 0 311 0 311 0 311 0 
11792 312 16 312 0 312 16 312 0 312 0 312 0 312 0 312 0 312 0 312 0 312 0 
11798 313 7 313 0 313 16 313 0 313 0 313 0 313 0 313 0 313 7 313 0 313 0 
11807 314 2 314 0 314 2 314 0 314 0 314 0 314 0 314 0 314 7 314 0 314 0 
11813 315 6 315 0 315 2 315 0 315 0 315 0 315 0 315 0 315 6 315 0 315 0 
11821 316 2 316 2 316 2 316 0 316 0 316 0 316 0 316 0 316 6 316 0 316 0 
11822 317 8 317 2 317 8 317 0 317 0 317 0 317 0 317 0 317 6 317 0 317 0 
11828 318 14 318 2 318 8 318 0 318 0 318 0 318 0 318 0 318 14 318 0 318 0 
11836 319 4 319 4 319 8 319 0 319 0 319 0 319 0 319 0 319 14 319 0 319 0 
11843 320 1 320 4 320 8 320 0 320 0 320 0 320 0 320 0 320 1 320 0 320 0 
11851 321 3 321 3 321 8 321 0 321 0 321 0 321 0 321 0 321 1 321 0 321 0 
11852 322 12 322 3 322 12 322 0 322 0 322 0 322 0 322 0 322 1 322 0 322 0 
11858 323 0 323 3 323 12 323 0 323 0 323 0 323 0 323 0 323 0 323 0 323 0 
11866 324 4 324 4 324 12 324 0 324 0 324 0 324 0 324 0 324 0 324 0 324 0 
11867 325 1 325 4 325 1 325 0 325 0 325 0 325 0 325 0 325 0 325 0 325 0 
11873 326 9 326 4 326 1 326 0 326 0 326 0 326 0 326 0 326 9 326 0 326 0 
11882 327 4 327 4 327 4 327 0 327 0 327 0 327 0 327 0 327 9 327 0 327 0 
11888 328 12 328 4 328 4 328 0 328 0 328 0 328 0 328 0 328 12 328 0 328 0 
11896 329 3 329 3 329 4 329 0 329 0 329 0 329 0 329 0 329 12 329 0 329 0 
11903 330 7 330 3 330 4 330 0 330 0 330 0 330 0 330 0 330 7 330 0 330 0 
11911 331 0 331 0 331 4 331 0 331 0 331 0 331 0 331 0 331 7 331 0 331 0 
11912 332 6 332 0 332 6 332 0 332 0 332 0 332 0 332 0 332 7 332 0 332 0 
11918 333 2 333 0 333 6 333 0 333 0 333 0 333 0 333 0 333 2 333 0 333 0 
11927 334 5 334 0 334 5 334 0 334 0 334 0 334 0 334 0 334 2 334 0 334 0 
11933 335 4 335 0 335 5 335 0 335 0 335 0 335 0 335 0 335 4 335 0 335 0 
11942 336 0 336 0 336 0 336 0 336 0 336 0 336 0 336 0 336 4 336 0 336 0 
11948 337 6 337 0 337 0 337 0 337 0 337 0 337 0 337 0 337 6 337 0 337 0 
11957 338 4 338 0 338 4 338 0 338 0 338 0 338 0 338 0 338 6 338 0 338 0 
11963 339 3 339 0 339 4 339 0 339 0 339 0 339 0 339 0 339 3 339 0 339 0 
11978 340 5 340 0 340 4 340 0 340 0 340 0 340 0 340 0 340 5 340 0 340 0 
11993 341 3 341 0 341 5 341 0 341 0 341 0 341 0 341 0 341 1 341 0 341 0 
12002 342 4 342 0 342 4 342 0 342 0 342 0 342 0 342 0 342 1 342 0 342 0 
12017 343 3.5 343 0 343 3 343 0 343 0 343 0 343 0 343 0 343 4 343 0 343 0 
12023 344 3 344 0 344 3 344 0 344 0 344 0 344 0 344 0 344 3 344 0 344 0 
12032 345 0 345 0 345 0 345 0 345 0 345 0 345 0 345 0 345 3 345 0 345 0 
12038 346 6 346 0 346 0 346 0 346 0 346 0 346 0 346 0 346 6 346 0 346 0 
12068 347 3 347 0 347 0 347 0 347 0 347 0 347 6 347 0 347 0 347 0 347 0 
12081 348 7 348 0 348 0 348 0 348 0 348 0 348 7 348 0 348 0 348 0 348 0 
12096 349 11 349 0 349 0 349 0 349 0 349 0 349 11 349 0 349 0 349 0 349 0 
12111 350 2 350 0 350 0 350 0 350 0 350 0 350 2 350 0 350 0 350 0 350 0 
12126 351 0 351 0 351 0 351 0 351 0 351 0 351 0 351 0 351 0 351 0 351 0 
12291 352 1 352 0 352 0 352 0 352 0 352 0 352 1 352 0 352 0 352 0 352 0 
12306 353 5 353 0 353 0 353 0 353 0 353 0 353 5 353 0 353 0 353 0 353 0 
12321 354 19 354 0 354 0 354 0 354 0 354 0 354 19 354 0 354 0 354 0 354 0 
12336 355 5 355 0 355 0 355 0 355 0 355 0 355 5 355 0 355 0 355 0 355 0 
12351 356 0 356 0 356 0 356 0 356 0 356 0 356 0 356 0 356 0 356 0 356 0 
12437 357 4 357 0 357 4 357 0 357 0 357 0 357 0 357 0 357 0 357 0 357 0 
12467 358 3 358 0 358 3 358 0 358 0 358 0 358 0 358 0 358 0 358 0 358 0 
12482 359 4 359 0 359 4 359 0 359 0 359 0 359 0 359 0 359 0 359 0 359 0 
12504 360 3 360 0 360 4 360 0 360 0 360 0 360 0 360 0 360 0 360 3 360 0 
12534 361 4 361 0 361 4 361 0 361 0 361 0 361 0 361 0 361 0 361 4 361 0 
12557 362 2.5 362 0 362 1 362 0 362 0 362 0 362 0 362 0 362 4 362 4 362 0 
12563 363 3 363 0 363 1 363 0 363 0 363 0 363 0 363 0 363 3 363 4 363 0 
12564 364 30 364 0 364 1 364 0 364 0 364 0 364 0 364 0 364 3 364 30 364 0 
12572 365 0 365 0 365 0 365 0 365 0 365 0 365 0 365 0 365 3 365 30 365 0 
12578 366 4 366 0 366 0 366 0 366 0 366 0 366 0 366 0 366 4 366 30 366 0 
12579 367 3 367 0 367 0 367 0 367 0 367 0 367 0 367 0 367 4 367 3 367 0 
12594 368 2 368 0 368 0 368 0 368 0 368 0 368 0 368 0 368 4 368 2 368 0 
12609 369 0 369 0 369 0 369 0 369 0 369 0 369 0 369 0 369 4 369 0 369 0 
12623 370 3 370 0 370 0 370 0 370 0 370 0 370 0 370 0 370 3 370 0 370 0 
12638 371 5 371 0 371 0 371 0 371 0 371 0 371 0 371 0 371 5 371 0 371 0 
12653 372 4 372 0 372 0 372 0 372 0 372 0 372 0 372 0 372 4 372 0 372 0 
12668 373 1 373 0 373 0 373 0 373 0 373 0 373 0 373 0 373 1 373 0 373 0 
12683 374 0 374 0 374 0 374 0 374 0 374 0 374 0 374 0 374 0 374 0 374 0 
12835 375 2 375 0 375 0 375 0 375 0 375 0 375 0 375 0 375 0 375 0 375 2 
12850 376 4 376 0 376 0 376 0 376 0 376 0 376 0 376 0 376 0 376 0 376 4 
12895 377 3 377 0 377 0 377 0 377 0 377 0 377 0 377 0 377 0 377 0 377 3 
12910 378 4 378 0 378 0 378 0 378 0 378 0 378 0 378 0 378 0 378 0 378 4 
12955 379 3 379 0 379 0 379 0 379 0 379 0 379 0 379 0 379 0 379 0 379 3 
12970 380 5 380 0 380 0 380 0 380 0 380 0 380 0 380 0 380 0 380 0 380 5 
12985 381 0 381 0 381 0 381 0 381 0 381 0 381 0 381 0 381 0 381 0 381 0 
13000 382 -1 382 0 382 0 382 0 382 0 382 0 382 0 382 0 382 0 382 0 382 -1 
13015 383 0 383 0 383 0 383 0 383 0 383 0 383 0 383 0 383 0 383 0 383 0 
13112 384 4 384 0 384 4 384 0 384 0 384 0 384 0 384 0 384 0 384 0 384 0 
13127 385 14 385 0 385 14 385 0 385 0 385 0 385 0 385 0 385 0 385 0 385 0 
13142 386 4 386 0 386 4 386 0 386 0 386 0 386 0 386 0 386 0 386 0 386 0 
13187 387 0 387 0 387 0 387 0 387 0 387 0 387 0 387 0 387 0 387 0 387 0 
13210 388 2 388 0 388 0 388 0 388 0 388 0 388 0 388 0 388 0 388 0 388 2 
13225 389 23 389 0 389 0 389 0 389 0 389 0 389 0 389 0 389 0 389 0 389 23 
13240 390 0 390 0 390 0 390 0 390 0 390 0 390 0 390 0 390 0 390 0 390 0 
13502 391 2 391 0 391 2 391 0 391 0 391 0 391 0 391 0 391 0 391 0 391 0 
13517 392 4 392 0 392 4 392 0 392 0 392 0 392 0 392 0 392 0 392 0 392 0 
13547 393 3 393 0 393 3 393 0 393 0 393 0 393 0 393 0 393 0 393 0 393 0 
13562 394 16 394 0 394 16 394 0 394 0 394 0 394 0 394 0 394 0 394 0 394 0 
13577 395 4 395 0 395 4 395 0 395 0 395 0 395 0 395 0 395 0 395 0 395 0 
13592 396 1 396 0 396 1 396 0 396 0 396 0 396 0 396 0 396 0 396 0 396 0 
13607 397 0 397 0 397 0 397 0 397 0 397 0 397 0 397 0 397 0 397 0 397 0 
13748 398 2 398 0 398 0 398 0 398 0 398 0 398 0 398 0 398 2 398 0 398 0 
13763 399 3 399 0 399 0 399 0 399 0 399 0 399 0 399 0 399 3 399 0 399 0 
13778 400 19 400 0 400 0 400 0 400 0 400 0 400 0 400 0 400 19 400 0 400 0 
13793 401 4 401 0 401 0 401 0 401 0 401 0 401 0 401 0 401 4 401 0 401 0 
13823 402 3 402 0 402 0 402 0 402 0 402 0 402 0 402 0 402 3 402 0 402 0 
13838 403 2 403 0 403 0 403 0 403 0 403 0 403 0 403 0 403 2 403 0 403 0 
13853 404 0 404 0 404 0 404 0 404 0 404 0 404 0 404 0 404 0 404 0 404 0 
13968 405 3 405 0 405 0 405 3 405 0 405 0 405 0 405 0 405 0 405 0 405 0 
13983 406 9 406 0 406 0 406 9 406 0 406 0 406 0 406 0 406 0 406 0 406 0 
13998 407 2 407 0 407 0 407 2 407 0 407 0 407 0 407 0 407 0 407 0 407 0 
14013 408 -14 408 0 408 0 408 -14 408 0 408 0 408 0 408 0 408 0 408 0 408 0 
14028 409 0 409 0 409 0 409 0 409 0 409 0 409 0 409 0 409 0 409 0 409 0 
15039 410 3 410 0 410 0 410 0 410 0 410 0 410 0 410 0 410 0 410 3 410 0 
15054 411 4 411 0 411 0 411 0 411 0 411 0 411 0 411 0 411 0 411 4 411 0 
15069 412 15 412 0 412 0 412 0 412 0 412 0 412 0 412 0 412 0 412 15 412 0 
15084 413 4 413 0 413 0 413 0 413 0 413 0 413 0 413 0 413 0 413 4 413 0 
15099 414 3 414 0 414 0 414 0 414 0 414 0 414 0 414 0 414 0 414 3 414 0 
15114 415 4 415 0 415 0 415 0 415 0 415 0 415 0 415 0 415 0 415 4 415 0 
15159 416 22 416 0 416 0 416 0 416 0 416 0 416 0 416 0 416 0 416 22 416 0 
15174 417 4 417 0 417 0 417 0 417 0 417 0 417 0 417 0 417 0 417 4 417 0 
15189 418 1 418 0 418 0 418 0 418 0 418 0 418 0 418 0 418 0 418 1 418 0 
15204 419 0 419 0 419 0 419 0 419 0 419 0 419 0 419 0 419 0 419 0 419 0 
15214 420 3 420 0 420 0 420 0 420 3 420 0 420 0 420 0 420 0 420 0 420 0 
15229 421 10 421 0 421 0 421 0 421 10 421 0 421 0 421 0 421 0 421 0 421 0 
15244 422 6 422 0 422 0 422 0 422 6 422 0 422 0 422 0 422 0 422 0 422 0 
15259 423 8 423 0 423 0 423 0 423 8 423 0 423 0 423 0 423 0 423 0 423 0 
15274 424 0 424 0 424 0 424 0 424 0 424 0 424 0 424 0 424 0 424 0 424 0 
17211 425 8 425 0 425 0 425 0 425 0 425 0 425 8 425 0 425 0 425 0 425 0 
17241 426 12 426 0 426 0 426 0 426 0 426 0 426 12 426 0 426 0 426 0 426 0 
17256 427 7 427 0 427 0 427 0 427 0 427 0 427 7 427 0 427 0 427 0 427 0 
17271 428 3 428 0 428 0 428 0 428 0 428 0 428 3 428 0 428 0 428 0 428 0 
17286 429 16 429 0 429 0 429 0 429 0 429 0 429 16 429 0 429 0 429 0 429 0 
17301 430 2 430 0 430 0 430 0 430 0 430 0 430 2 430 0 430 0 430 0 430 0 
17316 431 4 431 0 431 0 431 0 431 0 431 0 431 4 431 0 431 0 431 0 431 0 
17331 432 3 432 0 432 0 432 0 432 0 432 0 432 3 432 0 432 0 432 0 432 0 
17346 433 6 433 0 433 0 433 0 433 0 433 0 433 6 433 0 433 0 433 0 433 0 
17361 434 4 434 0 434 0 434 0 434 0 434 0 434 4 434 0 434 0 434 0 434 0 
17376 435 3 435 0 435 0 435 0 435 0 435 0 435 3 435 0 435 0 435 0 435 0 
17391 436 2 436 0 436 0 436 0 436 0 436 0 436 2 436 0 436 0 436 0 436 0 
17406 437 4 437 0 437 0 437 0 437 0 437 0 437 4 437 0 437 0 437 0 437 0 
17421 438 6 438 0 438 0 438 0 438 0 438 0 438 6 438 0 438 0 438 0 438 0 
17436 439 4 439 0 439 0 439 0 439 0 439 0 439 4 439 0 439 0 439 0 439 0 
17466 440 0 440 0 440 0 440 0 440 0 440 0 440 0 440 0 440 0 440 0 440 0 
17706 441 13 441 0 441 0 441 0 441 0 441 0 441 13 441 0 441 0 441 0 441 0 
17721 442 4 442 0 442 0 442 0 442 0 442 0 442 4 442 0 442 0 442 0 442 0 
17751 443 3 443 0 443 0 443 0 443 0 443 0 443 3 443 0 443 0 443 0 443 0 
17766 444 0 444 0 444 0 444 0 444 0 444 0 444 0 444 0 444 0 444 0 444 0 
18004 445 3 445 0 445 0 445 0 445 3 445 0 445 0 445 0 445 0 445 0 445 0 
18005 446 6 446 0 446 0 446 0 446 3 446 6 446 0 446 0 446 0 446 0 446 0 
18020 447 4 447 0 447 0 447 0 447 3 447 4 447 0 447 0 447 0 447 0 447 0 
18035 448 7.5 448 0 448 0 448 0 448 4 448 11 448 0 448 0 448 0 448 0 448 0 
18036 449 4 449 0 449 0 449 0 449 4 449 11 449 4 449 0 449 0 449 0 449 0 
18050 450 7 450 0 450 0 450 0 450 4 450 7 450 4 450 0 450 0 450 0 450 0 
18051 451 3 451 0 451 0 451 0 451 4 451 7 451 3 451 0 451 0 451 0 451 0 
18065 452 8 452 0 452 0 452 0 452 4 452 8 452 3 452 0 452 0 452 0 452 0 
18066 453 4 453 0 453 0 453 0 453 4 453 8 453 4 453 0 453 0 453 0 453 0 
18079 454 3 454 0 454 0 454 0 454 3 454 8 454 4 454 0 454 0 454 0 454 0 
18094 455 15 455 0 455 0 455 0 455 15 455 8 455 4 455 0 455 0 455 0 455 0 
18095 456 11 456 0 456 0 456 0 456 15 456 11 456 4 456 0 456 0 456 0 456 0 
18096 457 1 457 0 457 0 457 0 457 15 457 11 457 1 457 0 457 0 457 0 457 0 
18109 458 5 458 0 458 0 458 0 458 5 458 11 458 1 458 0 458 0 458 0 458 0 
18110 459 2 459 0 459 0 459 0 459 5 459 2 459 1 459 0 459 0 459 0 459 0 
18111 460 0 460 0 460 0 460 0 460 5 460 2 460 0 460 0 460 0 460 0 460 0 
18124 461 4 461 0 461 0 461 0 461 4 461 2 461 0 461 0 461 0 461 0 461 0 
18139 462 3.5 462 0 462 0 462 0 462 3 462 4 462 0 462 0 462 0 462 0 462 0 
18154 463 4 463 0 463 0 463 0 463 4 463 4 463 0 463 0 463 0 463 0 463 0 
18155 464 5 464 0 464 0 464 0 464 4 464 5 464 0 464 0 464 0 464 0 464 0 
18169 465 0 465 0 465 0 465 0 465 0 465 5 465 0 465 0 465 0 465 0 465 0 
18170 466 6 466 0 466 0 466 0 466 0 466 6 466 0 466 0 466 0 466 0 466 0 
18185 467 0 467 0 467 0 467 0 467 0 467 0 467 0 467 0 467 0 467 0 467 0 
18200 468 -16 468 0 468 0 468 0 468 0 468 -16 468 0 468 0 468 0 468 0 468 0 
18215 469 -11 469 0 469 0 469 0 469 0 469 -11 469 0 469 0 469 0 469 0 469 0 
18230 470 -17 470 0 470 0 470 0 470 0 470 -17 470 0 470 0 470 0 470 0 470 0 
18245 471 -12 471 0 471 0 471 0 471 0 471 -12 471 0 471 0 471 0 471 0 471 0 
18260 472 -7 472 0 472 0 472 0 472 0 472 -7 472 0 472 0 472 0 472 0 472 0 
18275 473 -3 473 0 473 0 473 0 473 0 473 -3 473 0 473 0 473 0 473 0 473 0 
18290 474 -7 474 0 474 0 474 0 474 0 474 -7 474 0 474 0 474 0 474 0 474 0 
18305 475 -3 475 0 475 0 475 0 475 0 475 -3 475 0 475 0 475 0 475 0 475 0 
18320 476 0 476 0 476 0 476 0 476 0 476 0 476 0 476 0 476 0 476 0 476 0 
18467 477 7 477 0 477 7 477 0 477 0 477 0 477 0 477 0 477 0 477 0 477 0 
18482 478 6 478 0 478 6 478 0 478 0 478 0 478 0 478 0 478 0 478 0 478 0 
18497 479 14 479 0 479 14 479 0 479 0 479 0 479 0 479 0 479 0 479 0 479 0 
18512 480 7 480 0 480 7 480 0 480 0 480 0 480 0 480 0 480 0 480 0 480 0 
18527 481 3 481 0 481 3 481 0 481 0 481 0 481 0 481 0 481 0 481 0 481 0 
18542 482 12 482 0 482 12 482 0 482 0 482 0 482 0 482 0 482 0 482 0 482 0 
18557 483 7 483 0 483 7 483 0 483 0 483 0 483 0 483 0 483 0 483 0 483 0 
18572 484 3 484 0 484 3 484 0 484 0 484 0 484 0 484 0 484 0 484 0 484 0 
18602 485 6 485 0 485 6 485 0 485 0 485 0 485 0 485 0 485 0 485 0 485 0 
18617 486 4 486 0 486 4 486 0 486 0 486 0 486 0 486 0 486 0 486 0 486 0 
18647 487 1 487 0 487 1 487 0 487 0 487 0 487 0 487 0 487 0 487 0 487 0 
18662 488 4 488 0 488 4 488 0 488 0 488 0 488 0 488 0 488 0 488 0 488 0 
18692 489 6 489 0 489 6 489 0 489 0 489 0 489 0 489 0 489 0 489 0 489 0 
18707 490 5 490 0 490 5 490 0 490 0 490 0 490 0 490 0 490 0 490 0 490 0 
18722 491 0 491 0 491 0 491 0 491 0 491 0 491 0 491 0 491 0 491 0 491 0 
19012 492 4 492 0 492 0 492 0 492 0 492 0 492 0 492 4 492 0 492 0 492 0 
19027 493 9 493 0 493 0 493 0 493 0 493 0 493 0 493 9 493 0 493 0 493 0 
19042 494 8 494 0 494 0 494 0 494 0 494 0 494 0 494 8 494 0 494 0 494 0 
19057 495 7 495 0 495 0 495 0 495 0 495 0 495 0 495 7 495 0 495 0 495 0 
19072 496 0 496 0 496 0 496 0 496 0 496 0 496 0 496 0 496 0 496 0 496 0 
19403 497 1 497 0 497 0 497 0 497 0 497 0 497 0 497 0 497 1 497 0 497 0 
19418 498 5 498 0 498 0 498 0 498 0 498 0 498 0 498 0 498 5 498 0 498 0 
19427 499 2 499 0 499 2 499 0 499 0 499 0 499 0 499 0 499 5 499 0 499 0 
19433 500 4 500 0 500 2 500 0 500 0 500 0 500 0 500 0 500 4 500 0 500 0 
19442 501 19 501 0 501 19 501 0 501 0 501 0 501 0 501 0 501 4 501 0 501 0 
19457 502 4 502 0 502 4 502 0 502 0 502 0 502 0 502 0 502 4 502 0 502 0 
19463 503 3 503 0 503 4 503 0 503 0 503 0 503 0 503 0 503 3 503 0 503 0 
19472 504 5 504 0 504 5 504 0 504 0 504 0 504 0 504 0 504 3 504 0 504 0 
19478 505 4 505 0 505 5 505 0 505 0 505 0 505 0 505 0 505 4 505 0 505 0 
19487 506 1 506 0 506 1 506 0 506 0 506 0 506 0 506 0 506 4 506 0 506 0 
19493 507 15 507 0 507 1 507 0 507 0 507 0 507 0 507 0 507 15 507 0 507 0 
19502 508 2 508 0 508 2 508 0 508 0 508 0 508 0 508 0 508 15 508 0 508 0 
19508 509 4 509 0 509 2 509 0 509 0 509 0 509 0 509 0 509 4 509 0 509 0 
19538 510 13.5 510 0 510 4 510 0 510 0 510 0 510 0 510 0 510 23 510 0 510 0 
19547 511 3 511 0 511 3 511 0 511 0 511 0 511 0 511 0 511 23 511 0 511 0 
19553 512 4 512 0 512 3 512 0 512 0 512 0 512 0 512 0 512 4 512 0 512 0 
19568 513 3.5 513 0 513 4 513 0 513 0 513 0 513 0 513 0 513 3 513 0 513 0 
19577 514 2 514 0 514 2 514 0 514 0 514 0 514 0 514 0 514 3 514 0 514 0 
19583 515 0 515 0 515 2 515 0 515 0 515 0 515 0 515 0 515 0 515 0 515 0 
19671 516 1 516 0 516 0 516 0 516 0 516 0 516 2 516 0 516 0 516 0 516 0 
19686 517 4 517 0 517 0 517 0 517 0 517 0 517 4 517 0 517 0 517 0 517 0 
19701 518 31 518 0 518 0 518 0 518 0 518 0 518 31 518 0 518 0 518 0 518 0 
19716 519 4 519 0 519 0 519 0 519 0 519 0 519 4 519 0 519 0 519 0 519 0 
19731 520 2 520 0 520 0 520 4 520 0 520 0 520 0 520 0 520 0 520 0 520 0 
19743 521 9 521 0 521 0 521 9 521 0 521 0 521 0 521 0 521 0 521 0 521 0 
19758 522 5 522 0 522 0 522 5 522 0 522 0 522 0 522 0 522 0 522 0 522 0 
19773 523 10 523 0 523 0 523 10 523 0 523 0 523 0 523 0 523 0 523 0 523 0 
19788 524 0 524 0 524 0 524 0 524 0 524 0 524 0 524 0 524 0 524 0 524 0 
20064 525 8 525 0 525 0 525 0 525 0 525 0 525 0 525 0 525 0 525 8 525 0 
20079 526 5 526 0 526 0 526 0 526 0 526 0 526 0 526 0 526 0 526 5 526 0 
20094 527 14 527 0 527 0 527 0 527 0 527 0 527 0 527 0 527 0 527 14 527 0 
20109 528 7 528 0 528 0 528 0 528 0 528 0 528 0 528 0 528 0 528 7 528 0 
20124 529 4 529 0 529 0 529 0 529 0 529 0 529 0 529 0 529 0 529 4 529 0 
20139 530 11 530 0 530 0 530 0 530 0 530 0 530 0 530 0 530 0 530 11 530 0 
20154 531 7 531 0 531 0 531 0 531 0 531 0 531 0 531 0 531 0 531 7 531 0 
20169 532 3 532 0 532 0 532 0 532 0 532 0 532 0 532 0 532 0 532 3 532 0 
20184 533 4 533 0 533 0 533 0 533 0 533 0 533 0 533 0 533 0 533 4 533 0 
20199 534 5 534 0 534 0 534 0 534 0 534 0 534 0 534 0 534 0 534 5 534 0 
20214 535 4 535 0 535 0 535 0 535 0 535 0 535 0 535 0 535 0 535 4 535 0 
20244 536 2 536 0 536 0 536 0 536 0 536 0 536 0 536 0 536 0 536 2 536 0 
20259 537 4 537 0 537 0 537 0 537 0 537 0 537 0 537 0 537 0 537 4 537 0 
20289 538 6 538 0 538 0 538 0 538 0 538 0 538 0 538 0 538 0 538 6 538 0 
20304 539 5 539 0 539 0 539 0 539 0 539 0 539 0 539 0 539 0 539 5 539 0 
20319 540 0 540 0 540 0 540 0 540 0 540 0 540 0 540 0 540 0 540 0 540 0 
22608 541 2 541 0 541 0 541 2 541 0 541 0 541 0 541 0 541 0 541 0 541 0 
22623 542 3 542 0 542 0 542 3 542 0 542 0 542 0 542 0 542 0 542 0 542 0 
22638 543 4 543 0 543 0 543 4 543 0 543 0 543 0 543 0 543 0 543 0 543 0 
22683 544 3 544 0 544 0 544 3 544 0 544 0 544 0 544 0 544 0 544 0 544 0 
22698 545 4 545 0 545 0 545 4 545 0 545 0 545 0 545 0 545 0 545 0 545 0 
22743 546 3 546 0 546 0 546 3 546 0 546 0 546 0 546 0 546 0 546 0 546 0 
22758 547 5 547 0 547 0 547 5 547 0 547 0 547 0 547 0 547 0 547 0 547 0 
22773 548 4 548 0 548 0 548 4 548 0 548 0 548 0 548 0 548 0 548 0 548 0 
22803 549 0 549 0 549 0 549 0 549 0 549 0 549 0 549 0 549 0 549 0 549 0 
23044 550 8 550 0 550 0 550 0 550 8 550 0 550 0 550 0 550 0 550 0 550 0 
23059 551 5 551 0 551 0 551 0 551 5 551 0 551 0 551 0 551 0 551 0 551 0 
23074 552 14 552 0 552 0 552 0 552 14 552 0 552 0 552 0 552 0 552 0 552 0 
23089 553 1 553 0 553 0 553 0 553 1 553 0 553 0 553 0 553 0 553 0 553 0 
23104 554 6 554 0 554 0 554 0 554 6 554 0 554 0 554 0 554 0 554 0 554 0 
23117 555 1 555 0 555 1 555 0 555 6 555 0 555 0 555 0 555 0 555 0 555 0 
23119 556 4 556 0 556 1 556 0 556 4 556 0 556 0 556 0 556 0 556 0 556 0 
23134 557 8 557 0 557 4 557 0 557 12 557 0 557 0 557 0 557 0 557 0 557 0 
23149 558 7 558 0 558 4 558 0 558 7 558 0 558 0 558 0 558 0 558 0 558 0 
23164 559 3 559 0 559 4 559 0 559 3 559 0 559 0 559 0 559 0 559 0 559 0 
23192 560 5 560 0 560 5 560 0 560 3 560 0 560 0 560 0 560 0 560 0 560 0 
23194 561 6 561 0 561 5 561 0 561 6 561 0 561 0 561 0 561 0 561 0 561 0 
23207 562 3 562 0 562 3 562 0 562 6 562 0 562 0 562 0 562 0 562 0 562 0 
23209 563 5 563 0 563 3 563 0 563 5 563 0 563 0 563 0 563 0 563 0 563 0 
23222 564 4 564 0 564 4 564 0 564 5 564 0 564 0 564 0 564 0 564 0 564 0 
23239 565 1 565 0 565 4 565 0 565 1 565 0 565 0 565 0 565 0 565 0 565 0 
23252 566 3 566 0 566 3 566 0 566 1 566 0 566 0 566 0 566 0 566 0 566 0 
23254 567 4 567 0 567 3 567 0 567 4 567 0 567 0 567 0 567 0 567 0 567 0 
23267 568 0 568 0 568 0 568 0 568 4 568 0 568 0 568 0 568 0 568 0 568 0 
23284 569 6 569 0 569 0 569 0 569 6 569 0 569 0 569 0 569 0 569 0 569 0 
23299 570 5 570 0 570 0 570 0 570 5 570 0 570 0 570 0 570 0 570 0 570 0 
23314 571 0 571 0 571 0 571 0 571 0 571 0 571 0 571 0 571 0 571 0 571 0 
23514 572 1 572 0 572 0 572 0 572 0 572 0 572 0 572 0 572 0 572 1 572 0 
23529 573 26 573 0 573 0 573 0 573 0 573 0 573 0 573 0 573 0 573 26 573 0 
23544 574 4 574 0 574 0 574 0 574 0 574 0 574 0 574 0 574 0 574 4 574 0 
23559 575 3 575 0 575 0 575 0 575 0 575 0 575 0 575 0 575 0 575 3 575 0 
23574 576 4 576 0 576 0 576 0 576 0 576 0 576 0 576 0 576 0 576 4 576 0 
23619 577 0 577 0 577 0 577 0 577 0 577 0 577 0 577 0 577 0 577 0 577 0 
23764 578 1 578 0 578 0 578 0 578 1 578 0 578 0 578 0 578 0 578 0 578 0 
23779 579 3 579 0 579 0 579 0 579 3 579 0 579 0 579 0 579 0 579 0 579 0 
23794 580 4 580 0 580 0 580 0 580 4 580 0 580 0 580 0 580 0 580 0 580 0 
23824 581 15 581 0 581 0 581 0 581 15 581 0 581 0 581 0 581 0 581 0 581 0 
23839 582 3 582 0 582 0 582 0 582 3 582 0 582 0 582 0 582 0 582 0 582 0 
23854 583 4 583 0 583 0 583 0 583 4 583 0 583 0 583 0 583 0 583 0 583 0 
23869 584 0 584 0 584 0 584 0 584 0 584 0 584 0 584 0 584 0 584 0 584 0 
23964 585 2 585 0 585 0 585 0 585 0 585 0 585 0 585 0 585 0 585 2 585 0 
23979 586 3 586 0 586 0 586 0 586 0 586 0 586 0 586 0 586 0 586 3 586 0 
23994 587 4 587 0 587 0 587 0 587 0 587 0 587 0 587 0 587 0 587 4 587 0 
24024 588 16 588 0 588 0 588 0 588 0 588 0 588 0 588 0 588 0 588 16 588 0 
24039 589 3 589 0 589 0 589 0 589 0 589 0 589 0 589 0 589 0 589 3 589 0 
24054 590 4 590 0 590 0 590 0 590 0 590 0 590 0 590 0 590 0 590 4 590 0 
24069 591 3 591 0 591 0 591 0 591 0 591 0 591 0 591 0 591 0 591 3 591 0 
24084 592 0 592 0 592 0 592 0 592 0 592 0 592 0 592 0 592 0 592 0 592 0 
24406 593 9 593 9 593 0 593 0 593 0 593 0 593 0 593 0 593 0 593 0 593 0 
24421 594 12 594 12 594 0 594 0 594 0 594 0 594 0 594 0 594 0 594 0 594 0 
24436 595 7 595 7 595 0 595 0 595 0 595 0 595 0 595 0 595 0 595 0 595 0 
24451 596 0 596 0 596 0 596 0 596 0 596 0 596 0 596 0 596 0 596 0 596 0 
24466 597 6 597 6 597 0 597 0 597 0 597 0 597 0 597 0 597 0 597 0 597 0 
24481 598 5 598 5 598 0 598 0 598 0 598 0 598 0 598 0 598 0 598 0 598 0 
24496 599 16 599 16 599 0 599 0 599 0 599 0 599 0 599 0 599 0 599 0 599 0 
24511 600 2 600 2 600 0 600 0 600 0 600 0 600 0 600 0 600 0 600 0 600 0 
24526 601 3 601 3 601 0 601 0 601 0 601 0 601 0 601 0 601 0 601 0 601 0 
24541 602 4 602 4 602 0 602 0 602 0 602 0 602 0 602 0 602 0 602 0 602 0 
24556 603 6 603 6 603 0 603 0 603 0 603 0 603 0 603 0 603 0 603 0 603 0 
24571 604 3 604 3 604 0 604 0 604 0 604 0 604 0 604 0 604 0 604 0 604 0 
24586 605 4 605 4 605 0 605 0 605 0 605 0 605 0 605 0 605 0 605 0 605 0 
24601 606 2 606 2 606 0 606 0 606 0 606 0 606 0 606 0 606 0 606 0 606 0 
24616 607 4 607 4 607 0 607 0 607 0 607 0 607 0 607 0 607 0 607 0 607 0 
24631 608 3 608 3 608 0 608 0 608 0 608 0 608 0 608 0 608 0 608 0 608 0 
24646 609 6 609 6 609 0 609 0 609 0 609 0 609 0 609 0 609 0 609 0 609 0 
24661 610 5 610 5 610 0 610 0 610 0 610 0 610 0 610 0 610 0 610 0 610 0 
24676 611 0 611 0 611 0 611 0 611 0 611 0 611 0 611 0 611 0 611 0 611 0 
25205 612 8 612 0 612 0 612 0 612 0 612 8 612 0 612 0 612 0 612 0 612 0 
25235 613 11 613 0 613 0 613 0 613 0 613 11 613 0 613 0 613 0 613 0 613 0 
25250 614 7 614 0 614 0 614 0 614 0 614 7 614 0 614 0 614 0 614 0 614 0 
25265 615 4 615 0 615 0 615 0 615 0 615 4 615 0 615 0 615 0 615 0 615 0 
25280 616 16 616 0 616 0 616 0 616 0 616 16 616 0 616 0 616 0 616 0 616 0 
25295 617 2 617 0 617 0 617 0 617 0 617 2 617 0 617 0 617 0 617 0 617 0 
25310 618 3 618 0 618 0 618 0 618 0 618 3 618 0 618 0 618 0 618 0 618 0 
25325 619 5 619 0 619 0 619 0 619 0 619 5 619 0 619 0 619 0 619 0 619 0 
25340 620 6 620 0 620 0 620 0 620 0 620 6 620 0 620 0 620 0 620 0 620 0 
25344 621 2 621 0 621 0 621 0 621 0 621 6 621 0 621 0 621 0 621 2 621 0 
25355 622 3 622 0 622 0 622 0 622 0 622 3 622 0 622 0 622 0 622 2 622 0 
25370 623 3.5 623 0 623 0 623 0 623 0 623 4 623 0 623 0 623 0 623 3 623 0 
25374 624 4 624 0 624 0 624 0 624 0 624 4 624 0 624 0 624 0 624 4 624 0 
25385 625 2 625 0 625 0 625 0 625 0 625 2 625 0 625 0 625 0 625 4 625 0 
25400 626 4 626 0 626 0 626 0 626 0 626 4 626 0 626 0 626 0 626 4 626 0 
25404 627 15 627 0 627 0 627 0 627 0 627 4 627 0 627 0 627 0 627 15 627 0 
25415 628 3 628 0 628 0 628 0 628 0 628 3 628 0 628 0 628 0 628 15 628 0 
25419 629 4 629 0 629 0 629 0 629 0 629 3 629 0 629 0 629 0 629 4 629 0 
25430 630 6 630 0 630 0 630 0 630 0 630 6 630 0 630 0 630 0 630 4 630 0 
25449 631 2 631 0 631 0 631 0 631 0 631 6 631 0 631 0 631 0 631 2 631 0 
25459 632 4 632 0 632 0 632 0 632 4 632 6 632 0 632 0 632 0 632 2 632 0 
25460 633 0 633 0 633 0 633 0 633 4 633 0 633 0 633 0 633 0 633 2 633 0 
25489 634 2.5 634 0 634 0 634 0 634 5 634 0 634 0 634 0 634 0 634 0 634 0 
25504 635 19 635 0 635 0 635 0 635 19 635 0 635 0 635 0 635 0 635 0 635 0 
25519 636 3 636 0 636 0 636 0 636 3 636 0 636 0 636 0 636 0 636 0 636 0 
25534 637 4 637 0 637 0 637 0 637 4 637 0 637 0 637 0 637 0 637 0 637 0 
25579 638 3 638 0 638 0 638 0 638 3 638 0 638 0 638 0 638 0 638 0 638 0 
25609 639 0 639 0 639 0 639 0 639 0 639 0 639 0 639 0 639 0 639 0 639 0 
25835 640 2 640 0 640 0 640 0 640 0 640 2 640 0 640 0 640 0 640 0 640 0 
25850 641 4 641 0 641 0 641 0 641 0 641 4 641 0 641 0 641 0 641 0 641 0 
25895 642 3 642 0 642 0 642 0 642 0 642 3 642 0 642 0 642 0 642 0 642 0 
25910 643 4 643 0 643 0 643 0 643 0 643 4 643 0 643 0 643 0 643 0 643 0 
25940 644 2 644 0 644 0 644 0 644 0 644 2 644 0 644 0 644 0 644 0 644 0 
25955 645 0 645 0 645 0 645 0 645 0 645 0 645 0 645 0 645 0 645 0 645 0 
26155 646 4 646 0 646 0 646 0 646 0 646 0 646 0 646 0 646 0 646 0 646 4 
26170 647 10 647 0 647 0 647 0 647 0 647 0 647 0 647 0 647 0 647 0 647 10 
26185 648 7 648 0 648 0 648 0 648 0 648 0 648 0 648 0 648 0 648 0 648 7 
26215 649 0 649 0 649 0 649 0 649 0 649 0 649 0 649 0 649 0 649 0 649 0 
26435 650 1 650 0 650 0 650 0 650 0 650 1 650 0 650 0 650 0 650 0 650 0 
26450 651 4 651 0 651 0 651 0 651 0 651 4 651 0 651 0 651 0 651 0 651 0 
26495 652 3 652 0 652 0 652 0 652 0 652 3 652 0 652 0 652 0 652 0 652 0 
26510 653 4 653 0 653 0 653 0 653 0 653 4 653 0 653 0 653 0 653 0 653 0 
26540 654 2 654 0 654 0 654 0 654 0 654 2 654 0 654 0 654 0 654 0 654 0 
26555 655 0 655 0 655 0 655 0 655 0 655 0 655 0 655 0 655 0 655 0 655 0 
