# deltaRailways deltaRailVehicles
10 0 0 0 0 0 0 0 0 0 0 0 0 0 0 0 0 0 0 0 0 0 0 
122 8 0 0 0 8 0 0 0 0 0 0 0 0 0 0 0 0 0 0 0 0 0 
125 7.5 0 0 0 8 0 8 0 0 0 7 0 0 0 0 0 0 0 0 0 0 0 
128 12 0 0 0 8 0 8 0 0 0 7 0 0 0 0 0 12 0 0 0 0 0 
130 8 0 0 0 8 0 8 0 0 0 7 0 0 0 0 0 12 0 0 0 8 0 
140 10 0 0 0 8 0 8 0 0 0 10 0 0 0 0 0 12 0 0 0 8 0 
142 6 0 0 0 8 0 8 0 0 0 10 0 0 0 6 0 12 0 0 0 8 0 
143 5 0 0 0 8 0 8 0 0 0 10 0 0 0 6 0 5 0 0 0 8 0 
152 12 0 0 0 12 0 8 0 0 0 10 0 0 0 6 0 5 0 0 0 8 0 
155 10.5 0 0 0 12 0 12 0 0 0 9 0 0 0 6 0 5 0 0 0 8 0 
157 4 0 0 0 12 0 12 0 0 0 9 0 0 0 4 0 5 0 0 0 8 0 
158 10 0 0 0 12 0 12 0 0 0 9 0 0 0 4 0 10 0 0 0 8 0 
160 12 0 0 0 12 0 12 0 0 0 9 0 0 0 4 0 10 0 0 0 12 0 
167 6 0 0 0 6 0 12 0 0 0 9 0 0 0 4 0 10 0 0 0 12 0 
168 7 0 0 0 6 0 7 0 0 0 9 0 0 0 4 0 10 0 0 0 12 0 
170 2 0 0 0 6 0 7 0 0 0 2 0 0 0 4 0 10 0 0 0 12 0 
172 16 0 0 0 6 0 7 0 0 0 2 0 0 0 16 0 10 0 0 0 12 0 
173 1 0 0 0 6 0 7 0 0 0 2 0 0 0 16 0 1 0 0 0 12 0 
175 6 0 0 0 6 0 7 0 0 0 2 0 0 0 16 0 1 0 0 0 6 0 
182 4 0 0 0 4 0 7 0 0 0 2 0 0 0 16 0 1 0 0 0 6 0 
183 3 0 0 0 4 0 3 0 0 0 2 0 0 0 16 0 1 0 0 0 6 0 
185 0 0 0 0 4 0 3 0 0 0 0 0 0 0 16 0 1 0 0 0 6 0 
187 2 0 0 0 4 0 3 0 0 0 0 0 0 0 2 0 1 0 0 0 6 0 
188 0 0 0 0 4 0 3 0 0 0 0 0 0 0 2 0 0 0 0 0 6 0 
190 4 0 0 0 4 0 3 0 0 0 0 0 0 0 2 0 0 0 0 0 4 0 
197 16 0 0 0 16 0 3 0 0 0 0 0 0 0 2 0 0 0 0 0 4 0 
202 8 0 0 0 16 0 16 0 0 0 0 0 0 0 0 0 0 0 0 0 4 0 
205 16 0 0 0 16 0 16 0 0 0 0 0 0 0 0 0 0 0 0 0 16 0 
212 2 0 0 0 2 0 16 0 0 0 0 0 0 0 0 0 0 0 0 0 16 0 
217 5 0 0 0 2 0 2 0 0 0 0 0 0 0 8 0 0 0 0 0 16 0 
220 2 0 0 0 2 0 2 0 0 0 0 0 0 0 8 0 0 0 0 0 2 0 
227 3 0 0 0 3 0 2 0 0 0 0 0 0 0 8 0 0 0 0 0 2 0 
228 4 0 0 0 3 0 4 0 0 0 0 0 0 0 8 0 0 0 0 0 2 0 
235 3 0 0 0 3 0 4 0 0 0 0 0 0 0 8 0 0 0 0 0 3 0 
242 4 0 0 0 4 0 4 0 0 0 0 0 0 0 8 0 0 0 0 0 3 0 
243 3 0 0 0 4 0 3 0 0 0 0 0 0 0 8 0 0 0 0 0 3 0 
247 11 0 0 0 4 0 3 0 0 0 0 0 0 0 11 0 0 0 0 0 3 0 
250 4 0 0 0 4 0 3 0 0 0 0 0 0 0 11 0 0 0 0 0 4 0 
257 6 0 0 0 6 0 3 0 0 0 0 0 0 0 11 0 0 0 0 0 4 0 
262 4 0 0 0 6 0 6 0 0 0 0 0 0 0 2 0 0 0 0 0 4 0 
265 6 0 0 0 6 0 6 0 0 0 0 0 0 0 2 0 0 0 0 0 6 0 
272 4 0 0 0 4 0 6 0 0 0 0 0 0 0 2 0 0 0 0 0 6 0 
280 4.33333 0 0 0 4 0 4 0 0 0 0 0 0 0 4 0 0 0 0 0 5 0 
287 3 0 0 0 3 0 4 0 0 0 0 0 0 0 4 0 0 0 0 0 5 0 
302 2.66667 0 0 0 2 0 3 0 0 0 0 0 0 0 4 0 0 0 0 0 3 0 
303 2 0 0 0 2 0 2 0 0 0 0 0 0 0 4 0 0 0 0 0 3 0 
307 5 0 0 0 2 0 2 0 0 0 0 0 0 0 5 0 0 0 0 0 3 0 
310 2 0 0 0 2 0 2 0 0 0 0 0 0 0 5 0 0 0 0 0 2 0 
317 4 0 0 0 4 0 2 0 0 0 0 0 0 0 5 0 0 0 0 0 2 0 
322 5 0 0 0 4 0 4 0 0 0 0 0 0 0 6 0 0 0 0 0 2 0 
325 4 0 0 0 4 0 4 0 0 0 0 0 0 0 6 0 0 0 0 0 4 0 
332 6 0 0 0 6 0 4 0 0 0 0 0 0 0 6 0 0 0 0 0 4 0 
337 3 0 0 0 6 0 6 0 0 0 0 0 0 0 0 0 0 0 0 0 4 0 
340 6 0 0 0 6 0 6 0 0 0 0 0 0 0 0 0 0 0 0 0 6 0 
347 3 0 0 0 3 0 6 0 0 0 0 0 0 0 0 0 0 0 0 0 6 0 
348 4 0 0 0 3 0 4 0 0 0 0 0 0 0 0 0 0 0 0 0 6 0 
355 3.5 0 0 0 3 0 4 0 0 0 0 0 0 0 4 0 0 0 0 0 3 0 
362 5 0 0 0 5 0 4 0 0 0 0 0 0 0 4 0 0 0 0 0 3 0 
367 3 0 0 0 5 0 4 0 0 0 0 0 0 0 3 0 0 0 0 0 3 0 
370 5 0 0 0 5 0 4 0 0 0 0 0 0 0 3 0 0 0 0 0 5 0 
377 0 0 0 0 0 0 4 0 0 0 0 0 0 0 3 0 0 0 0 0 5 0 
382 3 0 0 0 0 0 0 0 0 0 0 0 0 0 6 0 0 0 0 0 5 0 
385 0 0 0 0 0 0 0 0 0 0 0 0 0 0 6 0 0 0 0 0 0 0 
397 4 0 0 0 0 0 0 0 0 0 0 0 0 0 4 0 0 0 0 0 0 0 
408 2 0 0 0 0 0 2 0 0 0 0 0 0 0 4 0 0 0 0 0 0 0 
412 3 0 0 0 0 0 2 0 0 0 0 0 0 0 3 0 0 0 0 0 0 0 
427 1.5 0 0 0 0 0 3 0 0 0 0 0 0 0 0 0 0 0 0 0 0 0 
438 5 0 0 0 0 0 5 0 0 0 0 0 0 0 0 0 0 0 0 0 0 0 
443 2 0 0 0 0 0 5 0 0 0 0 0 0 0 0 0 2 0 0 0 0 0 
453 4 0 0 0 0 0 4 0 0 0 0 0 0 0 0 0 2 0 0 0 0 0 
457 2 0 0 0 0 0 4 0 0 0 0 0 0 0 2 0 2 0 0 0 0 0 
458 4 0 0 0 0 0 4 0 0 0 0 0 0 0 2 0 4 0 0 0 0 0 
483 3 0 0 0 0 0 2 0 0 0 0 0 0 0 4 0 4 0 0 0 0 0 
498 1.5 0 0 0 0 0 0 0 0 0 0 0 0 0 3 0 4 0 0 0 0 0 
502 4 0 0 0 0 0 0 0 0 0 0 0 0 0 4 0 4 0 0 0 0 0 
503 3 0 0 0 0 0 0 0 0 0 0 0 0 0 4 0 3 0 0 0 0 0 
518 3.5 0 0 0 0 0 3 0 0 0 0 0 0 0 4 0 4 0 0 0 0 0 
528 4 0 0 0 0 0 4 0 0 0 0 0 0 0 4 0 4 0 0 0 0 0 
542 1 0 0 0 1 0 4 0 0 0 0 0 0 0 4 0 4 0 0 0 0 0 
543 3 0 0 0 1 0 3 0 0 0 0 0 0 0 4 0 4 0 0 0 0 0 
557 3.5 0 0 0 4 0 3 0 0 0 0 0 0 0 3 0 4 0 0 0 0 0 
558 4 0 0 0 4 0 4 0 0 0 0 0 0 0 3 0 4 0 0 0 0 0 
562 0 0 0 0 4 0 4 0 0 0 0 0 0 0 0 0 4 0 0 0 0 0 
563 3 0 0 0 4 0 4 0 0 0 0 0 0 0 0 0 3 0 0 0 0 0 
571 6 0 6 0 4 0 4 0 0 0 0 0 0 0 0 0 3 0 0 0 0 0 
575 1 0 6 0 4 0 4 0 0 0 1 0 0 0 0 0 3 0 0 0 0 0 
578 0 2 6 0 4 0 4 0 0 0 1 0 0 0 0 0 0 2 0 0 0 0 
586 5 0 5 0 4 0 4 0 0 0 1 0 0 0 0 0 0 2 0 0 0 0 
587 3 0 5 0 3 0 4 0 0 0 1 0 0 0 0 0 0 2 0 0 0 0 
590 4 0 5 0 3 0 4 0 0 0 4 0 0 0 0 0 0 2 0 0 0 0 
593 2 0 5 0 3 0 4 0 0 0 4 0 0 0 4 0 0 0 0 0 0 0 
601 16 0 16 0 3 0 4 0 0 0 4 0 0 0 4 0 0 0 0 0 0 0 
602 4 0 16 0 4 0 4 0 0 0 4 0 0 0 4 0 0 0 0 0 0 0 
603 3 0 16 0 4 0 3 0 0 0 4 0 0 0 4 0 0 0 0 0 0 0 
616 2.5 0 2 0 4 0 3 0 0 0 4 0 0 0 3 0 0 0 0 0 0 0 
618 1 0 2 0 4 0 1 0 0 0 4 0 0 0 3 0 0 0 0 0 0 0 
622 4 0 2 0 4 0 1 0 0 0 4 0 0 0 4 0 0 0 0 0 0 0 
631 9 0 9 0 4 0 1 0 0 0 4 0 0 0 4 0 0 0 0 0 0 0 
632 2 0 9 0 2 0 1 0 0 0 4 0 0 0 4 0 0 0 0 0 0 0 
633 0 0 9 0 2 0 0 0 0 0 4 0 0 0 4 0 0 0 0 0 0 0 
635 3 0 9 0 2 0 0 0 0 0 3 0 0 0 4 0 0 0 0 0 0 0 
646 8 0 8 0 2 0 0 0 0 0 3 0 0 0 4 0 0 0 0 0 0 0 
647 0 0 8 0 0 0 0 0 0 0 3 0 0 0 4 0 0 0 0 0 0 0 
650 4 0 8 0 0 0 0 0 0 0 4 0 0 0 4 0 0 0 0 0 0 0 
661 12 0 12 0 0 0 0 0 0 0 4 0 0 0 4 0 0 0 0 0 0 0 
667 0 0 12 0 0 0 0 0 0 0 4 0 0 0 0 0 0 0 0 0 0 0 
676 2 0 2 0 0 0 0 0 0 0 4 0 0 0 0 0 0 0 0 0 0 0 
691 3 0 3 0 0 0 0 0 0 0 4 0 0 0 0 0 0 0 0 0 0 0 
695 1 0 3 0 0 0 0 0 0 0 1 0 0 0 0 0 0 0 0 0 0 0 
706 4 0 4 0 0 0 0 0 0 0 1 0 0 0 0 0 0 0 0 0 0 0 
710 0 1 4 0 0 0 0 0 0 0 0 1 0 0 0 0 0 0 0 0 0 0 
721 6 0 6 0 0 0 0 0 0 0 0 1 0 0 0 0 0 0 0 0 0 0 
725 0 0 6 0 0 0 0 0 0 0 0 0 0 0 0 0 0 0 0 0 0 0 
730 4 0 6 0 0 0 0 0 0 0 0 0 0 0 0 0 0 0 0 0 4 0 
736 5 0 5 0 0 0 0 0 0 0 0 0 0 0 0 0 0 0 0 0 4 0 
737 4 0 5 0 4 0 0 0 0 0 0 0 0 0 0 0 0 0 0 0 4 0 
745 5 0 5 0 4 0 0 0 0 0 0 0 0 0 0 0 0 0 0 0 5 0 
751 0 0 0 0 4 0 0 0 0 0 0 0 0 0 0 0 0 0 0 0 5 0 
760 4 0 0 0 4 0 0 0 0 0 0 0 0 0 0 0 0 0 0 0 4 0 
767 3.5 0 4 0 3 0 0 0 0 0 0 0 0 0 0 0 0 0 0 0 4 0 
775 3 0 4 0 3 0 0 0 0 0 0 0 0 0 0 0 0 0 0 0 3 0 
782 4 0 4 0 4 0 0 0 0 0 0 0 0 0 0 0 0 0 0 0 3 0 
796 5 0 6 0 4 0 0 0 0 0 0 0 0 0 0 0 0 0 0 0 4 0 
811 4 0 3 0 4 0 0 0 0 0 0 0 0 0 0 0 0 0 0 0 5 0 
812 1 0 3 0 1 0 0 0 0 0 0 0 0 0 0 0 0 0 0 0 5 0 
820 0 0 3 0 1 0 0 0 0 0 0 0 0 0 0 0 0 0 0 0 0 0 
1022 1.5 0 0 0 3 0 0 0 0 0 0 0 0 0 0 0 0 0 0 0 0 0 
1037 4 0 0 0 4 0 0 0 0 0 0 0 0 0 0 0 0 0 0 0 0 0 
1067 3 0 0 0 3 0 0 0 0 0 0 0 0 0 0 0 0 0 0 0 0 0 
1082 4 0 0 0 4 0 0 0 0 0 0 0 0 0 0 0 0 0 0 0 0 0 
1097 3 0 0 0 3 0 0 0 0 0 0 0 0 0 0 0 0 0 0 0 0 0 
1112 0 1 0 0 0 1 0 0 0 0 0 0 0 0 0 0 0 0 0 0 0 0 
1127 0 0 0 0 0 0 0 0 0 0 0 0 0 0 0 0 0 0 0 0 0 0 
1157 0 1 0 0 0 1 0 0 0 0 0 0 0 0 0 0 0 0 0 0 0 0 
1165 3 0 0 0 0 1 0 0 0 0 0 0 0 0 0 0 0 0 0 0 3 0 
1172 0 0 0 0 0 0 0 0 0 0 0 0 0 0 0 0 0 0 0 0 3 0 
1180 4 0 0 0 0 0 0 0 0 0 0 0 0 0 0 0 0 0 0 0 4 0 
1195 3 0 0 0 0 0 0 0 0 0 0 0 0 0 0 0 0 0 0 0 3 0 
1210 4 0 0 0 0 0 0 0 0 0 0 0 0 0 0 0 0 0 0 0 4 0 
1255 2 0 0 0 0 0 0 0 0 0 0 0 0 0 0 0 0 0 0 0 2 0 
1270 0 0 0 0 0 0 0 0 0 0 0 0 0 0 0 0 0 0 0 0 0 0 
1462 2 0 0 0 0 0 0 0 0 0 0 0 0 0 2 0 0 0 0 0 0 0 
1473 4 0 0 0 0 0 4 0 0 0 0 0 0 0 2 0 0 0 0 0 0 0 
1477 5 0 0 0 0 0 4 0 0 0 0 0 0 0 5 0 0 0 0 0 0 0 
1492 4.5 0 0 0 0 0 5 0 0 0 0 0 0 0 4 0 0 0 0 0 0 0 
1503 3 0 0 0 0 0 3 0 0 0 0 0 0 0 4 0 0 0 0 0 0 0 
1518 3.5 0 0 0 0 0 4 0 0 0 0 0 0 0 3 0 0 0 0 0 0 0 
1522 4 0 0 0 0 0 4 0 0 0 0 0 0 0 4 0 0 0 0 0 0 0 
1548 15 0 0 0 0 0 15 0 0 0 0 0 0 0 4 0 0 0 0 0 0 0 
1563 1 0 0 0 0 0 1 0 0 0 0 0 0 0 4 0 0 0 0 0 0 0 
1578 0.5 0.5 0 0 0 0 0 1 0 0 0 0 0 0 1 0 0 0 0 0 0 0 
1582 0 1 0 0 0 0 0 1 0 0 0 0 0 0 0 1 0 0 0 0 0 0 
1593 0 0 0 0 0 0 0 0 0 0 0 0 0 0 0 1 0 0 0 0 0 0 
1623 0 1 0 0 0 0 0 2 0 0 0 0 0 0 0 0 0 0 0 0 0 0 
1627 0 2 0 0 0 0 0 2 0 0 0 0 0 0 0 2 0 0 0 0 0 0 
1638 0 0 0 0 0 0 0 0 0 0 0 0 0 0 0 2 0 0 0 0 0 0 
1765 2 0 0 0 0 0 0 0 0 0 0 0 0 0 0 0 0 0 0 0 4 0 
1795 3 0 0 0 0 0 0 0 0 0 0 0 0 0 0 0 0 0 0 0 3 0 
1810 4 0 0 0 0 0 0 0 0 0 0 0 0 0 0 0 0 0 0 0 4 0 
1855 2 0 0 0 0 0 0 0 0 0 0 0 0 0 0 0 0 0 0 0 2 0 
1870 0 1 0 0 0 0 0 0 0 0 0 0 0 0 0 0 0 0 0 0 0 1 
1885 0 0 0 0 0 0 0 0 0 0 0 0 0 0 0 0 0 0 0 0 0 0 
1900 0 1 0 0 0 0 0 0 0 0 0 0 0 0 0 0 0 0 0 0 0 1 
1930 0 0 0 0 0 0 0 0 0 0 0 0 0 0 0 0 0 0 0 0 0 0 
3016 1 0 1 0 0 0 0 0 0 0 0 0 0 0 0 0 0 0 0 0 0 0 
3031 3 0 3 0 0 0 0 0 0 0 0 0 0 0 0 0 0 0 0 0 0 0 
3046 4 0 4 0 0 0 0 0 0 0 0 0 0 0 0 0 0 0 0 0 0 0 
3091 3 0 3 0 0 0 0 0 0 0 0 0 0 0 0 0 0 0 0 0 0 0 
3106 4 0 4 0 0 0 0 0 0 0 0 0 0 0 0 0 0 0 0 0 0 0 
3151 3 0 3 0 0 0 0 0 0 0 0 0 0 0 0 0 0 0 0 0 0 0 
3166 4 0 4 0 0 0 0 0 0 0 0 0 0 0 0 0 0 0 0 0 0 0 
3181 1 0 1 0 0 0 0 0 0 0 0 0 0 0 0 0 0 0 0 0 0 0 
3196 0 0 0 0 0 0 0 0 0 0 0 0 0 0 0 0 0 0 0 0 0 0 
3721 3 0 3 0 0 0 0 0 0 0 0 0 0 0 0 0 0 0 0 0 0 0 
3736 4 0 4 0 0 0 0 0 0 0 0 0 0 0 0 0 0 0 0 0 0 0 
3751 3 0 3 0 0 0 0 0 0 0 0 0 0 0 0 0 0 0 0 0 0 0 
3766 4 0 4 0 0 0 0 0 0 0 0 0 0 0 0 0 0 0 0 0 0 0 
3811 3 0 3 0 0 0 0 0 0 0 0 0 0 0 0 0 0 0 0 0 0 0 
3826 4 0 4 0 0 0 0 0 0 0 0 0 0 0 0 0 0 0 0 0 0 0 
3841 3 0 3 0 0 0 0 0 0 0 0 0 0 0 0 0 0 0 0 0 0 0 
3856 0 0 0 0 0 0 0 0 0 0 0 0 0 0 0 0 0 0 0 0 0 0 
5438 8 0 0 0 0 0 0 0 0 0 0 0 0 0 0 0 8 0 0 0 0 0 
5468 12 0 0 0 0 0 0 0 0 0 0 0 0 0 0 0 12 0 0 0 0 0 
5483 6 0 0 0 0 0 0 0 0 0 0 0 0 0 0 0 6 0 0 0 0 0 
5498 4 0 0 0 0 0 0 0 0 0 0 0 0 0 0 0 4 0 0 0 0 0 
5513 16 0 0 0 0 0 0 0 0 0 0 0 0 0 0 0 16 0 0 0 0 0 
5528 2 0 0 0 0 0 0 0 0 0 0 0 0 0 0 0 2 0 0 0 0 0 
5543 4 0 0 0 0 0 0 0 0 0 0 0 0 0 0 0 4 0 0 0 0 0 
5573 6 0 0 0 0 0 0 0 0 0 0 0 0 0 0 0 6 0 0 0 0 0 
5588 4 0 0 0 0 0 0 0 0 0 0 0 0 0 0 0 4 0 0 0 0 0 
5603 3 0 0 0 0 0 0 0 0 0 0 0 0 0 0 0 3 0 0 0 0 0 
5618 2 0 0 0 0 0 0 0 0 0 0 0 0 0 0 0 2 0 0 0 0 0 
5633 4 0 0 0 0 0 0 0 0 0 0 0 0 0 0 0 4 0 0 0 0 0 
5648 6 0 0 0 0 0 0 0 0 0 0 0 0 0 0 0 6 0 0 0 0 0 
5663 3 0 0 0 0 0 0 0 0 0 0 0 0 0 0 0 3 0 0 0 0 0 
5678 5 0 0 0 0 0 0 0 0 0 0 0 0 0 0 0 5 0 0 0 0 0 
5693 0 0 0 0 0 0 0 0 0 0 0 0 0 0 0 0 0 0 0 0 0 0 
5903 1 0 0 0 0 0 0 0 0 0 0 0 0 0 0 0 1 0 0 0 0 0 
5918 4 0 0 0 0 0 0 0 0 0 0 0 0 0 0 0 4 0 0 0 0 0 
5963 3 0 0 0 0 0 0 0 0 0 0 0 0 0 0 0 3 0 0 0 0 0 
5972 4 0 0 0 4 0 0 0 0 0 0 0 0 0 0 0 3 0 0 0 0 0 
5987 6.5 0 0 0 9 0 0 0 0 0 0 0 0 0 0 0 4 0 0 0 0 0 
6001 2 0 2 0 9 0 0 0 0 0 0 0 0 0 0 0 4 0 0 0 0 0 
6002 8 0 2 0 8 0 0 0 0 0 0 0 0 0 0 0 4 0 0 0 0 0 
6008 1 0 2 0 8 0 0 0 0 0 0 0 0 0 0 0 1 0 0 0 0 0 
6016 4 0 4 0 8 0 0 0 0 0 0 0 0 0 0 0 1 0 0 0 0 0 
6017 7 0 4 0 7 0 0 0 0 0 0 0 0 0 0 0 1 0 0 0 0 0 
6023 0 0 4 0 7 0 0 0 0 0 0 0 0 0 0 0 0 0 0 0 0 0 
6031 3 0 3 0 7 0 0 0 0 0 0 0 0 0 0 0 0 0 0 0 0 0 
6032 0 0 3 0 0 0 0 0 0 0 0 0 0 0 0 0 0 0 0 0 0 0 
6046 4 0 4 0 0 0 0 0 0 0 0 0 0 0 0 0 0 0 0 0 0 0 
6091 3 0 3 0 0 0 0 0 0 0 0 0 0 0 0 0 0 0 0 0 0 0 
6106 4 0 4 0 0 0 0 0 0 0 0 0 0 0 0 0 0 0 0 0 0 0 
6136 5 0 5 0 0 0 0 0 0 0 0 0 0 0 0 0 0 0 0 0 0 0 
6151 0 1 0 1 0 0 0 0 0 0 0 0 0 0 0 0 0 0 0 0 0 0 
6166 0 0 0 0 0 0 0 0 0 0 0 0 0 0 0 0 0 0 0 0 0 0 
6211 0 2 0 2 0 0 0 0 0 0 0 0 0 0 0 0 0 0 0 0 0 0 
6226 0 0 0 0 0 0 0 0 0 0 0 0 0 0 0 0 0 0 0 0 0 0 
6308 1 0 0 0 0 0 0 0 0 0 0 0 0 0 0 0 1 0 0 0 0 0 
6323 3 0 0 0 0 0 0 0 0 0 0 0 0 0 0 0 3 0 0 0 0 0 
6338 5 0 0 0 0 0 0 0 0 0 0 0 0 0 0 0 5 0 0 0 0 0 
6353 4 0 0 0 0 0 0 0 0 0 0 0 0 0 0 0 4 0 0 0 0 0 
6383 3 0 0 0 0 0 0 0 0 0 0 0 0 0 0 0 3 0 0 0 0 0 
6398 4 0 0 0 0 0 0 0 0 0 0 0 0 0 0 0 4 0 0 0 0 0 
6413 1 0 0 0 0 0 0 0 0 0 0 0 0 0 0 0 1 0 0 0 0 0 
6428 0 0 0 0 0 0 0 0 0 0 0 0 0 0 0 0 0 0 0 0 0 0 
6442 8 0 0 0 0 0 0 0 0 0 0 0 0 0 8 0 0 0 0 0 0 0 
6472 12 0 0 0 0 0 0 0 0 0 0 0 0 0 12 0 0 0 0 0 0 0 
6487 6 0 0 0 0 0 0 0 0 0 0 0 0 0 6 0 0 0 0 0 0 0 
6502 4 0 0 0 0 0 0 0 0 0 0 0 0 0 4 0 0 0 0 0 0 0 
6517 16 0 0 0 0 0 0 0 0 0 0 0 0 0 16 0 0 0 0 0 0 0 
6532 2 0 0 0 0 0 0 0 0 0 0 0 0 0 2 0 0 0 0 0 0 0 
6547 3 0 0 0 0 0 0 0 0 0 0 0 0 0 3 0 0 0 0 0 0 0 
6562 4 0 0 0 0 0 0 0 0 0 0 0 0 0 4 0 0 0 0 0 0 0 
6577 6 0 0 0 0 0 0 0 0 0 0 0 0 0 6 0 0 0 0 0 0 0 
6592 4 0 0 0 0 0 0 0 0 0 0 0 0 0 4 0 0 0 0 0 0 0 
6607 3 0 0 0 0 0 0 0 0 0 0 0 0 0 3 0 0 0 0 0 0 0 
6622 2 0 0 0 0 0 0 0 0 0 0 0 0 0 2 0 0 0 0 0 0 0 
6637 5 0 0 0 0 0 0 0 0 0 0 0 0 0 5 0 0 0 0 0 0 0 
6652 6 0 0 0 0 0 0 0 0 0 0 0 0 0 6 0 0 0 0 0 0 0 
6667 3 0 0 0 0 0 0 0 0 0 0 0 0 0 3 0 0 0 0 0 0 0 
6682 5 0 0 0 0 0 0 0 0 0 0 0 0 0 5 0 0 0 0 0 0 0 
6697 0 0 0 0 0 0 0 0 0 0 0 0 0 0 0 0 0 0 0 0 0 0 
6745 11 0 0 0 0 0 0 0 0 0 0 0 0 0 0 0 0 0 0 0 11 0 
6752 1 0 0 0 1 0 0 0 0 0 0 0 0 0 0 0 0 0 0 0 11 0 
6760 4 0 0 0 1 0 0 0 0 0 0 0 0 0 0 0 0 0 0 0 4 0 
6767 3 0 0 0 3 0 0 0 0 0 0 0 0 0 0 0 0 0 0 0 4 0 
6775 9 0 0 0 3 0 0 0 0 0 0 0 0 0 0 0 0 0 0 0 9 0 
6782 4 0 0 0 4 0 0 0 0 0 0 0 0 0 0 0 0 0 0 0 9 0 
6790 2 0 0 0 4 0 0 0 0 0 0 0 0 0 0 0 0 0 0 0 2 0 
6805 0 0 0 0 4 0 0 0 0 0 0 0 0 0 0 0 0 0 0 0 0 0 
6833 3 0 0 0 4 0 0 0 0 0 0 0 0 0 0 0 3 0 0 0 0 0 
6848 4 0 0 0 4 0 0 0 0 0 0 0 0 0 0 0 4 0 0 0 0 0 
6863 3 0 0 0 4 0 0 0 0 0 0 0 0 0 0 0 3 0 0 0 0 0 
6878 4 0 0 0 4 0 0 0 0 0 0 0 0 0 0 0 4 0 0 0 0 0 
6887 3 0 0 0 3 0 0 0 0 0 0 0 0 0 0 0 4 0 0 0 0 0 
6902 2 0 0 0 2 0 0 0 0 0 0 0 0 0 0 0 4 0 0 0 0 0 
6917 0 1 0 0 0 1 0 0 0 0 0 0 0 0 0 0 4 0 0 0 0 0 
6923 2 0 0 0 0 1 0 0 0 0 0 0 0 0 0 0 2 0 0 0 0 0 
6932 0 0 0 0 0 0 0 0 0 0 0 0 0 0 0 0 2 0 0 0 0 0 
6938 0 1 0 0 0 0 0 0 0 0 0 0 0 0 0 0 0 1 0 0 0 0 
6953 0 0 0 0 0 0 0 0 0 0 0 0 0 0 0 0 0 0 0 0 0 0 
6968 0 1 0 0 0 0 0 0 0 0 0 0 0 0 0 0 0 1 0 0 0 0 
6983 0 2 0 0 0 0 0 0 0 0 0 0 0 0 0 0 0 2 0 0 0 0 
6998 0 0 0 0 0 0 0 0 0 0 0 0 0 0 0 0 0 0 0 0 0 0 
7072 3 0 0 0 0 0 0 0 0 0 0 0 0 0 3 0 0 0 0 0 0 0 
7102 4 0 0 0 0 0 0 0 0 0 0 0 0 0 4 0 0 0 0 0 0 0 
7147 3 0 0 0 0 0 0 0 0 0 0 0 0 0 3 0 0 0 0 0 0 0 
7162 4 0 0 0 0 0 0 0 0 0 0 0 0 0 4 0 0 0 0 0 0 0 
7177 0 0 0 0 0 0 0 0 0 0 0 0 0 0 0 0 0 0 0 0 0 0 
7672 4 0 0 0 0 0 0 0 0 0 0 0 0 0 4 0 0 0 0 0 0 0 
7687 3 0 0 0 0 0 0 0 0 0 0 0 0 0 3 0 0 0 0 0 0 0 
7702 4 0 0 0 0 0 0 0 0 0 0 0 0 0 4 0 0 0 0 0 0 0 
7717 5 0 0 0 0 0 0 0 0 0 0 0 0 0 5 0 0 0 0 0 0 0 
7732 4 0 0 0 0 0 0 0 0 0 0 0 0 0 4 0 0 0 0 0 0 0 
7747 0 0 0 0 0 0 0 0 0 0 0 0 0 0 0 0 0 0 0 0 0 0 
7777 2 0 0 0 0 0 0 0 0 0 0 0 0 0 2 0 0 0 0 0 0 0 
7792 4 0 0 0 0 0 0 0 0 0 0 0 0 0 4 0 0 0 0 0 0 0 
7807 3 0 0 0 0 0 0 0 0 0 0 0 0 0 3 0 0 0 0 0 0 0 
7822 4 0 0 0 0 0 0 0 0 0 0 0 0 0 4 0 0 0 0 0 0 0 
7852 3 0 0 0 0 0 0 0 0 0 0 0 0 0 3 0 0 0 0 0 0 0 
7867 0 1 0 0 0 0 0 0 0 0 0 0 0 0 0 1 0 0 0 0 0 0 
7882 0 0 0 0 0 0 0 0 0 0 0 0 0 0 0 0 0 0 0 0 0 0 
7912 0 1 0 0 0 0 0 0 0 0 0 0 0 0 0 1 0 0 0 0 0 0 
7927 0 0 0 0 0 0 0 0 0 0 0 0 0 0 0 0 0 0 0 0 0 0 
8589 9 0 0 0 0 0 0 0 0 0 0 0 0 0 0 0 0 0 9 0 0 0 
8604 12 0 0 0 0 0 0 0 0 0 0 0 0 0 0 0 0 0 12 0 0 0 
8619 7 0 0 0 0 0 0 0 0 0 0 0 0 0 0 0 0 0 7 0 0 0 
8649 6 0 0 0 0 0 0 0 0 0 0 0 0 0 0 0 0 0 6 0 0 0 
8664 14 0 0 0 0 0 0 0 0 0 0 0 0 0 0 0 0 0 14 0 0 0 
8679 1 0 0 0 0 0 0 0 0 0 0 0 0 0 0 0 0 0 1 0 0 0 
8694 4 0 0 0 0 0 0 0 0 0 0 0 0 0 0 0 0 0 4 0 0 0 
8724 6 0 0 0 0 0 0 0 0 0 0 0 0 0 0 0 0 0 6 0 0 0 
8739 3 0 0 0 0 0 0 0 0 0 0 0 0 0 0 0 0 0 3 0 0 0 
8784 4 0 0 0 0 0 0 0 0 0 0 0 0 0 0 0 0 0 4 0 0 0 
8799 5 0 0 0 0 0 0 0 0 0 0 0 0 0 0 0 0 0 5 0 0 0 
8814 4 0 0 0 0 0 0 0 0 0 0 0 0 0 0 0 0 0 4 0 0 0 
8844 0 0 0 0 0 0 0 0 0 0 0 0 0 0 0 0 0 0 0 0 0 0 
11026 8 0 8 0 0 0 0 0 0 0 0 0 0 0 0 0 0 0 0 0 0 0 
11034 15 0 8 0 0 0 0 0 0 0 0 0 0 0 0 0 0 0 15 0 0 0 
11049 4 0 8 0 0 0 0 0 0 0 0 0 0 0 0 0 0 0 4 0 0 0 
11056 13 0 13 0 0 0 0 0 0 0 0 0 0 0 0 0 0 0 4 0 0 0 
11064 15 0 13 0 0 0 0 0 0 0 0 0 0 0 0 0 0 0 15 0 0 0 
11071 6 0 6 0 0 0 0 0 0 0 0 0 0 0 0 0 0 0 15 0 0 0 
11079 3 0 6 0 0 0 0 0 0 0 0 0 0 0 0 0 0 0 3 0 0 0 
11086 5 0 5 0 0 0 0 0 0 0 0 0 0 0 0 0 0 0 3 0 0 0 
11094 4 0 5 0 0 0 0 0 0 0 0 0 0 0 0 0 0 0 4 0 0 0 
11101 16 0 16 0 0 0 0 0 0 0 0 0 0 0 0 0 0 0 4 0 0 0 
11109 5 0 16 0 0 0 0 0 0 0 0 0 0 0 0 0 0 0 5 0 0 0 
11116 2 0 2 0 0 0 0 0 0 0 0 0 0 0 0 0 0 0 5 0 0 0 
11124 3 0 2 0 0 0 0 0 0 0 0 0 0 0 0 0 0 0 3 0 0 0 
11139 1.5 0 3 0 0 0 0 0 0 0 0 0 0 0 0 0 0 0 0 0 0 0 
11146 4 0 4 0 0 0 0 0 0 0 0 0 0 0 0 0 0 0 0 0 0 0 
11161 6 0 6 0 0 0 0 0 0 0 0 0 0 0 0 0 0 0 0 0 0 0 
11176 4 0 4 0 0 0 0 0 0 0 0 0 0 0 0 0 0 0 0 0 0 0 
11191 3 0 3 0 0 0 0 0 0 0 0 0 0 0 0 0 0 0 0 0 0 0 
11221 4 0 4 0 0 0 0 0 0 0 0 0 0 0 0 0 0 0 0 0 0 0 
11236 6 0 6 0 0 0 0 0 0 0 0 0 0 0 0 0 0 0 0 0 0 0 
11251 3 0 3 0 0 0 0 0 0 0 0 0 0 0 0 0 0 0 0 0 0 0 
11266 5 0 5 0 0 0 0 0 0 0 0 0 0 0 0 0 0 0 0 0 0 0 
11281 0 0 0 0 0 0 0 0 0 0 0 0 0 0 0 0 0 0 0 0 0 0 
11491 1 0 1 0 0 0 0 0 0 0 0 0 0 0 0 0 0 0 0 0 0 0 
11506 4 0 4 0 0 0 0 0 0 0 0 0 0 0 0 0 0 0 0 0 0 0 
11551 3 0 3 0 0 0 0 0 0 0 0 0 0 0 0 0 0 0 0 0 0 0 
11566 5 0 5 0 0 0 0 0 0 0 0 0 0 0 0 0 0 0 0 0 0 0 
11581 4 0 4 0 0 0 0 0 0 0 0 0 0 0 0 0 0 0 0 0 0 0 
11596 2 0 2 0 0 0 0 0 0 0 0 0 0 0 0 0 0 0 0 0 0 0 
11611 0 0 0 0 0 0 0 0 0 0 0 0 0 0 0 0 0 0 0 0 0 0 
11626 4 0 4 0 0 0 0 0 0 0 0 0 0 0 0 0 0 0 0 0 0 0 
11671 3 0 3 0 0 0 0 0 0 0 0 0 0 0 0 0 0 0 0 0 0 0 
11686 4 0 4 0 0 0 0 0 0 0 0 0 0 0 0 0 0 0 0 0 0 0 
11701 2 0 2 0 0 0 0 0 0 0 0 0 0 0 0 0 0 0 0 0 0 0 
11716 0 0 0 0 0 0 0 0 0 0 0 0 0 0 0 0 0 0 0 0 0 0 
11762 6 0 0 0 6 0 0 0 0 0 0 0 0 0 0 0 0 0 0 0 0 0 
11777 4 0 0 0 4 0 0 0 0 0 0 0 0 0 0 0 0 0 0 0 0 0 
11792 16 0 0 0 16 0 0 0 0 0 0 0 0 0 0 0 0 0 0 0 0 0 
11798 7 0 0 0 16 0 0 0 0 0 0 0 0 0 0 0 7 0 0 0 0 0 
11807 2 0 0 0 2 0 0 0 0 0 0 0 0 0 0 0 7 0 0 0 0 0 
11813 6 0 0 0 2 0 0 0 0 0 0 0 0 0 0 0 6 0 0 0 0 0 
11821 2 0 2 0 2 0 0 0 0 0 0 0 0 0 0 0 6 0 0 0 0 0 
11822 8 0 2 0 8 0 0 0 0 0 0 0 0 0 0 0 6 0 0 0 0 0 
11828 14 0 2 0 8 0 0 0 0 0 0 0 0 0 0 0 14 0 0 0 0 0 
11836 4 0 4 0 8 0 0 0 0 0 0 0 0 0 0 0 14 0 0 0 0 0 
11843 1 0 4 0 8 0 0 0 0 0 0 0 0 0 0 0 1 0 0 0 0 0 
11851 3 0 3 0 8 0 0 0 0 0 0 0 0 0 0 0 1 0 0 0 0 0 
11852 12 0 3 0 12 0 0 0 0 0 0 0 0 0 0 0 1 0 0 0 0 0 
11858 0 0 3 0 12 0 0 0 0 0 0 0 0 0 0 0 0 0 0 0 0 0 
11866 4 0 4 0 12 0 0 0 0 0 0 0 0 0 0 0 0 0 0 0 0 0 
11867 1 0 4 0 1 0 0 0 0 0 0 0 0 0 0 0 0 0 0 0 0 0 
11873 9 0 4 0 1 0 0 0 0 0 0 0 0 0 0 0 9 0 0 0 0 0 
11882 4 0 4 0 4 0 0 0 0 0 0 0 0 0 0 0 9 0 0 0 0 0 
11888 12 0 4 0 4 0 0 0 0 0 0 0 0 0 0 0 12 0 0 0 0 0 
11896 3 0 3 0 4 0 0 0 0 0 0 0 0 0 0 0 12 0 0 0 0 0 
11903 7 0 3 0 4 0 0 0 0 0 0 0 0 0 0 0 7 0 0 0 0 0 
11911 0 1 0 1 4 0 0 0 0 0 0 0 0 0 0 0 7 0 0 0 0 0 
11912 6 0 0 1 6 0 0 0 0 0 0 0 0 0 0 0 7 0 0 0 0 0 
11918 2 0 0 1 6 0 0 0 0 0 0 0 0 0 0 0 2 0 0 0 0 0 
11926 0 0 0 0 6 0 0 0 0 0 0 0 0 0 0 0 2 0 0 0 0 0 
11927 5 0 0 0 5 0 0 0 0 0 0 0 0 0 0 0 2 0 0 0 0 0 
11933 4 0 0 0 5 0 0 0 0 0 0 0 0 0 0 0 4 0 0 0 0 0 
11942 0 0 0 0 0 0 0 0 0 0 0 0 0 0 0 0 4 0 0 0 0 0 
11948 6 0 0 0 0 0 0 0 0 0 0 0 0 0 0 0 6 0 0 0 0 0 
11956 0 2 0 2 0 0 0 0 0 0 0 0 0 0 0 0 6 0 0 0 0 0 
11957 4 0 0 2 4 0 0 0 0 0 0 0 0 0 0 0 6 0 0 0 0 0 
11963 3 0 0 2 4 0 0 0 0 0 0 0 0 0 0 0 3 0 0 0 0 0 
11971 0 0 0 0 4 0 0 0 0 0 0 0 0 0 0 0 3 0 0 0 0 0 
11978 5 0 0 0 4 0 0 0 0 0 0 0 0 0 0 0 5 0 0 0 0 0 
11993 3 0 0 0 5 0 0 0 0 0 0 0 0 0 0 0 1 0 0 0 0 0 
12002 4 0 0 0 4 0 0 0 0 0 0 0 0 0 0 0 1 0 0 0 0 0 
12017 3.5 0 0 0 3 0 0 0 0 0 0 0 0 0 0 0 4 0 0 0 0 0 
12023 3 0 0 0 3 0 0 0 0 0 0 0 0 0 0 0 3 0 0 0 0 0 
12032 0 0 0 0 0 0 0 0 0 0 0 0 0 0 0 0 3 0 0 0 0 0 
12038 6 0 0 0 0 0 0 0 0 0 0 0 0 0 0 0 6 0 0 0 0 0 
12068 3 0 0 0 0 0 0 0 0 0 0 0 6 0 0 0 0 0 0 0 0 0 
12081 7 0 0 0 0 0 0 0 0 0 0 0 7 0 0 0 0 0 0 0 0 0 
12096 11 0 0 0 0 0 0 0 0 0 0 0 11 0 0 0 0 0 0 0 0 0 
12111 2 0 0 0 0 0 0 0 0 0 0 0 2 0 0 0 0 0 0 0 0 0 
12126 0 0 0 0 0 0 0 0 0 0 0 0 0 0 0 0 0 0 0 0 0 0 
12291 1 0 0 0 0 0 0 0 0 0 0 0 1 0 0 0 0 0 0 0 0 0 
12306 5 0 0 0 0 0 0 0 0 0 0 0 5 0 0 0 0 0 0 0 0 0 
12321 19 0 0 0 0 0 0 0 0 0 0 0 19 0 0 0 0 0 0 0 0 0 
12336 5 0 0 0 0 0 0 0 0 0 0 0 5 0 0 0 0 0 0 0 0 0 
12351 0 1 0 0 0 0 0 0 0 0 0 0 0 1 0 0 0 0 0 0 0 0 
12366 0 0 0 0 0 0 0 0 0 0 0 0 0 0 0 0 0 0 0 0 0 0 
12437 4 0 0 0 4 0 0 0 0 0 0 0 0 0 0 0 0 0 0 0 0 0 
12467 3 0 0 0 3 0 0 0 0 0 0 0 0 0 0 0 0 0 0 0 0 0 
12482 4 0 0 0 4 0 0 0 0 0 0 0 0 0 0 0 0 0 0 0 0 0 
12504 3 0 0 0 4 0 0 0 0 0 0 0 0 0 0 0 0 0 3 0 0 0 
12534 4 0 0 0 4 0 0 0 0 0 0 0 0 0 0 0 0 0 4 0 0 0 
12557 2.5 0 0 0 1 0 0 0 0 0 0 0 0 0 0 0 4 0 4 0 0 0 
12563 3 0 0 0 1 0 0 0 0 0 0 0 0 0 0 0 3 0 4 0 0 0 
12564 30 0 0 0 1 0 0 0 0 0 0 0 0 0 0 0 3 0 30 0 0 0 
12572 0 0 0 0 0 0 0 0 0 0 0 0 0 0 0 0 3 0 30 0 0 0 
12578 4 0 0 0 0 0 0 0 0 0 0 0 0 0 0 0 4 0 30 0 0 0 
12579 3 0 0 0 0 0 0 0 0 0 0 0 0 0 0 0 4 0 3 0 0 0 
12594 2 0 0 0 0 0 0 0 0 0 0 0 0 0 0 0 4 0 2 0 0 0 
12609 0 0 0 0 0 0 0 0 0 0 0 0 0 0 0 0 4 0 0 0 0 0 
12623 3 0 0 0 0 0 0 0 0 0 0 0 0 0 0 0 3 0 0 0 0 0 
12638 5 0 0 0 0 0 0 0 0 0 0 0 0 0 0 0 5 0 0 0 0 0 
12653 4 0 0 0 0 0 0 0 0 0 0 0 0 0 0 0 4 0 0 0 0 0 
12668 1 0 0 0 0 0 0 0 0 0 0 0 0 0 0 0 1 0 0 0 0 0 
12683 0 0 0 0 0 0 0 0 0 0 0 0 0 0 0 0 0 0 0 0 0 0 
12835 2 0 0 0 0 0 0 0 0 0 0 0 0 0 0 0 0 0 0 0 2 0 
12850 4 0 0 0 0 0 0 0 0 0 0 0 0 0 0 0 0 0 0 0 4 0 
12895 3 0 0 0 0 0 0 0 0 0 0 0 0 0 0 0 0 0 0 0 3 0 
12910 4 0 0 0 0 0 0 0 0 0 0 0 0 0 0 0 0 0 0 0 4 0 
12955 3 0 0 0 0 0 0 0 0 0 0 0 0 0 0 0 0 0 0 0 3 0 
12970 5 0 0 0 0 0 0 0 0 0 0 0 0 0 0 0 0 0 0 0 5 0 
12985 0 0 0 0 0 0 0 0 0 0 0 0 0 0 0 0 0 0 0 0 0 0 
13000 -1 0 0 0 0 0 0 0 0 0 0 0 0 0 0 0 0 0 0 0 -1 0 
13015 0 0 0 0 0 0 0 0 0 0 0 0 0 0 0 0 0 0 0 0 0 0 
13112 4 0 0 0 4 0 0 0 0 0 0 0 0 0 0 0 0 0 0 0 0 0 
13127 14 0 0 0 14 0 0 0 0 0 0 0 0 0 0 0 0 0 0 0 0 0 
13142 4 0 0 0 4 0 0 0 0 0 0 0 0 0 0 0 0 0 0 0 0 0 
13187 0 0 0 0 0 0 0 0 0 0 0 0 0 0 0 0 0 0 0 0 0 0 
13210 2 0 0 0 0 0 0 0 0 0 0 0 0 0 0 0 0 0 0 0 2 0 
13225 23 0 0 0 0 0 0 0 0 0 0 0 0 0 0 0 0 0 0 0 23 0 
13240 0 2 0 0 0 0 0 0 0 0 0 0 0 0 0 0 0 0 0 0 0 2 
13255 0 0 0 0 0 0 0 0 0 0 0 0 0 0 0 0 0 0 0 0 0 0 
13502 2 0 0 0 2 0 0 0 0 0 0 0 0 0 0 0 0 0 0 0 0 0 
13517 4 0 0 0 4 0 0 0 0 0 0 0 0 0 0 0 0 0 0 0 0 0 
13547 3 0 0 0 3 0 0 0 0 0 0 0 0 0 0 0 0 0 0 0 0 0 
13562 16 0 0 0 16 0 0 0 0 0 0 0 0 0 0 0 0 0 0 0 0 0 
13577 4 0 0 0 4 0 0 0 0 0 0 0 0 0 0 0 0 0 0 0 0 0 
13592 1 1 0 0 1 1 0 0 0 0 0 0 0 0 0 0 0 0 0 0 0 0 
13607 0 0 0 0 0 0 0 0 0 0 0 0 0 0 0 0 0 0 0 0 0 0 
13652 0 2 0 0 0 2 0 0 0 0 0 0 0 0 0 0 0 0 0 0 0 0 
13667 0 0 0 0 0 0 0 0 0 0 0 0 0 0 0 0 0 0 0 0 0 0 
13748 2 0 0 0 0 0 0 0 0 0 0 0 0 0 0 0 2 0 0 0 0 0 
13763 3 0 0 0 0 0 0 0 0 0 0 0 0 0 0 0 3 0 0 0 0 0 
13778 19 0 0 0 0 0 0 0 0 0 0 0 0 0 0 0 19 0 0 0 0 0 
13793 4 0 0 0 0 0 0 0 0 0 0 0 0 0 0 0 4 0 0 0 0 0 
13823 3 0 0 0 0 0 0 0 0 0 0 0 0 0 0 0 3 0 0 0 0 0 
13838 2 0 0 0 0 0 0 0 0 0 0 0 0 0 0 0 2 0 0 0 0 0 
13853 0 0 0 0 0 0 0 0 0 0 0 0 0 0 0 0 0 0 0 0 0 0 
13968 3 0 0 0 0 0 3 0 0 0 0 0 0 0 0 0 0 0 0 0 0 0 
13983 9 0 0 0 0 0 9 0 0 0 0 0 0 0 0 0 0 0 0 0 0 0 
13998 2 0 0 0 0 0 2 0 0 0 0 0 0 0 0 0 0 0 0 0 0 0 
14013 -14 0 0 0 0 0 -14 0 0 0 0 0 0 0 0 0 0 0 0 0 0 0 
14028 0 0 0 0 0 0 0 0 0 0 0 0 0 0 0 0 0 0 0 0 0 0 
15039 3 0 0 0 0 0 0 0 0 0 0 0 0 0 0 0 0 0 3 0 0 0 
15054 4 0 0 0 0 0 0 0 0 0 0 0 0 0 0 0 0 0 4 0 0 0 
15069 15 0 0 0 0 0 0 0 0 0 0 0 0 0 0 0 0 0 15 0 0 0 
15084 4 0 0 0 0 0 0 0 0 0 0 0 0 0 0 0 0 0 4 0 0 0 
15099 3 0 0 0 0 0 0 0 0 0 0 0 0 0 0 0 0 0 3 0 0 0 
15114 4 0 0 0 0 0 0 0 0 0 0 0 0 0 0 0 0 0 4 0 0 0 
15159 22 0 0 0 0 0 0 0 0 0 0 0 0 0 0 0 0 0 22 0 0 0 
15174 4 0 0 0 0 0 0 0 0 0 0 0 0 0 0 0 0 0 4 0 0 0 
15189 1 1 0 0 0 0 0 0 0 0 0 0 0 0 0 0 0 0 1 1 0 0 
15204 0 0 0 0 0 0 0 0 0 0 0 0 0 0 0 0 0 0 0 0 0 0 
15214 3 0 0 0 0 0 0 0 3 0 0 0 0 0 0 0 0 0 0 0 0 0 
15229 10 0 0 0 0 0 0 0 10 0 0 0 0 0 0 0 0 0 0 0 0 0 
15244 6 0 0 0 0 0 0 0 6 0 0 0 0 0 0 0 0 0 0 0 0 0 
15249 0 2 0 0 0 0 0 0 6 0 0 0 0 0 0 0 0 0 0 2 0 0 
15259 8 0 0 0 0 0 0 0 8 0 0 0 0 0 0 0 0 0 0 2 0 0 
15264 0 0 0 0 0 0 0 0 8 0 0 0 0 0 0 0 0 0 0 0 0 0 
17211 4 0 0 0 0 0 0 0 0 0 0 0 8 0 0 0 0 0 0 0 0 0 
17241 12 0 0 0 0 0 0 0 0 0 0 0 12 0 0 0 0 0 0 0 0 0 
17256 7 0 0 0 0 0 0 0 0 0 0 0 7 0 0 0 0 0 0 0 0 0 
17271 3 0 0 0 0 0 0 0 0 0 0 0 3 0 0 0 0 0 0 0 0 0 
17286 16 0 0 0 0 0 0 0 0 0 0 0 16 0 0 0 0 0 0 0 0 0 
17301 2 0 0 0 0 0 0 0 0 0 0 0 2 0 0 0 0 0 0 0 0 0 
17316 4 0 0 0 0 0 0 0 0 0 0 0 4 0 0 0 0 0 0 0 0 0 
17331 3 0 0 0 0 0 0 0 0 0 0 0 3 0 0 0 0 0 0 0 0 0 
17346 6 0 0 0 0 0 0 0 0 0 0 0 6 0 0 0 0 0 0 0 0 0 
17361 4 0 0 0 0 0 0 0 0 0 0 0 4 0 0 0 0 0 0 0 0 0 
17376 3 0 0 0 0 0 0 0 0 0 0 0 3 0 0 0 0 0 0 0 0 0 
17391 2 0 0 0 0 0 0 0 0 0 0 0 2 0 0 0 0 0 0 0 0 0 
17406 4 0 0 0 0 0 0 0 0 0 0 0 4 0 0 0 0 0 0 0 0 0 
17421 6 0 0 0 0 0 0 0 0 0 0 0 6 0 0 0 0 0 0 0 0 0 
17436 4 0 0 0 0 0 0 0 0 0 0 0 4 0 0 0 0 0 0 0 0 0 
17466 0 0 0 0 0 0 0 0 0 0 0 0 0 0 0 0 0 0 0 0 0 0 
17706 13 0 0 0 0 0 0 0 0 0 0 0 13 0 0 0 0 0 0 0 0 0 
17721 4 0 0 0 0 0 0 0 0 0 0 0 4 0 0 0 0 0 0 0 0 0 
17751 3 0 0 0 0 0 0 0 0 0 0 0 3 0 0 0 0 0 0 0 0 0 
17766 0 0 0 0 0 0 0 0 0 0 0 0 0 0 0 0 0 0 0 0 0 0 
18004 3 0 0 0 0 0 0 0 3 0 0 0 0 0 0 0 0 0 0 0 0 0 
18005 6 0 0 0 0 0 0 0 3 0 6 0 0 0 0 0 0 0 0 0 0 0 
18020 4 0 0 0 0 0 0 0 3 0 4 0 0 0 0 0 0 0 0 0 0 0 
18035 7.5 0 0 0 0 0 0 0 4 0 11 0 0 0 0 0 0 0 0 0 0 0 
18036 4 0 0 0 0 0 0 0 4 0 11 0 4 0 0 0 0 0 0 0 0 0 
18050 7 0 0 0 0 0 0 0 4 0 7 0 4 0 0 0 0 0 0 0 0 0 
18051 3 0 0 0 0 0 0 0 4 0 7 0 3 0 0 0 0 0 0 0 0 0 
18065 8 0 0 0 0 0 0 0 4 0 8 0 3 0 0 0 0 0 0 0 0 0 
18066 4 0 0 0 0 0 0 0 4 0 8 0 4 0 0 0 0 0 0 0 0 0 
18079 3 0 0 0 0 0 0 0 3 0 8 0 4 0 0 0 0 0 0 0 0 0 
18094 15 0 0 0 0 0 0 0 15 0 8 0 4 0 0 0 0 0 0 0 0 0 
18095 11 0 0 0 0 0 0 0 15 0 11 0 4 0 0 0 0 0 0 0 0 0 
18096 1 0 0 0 0 0 0 0 15 0 11 0 1 0 0 0 0 0 0 0 0 0 
18109 5 0 0 0 0 0 0 0 5 0 11 0 1 0 0 0 0 0 0 0 0 0 
18110 2 0 0 0 0 0 0 0 5 0 2 0 1 0 0 0 0 0 0 0 0 0 
18111 0 0 0 0 0 0 0 0 5 0 2 0 0 0 0 0 0 0 0 0 0 0 
18124 4 0 0 0 0 0 0 0 4 0 2 0 0 0 0 0 0 0 0 0 0 0 
18139 3.5 0 0 0 0 0 0 0 3 0 4 0 0 0 0 0 0 0 0 0 0 0 
18154 4 0 0 0 0 0 0 0 4 0 4 0 0 0 0 0 0 0 0 0 0 0 
18155 5 0 0 0 0 0 0 0 4 0 5 0 0 0 0 0 0 0 0 0 0 0 
18169 0 1 0 0 0 0 0 0 0 1 5 0 0 0 0 0 0 0 0 0 0 0 
18170 6 0 0 0 0 0 0 0 0 1 6 0 0 0 0 0 0 0 0 0 0 0 
18184 0 0 0 0 0 0 0 0 0 0 6 0 0 0 0 0 0 0 0 0 0 0 
18200 -16 0 0 0 0 0 0 0 0 0 -16 0 0 0 0 0 0 0 0 0 0 0 
18215 -11 0 0 0 0 0 0 0 0 0 -11 0 0 0 0 0 0 0 0 0 0 0 
18230 -17 0 0 0 0 0 0 0 0 0 -17 0 0 0 0 0 0 0 0 0 0 0 
18245 -12 0 0 0 0 0 0 0 0 0 -12 0 0 0 0 0 0 0 0 0 0 0 
18260 -7 0 0 0 0 0 0 0 0 0 -7 0 0 0 0 0 0 0 0 0 0 0 
18275 -3 0 0 0 0 0 0 0 0 0 -3 0 0 0 0 0 0 0 0 0 0 0 
18290 -7 0 0 0 0 0 0 0 0 0 -7 0 0 0 0 0 0 0 0 0 0 0 
18305 -3 0 0 0 0 0 0 0 0 0 -3 0 0 0 0 0 0 0 0 0 0 0 
18320 0 0 0 0 0 0 0 0 0 0 0 0 0 0 0 0 0 0 0 0 0 0 
18467 7 0 0 0 7 0 0 0 0 0 0 0 0 0 0 0 0 0 0 0 0 0 
18482 6 0 0 0 6 0 0 0 0 0 0 0 0 0 0 0 0 0 0 0 0 0 
18497 14 0 0 0 14 0 0 0 0 0 0 0 0 0 0 0 0 0 0 0 0 0 
18512 7 0 0 0 7 0 0 0 0 0 0 0 0 0 0 0 0 0 0 0 0 0 
18527 3 0 0 0 3 0 0 0 0 0 0 0 0 0 0 0 0 0 0 0 0 0 
18542 12 0 0 0 12 0 0 0 0 0 0 0 0 0 0 0 0 0 0 0 0 0 
18557 7 0 0 0 7 0 0 0 0 0 0 0 0 0 0 0 0 0 0 0 0 0 
18572 3 0 0 0 3 0 0 0 0 0 0 0 0 0 0 0 0 0 0 0 0 0 
18602 6 0 0 0 6 0 0 0 0 0 0 0 0 0 0 0 0 0 0 0 0 0 
18617 4 0 0 0 4 0 0 0 0 0 0 0 0 0 0 0 0 0 0 0 0 0 
18647 1 0 0 0 1 0 0 0 0 0 0 0 0 0 0 0 0 0 0 0 0 0 
18662 4 0 0 0 4 0 0 0 0 0 0 0 0 0 0 0 0 0 0 0 0 0 
18692 6 0 0 0 6 0 0 0 0 0 0 0 0 0 0 0 0 0 0 0 0 0 
18707 5 0 0 0 5 0 0 0 0 0 0 0 0 0 0 0 0 0 0 0 0 0 
18722 0 0 0 0 0 0 0 0 0 0 0 0 0 0 0 0 0 0 0 0 0 0 
19012 4 0 0 0 0 0 0 0 0 0 0 0 0 0 4 0 0 0 0 0 0 0 
19027 9 0 0 0 0 0 0 0 0 0 0 0 0 0 9 0 0 0 0 0 0 0 
19042 8 0 0 0 0 0 0 0 0 0 0 0 0 0 8 0 0 0 0 0 0 0 
19057 7 0 0 0 0 0 0 0 0 0 0 0 0 0 7 0 0 0 0 0 0 0 
19072 0 0 0 0 0 0 0 0 0 0 0 0 0 0 0 0 0 0 0 0 0 0 
19403 1 0 0 0 0 0 0 0 0 0 0 0 0 0 0 0 1 0 0 0 0 0 
19418 5 0 0 0 0 0 0 0 0 0 0 0 0 0 0 0 5 0 0 0 0 0 
19427 2 0 0 0 2 0 0 0 0 0 0 0 0 0 0 0 5 0 0 0 0 0 
19433 4 0 0 0 2 0 0 0 0 0 0 0 0 0 0 0 4 0 0 0 0 0 
19442 19 0 0 0 19 0 0 0 0 0 0 0 0 0 0 0 4 0 0 0 0 0 
19457 4 0 0 0 4 0 0 0 0 0 0 0 0 0 0 0 4 0 0 0 0 0 
19463 3 0 0 0 4 0 0 0 0 0 0 0 0 0 0 0 3 0 0 0 0 0 
19472 5 0 0 0 5 0 0 0 0 0 0 0 0 0 0 0 3 0 0 0 0 0 
19478 4 0 0 0 5 0 0 0 0 0 0 0 0 0 0 0 4 0 0 0 0 0 
19487 1 0 0 0 1 0 0 0 0 0 0 0 0 0 0 0 4 0 0 0 0 0 
19493 15 0 0 0 1 0 0 0 0 0 0 0 0 0 0 0 15 0 0 0 0 0 
19502 2 0 0 0 2 0 0 0 0 0 0 0 0 0 0 0 15 0 0 0 0 0 
19508 4 0 0 0 2 0 0 0 0 0 0 0 0 0 0 0 4 0 0 0 0 0 
19538 13.5 0 0 0 4 0 0 0 0 0 0 0 0 0 0 0 23 0 0 0 0 0 
19547 3 0 0 0 3 0 0 0 0 0 0 0 0 0 0 0 23 0 0 0 0 0 
19553 4 0 0 0 3 0 0 0 0 0 0 0 0 0 0 0 4 0 0 0 0 0 
19568 3.5 0 0 0 4 0 0 0 0 0 0 0 0 0 0 0 3 0 0 0 0 0 
19577 2 0 0 0 2 0 0 0 0 0 0 0 0 0 0 0 3 0 0 0 0 0 
19583 0 1 0 0 2 0 0 0 0 0 0 0 0 0 0 0 0 1 0 0 0 0 
19592 0 0 0 0 0 0 0 0 0 0 0 0 0 0 0 0 0 1 0 0 0 0 
19628 0 2 0 0 0 0 0 0 0 0 0 0 0 0 0 0 0 2 0 0 0 0 
19643 0 0 0 0 0 0 0 0 0 0 0 0 0 0 0 0 0 0 0 0 0 0 
19671 2 0 0 0 0 0 0 0 0 0 0 0 2 0 0 0 0 0 0 0 0 0 
19686 4 0 0 0 0 0 0 0 0 0 0 0 4 0 0 0 0 0 0 0 0 0 
19701 31 0 0 0 0 0 0 0 0 0 0 0 31 0 0 0 0 0 0 0 0 0 
19716 4 0 0 0 0 0 0 0 0 0 0 0 4 0 0 0 0 0 0 0 0 0 
19731 2 0.5 0 0 0 0 4 0 0 0 0 0 0 1 0 0 0 0 0 0 0 0 
19743 9 0 0 0 0 0 9 0 0 0 0 0 0 1 0 0 0 0 0 0 0 0 
19746 0 0 0 0 0 0 9 0 0 0 0 0 0 0 0 0 0 0 0 0 0 0 
19758 5 0 0 0 0 0 5 0 0 0 0 0 0 0 0 0 0 0 0 0 0 0 
19773 10 0 0 0 0 0 10 0 0 0 0 0 0 0 0 0 0 0 0 0 0 0 
19776 0 2 0 0 0 0 10 0 0 0 0 0 0 2 0 0 0 0 0 0 0 0 
19788 0 0 0 0 0 0 0 0 0 0 0 0 0 2 0 0 0 0 0 0 0 0 
20064 4 0 0 0 0 0 0 0 0 0 0 0 0 0 0 0 0 0 8 0 0 0 
20079 5 0 0 0 0 0 0 0 0 0 0 0 0 0 0 0 0 0 5 0 0 0 
20094 14 0 0 0 0 0 0 0 0 0 0 0 0 0 0 0 0 0 14 0 0 0 
20109 7 0 0 0 0 0 0 0 0 0 0 0 0 0 0 0 0 0 7 0 0 0 
20124 4 0 0 0 0 0 0 0 0 0 0 0 0 0 0 0 0 0 4 0 0 0 
20139 11 0 0 0 0 0 0 0 0 0 0 0 0 0 0 0 0 0 11 0 0 0 
20154 7 0 0 0 0 0 0 0 0 0 0 0 0 0 0 0 0 0 7 0 0 0 
20169 3 0 0 0 0 0 0 0 0 0 0 0 0 0 0 0 0 0 3 0 0 0 
20184 4 0 0 0 0 0 0 0 0 0 0 0 0 0 0 0 0 0 4 0 0 0 
20199 5 0 0 0 0 0 0 0 0 0 0 0 0 0 0 0 0 0 5 0 0 0 
20214 4 0 0 0 0 0 0 0 0 0 0 0 0 0 0 0 0 0 4 0 0 0 
20244 2 0 0 0 0 0 0 0 0 0 0 0 0 0 0 0 0 0 2 0 0 0 
20259 4 0 0 0 0 0 0 0 0 0 0 0 0 0 0 0 0 0 4 0 0 0 
20289 6 0 0 0 0 0 0 0 0 0 0 0 0 0 0 0 0 0 6 0 0 0 
20304 5 0 0 0 0 0 0 0 0 0 0 0 0 0 0 0 0 0 5 0 0 0 
20319 0 0 0 0 0 0 0 0 0 0 0 0 0 0 0 0 0 0 0 0 0 0 
22608 2 0 0 0 0 0 2 0 0 0 0 0 0 0 0 0 0 0 0 0 0 0 
22623 3 0 0 0 0 0 3 0 0 0 0 0 0 0 0 0 0 0 0 0 0 0 
22638 4 0 0 0 0 0 4 0 0 0 0 0 0 0 0 0 0 0 0 0 0 0 
22683 3 0 0 0 0 0 3 0 0 0 0 0 0 0 0 0 0 0 0 0 0 0 
22698 4 0 0 0 0 0 4 0 0 0 0 0 0 0 0 0 0 0 0 0 0 0 
22743 3 0 0 0 0 0 3 0 0 0 0 0 0 0 0 0 0 0 0 0 0 0 
22758 5 0 0 0 0 0 5 0 0 0 0 0 0 0 0 0 0 0 0 0 0 0 
22773 4 0 0 0 0 0 4 0 0 0 0 0 0 0 0 0 0 0 0 0 0 0 
22803 0 1 0 0 0 0 0 1 0 0 0 0 0 0 0 0 0 0 0 0 0 0 
22818 0 0 0 0 0 0 0 0 0 0 0 0 0 0 0 0 0 0 0 0 0 0 
22833 0 1 0 0 0 0 0 1 0 0 0 0 0 0 0 0 0 0 0 0 0 0 
22848 0 0 0 0 0 0 0 0 0 0 0 0 0 0 0 0 0 0 0 0 0 0 
23044 8 0 0 0 0 0 0 0 8 0 0 0 0 0 0 0 0 0 0 0 0 0 
23059 5 0 0 0 0 0 0 0 5 0 0 0 0 0 0 0 0 0 0 0 0 0 
23074 14 0 0 0 0 0 0 0 14 0 0 0 0 0 0 0 0 0 0 0 0 0 
23089 1 0 0 0 0 0 0 0 1 0 0 0 0 0 0 0 0 0 0 0 0 0 
23104 6 0 0 0 0 0 0 0 6 0 0 0 0 0 0 0 0 0 0 0 0 0 
23117 1 0 0 0 1 0 0 0 6 0 0 0 0 0 0 0 0 0 0 0 0 0 
23119 4 0 0 0 1 0 0 0 4 0 0 0 0 0 0 0 0 0 0 0 0 0 
23134 8 0 0 0 4 0 0 0 12 0 0 0 0 0 0 0 0 0 0 0 0 0 
23149 7 0 0 0 4 0 0 0 7 0 0 0 0 0 0 0 0 0 0 0 0 0 
23164 3 0 0 0 4 0 0 0 3 0 0 0 0 0 0 0 0 0 0 0 0 0 
23192 5 0 0 0 5 0 0 0 3 0 0 0 0 0 0 0 0 0 0 0 0 0 
23194 6 0 0 0 5 0 0 0 6 0 0 0 0 0 0 0 0 0 0 0 0 0 
23207 3 0 0 0 3 0 0 0 6 0 0 0 0 0 0 0 0 0 0 0 0 0 
23209 5 0 0 0 3 0 0 0 5 0 0 0 0 0 0 0 0 0 0 0 0 0 
23222 4 0 0 0 4 0 0 0 5 0 0 0 0 0 0 0 0 0 0 0 0 0 
23239 1 0 0 0 4 0 0 0 1 0 0 0 0 0 0 0 0 0 0 0 0 0 
23252 3 0 0 0 3 0 0 0 1 0 0 0 0 0 0 0 0 0 0 0 0 0 
23254 4 0 0 0 3 0 0 0 4 0 0 0 0 0 0 0 0 0 0 0 0 0 
23267 0 1 0 0 0 1 0 0 4 0 0 0 0 0 0 0 0 0 0 0 0 0 
23282 0 0 0 0 0 0 0 0 4 0 0 0 0 0 0 0 0 0 0 0 0 0 
23284 6 0 0 0 0 0 0 0 6 0 0 0 0 0 0 0 0 0 0 0 0 0 
23297 0 1 0 0 0 1 0 0 6 0 0 0 0 0 0 0 0 0 0 0 0 0 
23299 5 0 0 0 0 1 0 0 5 0 0 0 0 0 0 0 0 0 0 0 0 0 
23312 0 2 0 0 0 2 0 0 5 0 0 0 0 0 0 0 0 0 0 0 0 0 
23314 0 0 0 0 0 2 0 0 0 0 0 0 0 0 0 0 0 0 0 0 0 0 
23514 0.5 0 0 0 0 0 0 0 0 0 0 0 0 0 0 0 0 0 1 0 0 0 
23529 26 0 0 0 0 0 0 0 0 0 0 0 0 0 0 0 0 0 26 0 0 0 
23544 4 0 0 0 0 0 0 0 0 0 0 0 0 0 0 0 0 0 4 0 0 0 
23559 3 0 0 0 0 0 0 0 0 0 0 0 0 0 0 0 0 0 3 0 0 0 
23574 4 0 0 0 0 0 0 0 0 0 0 0 0 0 0 0 0 0 4 0 0 0 
23619 0 0 0 0 0 0 0 0 0 0 0 0 0 0 0 0 0 0 0 0 0 0 
23764 1 0 0 0 0 0 0 0 1 0 0 0 0 0 0 0 0 0 0 0 0 0 
23779 3 0 0 0 0 0 0 0 3 0 0 0 0 0 0 0 0 0 0 0 0 0 
23794 4 0 0 0 0 0 0 0 4 0 0 0 0 0 0 0 0 0 0 0 0 0 
23824 15 0 0 0 0 0 0 0 15 0 0 0 0 0 0 0 0 0 0 0 0 0 
23839 3 0 0 0 0 0 0 0 3 0 0 0 0 0 0 0 0 0 0 0 0 0 
23854 4 0 0 0 0 0 0 0 4 0 0 0 0 0 0 0 0 0 0 0 0 0 
23869 0 0 0 0 0 0 0 0 0 0 0 0 0 0 0 0 0 0 0 0 0 0 
23964 2 0 0 0 0 0 0 0 0 0 0 0 0 0 0 0 0 0 2 0 0 0 
23979 3 0 0 0 0 0 0 0 0 0 0 0 0 0 0 0 0 0 3 0 0 0 
23994 4 0 0 0 0 0 0 0 0 0 0 0 0 0 0 0 0 0 4 0 0 0 
24024 16 0 0 0 0 0 0 0 0 0 0 0 0 0 0 0 0 0 16 0 0 0 
24039 3 0 0 0 0 0 0 0 0 0 0 0 0 0 0 0 0 0 3 0 0 0 
24054 4 0 0 0 0 0 0 0 0 0 0 0 0 0 0 0 0 0 4 0 0 0 
24069 3 0 0 0 0 0 0 0 0 0 0 0 0 0 0 0 0 0 3 0 0 0 
24084 0 0 0 0 0 0 0 0 0 0 0 0 0 0 0 0 0 0 0 0 0 0 
24406 9 0 9 0 0 0 0 0 0 0 0 0 0 0 0 0 0 0 0 0 0 0 
24421 12 0 12 0 0 0 0 0 0 0 0 0 0 0 0 0 0 0 0 0 0 0 
24436 7 0 7 0 0 0 0 0 0 0 0 0 0 0 0 0 0 0 0 0 0 0 
24451 0 0 0 0 0 0 0 0 0 0 0 0 0 0 0 0 0 0 0 0 0 0 
24466 6 0 6 0 0 0 0 0 0 0 0 0 0 0 0 0 0 0 0 0 0 0 
24481 5 0 5 0 0 0 0 0 0 0 0 0 0 0 0 0 0 0 0 0 0 0 
24496 16 0 16 0 0 0 0 0 0 0 0 0 0 0 0 0 0 0 0 0 0 0 
24511 2 0 2 0 0 0 0 0 0 0 0 0 0 0 0 0 0 0 0 0 0 0 
24526 3 0 3 0 0 0 0 0 0 0 0 0 0 0 0 0 0 0 0 0 0 0 
24541 4 0 4 0 0 0 0 0 0 0 0 0 0 0 0 0 0 0 0 0 0 0 
24556 6 0 6 0 0 0 0 0 0 0 0 0 0 0 0 0 0 0 0 0 0 0 
24571 3 0 3 0 0 0 0 0 0 0 0 0 0 0 0 0 0 0 0 0 0 0 
24586 4 0 4 0 0 0 0 0 0 0 0 0 0 0 0 0 0 0 0 0 0 0 
24601 2 0 2 0 0 0 0 0 0 0 0 0 0 0 0 0 0 0 0 0 0 0 
24616 4 0 4 0 0 0 0 0 0 0 0 0 0 0 0 0 0 0 0 0 0 0 
24631 3 0 3 0 0 0 0 0 0 0 0 0 0 0 0 0 0 0 0 0 0 0 
24646 6 0 6 0 0 0 0 0 0 0 0 0 0 0 0 0 0 0 0 0 0 0 
24661 5 0 5 0 0 0 0 0 0 0 0 0 0 0 0 0 0 0 0 0 0 0 
24676 0 0 0 0 0 0 0 0 0 0 0 0 0 0 0 0 0 0 0 0 0 0 
25205 8 0 0 0 0 0 0 0 0 0 8 0 0 0 0 0 0 0 0 0 0 0 
25235 11 0 0 0 0 0 0 0 0 0 11 0 0 0 0 0 0 0 0 0 0 0 
25250 7 0 0 0 0 0 0 0 0 0 7 0 0 0 0 0 0 0 0 0 0 0 
25265 4 0 0 0 0 0 0 0 0 0 4 0 0 0 0 0 0 0 0 0 0 0 
25280 16 0 0 0 0 0 0 0 0 0 16 0 0 0 0 0 0 0 0 0 0 0 
25295 2 0 0 0 0 0 0 0 0 0 2 0 0 0 0 0 0 0 0 0 0 0 
25310 3 0 0 0 0 0 0 0 0 0 3 0 0 0 0 0 0 0 0 0 0 0 
25325 5 0 0 0 0 0 0 0 0 0 5 0 0 0 0 0 0 0 0 0 0 0 
25340 6 0 0 0 0 0 0 0 0 0 6 0 0 0 0 0 0 0 0 0 0 0 
25344 2 0 0 0 0 0 0 0 0 0 6 0 0 0 0 0 0 0 2 0 0 0 
25355 3 0 0 0 0 0 0 0 0 0 3 0 0 0 0 0 0 0 2 0 0 0 
25370 3.5 0 0 0 0 0 0 0 0 0 4 0 0 0 0 0 0 0 3 0 0 0 
25374 4 0 0 0 0 0 0 0 0 0 4 0 0 0 0 0 0 0 4 0 0 0 
25385 2 0 0 0 0 0 0 0 0 0 2 0 0 0 0 0 0 0 4 0 0 0 
25400 4 0 0 0 0 0 0 0 0 0 4 0 0 0 0 0 0 0 4 0 0 0 
25404 15 0 0 0 0 0 0 0 0 0 4 0 0 0 0 0 0 0 15 0 0 0 
25415 3 0 0 0 0 0 0 0 0 0 3 0 0 0 0 0 0 0 15 0 0 0 
25419 4 0 0 0 0 0 0 0 0 0 3 0 0 0 0 0 0 0 4 0 0 0 
25430 6 0 0 0 0 0 0 0 0 0 6 0 0 0 0 0 0 0 4 0 0 0 
25449 2 0 0 0 0 0 0 0 0 0 6 0 0 0 0 0 0 0 2 0 0 0 
25459 4 0 0 0 0 0 0 0 4 0 6 0 0 0 0 0 0 0 2 0 0 0 
25460 0 0 0 0 0 0 0 0 4 0 0 0 0 0 0 0 0 0 2 0 0 0 
25464 0 1 0 0 0 0 0 0 4 0 0 0 0 0 0 0 0 0 0 1 0 0 
25479 0 0 0 0 0 0 0 0 4 0 0 0 0 0 0 0 0 0 0 0 0 0 
25489 5 0 0 0 0 0 0 0 5 0 0 0 0 0 0 0 0 0 0 0 0 0 
25504 19 0 0 0 0 0 0 0 19 0 0 0 0 0 0 0 0 0 0 0 0 0 
25509 0 1 0 0 0 0 0 0 19 0 0 0 0 0 0 0 0 0 0 1 0 0 
25519 3 0 0 0 0 0 0 0 3 0 0 0 0 0 0 0 0 0 0 1 0 0 
25524 0 0 0 0 0 0 0 0 3 0 0 0 0 0 0 0 0 0 0 0 0 0 
25534 4 0 0 0 0 0 0 0 4 0 0 0 0 0 0 0 0 0 0 0 0 0 
25579 3 0 0 0 0 0 0 0 3 0 0 0 0 0 0 0 0 0 0 0 0 0 
25609 0 0 0 0 0 0 0 0 0 0 0 0 0 0 0 0 0 0 0 0 0 0 
25835 2 0 0 0 0 0 0 0 0 0 2 0 0 0 0 0 0 0 0 0 0 0 
25850 4 0 0 0 0 0 0 0 0 0 4 0 0 0 0 0 0 0 0 0 0 0 
25895 3 0 0 0 0 0 0 0 0 0 3 0 0 0 0 0 0 0 0 0 0 0 
25910 4 0 0 0 0 0 0 0 0 0 4 0 0 0 0 0 0 0 0 0 0 0 
25940 2 0 0 0 0 0 0 0 0 0 2 0 0 0 0 0 0 0 0 0 0 0 
25955 0 0 0 0 0 0 0 0 0 0 0 0 0 0 0 0 0 0 0 0 0 0 
26155 4 0 0 0 0 0 0 0 0 0 0 0 0 0 0 0 0 0 0 0 4 0 
26170 10 0 0 0 0 0 0 0 0 0 0 0 0 0 0 0 0 0 0 0 10 0 
26185 7 0 0 0 0 0 0 0 0 0 0 0 0 0 0 0 0 0 0 0 7 0 
26215 0 0 0 0 0 0 0 0 0 0 0 0 0 0 0 0 0 0 0 0 0 0 
26435 1 0 0 0 0 0 0 0 0 0 1 0 0 0 0 0 0 0 0 0 0 0 
26450 4 0 0 0 0 0 0 0 0 0 4 0 0 0 0 0 0 0 0 0 0 0 
26495 3 0 0 0 0 0 0 0 0 0 3 0 0 0 0 0 0 0 0 0 0 0 
26510 4 0 0 0 0 0 0 0 0 0 4 0 0 0 0 0 0 0 0 0 0 0 
26540 2 0 0 0 0 0 0 0 0 0 2 0 0 0 0 0 0 0 0 0 0 0 
26555 0 0 0 0 0 0 0 0 0 0 0 0 0 0 0 0 0 0 0 0 0 0 
