# deltaRoads deltaRailways
10 0 0 0 0 0 0 0 0 0 0 0 0 0 0 0 0 0 0 0 0 0 0 
121 6 0 6 0 0 0 0 0 0 0 0 0 0 0 0 0 0 0 0 0 0 0 
123 0 8 6 0 0 0 0 8 0 0 0 0 0 0 0 0 0 0 0 0 0 0 
124 0 11 6 0 0 0 0 8 0 11 0 0 0 0 0 0 0 0 0 0 0 0 
127 0 8 6 0 0 0 0 8 0 11 0 0 0 0 0 8 0 0 0 0 0 0 
128 7 0 6 0 0 0 0 8 0 11 0 0 0 0 0 8 7 0 0 0 0 0 
129 6 0 6 0 0 0 0 8 0 11 0 0 0 0 0 8 7 0 6 0 0 0 
130 0 7 6 0 0 0 0 8 0 11 0 0 0 0 0 8 7 0 6 0 0 7 
139 0 4 6 0 0 0 0 8 0 4 0 0 0 0 0 8 7 0 6 0 0 7 
140 7 0 6 0 0 0 0 8 0 4 7 0 0 0 0 8 7 0 6 0 0 7 
141 0 6 6 0 0 0 0 8 0 4 7 0 0 6 0 8 7 0 6 0 0 7 
143 5 0 6 0 0 0 0 8 0 4 7 0 0 6 0 8 5 0 6 0 0 7 
145 0 10 6 0 0 0 0 8 0 4 7 0 0 6 0 8 5 0 6 0 0 10 
151 4 0 4 0 0 0 0 8 0 4 7 0 0 6 0 8 5 0 6 0 0 10 
152 0 9 4 0 0 9 0 8 0 4 7 0 0 6 0 8 5 0 6 0 0 10 
153 0 12 4 0 0 9 0 12 0 4 7 0 0 6 0 8 5 0 6 0 0 10 
154 0 10 4 0 0 9 0 12 0 10 7 0 0 6 0 8 5 0 6 0 0 10 
155 3 0 4 0 0 9 0 12 0 10 3 0 0 6 0 8 5 0 6 0 0 10 
156 0 4 4 0 0 9 0 12 0 10 3 0 0 4 0 8 5 0 6 0 0 10 
157 0 12 4 0 0 9 0 12 0 10 3 0 0 4 0 12 5 0 6 0 0 10 
158 4 0 4 0 0 9 0 12 0 10 3 0 0 4 0 12 4 0 6 0 0 10 
166 2 0 0 0 0 9 0 12 0 10 3 0 0 4 0 12 4 0 4 0 0 10 
167 0 7 0 0 0 7 0 12 0 10 3 0 0 4 0 12 4 0 4 0 0 10 
169 0 4 0 0 0 7 0 7 0 1 3 0 0 4 0 12 4 0 4 0 0 10 
170 6 0 0 0 0 7 0 7 0 1 6 0 0 4 0 12 4 0 4 0 0 10 
171 0 11 0 0 0 7 0 7 0 1 6 0 0 11 0 12 4 0 4 0 0 10 
172 0 7 0 0 0 7 0 7 0 1 6 0 0 11 0 7 4 0 4 0 0 10 
173 0 0 0 0 0 7 0 7 0 1 6 0 0 11 0 7 0 0 4 0 0 10 
175 0 0.5 0 0 0 7 0 7 0 1 6 0 0 11 0 7 0 0 0 0 0 1 
182 0 12 0 0 0 12 0 7 0 1 6 0 0 11 0 7 0 0 0 0 0 1 
183 0 3 0 0 0 12 0 3 0 1 6 0 0 11 0 7 0 0 0 0 0 1 
184 0 0 0 0 0 12 0 3 0 0 6 0 0 11 0 7 0 0 0 0 0 1 
186 0 3.5 0 0 0 12 0 3 0 0 0 0 0 7 0 7 0 0 0 0 0 1 
187 0 3 0 0 0 12 0 3 0 0 0 0 0 7 0 3 0 0 0 0 0 1 
190 0 -14 0 0 0 12 0 3 0 0 0 0 0 7 0 3 0 0 0 0 0 -14 
197 0 0 0 0 0 0 0 3 0 0 0 0 0 7 0 3 0 0 0 0 0 -14 
198 0 16 0 0 0 0 0 16 0 0 0 0 0 7 0 3 0 0 0 0 0 -14 
201 0 0 0 0 0 0 0 16 0 0 0 0 0 0 0 3 0 0 0 0 0 -14 
202 0 16 0 0 0 0 0 16 0 0 0 0 0 0 0 16 0 0 0 0 0 -14 
212 0 6 0 0 0 6 0 16 0 0 0 0 0 0 0 16 0 0 0 0 0 -14 
213 0 2 0 0 0 6 0 2 0 0 0 0 0 0 0 16 0 0 0 0 0 -14 
216 0 8 0 0 0 6 0 2 0 0 0 0 0 8 0 16 0 0 0 0 0 -14 
217 0 2 0 0 0 6 0 2 0 0 0 0 0 8 0 2 0 0 0 0 0 -14 
220 0 0 0 0 0 6 0 2 0 0 0 0 0 8 0 2 0 0 0 0 0 0 
227 0 3 0 0 0 3 0 2 0 0 0 0 0 8 0 2 0 0 0 0 0 0 
228 0 4 0 0 0 3 0 4 0 0 0 0 0 8 0 2 0 0 0 0 0 0 
231 0 15 0 0 0 3 0 4 0 0 0 0 0 15 0 2 0 0 0 0 0 0 
232 0 4 0 0 0 3 0 4 0 0 0 0 0 15 0 4 0 0 0 0 0 0 
242 0 12 0 0 0 12 0 4 0 0 0 0 0 15 0 4 0 0 0 0 0 0 
243 0 3 0 0 0 12 0 3 0 0 0 0 0 15 0 4 0 0 0 0 0 0 
246 0 14 0 0 0 12 0 3 0 0 0 0 0 14 0 4 0 0 0 0 0 0 
247 0 3 0 0 0 12 0 3 0 0 0 0 0 14 0 3 0 0 0 0 0 0 
257 0 7 0 0 0 7 0 3 0 0 0 0 0 14 0 3 0 0 0 0 0 0 
258 0 6 0 0 0 7 0 6 0 0 0 0 0 14 0 3 0 0 0 0 0 0 
261 0 2 0 0 0 7 0 6 0 0 0 0 0 2 0 3 0 0 0 0 0 0 
262 0 6 0 0 0 7 0 6 0 0 0 0 0 2 0 6 0 0 0 0 0 0 
272 0 3 0 0 0 3 0 6 0 0 0 0 0 2 0 6 0 0 0 0 0 0 
273 0 4 0 0 0 3 0 4 0 0 0 0 0 2 0 6 0 0 0 0 0 0 
288 0 3.66667 0 0 0 3 0 3 0 0 0 0 0 4 0 4 0 0 0 0 0 0 
291 0 3 0 0 0 3 0 3 0 0 0 0 0 3 0 4 0 0 0 0 0 0 
302 0 4.5 0 0 0 6 0 3 0 0 0 0 0 3 0 3 0 0 0 0 0 0 
303 0 2 0 0 0 6 0 2 0 0 0 0 0 3 0 3 0 0 0 0 0 0 
306 0 6 0 0 0 6 0 2 0 0 0 0 0 6 0 3 0 0 0 0 0 0 
307 0 2 0 0 0 6 0 2 0 0 0 0 0 6 0 2 0 0 0 0 0 0 
317 0 4 0 0 0 4 0 2 0 0 0 0 0 6 0 2 0 0 0 0 0 0 
333 0 5 0 0 0 4 0 6 0 0 0 0 0 6 0 4 0 0 0 0 0 0 
336 0 0 0 0 0 4 0 6 0 0 0 0 0 0 0 4 0 0 0 0 0 0 
337 0 6 0 0 0 4 0 6 0 0 0 0 0 0 0 6 0 0 0 0 0 0 
347 0 1 0 0 0 1 0 6 0 0 0 0 0 0 0 6 0 0 0 0 0 0 
348 0 4 0 0 0 1 0 4 0 0 0 0 0 0 0 6 0 0 0 0 0 0 
351 0 3 0 0 0 1 0 4 0 0 0 0 0 3 0 6 0 0 0 0 0 0 
352 0 4 0 0 0 1 0 4 0 0 0 0 0 3 0 4 0 0 0 0 0 0 
378 0 2.66667 0 0 0 4 0 0 0 0 0 0 0 4 0 4 0 0 0 0 0 0 
381 0 6 0 0 0 4 0 0 0 0 0 0 0 6 0 4 0 0 0 0 0 0 
382 0 0 0 0 0 4 0 0 0 0 0 0 0 6 0 0 0 0 0 0 0 0 
392 0 6 0 0 0 6 0 0 0 0 0 0 0 6 0 0 0 0 0 0 0 0 
396 0 14 0 0 0 6 0 0 0 0 0 0 0 14 0 0 0 0 0 0 0 0 
407 0 5 0 0 0 5 0 0 0 0 0 0 0 14 0 0 0 0 0 0 0 0 
408 0 2 0 0 0 5 0 2 0 0 0 0 0 14 0 0 0 0 0 0 0 0 
411 0 3 0 0 0 5 0 2 0 0 0 0 0 3 0 0 0 0 0 0 0 0 
422 0 0 0 0 0 0 0 2 0 0 0 0 0 3 0 0 0 0 0 0 0 0 
423 0 3 0 0 0 0 0 3 0 0 0 0 0 3 0 0 0 0 0 0 0 0 
426 0 0 0 0 0 0 0 3 0 0 0 0 0 0 0 0 0 0 0 0 0 0 
438 0 4 0 0 0 0 0 4 0 0 0 0 0 0 0 0 0 0 0 0 0 0 
483 0 1 0 0 0 0 0 1 0 0 0 0 0 0 0 0 0 0 0 0 0 0 
498 0 0 0 0 0 0 0 0 0 0 0 0 0 0 0 0 0 0 0 0 0 0 
513 0 3 0 0 0 0 0 3 0 0 0 0 0 0 0 0 0 0 0 0 0 0 
528 0 4 0 0 0 0 0 4 0 0 0 0 0 0 0 0 0 0 0 0 0 0 
543 0 3 0 0 0 0 0 3 0 0 0 0 0 0 0 0 0 0 0 0 0 0 
558 0 4 0 0 0 0 0 4 0 0 0 0 0 0 0 0 0 0 0 0 0 0 
573 0 3 0 0 0 0 0 3 0 0 0 0 0 0 0 0 0 0 0 0 0 0 
588 0 0 0 0 0 0 0 0 0 0 0 0 0 0 0 0 0 0 0 0 0 0 
625 6 0 0 0 0 0 0 0 0 0 0 0 0 0 0 0 0 0 0 0 6 0 
655 4 0 0 0 0 0 0 0 0 0 0 0 0 0 0 0 0 0 0 0 4 0 
664 0 2 0 0 0 0 0 0 0 2 0 0 0 0 0 0 0 0 0 0 4 0 
670 0 0 0 0 0 0 0 0 0 2 0 0 0 0 0 0 0 0 0 0 0 0 
679 0 3 0 0 0 0 0 0 0 3 0 0 0 0 0 0 0 0 0 0 0 0 
694 0 4 0 0 0 0 0 0 0 4 0 0 0 0 0 0 0 0 0 0 0 0 
697 0 3 0 0 0 0 0 0 0 4 0 0 0 0 0 3 0 0 0 0 0 0 
712 0 4 0 0 0 0 0 0 0 4 0 0 0 0 0 4 0 0 0 0 0 0 
727 0 3 0 0 0 0 0 0 0 4 0 0 0 0 0 3 0 0 0 0 0 0 
742 0 3.5 0 0 0 0 0 0 0 3 0 0 0 0 0 4 0 0 0 0 0 0 
754 0 4 0 0 0 0 0 0 0 4 0 0 0 0 0 4 0 0 0 0 0 0 
769 0 2 0 0 0 0 0 0 0 2 0 0 0 0 0 4 0 0 0 0 0 0 
771 0 1 0 0 0 0 0 0 0 2 0 0 0 1 0 4 0 0 0 0 0 0 
772 0 3 0 0 0 0 0 0 0 2 0 0 0 1 0 3 0 0 0 0 0 0 
784 0 0 0 0 0 0 0 0 0 0 0 0 0 1 0 3 0 0 0 0 0 0 
786 0 4 0 0 0 0 0 0 0 0 0 0 0 4 0 3 0 0 0 0 0 0 
787 0 0 0 0 0 0 0 0 0 0 0 0 0 4 0 0 0 0 0 0 0 0 
801 0 14 0 0 0 0 0 0 0 0 0 0 0 14 0 0 0 0 0 0 0 0 
816 0 4 0 0 0 0 0 0 0 0 0 0 0 4 0 0 0 0 0 0 0 0 
817 0 14 0 0 0 0 0 0 0 0 0 0 0 4 0 14 0 0 0 0 0 0 
831 0 3 0 0 0 0 0 0 0 0 0 0 0 3 0 14 0 0 0 0 0 0 
832 0 4 0 0 0 0 0 0 0 0 0 0 0 3 0 4 0 0 0 0 0 0 
847 0 3.5 0 0 0 0 0 0 0 0 0 0 0 4 0 3 0 0 0 0 0 0 
862 0 4 0 0 0 0 0 0 0 0 0 0 0 4 0 4 0 0 0 0 0 0 
877 0 2 0 0 0 0 0 0 0 0 0 0 0 4 0 2 0 0 0 0 0 0 
891 0 11 0 0 0 0 0 0 0 0 0 0 0 11 0 2 0 0 0 0 0 0 
892 0 0 0 0 0 0 0 0 0 0 0 0 0 11 0 0 0 0 0 0 0 0 
894 2 0 0 0 0 0 0 0 0 0 0 0 0 11 0 0 0 0 2 0 0 0 
906 0 0 0 0 0 0 0 0 0 0 0 0 0 0 0 0 0 0 2 0 0 0 
909 8 0 0 0 0 0 0 0 0 0 0 0 0 0 0 0 0 0 8 0 0 0 
918 0 1 0 0 0 0 0 1 0 0 0 0 0 0 0 0 0 0 8 0 0 0 
933 0 4 0 0 0 0 0 4 0 0 0 0 0 0 0 0 0 0 8 0 0 0 
939 16 0 0 0 0 0 0 4 0 0 0 0 0 0 0 0 0 0 16 0 0 0 
954 8 0 0 0 0 0 0 4 0 0 0 0 0 0 0 0 0 0 8 0 0 0 
963 0 3 0 0 0 0 0 3 0 0 0 0 0 0 0 0 0 0 8 0 0 0 
978 0 4 0 0 0 0 0 4 0 0 0 0 0 0 0 0 0 0 8 0 0 0 
999 6 0 0 0 0 0 0 4 0 0 0 0 0 0 0 0 0 0 6 0 0 0 
1014 8 0 0 0 0 0 0 4 0 0 0 0 0 0 0 0 0 0 8 0 0 0 
1023 0 0 0 0 0 0 0 0 0 0 0 0 0 0 0 0 0 0 8 0 0 0 
1059 16 0 0 0 0 0 0 0 0 0 0 0 0 0 0 0 0 0 16 0 0 0 
1074 8 0 0 0 0 0 0 0 0 0 0 0 0 0 0 0 0 0 8 0 0 0 
1104 26 0 0 0 0 0 0 0 0 0 0 0 0 0 0 0 0 0 26 0 0 0 
1119 2 0 0 0 0 0 0 0 0 0 0 0 0 0 0 0 0 0 2 0 0 0 
1134 0 0 0 0 0 0 0 0 0 0 0 0 0 0 0 0 0 0 0 0 0 0 
1777 0 1 0 0 0 0 0 0 0 0 0 0 0 0 0 1 0 0 0 0 0 0 
1792 0 4 0 0 0 0 0 0 0 0 0 0 0 0 0 4 0 0 0 0 0 0 
1807 0 3 0 0 0 0 0 0 0 0 0 0 0 0 0 3 0 0 0 0 0 0 
1822 0 4 0 0 0 0 0 0 0 0 0 0 0 0 0 4 0 0 0 0 0 0 
1867 0 3 0 0 0 0 0 0 0 0 0 0 0 0 0 3 0 0 0 0 0 0 
1882 0 4 0 0 0 0 0 0 0 0 0 0 0 0 0 4 0 0 0 0 0 0 
1897 0 3 0 0 0 0 0 0 0 0 0 0 0 0 0 3 0 0 0 0 0 0 
1912 0 0 0 0 0 0 0 0 0 0 0 0 0 0 0 0 0 0 0 0 0 0 
2135 4 0 0 0 0 0 0 0 0 0 4 0 0 0 0 0 0 0 0 0 0 0 
2150 8 0 0 0 0 0 0 0 0 0 8 0 0 0 0 0 0 0 0 0 0 0 
2195 6 0 0 0 0 0 0 0 0 0 6 0 0 0 0 0 0 0 0 0 0 0 
2210 18 0 0 0 0 0 0 0 0 0 18 0 0 0 0 0 0 0 0 0 0 0 
2225 8 0 0 0 0 0 0 0 0 0 8 0 0 0 0 0 0 0 0 0 0 0 
2255 6 0 0 0 0 0 0 0 0 0 6 0 0 0 0 0 0 0 0 0 0 0 
2270 18 0 0 0 0 0 0 0 0 0 18 0 0 0 0 0 0 0 0 0 0 0 
2285 8 0 0 0 0 0 0 0 0 0 8 0 0 0 0 0 0 0 0 0 0 0 
2300 26 0 0 0 0 0 0 0 0 0 26 0 0 0 0 0 0 0 0 0 0 0 
2301 0 2 0 0 0 0 0 0 0 0 26 0 0 2 0 0 0 0 0 0 0 0 
2315 16 0 0 0 0 0 0 0 0 0 16 0 0 2 0 0 0 0 0 0 0 0 
2316 0 4 0 0 0 0 0 0 0 0 16 0 0 4 0 0 0 0 0 0 0 0 
2330 8 0 0 0 0 0 0 0 0 0 8 0 0 4 0 0 0 0 0 0 0 0 
2331 0 3 0 0 0 0 0 0 0 0 8 0 0 3 0 0 0 0 0 0 0 0 
2345 6 0 0 0 0 0 0 0 0 0 6 0 0 3 0 0 0 0 0 0 0 0 
2346 0 4 0 0 0 0 0 0 0 0 6 0 0 4 0 0 0 0 0 0 0 0 
2360 0 0 0 0 0 0 0 0 0 0 0 0 0 4 0 0 0 0 0 0 0 0 
2391 0 3 0 0 0 0 0 0 0 0 0 0 0 3 0 0 0 0 0 0 0 0 
2402 0 2 0 0 0 2 0 0 0 0 0 0 0 3 0 0 0 0 0 0 0 0 
2406 0 4 0 0 0 2 0 0 0 0 0 0 0 4 0 0 0 0 0 0 0 0 
2436 0 2 0 0 0 4 0 0 0 0 0 0 0 0 0 0 0 0 0 0 0 0 
2447 0 3 0 0 0 3 0 0 0 0 0 0 0 0 0 0 0 0 0 0 0 0 
2462 0 4 0 0 0 4 0 0 0 0 0 0 0 0 0 0 0 0 0 0 0 0 
2507 0 3 0 0 0 3 0 0 0 0 0 0 0 0 0 0 0 0 0 0 0 0 
2522 0 2 0 0 0 2 0 0 0 0 0 0 0 0 0 0 0 0 0 0 0 0 
2537 0 0 0 0 0 0 0 0 0 0 0 0 0 0 0 0 0 0 0 0 0 0 
2723 2 0 0 0 0 0 0 0 0 0 0 0 0 0 0 0 2 0 0 0 0 0 
2738 8 0 0 0 0 0 0 0 0 0 0 0 0 0 0 0 8 0 0 0 0 0 
2783 6 0 0 0 0 0 0 0 0 0 0 0 0 0 0 0 6 0 0 0 0 0 
2798 8 0 0 0 0 0 0 0 0 0 0 0 0 0 0 0 8 0 0 0 0 0 
2843 6 0 0 0 0 0 0 0 0 0 0 0 0 0 0 0 6 0 0 0 0 0 
2858 8 0 0 0 0 0 0 0 0 0 0 0 0 0 0 0 8 0 0 0 0 0 
2888 34 0 0 0 0 0 0 0 0 0 0 0 0 0 0 0 34 0 0 0 0 0 
2903 6 0 0 0 0 0 0 0 0 0 0 0 0 0 0 0 6 0 0 0 0 0 
2918 8 0 0 0 0 0 0 0 0 0 0 0 0 0 0 0 8 0 0 0 0 0 
2963 5 0 0 0 0 0 0 0 0 0 0 0 0 0 0 0 5 0 0 0 0 0 
2978 7 0 0 0 0 0 0 0 0 0 0 0 0 0 0 0 7 0 0 0 0 0 
2993 8 0 0 0 0 0 0 0 0 0 0 0 0 0 0 0 8 0 0 0 0 0 
3023 0 0 0 0 0 0 0 0 0 0 0 0 0 0 0 0 0 0 0 0 0 0 
3197 0 1 0 0 0 1 0 0 0 0 0 0 0 0 0 0 0 0 0 0 0 0 
3212 0 4 0 0 0 4 0 0 0 0 0 0 0 0 0 0 0 0 0 0 0 0 
3227 0 3 0 0 0 3 0 0 0 0 0 0 0 0 0 0 0 0 0 0 0 0 
3242 0 4 0 0 0 4 0 0 0 0 0 0 0 0 0 0 0 0 0 0 0 0 
3287 0 3 0 0 0 3 0 0 0 0 0 0 0 0 0 0 0 0 0 0 0 0 
3302 0 14 0 0 0 14 0 0 0 0 0 0 0 0 0 0 0 0 0 0 0 0 
3317 0 2 0 0 0 2 0 0 0 0 0 0 0 0 0 0 0 0 0 0 0 0 
3332 0 0 0 0 0 0 0 0 0 0 0 0 0 0 0 0 0 0 0 0 0 0 
3651 0 3 0 0 0 0 0 0 0 0 0 0 0 3 0 0 0 0 0 0 0 0 
3666 0 4 0 0 0 0 0 0 0 0 0 0 0 4 0 0 0 0 0 0 0 0 
3711 0 14 0 0 0 0 0 0 0 0 0 0 0 14 0 0 0 0 0 0 0 0 
3726 0 4 0 0 0 0 0 0 0 0 0 0 0 4 0 0 0 0 0 0 0 0 
3771 0 14 0 0 0 0 0 0 0 0 0 0 0 14 0 0 0 0 0 0 0 0 
3786 0 1 0 0 0 0 0 0 0 0 0 0 0 1 0 0 0 0 0 0 0 0 
3801 0 0 0 0 0 0 0 0 0 0 0 0 0 0 0 0 0 0 0 0 0 0 
4366 8 0 8 0 0 0 0 0 0 0 0 0 0 0 0 0 0 0 0 0 0 0 
4411 6 0 6 0 0 0 0 0 0 0 0 0 0 0 0 0 0 0 0 0 0 0 
4426 8 0 8 0 0 0 0 0 0 0 0 0 0 0 0 0 0 0 0 0 0 0 
4471 6 0 6 0 0 0 0 0 0 0 0 0 0 0 0 0 0 0 0 0 0 0 
4486 18 0 18 0 0 0 0 0 0 0 0 0 0 0 0 0 0 0 0 0 0 0 
4501 8 0 8 0 0 0 0 0 0 0 0 0 0 0 0 0 0 0 0 0 0 0 
4531 6 0 6 0 0 0 0 0 0 0 0 0 0 0 0 0 0 0 0 0 0 0 
4546 8 0 8 0 0 0 0 0 0 0 0 0 0 0 0 0 0 0 0 0 0 0 
4576 6 0 6 0 0 0 0 0 0 0 0 0 0 0 0 0 0 0 0 0 0 0 
4606 8 0 8 0 0 0 0 0 0 0 0 0 0 0 0 0 0 0 0 0 0 0 
4621 4 0 4 0 0 0 0 0 0 0 0 0 0 0 0 0 0 0 0 0 0 0 
4636 0 0 0 0 0 0 0 0 0 0 0 0 0 0 0 0 0 0 0 0 0 0 
5644 0 8 0 0 0 0 0 0 0 8 0 0 0 0 0 0 0 0 0 0 0 0 
5659 0 5 0 0 0 0 0 0 0 5 0 0 0 0 0 0 0 0 0 0 0 0 
5674 0 14 0 0 0 0 0 0 0 14 0 0 0 0 0 0 0 0 0 0 0 0 
5689 0 1 0 0 0 0 0 0 0 1 0 0 0 0 0 0 0 0 0 0 0 0 
5704 0 6 0 0 0 0 0 0 0 6 0 0 0 0 0 0 0 0 0 0 0 0 
5719 0 3 0 0 0 0 0 0 0 3 0 0 0 0 0 0 0 0 0 0 0 0 
5734 0 12 0 0 0 0 0 0 0 12 0 0 0 0 0 0 0 0 0 0 0 0 
5749 0 7 0 0 0 0 0 0 0 7 0 0 0 0 0 0 0 0 0 0 0 0 
5762 0 1 0 0 0 1 0 0 0 7 0 0 0 0 0 0 0 0 0 0 0 0 
5764 0 3 0 0 0 1 0 0 0 3 0 0 0 0 0 0 0 0 0 0 0 0 
5777 0 15 0 0 0 15 0 0 0 3 0 0 0 0 0 0 0 0 0 0 0 0 
5794 0 6 0 0 0 15 0 0 0 6 0 0 0 0 0 0 0 0 0 0 0 0 
5807 0 3 0 0 0 3 0 0 0 6 0 0 0 0 0 0 0 0 0 0 0 0 
5809 0 4 0 0 0 3 0 0 0 4 0 0 0 0 0 0 0 0 0 0 0 0 
5839 0 2.5 0 0 0 4 0 0 0 1 0 0 0 0 0 0 0 0 0 0 0 0 
5854 0 4 0 0 0 4 0 0 0 4 0 0 0 0 0 0 0 0 0 0 0 0 
5867 0 1 0 0 0 1 0 0 0 4 0 0 0 0 0 0 0 0 0 0 0 0 
5882 0 0 0 0 0 0 0 0 0 4 0 0 0 0 0 0 0 0 0 0 0 0 
5883 2 0 0 0 0 0 2 0 0 4 0 0 0 0 0 0 0 0 0 0 0 0 
5884 0 6 0 0 0 0 2 0 0 6 0 0 0 0 0 0 0 0 0 0 0 0 
5898 6 0 0 0 0 0 6 0 0 6 0 0 0 0 0 0 0 0 0 0 0 0 
5899 0 5 0 0 0 0 6 0 0 5 0 0 0 0 0 0 0 0 0 0 0 0 
5913 7 0 0 0 0 0 7 0 0 5 0 0 0 0 0 0 0 0 0 0 0 0 
5914 0 0 0 0 0 0 7 0 0 0 0 0 0 0 0 0 0 0 0 0 0 0 
5928 1 0 0 0 0 0 1 0 0 0 0 0 0 0 0 0 0 0 0 0 0 0 
5943 0 0 0 0 0 0 0 0 0 0 0 0 0 0 0 0 0 0 0 0 0 0 
5994 0 9 0 0 0 0 0 0 0 0 0 0 0 0 0 0 0 0 0 9 0 0 
6009 0 12 0 0 0 0 0 0 0 0 0 0 0 0 0 0 0 0 0 12 0 0 
6024 0 7 0 0 0 0 0 0 0 0 0 0 0 0 0 0 0 0 0 7 0 0 
6054 0 6 0 0 0 0 0 0 0 0 0 0 0 0 0 0 0 0 0 6 0 0 
6069 0 14 0 0 0 0 0 0 0 0 0 0 0 0 0 0 0 0 0 14 0 0 
6084 0 2 0 0 0 0 0 0 0 0 0 0 0 0 0 0 0 0 0 2 0 0 
6099 0 3 0 0 0 0 0 0 0 0 0 0 0 0 0 0 0 0 0 3 0 0 
6114 0 4 0 0 0 0 0 0 0 0 0 0 0 0 0 0 0 0 0 4 0 0 
6129 0 16 0 0 0 0 0 0 0 0 0 0 0 0 0 0 0 0 0 16 0 0 
6144 0 6 0 0 0 0 0 0 0 0 0 0 0 0 0 0 0 0 0 6 0 0 
6159 0 0 0 0 0 0 0 0 0 0 0 0 0 0 0 0 0 0 0 0 0 0 
6174 0 13 0 0 0 0 0 0 0 0 0 0 0 0 0 0 0 0 0 13 0 0 
6189 0 4 0 0 0 0 0 0 0 0 0 0 0 0 0 0 0 0 0 4 0 0 
6204 0 6 0 0 0 0 0 0 0 0 0 0 0 0 0 0 0 0 0 6 0 0 
6219 0 3 0 0 0 0 0 0 0 0 0 0 0 0 0 0 0 0 0 3 0 0 
6234 0 4 0 0 0 0 0 0 0 0 0 0 0 0 0 0 0 0 0 4 0 0 
6249 0 -6 0 0 0 0 0 0 0 0 0 0 0 0 0 0 0 0 0 -6 0 0 
6258 6 0 0 0 0 0 6 0 0 0 0 0 0 0 0 0 0 0 0 -6 0 0 
6264 0 -20 0 0 0 0 6 0 0 0 0 0 0 0 0 0 0 0 0 -20 0 0 
6271 2 0 2 0 0 0 6 0 0 0 0 0 0 0 0 0 0 0 0 -20 0 0 
6279 1 -4 2 0 0 0 2 0 0 0 0 0 0 0 0 0 0 0 0 -8 0 0 
6286 0 0 0 0 0 0 2 0 0 0 0 0 0 0 0 0 0 0 0 -8 0 0 
6294 0 -10 0 0 0 0 0 0 0 0 0 0 0 0 0 0 0 0 0 -20 0 0 
6309 0 -7 0 0 0 0 0 0 0 0 0 0 0 0 0 0 0 0 0 -7 0 0 
6324 0 -4 0 0 0 0 0 0 0 0 0 0 0 0 0 0 0 0 0 -4 0 0 
6339 0 -6 0 0 0 0 0 0 0 0 0 0 0 0 0 0 0 0 0 -6 0 0 
6354 0 -4 0 0 0 0 0 0 0 0 0 0 0 0 0 0 0 0 0 -4 0 0 
6369 0 -6 0 0 0 0 0 0 0 0 0 0 0 0 0 0 0 0 0 -6 0 0 
6384 0 -4 0 0 0 0 0 0 0 0 0 0 0 0 0 0 0 0 0 -4 0 0 
6399 0 -6 0 0 0 0 0 0 0 0 0 0 0 0 0 0 0 0 0 -6 0 0 
6414 0 -4 0 0 0 0 0 0 0 0 0 0 0 0 0 0 0 0 0 -4 0 0 
6429 0 -1 0 0 0 0 0 0 0 0 0 0 0 0 0 0 0 0 0 -1 0 0 
6444 0 0 0 0 0 0 0 0 0 0 0 0 0 0 0 0 0 0 0 0 0 0 
6694 0 3 0 0 0 0 0 0 0 3 0 0 0 0 0 0 0 0 0 0 0 0 
6709 0 4 0 0 0 0 0 0 0 4 0 0 0 0 0 0 0 0 0 0 0 0 
6739 0 18 0 0 0 0 0 0 0 18 0 0 0 0 0 0 0 0 0 0 0 0 
6754 0 4 0 0 0 0 0 0 0 4 0 0 0 0 0 0 0 0 0 0 0 0 
6769 0 0 0 0 0 0 0 0 0 0 0 0 0 0 0 0 0 0 0 0 0 0 
6772 2 0 0 0 0 0 0 0 0 0 0 0 0 0 2 0 0 0 0 0 0 0 
6787 5 0 0 0 0 0 0 0 0 0 0 0 0 0 5 0 0 0 0 0 0 0 
6817 4 0 0 0 0 0 0 0 0 0 0 0 0 0 4 0 0 0 0 0 0 0 
6832 0 0 0 0 0 0 0 0 0 0 0 0 0 0 0 0 0 0 0 0 0 0 
6834 0 2 0 0 0 0 0 0 0 0 0 0 0 0 0 0 0 0 0 2 0 0 
6849 0 10 0 0 0 0 0 0 0 0 0 0 0 0 0 0 0 0 0 10 0 0 
6864 0 7 0 0 0 0 0 0 0 0 0 0 0 0 0 0 0 0 0 7 0 0 
6894 0 0 0 0 0 0 0 0 0 0 0 0 0 0 0 0 0 0 0 0 0 0 
6949 0 4 0 0 0 0 0 0 0 4 0 0 0 0 0 0 0 0 0 0 0 0 
6979 0 13 0 0 0 0 0 0 0 13 0 0 0 0 0 0 0 0 0 0 0 0 
6994 0 4 0 0 0 0 0 0 0 4 0 0 0 0 0 0 0 0 0 0 0 0 
7039 0 2 0 0 0 0 0 0 0 2 0 0 0 0 0 0 0 0 0 0 0 0 
7054 0 0 0 0 0 0 0 0 0 0 0 0 0 0 0 0 0 0 0 0 0 0 
7220 6 0 0 0 0 0 0 0 0 0 6 0 0 0 0 0 0 0 0 0 0 0 
7235 4 0 0 0 0 0 0 0 0 0 4 0 0 0 0 0 0 0 0 0 0 0 
7250 6 0 0 0 0 0 0 0 0 0 6 0 0 0 0 0 0 0 0 0 0 0 
7265 0 0 0 0 0 0 0 0 0 0 0 0 0 0 0 0 0 0 0 0 0 0 
7324 0 4 0 0 0 0 0 0 0 4 0 0 0 0 0 0 0 0 0 0 0 0 
7339 0 3 0 0 0 0 0 0 0 3 0 0 0 0 0 0 0 0 0 0 0 0 
7354 0 4 0 0 0 0 0 0 0 4 0 0 0 0 0 0 0 0 0 0 0 0 
7399 0 3 0 0 0 0 0 0 0 3 0 0 0 0 0 0 0 0 0 0 0 0 
7404 0 1 0 0 0 0 0 0 0 3 0 0 0 0 0 0 0 0 0 1 0 0 
7414 0 0 0 0 0 0 0 0 0 0 0 0 0 0 0 0 0 0 0 1 0 0 
7419 0 3 0 0 0 0 0 0 0 0 0 0 0 0 0 0 0 0 0 3 0 0 
7434 0 4 0 0 0 0 0 0 0 0 0 0 0 0 0 0 0 0 0 4 0 0 
7479 0 26 0 0 0 0 0 0 0 0 0 0 0 0 0 0 0 0 0 26 0 0 
7494 0 4 0 0 0 0 0 0 0 0 0 0 0 0 0 0 0 0 0 4 0 0 
7509 0 0 0 0 0 0 0 0 0 0 0 0 0 0 0 0 0 0 0 0 0 0 
7898 6 0 0 0 0 0 0 0 0 0 0 0 0 0 0 0 6 0 0 0 0 0 
7913 4 0 0 0 0 0 0 0 0 0 0 0 0 0 0 0 4 0 0 0 0 0 
7928 6 0 0 0 0 0 0 0 0 0 0 0 0 0 0 0 6 0 0 0 0 0 
7943 0 0 0 0 0 0 0 0 0 0 0 0 0 0 0 0 0 0 0 0 0 0 
8555 16 0 0 0 0 0 0 0 0 0 16 0 0 0 0 0 0 0 0 0 0 0 
8570 18 0 0 0 0 0 0 0 0 0 18 0 0 0 0 0 0 0 0 0 0 0 
8585 8 0 0 0 0 0 0 0 0 0 8 0 0 0 0 0 0 0 0 0 0 0 
8615 6 0 0 0 0 0 0 0 0 0 6 0 0 0 0 0 0 0 0 0 0 0 
8630 8 0 0 0 0 0 0 0 0 0 8 0 0 0 0 0 0 0 0 0 0 0 
8660 5 0 0 0 0 0 0 0 0 0 5 0 0 0 0 0 0 0 0 0 0 0 
8661 6 0 0 0 0 0 0 0 0 0 5 0 6 0 0 0 0 0 0 0 0 0 
8675 67 0 0 0 0 0 0 0 0 0 67 0 6 0 0 0 0 0 0 0 0 0 
8676 3 0 0 0 0 0 0 0 0 0 67 0 3 0 0 0 0 0 0 0 0 0 
8690 8 0 0 0 0 0 0 0 0 0 8 0 3 0 0 0 0 0 0 0 0 0 
8691 4 0 0 0 0 0 0 0 0 0 8 0 4 0 0 0 0 0 0 0 0 0 
8706 1 0 0 0 0 0 0 0 0 0 8 0 1 0 0 0 0 0 0 0 0 0 
8721 0 0 0 0 0 0 0 0 0 0 8 0 0 0 0 0 0 0 0 0 0 0 
9220 -2 0 0 0 0 0 0 0 0 0 0 0 0 0 0 0 0 0 0 0 -4 0 
9235 -6 0 0 0 0 0 0 0 0 0 0 0 0 0 0 0 0 0 0 0 -6 0 
9265 0 0 0 0 0 0 0 0 0 0 0 0 0 0 0 0 0 0 0 0 0 0 
9511 0 8 0 8 0 0 0 0 0 0 0 0 0 0 0 0 0 0 0 0 0 0 
9541 0 12 0 12 0 0 0 0 0 0 0 0 0 0 0 0 0 0 0 0 0 0 
9556 0 0 0 0 0 0 0 0 0 0 0 0 0 0 0 0 0 0 0 0 0 0 
9571 0 6 0 6 0 0 0 0 0 0 0 0 0 0 0 0 0 0 0 0 0 0 
9586 0 4 0 4 0 0 0 0 0 0 0 0 0 0 0 0 0 0 0 0 0 0 
9601 0 16 0 16 0 0 0 0 0 0 0 0 0 0 0 0 0 0 0 0 0 0 
9616 0 2 0 2 0 0 0 0 0 0 0 0 0 0 0 0 0 0 0 0 0 0 
9631 0 3 0 3 0 0 0 0 0 0 0 0 0 0 0 0 0 0 0 0 0 0 
9646 0 4 0 4 0 0 0 0 0 0 0 0 0 0 0 0 0 0 0 0 0 0 
9661 0 6 0 6 0 0 0 0 0 0 0 0 0 0 0 0 0 0 0 0 0 0 
9670 7 0 0 6 0 0 0 0 0 0 0 0 0 0 0 0 0 0 0 0 7 0 
9676 0 14 0 14 0 0 0 0 0 0 0 0 0 0 0 0 0 0 0 0 7 0 
9685 -3 0 0 14 0 0 0 0 0 0 0 0 0 0 0 0 0 0 0 0 -3 0 
9691 0 3 0 3 0 0 0 0 0 0 0 0 0 0 0 0 0 0 0 0 -3 0 
9700 -4 0 0 3 0 0 0 0 0 0 0 0 0 0 0 0 0 0 0 0 -4 0 
9706 0 2 0 2 0 0 0 0 0 0 0 0 0 0 0 0 0 0 0 0 -4 0 
9715 0 0 0 2 0 0 0 0 0 0 0 0 0 0 0 0 0 0 0 0 0 0 
9721 0 4 0 4 0 0 0 0 0 0 0 0 0 0 0 0 0 0 0 0 0 0 
9736 0 6 0 6 0 0 0 0 0 0 0 0 0 0 0 0 0 0 0 0 0 0 
9751 0 3 0 3 0 0 0 0 0 0 0 0 0 0 0 0 0 0 0 0 0 0 
9766 0 5 0 5 0 0 0 0 0 0 0 0 0 0 0 0 0 0 0 0 0 0 
9781 0 0 0 0 0 0 0 0 0 0 0 0 0 0 0 0 0 0 0 0 0 0 
10105 0 6 0 0 0 0 0 0 0 0 0 0 0 0 0 0 0 0 0 0 0 6 
10120 0 4 0 0 0 0 0 0 0 0 0 0 0 0 0 0 0 0 0 0 0 4 
10135 0 11 0 0 0 0 0 0 0 0 0 0 0 0 0 0 0 0 0 0 0 11 
10150 0 7 0 0 0 0 0 0 0 0 0 0 0 0 0 0 0 0 0 0 0 7 
10165 0 8 0 0 0 0 0 0 0 0 0 0 0 0 0 0 0 0 0 0 0 8 
10195 0 11 0 0 0 0 0 0 0 0 0 0 0 0 0 0 0 0 0 0 0 11 
10210 0 2 0 0 0 0 0 0 0 0 0 0 0 0 0 0 0 0 0 0 0 2 
10225 0 4 0 0 0 0 0 0 0 0 0 0 0 0 0 0 0 0 0 0 0 4 
10255 0 5 0 0 0 0 0 0 0 0 0 0 0 0 0 0 0 0 0 0 0 5 
10270 0 16 0 0 0 0 0 0 0 0 0 0 0 0 0 0 0 0 0 0 0 16 
10285 0 0 0 0 0 0 0 0 0 0 0 0 0 0 0 0 0 0 0 0 0 0 
10300 0 4 0 0 0 0 0 0 0 0 0 0 0 0 0 0 0 0 0 0 0 4 
10315 0 3 0 0 0 0 0 0 0 0 0 0 0 0 0 0 0 0 0 0 0 3 
10330 0 6 0 0 0 0 0 0 0 0 0 0 0 0 0 0 0 0 0 0 0 6 
10345 0 4 0 0 0 0 0 0 0 0 0 0 0 0 0 0 0 0 0 0 0 4 
10360 0 3 0 0 0 0 0 0 0 0 0 0 0 0 0 0 0 0 0 0 0 3 
10375 0 0 0 0 0 0 0 0 0 0 0 0 0 0 0 0 0 0 0 0 0 0 
10742 4 0 0 0 4 0 0 0 0 0 0 0 0 0 0 0 0 0 0 0 0 0 
10757 6 0 0 0 6 0 0 0 0 0 0 0 0 0 0 0 0 0 0 0 0 0 
10787 0 0 0 0 0 0 0 0 0 0 0 0 0 0 0 0 0 0 0 0 0 0 
11148 7 0 0 0 0 0 7 0 0 0 0 0 0 0 0 0 0 0 0 0 0 0 
11163 5 0 0 0 0 0 5 0 0 0 0 0 0 0 0 0 0 0 0 0 0 0 
11178 4 0 0 0 0 0 4 0 0 0 0 0 0 0 0 0 0 0 0 0 0 0 
11193 0 0 0 0 0 0 0 0 0 0 0 0 0 0 0 0 0 0 0 0 0 0 
12182 1 0 0 0 1 0 0 0 0 0 0 0 0 0 0 0 0 0 0 0 0 0 
12197 105 0 0 0 105 0 0 0 0 0 0 0 0 0 0 0 0 0 0 0 0 0 
12212 8 0 0 0 8 0 0 0 0 0 0 0 0 0 0 0 0 0 0 0 0 0 
12227 6 0 0 0 6 0 0 0 0 0 0 0 0 0 0 0 0 0 0 0 0 0 
12242 18 0 0 0 18 0 0 0 0 0 0 0 0 0 0 0 0 0 0 0 0 0 
12257 8 0 0 0 8 0 0 0 0 0 0 0 0 0 0 0 0 0 0 0 0 0 
12287 6 0 0 0 6 0 0 0 0 0 0 0 0 0 0 0 0 0 0 0 0 0 
12289 0 12 0 0 6 0 0 0 0 12 0 0 0 0 0 0 0 0 0 0 0 0 
12302 8 0 0 0 8 0 0 0 0 12 0 0 0 0 0 0 0 0 0 0 0 0 
12304 0 6 0 0 8 0 0 0 0 6 0 0 0 0 0 0 0 0 0 0 0 0 
12319 0 9 0 0 8 0 0 0 0 9 0 0 0 0 0 0 0 0 0 0 0 0 
12332 4 0 0 0 4 0 0 0 0 9 0 0 0 0 0 0 0 0 0 0 0 0 
12334 0 1 0 0 4 0 0 0 0 1 0 0 0 0 0 0 0 0 0 0 0 0 
12347 0 0 0 0 0 0 0 0 0 1 0 0 0 0 0 0 0 0 0 0 0 0 
12354 1 0 0 0 0 0 0 0 0 0 0 0 0 0 0 0 0 0 2 0 0 0 
12369 6 0 0 0 0 0 0 0 0 0 0 0 0 0 0 0 0 0 6 0 0 0 
12384 7 0 0 0 0 0 0 0 0 0 0 0 0 0 0 0 0 0 7 0 0 0 
12399 1 0 0 0 0 0 0 0 0 0 0 0 0 0 0 0 0 0 1 0 0 0 
12414 0 0 0 0 0 0 0 0 0 0 0 0 0 0 0 0 0 0 0 0 0 0 
12487 1 0 0 0 0 0 0 0 0 0 0 0 0 0 1 0 0 0 0 0 0 0 
12502 7 0 0 0 0 0 0 0 0 0 0 0 0 0 7 0 0 0 0 0 0 0 
12517 8 0 0 0 0 0 0 0 0 0 0 0 0 0 8 0 0 0 0 0 0 0 
12547 16 0 0 0 0 0 0 0 0 0 0 0 0 0 16 0 0 0 0 0 0 0 
12562 8 0 0 0 0 0 0 0 0 0 0 0 0 0 8 0 0 0 0 0 0 0 
12607 6 0 0 0 0 0 0 0 0 0 0 0 0 0 6 0 0 0 0 0 0 0 
12622 8 0 0 0 0 0 0 0 0 0 0 0 0 0 8 0 0 0 0 0 0 0 
12637 28 0 0 0 0 0 0 0 0 0 0 0 0 0 28 0 0 0 0 0 0 0 
12652 8 0 0 0 0 0 0 0 0 0 0 0 0 0 8 0 0 0 0 0 0 0 
12667 6 0 0 0 0 0 0 0 0 0 0 0 0 0 6 0 0 0 0 0 0 0 
12682 9 0 0 0 0 0 0 0 0 0 0 0 0 0 9 0 0 0 0 0 0 0 
12683 6 0 0 0 0 0 0 0 0 0 0 0 0 0 9 0 6 0 0 0 0 0 
12697 27 0 0 0 0 0 0 0 0 0 0 0 0 0 27 0 6 0 0 0 0 0 
12698 8 0 0 0 0 0 0 0 0 0 0 0 0 0 27 0 8 0 0 0 0 0 
12712 38 0 0 0 0 0 0 0 0 0 0 0 0 0 38 0 8 0 0 0 0 0 
12713 18 0 0 0 0 0 0 0 0 0 0 0 0 0 38 0 18 0 0 0 0 0 
12727 6 0 0 0 0 0 0 0 0 0 0 0 0 0 6 0 18 0 0 0 0 0 
12728 8 0 0 0 0 0 0 0 0 0 0 0 0 0 6 0 8 0 0 0 0 0 
12743 7 0 0 0 0 0 0 0 0 0 0 0 0 0 8 0 6 0 0 0 0 0 
12758 8 0 0 0 0 0 0 0 0 0 0 0 0 0 8 0 8 0 0 0 0 0 
12787 3 0 0 0 0 0 0 0 0 0 0 0 0 0 3 0 8 0 0 0 0 0 
12788 18 0 0 0 0 0 0 0 0 0 0 0 0 0 3 0 18 0 0 0 0 0 
12802 165 0 0 0 0 0 0 0 0 0 0 0 0 0 165 0 18 0 0 0 0 0 
12803 6 0 0 0 0 0 0 0 0 0 0 0 0 0 165 0 6 0 0 0 0 0 
12817 18 0 0 0 0 0 0 0 0 0 0 0 0 0 18 0 6 0 0 0 0 0 
12818 8 0 0 0 0 0 0 0 0 0 0 0 0 0 18 0 8 0 0 0 0 0 
12847 6 0 0 0 0 0 0 0 0 0 0 0 0 0 6 0 8 0 0 0 0 0 
12862 8 0 0 0 0 0 0 0 0 0 0 0 0 0 8 0 8 0 0 0 0 0 
12863 6 0 0 0 0 0 0 0 0 0 0 0 0 0 8 0 6 0 0 0 0 0 
12878 5 0 0 0 0 0 0 0 0 0 0 0 0 0 8 0 5 0 0 0 0 0 
12892 0 0 0 0 0 0 0 0 0 0 0 0 0 0 0 0 5 0 0 0 0 0 
12893 37 0 0 0 0 0 0 0 0 0 0 0 0 0 0 0 37 0 0 0 0 0 
12908 8 0 0 0 0 0 0 0 0 0 0 0 0 0 0 0 8 0 0 0 0 0 
12923 24 0 0 0 0 0 0 0 0 0 0 0 0 0 0 0 24 0 0 0 0 0 
12938 8 0 0 0 0 0 0 0 0 0 0 0 0 0 0 0 8 0 0 0 0 0 
12983 6 0 0 0 0 0 0 0 0 0 0 0 0 0 0 0 6 0 0 0 0 0 
12998 5 0 0 0 0 0 0 0 0 0 0 0 0 0 0 0 5 0 0 0 0 0 
13013 47 0 0 0 0 0 0 0 0 0 0 0 0 0 0 0 47 0 0 0 0 0 
13028 0 0 0 0 0 0 0 0 0 0 0 0 0 0 0 0 0 0 0 0 0 0 
13381 0 1 0 1 0 0 0 0 0 0 0 0 0 0 0 0 0 0 0 0 0 0 
13396 0 19 0 19 0 0 0 0 0 0 0 0 0 0 0 0 0 0 0 0 0 0 
13411 0 3 0 3 0 0 0 0 0 0 0 0 0 0 0 0 0 0 0 0 0 0 
13426 0 4 0 4 0 0 0 0 0 0 0 0 0 0 0 0 0 0 0 0 0 0 
13456 0 15 0 15 0 0 0 0 0 0 0 0 0 0 0 0 0 0 0 0 0 0 
13471 0 3 0 3 0 0 0 0 0 0 0 0 0 0 0 0 0 0 0 0 0 0 
13486 0 4 0 4 0 0 0 0 0 0 0 0 0 0 0 0 0 0 0 0 0 0 
13516 0 0 0 0 0 0 0 0 0 0 0 0 0 0 0 0 0 0 0 0 0 0 
13610 4 0 0 0 0 0 0 0 0 0 4 0 0 0 0 0 0 0 0 0 0 0 
13640 7 0 0 0 0 0 0 0 0 0 7 0 0 0 0 0 0 0 0 0 0 0 
13655 1 0 0 0 0 0 0 0 0 0 1 0 0 0 0 0 0 0 0 0 0 0 
13670 0 0 0 0 0 0 0 0 0 0 0 0 0 0 0 0 0 0 0 0 0 0 
14236 0 1 0 1 0 0 0 0 0 0 0 0 0 0 0 0 0 0 0 0 0 0 
14251 0 3 0 3 0 0 0 0 0 0 0 0 0 0 0 0 0 0 0 0 0 0 
14266 0 4 0 4 0 0 0 0 0 0 0 0 0 0 0 0 0 0 0 0 0 0 
14311 0 3 0 3 0 0 0 0 0 0 0 0 0 0 0 0 0 0 0 0 0 0 
14326 0 4 0 4 0 0 0 0 0 0 0 0 0 0 0 0 0 0 0 0 0 0 
14371 0 3 0 3 0 0 0 0 0 0 0 0 0 0 0 0 0 0 0 0 0 0 
14386 0 4 0 4 0 0 0 0 0 0 0 0 0 0 0 0 0 0 0 0 0 0 
14401 0 19 0 19 0 0 0 0 0 0 0 0 0 0 0 0 0 0 0 0 0 0 
14416 0 4 0 4 0 0 0 0 0 0 0 0 0 0 0 0 0 0 0 0 0 0 
14431 0 0 0 0 0 0 0 0 0 0 0 0 0 0 0 0 0 0 0 0 0 0 
14510 4 0 0 0 0 0 0 0 0 0 4 0 0 0 0 0 0 0 0 0 0 0 
14525 6 0 0 0 0 0 0 0 0 0 6 0 0 0 0 0 0 0 0 0 0 0 
14540 8 0 0 0 0 0 0 0 0 0 8 0 0 0 0 0 0 0 0 0 0 0 
14555 6 0 0 0 0 0 0 0 0 0 6 0 0 0 0 0 0 0 0 0 0 0 
14570 18 0 0 0 0 0 0 0 0 0 18 0 0 0 0 0 0 0 0 0 0 0 
14585 8 0 0 0 0 0 0 0 0 0 8 0 0 0 0 0 0 0 0 0 0 0 
14615 16 0 0 0 0 0 0 0 0 0 16 0 0 0 0 0 0 0 0 0 0 0 
14630 18 0 0 0 0 0 0 0 0 0 18 0 0 0 0 0 0 0 0 0 0 0 
14660 8 0 0 0 0 0 0 0 0 0 8 0 0 0 0 0 0 0 0 0 0 0 
14675 6 0 0 0 0 0 0 0 0 0 6 0 0 0 0 0 0 0 0 0 0 0 
14690 8 0 0 0 0 0 0 0 0 0 8 0 0 0 0 0 0 0 0 0 0 0 
14735 2 0 0 0 0 0 0 0 0 0 2 0 0 0 0 0 0 0 0 0 0 0 
14750 0 0 0 0 0 0 0 0 0 0 0 0 0 0 0 0 0 0 0 0 0 0 
15439 0 1 0 0 0 0 0 0 0 1 0 0 0 0 0 0 0 0 0 0 0 0 
15454 0 4 0 0 0 0 0 0 0 4 0 0 0 0 0 0 0 0 0 0 0 0 
15469 0 23 0 0 0 0 0 0 0 23 0 0 0 0 0 0 0 0 0 0 0 0 
15484 0 4 0 0 0 0 0 0 0 4 0 0 0 0 0 0 0 0 0 0 0 0 
15499 0 3 0 0 0 0 0 0 0 3 0 0 0 0 0 0 0 0 0 0 0 0 
15514 0 4 0 0 0 0 0 0 0 4 0 0 0 0 0 0 0 0 0 0 0 0 
15559 0 3 0 0 0 0 0 0 0 3 0 0 0 0 0 0 0 0 0 0 0 0 
15574 0 4 0 0 0 0 0 0 0 4 0 0 0 0 0 0 0 0 0 0 0 0 
15604 0 3 0 0 0 0 0 0 0 3 0 0 0 0 0 0 0 0 0 0 0 0 
15608 1 0 0 0 0 0 0 0 0 3 0 0 0 0 0 0 1 0 0 0 0 0 
15619 0 0 0 0 0 0 0 0 0 0 0 0 0 0 0 0 1 0 0 0 0 0 
15801 4 0 0 0 0 0 0 0 0 0 0 0 8 0 0 0 0 0 0 0 0 0 
15831 6 0 0 0 0 0 0 0 0 0 0 0 6 0 0 0 0 0 0 0 0 0 
15846 18 0 0 0 0 0 0 0 0 0 0 0 18 0 0 0 0 0 0 0 0 0 
15861 8 0 0 0 0 0 0 0 0 0 0 0 8 0 0 0 0 0 0 0 0 0 
15891 6 0 0 0 0 0 0 0 0 0 0 0 6 0 0 0 0 0 0 0 0 0 
15906 18 0 0 0 0 0 0 0 0 0 0 0 18 0 0 0 0 0 0 0 0 0 
15921 8 0 0 0 0 0 0 0 0 0 0 0 8 0 0 0 0 0 0 0 0 0 
15951 6 0 0 0 0 0 0 0 0 0 0 0 6 0 0 0 0 0 0 0 0 0 
15966 8 0 0 0 0 0 0 0 0 0 0 0 8 0 0 0 0 0 0 0 0 0 
16011 6 0 0 0 0 0 0 0 0 0 0 0 6 0 0 0 0 0 0 0 0 0 
16026 8 0 0 0 0 0 0 0 0 0 0 0 8 0 0 0 0 0 0 0 0 0 
16071 6 0 0 0 0 0 0 0 0 0 0 0 6 0 0 0 0 0 0 0 0 0 
16086 8 0 0 0 0 0 0 0 0 0 0 0 8 0 0 0 0 0 0 0 0 0 
16101 42 0 0 0 0 0 0 0 0 0 0 0 42 0 0 0 0 0 0 0 0 0 
16116 8 0 0 0 0 0 0 0 0 0 0 0 8 0 0 0 0 0 0 0 0 0 
16131 3 0 0 0 0 0 0 0 0 0 0 0 3 0 0 0 0 0 0 0 0 0 
16146 0 0 0 0 0 0 0 0 0 0 0 0 0 0 0 0 0 0 0 0 0 0 
16510 0 3 0 0 0 0 0 0 0 0 0 0 0 0 0 0 0 0 0 0 0 3 
16525 0 4 0 0 0 0 0 0 0 0 0 0 0 0 0 0 0 0 0 0 0 4 
16540 0 15 0 0 0 0 0 0 0 0 0 0 0 0 0 0 0 0 0 0 0 15 
16555 0 3 0 0 0 0 0 0 0 0 0 0 0 0 0 0 0 0 0 0 0 3 
16570 0 24 0 0 0 0 0 0 0 0 0 0 0 0 0 0 0 0 0 0 0 24 
16585 0 4 0 0 0 0 0 0 0 0 0 0 0 0 0 0 0 0 0 0 0 4 
16615 0 3 0 0 0 0 0 0 0 0 0 0 0 0 0 0 0 0 0 0 0 3 
16630 0 19 0 0 0 0 0 0 0 0 0 0 0 0 0 0 0 0 0 0 0 19 
16645 0 2 0 0 0 0 0 0 0 0 0 0 0 0 0 0 0 0 0 0 0 2 
16660 0 0 0 0 0 0 0 0 0 0 0 0 0 0 0 0 0 0 0 0 0 0 
16876 0 4 0 4 0 0 0 0 0 0 0 0 0 0 0 0 0 0 0 0 0 0 
16891 0 14 0 14 0 0 0 0 0 0 0 0 0 0 0 0 0 0 0 0 0 0 
16906 0 4 0 4 0 0 0 0 0 0 0 0 0 0 0 0 0 0 0 0 0 0 
16936 0 15 0 15 0 0 0 0 0 0 0 0 0 0 0 0 0 0 0 0 0 0 
16951 0 3 0 3 0 0 0 0 0 0 0 0 0 0 0 0 0 0 0 0 0 0 
16966 0 4 0 4 0 0 0 0 0 0 0 0 0 0 0 0 0 0 0 0 0 0 
16968 6 0 0 4 0 0 6 0 0 0 0 0 0 0 0 0 0 0 0 0 0 0 
16981 0 2 0 2 0 0 6 0 0 0 0 0 0 0 0 0 0 0 0 0 0 0 
16996 0 0 0 0 0 0 6 0 0 0 0 0 0 0 0 0 0 0 0 0 0 0 
16998 8 0 0 0 0 0 8 0 0 0 0 0 0 0 0 0 0 0 0 0 0 0 
17013 26 0 0 0 0 0 26 0 0 0 0 0 0 0 0 0 0 0 0 0 0 0 
17028 8 0 0 0 0 0 8 0 0 0 0 0 0 0 0 0 0 0 0 0 0 0 
17043 3 0 0 0 0 0 3 0 0 0 0 0 0 0 0 0 0 0 0 0 0 0 
17058 29 0 0 0 0 0 29 0 0 0 0 0 0 0 0 0 0 0 0 0 0 0 
17073 8 0 0 0 0 0 8 0 0 0 0 0 0 0 0 0 0 0 0 0 0 0 
17103 6 0 0 0 0 0 6 0 0 0 0 0 0 0 0 0 0 0 0 0 0 0 
17118 8 0 0 0 0 0 8 0 0 0 0 0 0 0 0 0 0 0 0 0 0 0 
17163 6 0 0 0 0 0 6 0 0 0 0 0 0 0 0 0 0 0 0 0 0 0 
17178 8 0 0 0 0 0 8 0 0 0 0 0 0 0 0 0 0 0 0 0 0 0 
17193 5 0 0 0 0 0 5 0 0 0 0 0 0 0 0 0 0 0 0 0 0 0 
17200 0 1 0 0 0 0 5 0 0 0 0 0 0 0 0 0 0 0 0 0 0 1 
17208 53 0 0 0 0 0 53 0 0 0 0 0 0 0 0 0 0 0 0 0 0 1 
17215 0 14 0 0 0 0 53 0 0 0 0 0 0 0 0 0 0 0 0 0 0 14 
17222 7 0 0 0 7 0 53 0 0 0 0 0 0 0 0 0 0 0 0 0 0 14 
17223 6 0 0 0 7 0 6 0 0 0 0 0 0 0 0 0 0 0 0 0 0 14 
17230 0 4 0 0 7 0 6 0 0 0 0 0 0 0 0 0 0 0 0 0 0 4 
17237 3 0 0 0 3 0 6 0 0 0 0 0 0 0 0 0 0 0 0 0 0 4 
17238 5 0 0 0 3 0 5 0 0 0 0 0 0 0 0 0 0 0 0 0 0 4 
17245 0 0 0 0 3 0 5 0 0 0 0 0 0 0 0 0 0 0 0 0 0 0 
17252 2 0 0 0 2 0 5 0 0 0 0 0 0 0 0 0 0 0 0 0 0 0 
17253 45 0 0 0 2 0 45 0 0 0 0 0 0 0 0 0 0 0 0 0 0 0 
17260 0 -1 0 0 2 0 45 0 0 0 0 0 0 0 0 0 0 0 0 0 0 -1 
17267 0 0 0 0 0 0 45 0 0 0 0 0 0 0 0 0 0 0 0 0 0 -1 
17268 8 0 0 0 0 0 8 0 0 0 0 0 0 0 0 0 0 0 0 0 0 -1 
17275 0 0 0 0 0 0 8 0 0 0 0 0 0 0 0 0 0 0 0 0 0 0 
17283 6 0 0 0 0 0 6 0 0 0 0 0 0 0 0 0 0 0 0 0 0 0 
17298 14 0 0 0 0 0 14 0 0 0 0 0 0 0 0 0 0 0 0 0 0 0 
17313 0 0 0 0 0 0 0 0 0 0 0 0 0 0 0 0 0 0 0 0 0 0 
17425 0 3 0 0 0 0 0 0 0 0 0 0 0 0 0 0 0 0 0 0 0 3 
17440 0 15 0 0 0 0 0 0 0 0 0 0 0 0 0 0 0 0 0 0 0 15 
17455 0 0 0 0 0 0 0 0 0 0 0 0 0 0 0 0 0 0 0 0 0 0 
17560 0 1 0 0 0 0 0 0 0 0 0 0 0 0 0 0 0 0 0 0 0 1 
17575 0 3 0 0 0 0 0 0 0 0 0 0 0 0 0 0 0 0 0 0 0 3 
17590 0 4 0 0 0 0 0 0 0 0 0 0 0 0 0 0 0 0 0 0 0 4 
17635 0 3 0 0 0 0 0 0 0 0 0 0 0 0 0 0 0 0 0 0 0 3 
17650 0 1 0 0 0 0 0 0 0 0 0 0 0 0 0 0 0 0 0 0 0 1 
17665 0 0 0 0 0 0 0 0 0 0 0 0 0 0 0 0 0 0 0 0 0 0 
17752 0 6 0 0 0 0 0 0 0 0 0 0 0 0 0 6 0 0 0 0 0 0 
17767 0 3 0 0 0 0 0 0 0 0 0 0 0 0 0 3 0 0 0 0 0 0 
17782 0 12 0 0 0 0 0 0 0 0 0 0 0 0 0 12 0 0 0 0 0 0 
17797 0 7 0 0 0 0 0 0 0 0 0 0 0 0 0 7 0 0 0 0 0 0 
17812 0 18 0 0 0 0 0 0 0 0 0 0 0 0 0 18 0 0 0 0 0 0 
17827 0 5 0 0 0 0 0 0 0 0 0 0 0 0 0 5 0 0 0 0 0 0 
17842 0 14 0 0 0 0 0 0 0 0 0 0 0 0 0 14 0 0 0 0 0 0 
17857 0 2 0 0 0 0 0 0 0 0 0 0 0 0 0 2 0 0 0 0 0 0 
17872 0 4 0 0 0 0 0 0 0 0 0 0 0 0 0 4 0 0 0 0 0 0 
17887 0 3 0 0 0 0 0 0 0 0 0 0 0 0 0 3 0 0 0 0 0 0 
17888 0 7 0 0 0 0 0 0 0 0 0 0 0 0 0 3 0 7 0 0 0 0 
17902 0 6 0 0 0 0 0 0 0 0 0 0 0 0 0 6 0 7 0 0 0 0 
17903 0 3 0 0 0 0 0 0 0 0 0 0 0 0 0 6 0 3 0 0 0 0 
17918 0 16 0 0 0 0 0 0 0 0 0 0 0 0 0 6 0 16 0 0 0 0 
17932 0 0 0 0 0 0 0 0 0 0 0 0 0 0 0 0 0 16 0 0 0 0 
17933 0 2 0 0 0 0 0 0 0 0 0 0 0 0 0 0 0 2 0 0 0 0 
17947 0 3 0 0 0 0 0 0 0 0 0 0 0 0 0 3 0 2 0 0 0 0 
17948 0 9 0 0 0 0 0 0 0 0 0 0 0 0 0 3 0 9 0 0 0 0 
17962 0 4 0 0 0 0 0 0 0 0 0 0 0 0 0 4 0 9 0 0 0 0 
17963 0 7 0 0 0 0 0 0 0 0 0 0 0 0 0 4 0 7 0 0 0 0 
17977 0 6 0 0 0 0 0 0 0 0 0 0 0 0 0 6 0 7 0 0 0 0 
17978 0 12 0 0 0 0 0 0 0 0 0 0 0 0 0 6 0 12 0 0 0 0 
17992 0 4 0 0 0 0 0 0 0 0 0 0 0 0 0 4 0 12 0 0 0 0 
17993 0 2 0 0 0 0 0 0 0 0 0 0 0 0 0 4 0 2 0 0 0 0 
18007 0 3 0 0 0 0 0 0 0 0 0 0 0 0 0 3 0 2 0 0 0 0 
18008 0 4 0 0 0 0 0 0 0 0 0 0 0 0 0 3 0 4 0 0 0 0 
18022 0 0 0 0 0 0 0 0 0 0 0 0 0 0 0 0 0 4 0 0 0 0 
18023 0 3 0 0 0 0 0 0 0 0 0 0 0 0 0 0 0 3 0 0 0 0 
18038 0 16 0 0 0 0 0 0 0 0 0 0 0 0 0 0 0 16 0 0 0 0 
18053 0 5 0 0 0 0 0 0 0 0 0 0 0 0 0 0 0 5 0 0 0 0 
18068 0 1 0 0 0 0 0 0 0 0 0 0 0 0 0 0 0 1 0 0 0 0 
18083 0 3 0 0 0 0 0 0 0 0 0 0 0 0 0 0 0 3 0 0 0 0 
18098 0 4 0 0 0 0 0 0 0 0 0 0 0 0 0 0 0 4 0 0 0 0 
18113 0 6 0 0 0 0 0 0 0 0 0 0 0 0 0 0 0 6 0 0 0 0 
18143 0 0 0 0 0 0 0 0 0 0 0 0 0 0 0 0 0 0 0 0 0 0 
18188 0 1 0 0 0 0 0 0 0 0 0 0 0 0 0 0 0 1 0 0 0 0 
18203 0 3 0 0 0 0 0 0 0 0 0 0 0 0 0 0 0 3 0 0 0 0 
18218 0 4 0 0 0 0 0 0 0 0 0 0 0 0 0 0 0 4 0 0 0 0 
18263 0 3 0 0 0 0 0 0 0 0 0 0 0 0 0 0 0 3 0 0 0 0 
18278 0 4 0 0 0 0 0 0 0 0 0 0 0 0 0 0 0 4 0 0 0 0 
18293 0 0 0 0 0 0 0 0 0 0 0 0 0 0 0 0 0 0 0 0 0 0 
18442 0 4 0 0 0 0 0 0 0 0 0 0 0 0 0 4 0 0 0 0 0 0 
18473 0 3 0 0 0 0 0 0 0 0 0 0 0 0 0 4 0 3 0 0 0 0 
18488 0 3.5 0 0 0 0 0 0 0 0 0 0 0 0 0 3 0 4 0 0 0 0 
18502 0 4 0 0 0 0 0 0 0 0 0 0 0 0 0 4 0 4 0 0 0 0 
18503 0 3 0 0 0 0 0 0 0 0 0 0 0 0 0 4 0 3 0 0 0 0 
18518 0 4 0 0 0 0 0 0 0 0 0 0 0 0 0 4 0 4 0 0 0 0 
18547 0 3 0 0 0 0 0 0 0 0 0 0 0 0 0 3 0 4 0 0 0 0 
18548 0 0 0 0 0 0 0 0 0 0 0 0 0 0 0 3 0 0 0 0 0 0 
18562 0 4 0 0 0 0 0 0 0 0 0 0 0 0 0 4 0 0 0 0 0 0 
18577 0 0 0 0 0 0 0 0 0 0 0 0 0 0 0 0 0 0 0 0 0 0 
18772 0 1 0 0 0 0 0 0 0 0 0 0 0 0 0 1 0 0 0 0 0 0 
18787 0 3 0 0 0 0 0 0 0 0 0 0 0 0 0 3 0 0 0 0 0 0 
18802 0 4 0 0 0 0 0 0 0 0 0 0 0 0 0 4 0 0 0 0 0 0 
18847 0 3 0 0 0 0 0 0 0 0 0 0 0 0 0 3 0 0 0 0 0 0 
18862 0 4 0 0 0 0 0 0 0 0 0 0 0 0 0 4 0 0 0 0 0 0 
18907 0 3 0 0 0 0 0 0 0 0 0 0 0 0 0 3 0 0 0 0 0 0 
18922 0 0 0 0 0 0 0 0 0 0 0 0 0 0 0 0 0 0 0 0 0 0 
19522 0 1 0 0 0 0 0 0 0 0 0 0 0 0 0 1 0 0 0 0 0 0 
19537 0 4 0 0 0 0 0 0 0 0 0 0 0 0 0 4 0 0 0 0 0 0 
19552 0 15 0 0 0 0 0 0 0 0 0 0 0 0 0 15 0 0 0 0 0 0 
19567 0 3 0 0 0 0 0 0 0 0 0 0 0 0 0 3 0 0 0 0 0 0 
19582 0 4 0 0 0 0 0 0 0 0 0 0 0 0 0 4 0 0 0 0 0 0 
19610 0 9 0 0 0 0 0 0 0 0 0 9 0 0 0 4 0 0 0 0 0 0 
19625 0 22 0 0 0 0 0 0 0 0 0 22 0 0 0 4 0 0 0 0 0 0 
19627 0 3 0 0 0 0 0 0 0 0 0 22 0 0 0 3 0 0 0 0 0 0 
19640 0 7 0 0 0 0 0 0 0 0 0 7 0 0 0 3 0 0 0 0 0 0 
19642 0 1 0 0 0 0 0 0 0 0 0 7 0 0 0 1 0 0 0 0 0 0 
19655 0 0 0 0 0 0 0 0 0 0 0 0 0 0 0 1 0 0 0 0 0 0 
19670 0 3.5 0 0 0 0 0 0 0 0 0 7 0 0 0 0 0 0 0 0 0 0 
19685 0 6 0 0 0 0 0 0 0 0 0 6 0 0 0 0 0 0 0 0 0 0 
19700 0 14 0 0 0 0 0 0 0 0 0 14 0 0 0 0 0 0 0 0 0 0 
19715 0 1 0 0 0 0 0 0 0 0 0 1 0 0 0 0 0 0 0 0 0 0 
19730 0 4 0 0 0 0 0 0 0 0 0 4 0 0 0 0 0 0 0 0 0 0 
19760 0 6 0 0 0 0 0 0 0 0 0 6 0 0 0 0 0 0 0 0 0 0 
19775 0 3 0 0 0 0 0 0 0 0 0 3 0 0 0 0 0 0 0 0 0 0 
19820 0 4 0 0 0 0 0 0 0 0 0 4 0 0 0 0 0 0 0 0 0 0 
19835 0 5 0 0 0 0 0 0 0 0 0 5 0 0 0 0 0 0 0 0 0 0 
19850 0 4 0 0 0 0 0 0 0 0 0 4 0 0 0 0 0 0 0 0 0 0 
19880 0 0 0 0 0 0 0 0 0 0 0 0 0 0 0 0 0 0 0 0 0 0 
19989 6 0 0 0 0 0 0 0 0 0 0 0 0 0 0 0 0 0 6 0 0 0 
20004 18 0 0 0 0 0 0 0 0 0 0 0 0 0 0 0 0 0 18 0 0 0 
20019 6 0 0 0 0 0 0 0 0 0 0 0 0 0 0 0 0 0 6 0 0 0 
20034 8 0 0 0 0 0 0 0 0 0 0 0 0 0 0 0 0 0 8 0 0 0 
20049 34 0 0 0 0 0 0 0 0 0 0 0 0 0 0 0 0 0 34 0 0 0 
20064 8 0 0 0 0 0 0 0 0 0 0 0 0 0 0 0 0 0 8 0 0 0 
20079 7 0 0 0 0 0 0 0 0 0 0 0 0 0 0 0 0 0 7 0 0 0 
20109 8 0 0 0 0 0 0 0 0 0 0 0 0 0 0 0 0 0 8 0 0 0 
20139 6 0 0 0 0 0 0 0 0 0 0 0 0 0 0 0 0 0 6 0 0 0 
20154 34 0 0 0 0 0 0 0 0 0 0 0 0 0 0 0 0 0 34 0 0 0 
20169 8 0 0 0 0 0 0 0 0 0 0 0 0 0 0 0 0 0 8 0 0 0 
20199 6 0 0 0 0 0 0 0 0 0 0 0 0 0 0 0 0 0 6 0 0 0 
20214 8 0 0 0 0 0 0 0 0 0 0 0 0 0 0 0 0 0 8 0 0 0 
20229 18 0 0 0 0 0 0 0 0 0 0 0 0 0 0 0 0 0 18 0 0 0 
20244 8 0 0 0 0 0 0 0 0 0 0 0 0 0 0 0 0 0 8 0 0 0 
20259 6 0 0 0 0 0 0 0 0 0 0 0 0 0 0 0 0 0 6 0 0 0 
20274 8 0 0 0 0 0 0 0 0 0 0 0 0 0 0 0 0 0 8 0 0 0 
20319 6 0 0 0 0 0 0 0 0 0 0 0 0 0 0 0 0 0 6 0 0 0 
20334 8 0 0 0 0 0 0 0 0 0 0 0 0 0 0 0 0 0 8 0 0 0 
20349 18 0 0 0 0 0 0 0 0 0 0 0 0 0 0 0 0 0 18 0 0 0 
20364 6 0 0 0 0 0 0 0 0 0 0 0 0 0 0 0 0 0 6 0 0 0 
20379 0 0 0 0 0 0 0 0 0 0 0 0 0 0 0 0 0 0 0 0 0 0 
20494 7 0 0 0 0 0 0 0 7 0 0 0 0 0 0 0 0 0 0 0 0 0 
20509 5 0 0 0 0 0 0 0 5 0 0 0 0 0 0 0 0 0 0 0 0 0 
20524 4 0 0 0 0 0 0 0 4 0 0 0 0 0 0 0 0 0 0 0 0 0 
20539 0 0 0 0 0 0 0 0 0 0 0 0 0 0 0 0 0 0 0 0 0 0 
20738 0 2 0 0 0 0 0 0 0 0 0 0 0 0 0 0 0 2 0 0 0 0 
20753 0 15 0 0 0 0 0 0 0 0 0 0 0 0 0 0 0 15 0 0 0 0 
20768 0 4 0 0 0 0 0 0 0 0 0 0 0 0 0 0 0 4 0 0 0 0 
20783 0 38 0 0 0 0 0 0 0 0 0 0 0 0 0 0 0 38 0 0 0 0 
20798 0 3 0 0 0 0 0 0 0 0 0 0 0 0 0 0 0 3 0 0 0 0 
20813 0 0 0 0 0 0 0 0 0 0 0 0 0 0 0 0 0 0 0 0 0 0 
21006 3 0 0 0 0 0 0 0 0 0 0 0 3 0 0 0 0 0 0 0 0 0 
21021 5 0 0 0 0 0 0 0 0 0 0 0 5 0 0 0 0 0 0 0 0 0 
21036 6 0 0 0 0 0 0 0 0 0 0 0 6 0 0 0 0 0 0 0 0 0 
21051 0 0 0 0 0 0 0 0 0 0 0 0 0 0 0 0 0 0 0 0 0 0 
22173 0 8 0 0 0 0 0 8 0 0 0 0 0 0 0 0 0 0 0 0 0 0 
22203 0 11 0 0 0 0 0 11 0 0 0 0 0 0 0 0 0 0 0 0 0 0 
22218 0 7 0 0 0 0 0 7 0 0 0 0 0 0 0 0 0 0 0 0 0 0 
22233 0 4 0 0 0 0 0 4 0 0 0 0 0 0 0 0 0 0 0 0 0 0 
22248 0 16 0 0 0 0 0 16 0 0 0 0 0 0 0 0 0 0 0 0 0 0 
22249 2 0 0 0 0 0 0 16 2 0 0 0 0 0 0 0 0 0 0 0 0 0 
22263 0 2 0 0 0 0 0 2 2 0 0 0 0 0 0 0 0 0 0 0 0 0 
22264 8 0 0 0 0 0 0 2 8 0 0 0 0 0 0 0 0 0 0 0 0 0 
22278 0 3 0 0 0 0 0 3 8 0 0 0 0 0 0 0 0 0 0 0 0 0 
22279 6 0 0 0 0 0 0 3 6 0 0 0 0 0 0 0 0 0 0 0 0 0 
22291 0 4 0 4 0 0 0 3 6 0 0 0 0 0 0 0 0 0 0 0 0 0 
22294 2 2 0 4 0 0 0 4 4 0 0 0 0 0 0 0 0 0 0 0 0 0 
22295 1 0 0 4 0 0 0 4 4 0 1 0 0 0 0 0 0 0 0 0 0 0 
22306 0 10 0 10 0 0 0 4 4 0 1 0 0 0 0 0 0 0 0 0 0 0 
22308 0 16 0 10 0 0 0 16 4 0 1 0 0 0 0 0 0 0 0 0 0 0 
22309 0 0 0 10 0 0 0 16 0 0 1 0 0 0 0 0 0 0 0 0 0 0 
22321 0 3.5 0 7 0 0 0 16 0 0 0 0 0 0 0 0 0 0 0 0 0 0 
22323 0 3 0 7 0 0 0 3 0 0 0 0 0 0 0 0 0 0 0 0 0 0 
22338 0 4 0 7 0 0 0 4 0 0 0 0 0 0 0 0 0 0 0 0 0 0 
22351 0 0 0 0 0 0 0 4 0 0 0 0 0 0 0 0 0 0 0 0 0 0 
22353 0 2 0 0 0 0 0 2 0 0 0 0 0 0 0 0 0 0 0 0 0 0 
22368 0 4 0 0 0 0 0 4 0 0 0 0 0 0 0 0 0 0 0 0 0 0 
22383 0 3 0 0 0 0 0 3 0 0 0 0 0 0 0 0 0 0 0 0 0 0 
22398 0 6 0 0 0 0 0 6 0 0 0 0 0 0 0 0 0 0 0 0 0 0 
22413 0 5 0 0 0 0 0 5 0 0 0 0 0 0 0 0 0 0 0 0 0 0 
22428 0 0 0 0 0 0 0 0 0 0 0 0 0 0 0 0 0 0 0 0 0 0 
22487 2 0 0 0 2 0 0 0 0 0 0 0 0 0 0 0 0 0 0 0 0 0 
22502 8 0 0 0 8 0 0 0 0 0 0 0 0 0 0 0 0 0 0 0 0 0 
22503 0 1 0 0 8 0 0 1 0 0 0 0 0 0 0 0 0 0 0 0 0 0 
22517 6 0 0 0 6 0 0 1 0 0 0 0 0 0 0 0 0 0 0 0 0 0 
22518 0 4 0 0 6 0 0 4 0 0 0 0 0 0 0 0 0 0 0 0 0 0 
22523 2 0 0 0 6 0 0 4 0 0 0 0 0 0 0 0 2 0 0 0 0 0 
22525 0 9 0 0 6 0 0 4 0 0 0 0 0 0 0 0 2 0 0 0 0 9 
22532 8 0 0 0 8 0 0 4 0 0 0 0 0 0 0 0 2 0 0 0 0 9 
22538 0 0 0 0 8 0 0 4 0 0 0 0 0 0 0 0 0 0 0 0 0 9 
22540 0 12 0 0 8 0 0 4 0 0 0 0 0 0 0 0 0 0 0 0 0 12 
22547 6 0 0 0 6 0 0 4 0 0 0 0 0 0 0 0 0 0 0 0 0 12 
22555 0 7 0 0 6 0 0 4 0 0 0 0 0 0 0 0 0 0 0 0 0 7 
22562 8 0 0 0 8 0 0 4 0 0 0 0 0 0 0 0 0 0 0 0 0 7 
22563 0 3 0 0 8 0 0 3 0 0 0 0 0 0 0 0 0 0 0 0 0 7 
22578 0 4 0 0 8 0 0 4 0 0 0 0 0 0 0 0 0 0 0 0 0 7 
22585 0 6 0 0 8 0 0 4 0 0 0 0 0 0 0 0 0 0 0 0 0 6 
22600 0 24 0 0 8 0 0 4 0 0 0 0 0 0 0 0 0 0 0 0 0 24 
22607 6 0 0 0 6 0 0 4 0 0 0 0 0 0 0 0 0 0 0 0 0 24 
22615 0 1 0 0 6 0 0 4 0 0 0 0 0 0 0 0 0 0 0 0 0 1 
22622 8 0 0 0 8 0 0 4 0 0 0 0 0 0 0 0 0 0 0 0 0 1 
22623 0 0 0 0 8 0 0 0 0 0 0 0 0 0 0 0 0 0 0 0 0 1 
22630 0 4 0 0 8 0 0 0 0 0 0 0 0 0 0 0 0 0 0 0 0 4 
22660 0 6 0 0 8 0 0 0 0 0 0 0 0 0 0 0 0 0 0 0 0 6 
22667 3 0 0 0 3 0 0 0 0 0 0 0 0 0 0 0 0 0 0 0 0 6 
22675 0 3 0 0 3 0 0 0 0 0 0 0 0 0 0 0 0 0 0 0 0 3 
22682 29 0 0 0 29 0 0 0 0 0 0 0 0 0 0 0 0 0 0 0 0 3 
22697 6 0 0 0 6 0 0 0 0 0 0 0 0 0 0 0 0 0 0 0 0 3 
22700 2 0 0 0 6 0 0 0 0 0 2 0 0 0 0 0 0 0 0 0 0 3 
22712 8 0 0 0 8 0 0 0 0 0 2 0 0 0 0 0 0 0 0 0 0 3 
22715 0 0 0 0 8 0 0 0 0 0 0 0 0 0 0 0 0 0 0 0 0 3 
22716 5 0 0 0 8 0 0 0 0 0 0 0 5 0 0 0 0 0 0 0 0 3 
22720 0 4 0 0 8 0 0 0 0 0 0 0 5 0 0 0 0 0 0 0 0 4 
22727 6 0 0 0 6 0 0 0 0 0 0 0 5 0 0 0 0 0 0 0 0 4 
22735 3 2.5 0 0 6 0 0 0 0 0 0 0 6 0 0 0 0 0 0 0 0 5 
22742 8 0 0 0 8 0 0 0 0 0 0 0 6 0 0 0 0 0 0 0 0 5 
22746 9 0 0 0 8 0 0 0 0 0 0 0 9 0 0 0 0 0 0 0 0 5 
22750 0 4 0 0 8 0 0 0 0 0 0 0 9 0 0 0 0 0 0 0 0 4 
22757 1 0 0 0 1 0 0 0 0 0 0 0 9 0 0 0 0 0 0 0 0 4 
22761 8 0 0 0 1 0 0 0 0 0 0 0 8 0 0 0 0 0 0 0 0 4 
22772 0 0 0 0 0 0 0 0 0 0 0 0 8 0 0 0 0 0 0 0 0 4 
22791 3 0 0 0 0 0 0 0 0 0 0 0 6 0 0 0 0 0 0 0 0 0 
22806 8 0 0 0 0 0 0 0 0 0 0 0 8 0 0 0 0 0 0 0 0 0 
22836 9 0 0 0 0 0 0 0 0 0 0 0 9 0 0 0 0 0 0 0 0 0 
22840 0 1 0 0 0 0 0 0 0 0 0 0 9 0 0 0 0 0 0 0 0 1 
22851 6 0 0 0 0 0 0 0 0 0 0 0 6 0 0 0 0 0 0 0 0 1 
22855 0 0 0 0 0 0 0 0 0 0 0 0 6 0 0 0 0 0 0 0 0 0 
22866 5 0 0 0 0 0 0 0 0 0 0 0 5 0 0 0 0 0 0 0 0 0 
22881 89 0 0 0 0 0 0 0 0 0 0 0 89 0 0 0 0 0 0 0 0 0 
22896 0 0 0 0 0 0 0 0 0 0 0 0 0 0 0 0 0 0 0 0 0 0 
23245 0 3 0 0 0 0 0 0 0 0 0 0 0 0 0 0 0 0 0 0 0 3 
23256 8 0 0 0 0 0 0 0 0 0 0 0 8 0 0 0 0 0 0 0 0 3 
23260 0 4 0 0 0 0 0 0 0 0 0 0 8 0 0 0 0 0 0 0 0 4 
23271 6 0 0 0 0 0 0 0 0 0 0 0 6 0 0 0 0 0 0 0 0 4 
23275 0 3 0 0 0 0 0 0 0 0 0 0 6 0 0 0 0 0 0 0 0 3 
23286 8 0 0 0 0 0 0 0 0 0 0 0 8 0 0 0 0 0 0 0 0 3 
23290 0 27 0 0 0 0 0 0 0 0 0 0 8 0 0 0 0 0 0 0 0 27 
23301 4 0 0 0 0 0 0 0 0 0 0 0 4 0 0 0 0 0 0 0 0 27 
23305 0 -2 0 0 0 0 0 0 0 0 0 0 4 0 0 0 0 0 0 0 0 -2 
23316 0 0 0 0 0 0 0 0 0 0 0 0 0 0 0 0 0 0 0 0 0 -2 
23716 0 0.5 0 1 0 0 0 0 0 0 0 0 0 0 0 0 0 0 0 0 0 0 
23731 0 3 0 3 0 0 0 0 0 0 0 0 0 0 0 0 0 0 0 0 0 0 
23746 0 4 0 4 0 0 0 0 0 0 0 0 0 0 0 0 0 0 0 0 0 0 
23776 0 14 0 14 0 0 0 0 0 0 0 0 0 0 0 0 0 0 0 0 0 0 
23791 0 13 0 13 0 0 0 0 0 0 0 0 0 0 0 0 0 0 0 0 0 0 
23806 0 4 0 4 0 0 0 0 0 0 0 0 0 0 0 0 0 0 0 0 0 0 
23851 0 3 0 3 0 0 0 0 0 0 0 0 0 0 0 0 0 0 0 0 0 0 
23866 0 4 0 4 0 0 0 0 0 0 0 0 0 0 0 0 0 0 0 0 0 0 
23898 0 15 0 4 0 0 0 15 0 0 0 0 0 0 0 0 0 0 0 0 0 0 
23911 0 3 0 3 0 0 0 15 0 0 0 0 0 0 0 0 0 0 0 0 0 0 
23913 0 4 0 3 0 0 0 4 0 0 0 0 0 0 0 0 0 0 0 0 0 0 
23941 0 0 0 0 0 0 0 4 0 0 0 0 0 0 0 0 0 0 0 0 0 0 
23943 0 3 0 0 0 0 0 3 0 0 0 0 0 0 0 0 0 0 0 0 0 0 
23973 0 0 0 0 0 0 0 0 0 0 0 0 0 0 0 0 0 0 0 0 0 0 
24288 0 1 0 0 0 0 0 1 0 0 0 0 0 0 0 0 0 0 0 0 0 0 
24303 0 3 0 0 0 0 0 3 0 0 0 0 0 0 0 0 0 0 0 0 0 0 
24318 0 15 0 0 0 0 0 15 0 0 0 0 0 0 0 0 0 0 0 0 0 0 
24333 0 4 0 0 0 0 0 4 0 0 0 0 0 0 0 0 0 0 0 0 0 0 
24363 0 3 0 0 0 0 0 3 0 0 0 0 0 0 0 0 0 0 0 0 0 0 
24378 0 0 0 0 0 0 0 0 0 0 0 0 0 0 0 0 0 0 0 0 0 0 
24517 0 6 0 0 0 0 0 0 0 0 0 0 0 0 0 6 0 0 0 0 0 0 
24532 0 9 0 0 0 0 0 0 0 0 0 0 0 0 0 9 0 0 0 0 0 0 
24562 0 2 0 0 0 0 0 0 0 0 0 0 0 0 0 2 0 0 0 0 0 0 
24577 0 0 0 0 0 0 0 0 0 0 0 0 0 0 0 0 0 0 0 0 0 0 
24845 0 2 0 0 0 0 0 0 0 0 0 2 0 0 0 0 0 0 0 0 0 0 
24860 0 4 0 0 0 0 0 0 0 0 0 4 0 0 0 0 0 0 0 0 0 0 
24875 0 3 0 0 0 0 0 0 0 0 0 3 0 0 0 0 0 0 0 0 0 0 
24890 0 19 0 0 0 0 0 0 0 0 0 19 0 0 0 0 0 0 0 0 0 0 
24935 0 14 0 0 0 0 0 0 0 0 0 14 0 0 0 0 0 0 0 0 0 0 
24950 0 3 0 0 0 0 0 0 0 0 0 3 0 0 0 0 0 0 0 0 0 0 
24965 0 0 0 0 0 0 0 0 0 0 0 0 0 0 0 0 0 0 0 0 0 0 
25239 0 6 0 0 0 0 0 0 0 0 0 0 0 0 0 0 0 0 0 6 0 0 
25254 0 4 0 0 0 0 0 0 0 0 0 0 0 0 0 0 0 0 0 4 0 0 
25269 0 16 0 0 0 0 0 0 0 0 0 0 0 0 0 0 0 0 0 16 0 0 
25284 0 2 0 0 0 0 0 0 0 0 0 0 0 0 0 0 0 0 0 2 0 0 
25299 0 8 0 0 0 0 0 0 0 0 0 0 0 0 0 0 0 0 0 8 0 0 
25329 0 12 0 0 0 0 0 0 0 0 0 0 0 0 0 0 0 0 0 12 0 0 
25344 0 2 0 0 0 0 0 0 0 0 0 0 0 0 0 0 0 0 0 2 0 0 
25357 0 1 0 0 0 0 0 0 0 0 0 0 0 0 0 1 0 0 0 2 0 0 
25359 0 3 0 0 0 0 0 0 0 0 0 0 0 0 0 1 0 0 0 3 0 0 
25372 0 4 0 0 0 0 0 0 0 0 0 0 0 0 0 4 0 0 0 3 0 0 
25387 0 3.5 0 0 0 0 0 0 0 0 0 0 0 0 0 3 0 0 0 4 0 0 
25389 0 6 0 0 0 0 0 0 0 0 0 0 0 0 0 3 0 0 0 6 0 0 
25402 0 23 0 0 0 0 0 0 0 0 0 0 0 0 0 23 0 0 0 6 0 0 
25404 0 5 0 0 0 0 0 0 0 0 0 0 0 0 0 23 0 0 0 5 0 0 
25417 0 4 0 0 0 0 0 0 0 0 0 0 0 0 0 4 0 0 0 5 0 0 
25419 0 0 0 0 0 0 0 0 0 0 0 0 0 0 0 4 0 0 0 0 0 0 
25432 0 2 0 0 0 0 0 0 0 0 0 0 0 0 0 2 0 0 0 0 0 0 
25434 0 4 0 0 0 0 0 0 0 0 0 0 0 0 0 2 0 0 0 4 0 0 
25447 0 0 0 0 0 0 0 0 0 0 0 0 0 0 0 0 0 0 0 4 0 0 
25464 0 6 0 0 0 0 0 0 0 0 0 0 0 0 0 0 0 0 0 6 0 0 
25479 0 3 0 0 0 0 0 0 0 0 0 0 0 0 0 0 0 0 0 3 0 0 
25509 0 0 0 0 0 0 0 0 0 0 0 0 0 0 0 0 0 0 0 0 0 0 
25673 0 8 0 0 0 0 0 0 0 0 0 0 0 0 0 0 0 8 0 0 0 0 
25688 0 18 0 0 0 0 0 0 0 0 0 0 0 0 0 0 0 18 0 0 0 0 
25703 0 11 0 0 0 0 0 0 0 0 0 0 0 0 0 0 0 11 0 0 0 0 
25718 0 7 0 0 0 0 0 0 0 0 0 0 0 0 0 0 0 7 0 0 0 0 
25733 0 4 0 0 0 0 0 0 0 0 0 0 0 0 0 0 0 4 0 0 0 0 
25748 0 16 0 0 0 0 0 0 0 0 0 0 0 0 0 0 0 16 0 0 0 0 
25763 0 2 0 0 0 0 0 0 0 0 0 0 0 0 0 0 0 2 0 0 0 0 
25778 0 3 0 0 0 0 0 0 0 0 0 0 0 0 0 0 0 3 0 0 0 0 
25793 0 4 0 0 0 0 0 0 0 0 0 0 0 0 0 0 0 4 0 0 0 0 
25808 0 6 0 0 0 0 0 0 0 0 0 0 0 0 0 0 0 6 0 0 0 0 
25823 0 3 0 0 0 0 0 0 0 0 0 0 0 0 0 0 0 3 0 0 0 0 
25838 0 4 0 0 0 0 0 0 0 0 0 0 0 0 0 0 0 4 0 0 0 0 
25853 0 12 0 0 0 0 0 0 0 0 0 0 0 0 0 0 0 12 0 0 0 0 
25868 0 4 0 0 0 0 0 0 0 0 0 0 0 0 0 0 0 4 0 0 0 0 
25883 0 3 0 0 0 0 0 0 0 0 0 0 0 0 0 0 0 3 0 0 0 0 
25898 0 6 0 0 0 0 0 0 0 0 0 0 0 0 0 0 0 6 0 0 0 0 
25913 0 5 0 0 0 0 0 0 0 0 0 0 0 0 0 0 0 5 0 0 0 0 
25928 0 0 0 0 0 0 0 0 0 0 0 0 0 0 0 0 0 0 0 0 0 0 
25943 0 -16 0 0 0 0 0 0 0 0 0 0 0 0 0 0 0 -16 0 0 0 0 
25958 0 -12 0 0 0 0 0 0 0 0 0 0 0 0 0 0 0 -12 0 0 0 0 
25973 0 -17 0 0 0 0 0 0 0 0 0 0 0 0 0 0 0 -17 0 0 0 0 
25988 0 -12 0 0 0 0 0 0 0 0 0 0 0 0 0 0 0 -12 0 0 0 0 
26003 0 -6 0 0 0 0 0 0 0 0 0 0 0 0 0 0 0 -6 0 0 0 0 
26018 0 -7 0 0 0 0 0 0 0 0 0 0 0 0 0 0 0 -7 0 0 0 0 
26033 0 -4 0 0 0 0 0 0 0 0 0 0 0 0 0 0 0 -4 0 0 0 0 
26048 0 -3 0 0 0 0 0 0 0 0 0 0 0 0 0 0 0 -3 0 0 0 0 
26063 0 -6 0 0 0 0 0 0 0 0 0 0 0 0 0 0 0 -6 0 0 0 0 
26078 0 -7 0 0 0 0 0 0 0 0 0 0 0 0 0 0 0 -7 0 0 0 0 
26093 0 -4 0 0 0 0 0 0 0 0 0 0 0 0 0 0 0 -4 0 0 0 0 
26108 0 -2 0 0 0 0 0 0 0 0 0 0 0 0 0 0 0 -2 0 0 0 0 
26123 0 0 0 0 0 0 0 0 0 0 0 0 0 0 0 0 0 0 0 0 0 0 
26543 0 8 0 0 0 0 0 0 0 0 0 0 0 0 0 0 0 8 0 0 0 0 
26558 0 18 0 0 0 0 0 0 0 0 0 0 0 0 0 0 0 18 0 0 0 0 
26573 0 12 0 0 0 0 0 0 0 0 0 0 0 0 0 0 0 12 0 0 0 0 
26588 0 0 0 0 0 0 0 0 0 0 0 0 0 0 0 0 0 0 0 0 0 0 
26603 0 6 0 0 0 0 0 0 0 0 0 0 0 0 0 0 0 6 0 0 0 0 
26618 0 4 0 0 0 0 0 0 0 0 0 0 0 0 0 0 0 4 0 0 0 0 
26633 0 16 0 0 0 0 0 0 0 0 0 0 0 0 0 0 0 16 0 0 0 0 
26648 0 2 0 0 0 0 0 0 0 0 0 0 0 0 0 0 0 2 0 0 0 0 
26663 0 3 0 0 0 0 0 0 0 0 0 0 0 0 0 0 0 3 0 0 0 0 
26678 0 14 0 0 0 0 0 0 0 0 0 0 0 0 0 0 0 14 0 0 0 0 
26693 0 6 0 0 0 0 0 0 0 0 0 0 0 0 0 0 0 6 0 0 0 0 
26708 0 4 0 0 0 0 0 0 0 0 0 0 0 0 0 0 0 4 0 0 0 0 
26723 0 3 0 0 0 0 0 0 0 0 0 0 0 0 0 0 0 3 0 0 0 0 
26738 0 2 0 0 0 0 0 0 0 0 0 0 0 0 0 0 0 2 0 0 0 0 
26753 0 14 0 0 0 0 0 0 0 0 0 0 0 0 0 0 0 14 0 0 0 0 
26768 0 6 0 0 0 0 0 0 0 0 0 0 0 0 0 0 0 6 0 0 0 0 
26783 0 3 0 0 0 0 0 0 0 0 0 0 0 0 0 0 0 3 0 0 0 0 
26798 0 5 0 0 0 0 0 0 0 0 0 0 0 0 0 0 0 5 0 0 0 0 
26813 0 0 0 0 0 0 0 0 0 0 0 0 0 0 0 0 0 0 0 0 0 0 
26828 0 1 0 0 0 0 0 0 0 0 0 0 0 0 0 0 0 1 0 0 0 0 
26843 0 3 0 0 0 0 0 0 0 0 0 0 0 0 0 0 0 3 0 0 0 0 
26858 0 14 0 0 0 0 0 0 0 0 0 0 0 0 0 0 0 14 0 0 0 0 
26873 0 4 0 0 0 0 0 0 0 0 0 0 0 0 0 0 0 4 0 0 0 0 
26888 0 1 0 0 0 0 0 0 0 0 0 0 0 0 0 0 0 1 0 0 0 0 
26918 0 4 0 0 0 0 0 0 0 0 0 0 0 0 0 0 0 4 0 0 0 0 
26963 0 1 0 0 0 0 0 0 0 0 0 0 0 0 0 0 0 1 0 0 0 0 
26978 0 0 0 0 0 0 0 0 0 0 0 0 0 0 0 0 0 0 0 0 0 0 
