# ValueCount deltaRailways
10 0 0 0 0 0 0 0 0 0 0 0 0 0 0 0 0 0 0 0 0 0 0 
123 1 8 1 0 1 0 1 8 1 0 1 0 1 0 1 0 1 0 1 0 1 0 
124 2 9 2 0 2 0 2 8 2 9 2 0 2 0 2 0 2 0 2 0 2 0 
126 3 7 3 0 3 0 3 8 3 9 3 0 3 7 3 0 3 0 3 0 3 0 
136 4 6.5 4 6 4 0 4 8 4 9 4 0 4 7 4 0 4 0 4 7 4 0 
139 5 7 5 6 5 0 5 8 5 7 5 0 5 7 5 0 5 0 5 7 5 0 
141 6 10 6 6 6 0 6 8 6 7 6 0 6 10 6 0 6 0 6 7 6 0 
151 7 6.5 7 3 7 0 7 8 7 7 7 0 7 10 7 0 7 0 7 10 7 0 
153 8 12 8 3 8 0 8 12 8 7 8 0 8 10 8 0 8 0 8 10 8 0 
159 9 10.5 9 3 9 0 9 12 9 12 9 0 9 10 9 0 9 0 9 9 9 0 
166 10 12 10 12 10 0 10 12 10 12 10 0 10 10 10 0 10 0 10 9 10 0 
168 11 7 11 12 11 0 11 7 11 12 11 0 11 10 11 0 11 0 11 9 11 0 
171 12 4 12 12 12 0 12 7 12 7 12 0 12 1 12 0 12 0 12 9 12 0 
174 13 2 13 12 13 0 13 7 13 7 13 0 13 1 13 0 13 0 13 2 13 0 
181 14 7 14 7 14 0 14 7 14 7 14 0 14 1 14 0 14 0 14 2 14 0 
183 15 3 15 7 15 0 15 3 15 7 15 0 15 1 15 0 15 0 15 2 15 0 
184 16 6 16 7 16 0 16 3 16 6 16 0 16 1 16 0 16 0 16 2 16 0 
186 17 0 17 7 17 0 17 3 17 6 17 0 17 0 17 0 17 0 17 2 17 0 
198 18 5.33333 18 0 18 0 18 16 18 6 18 0 18 0 18 0 18 0 18 0 18 0 
199 19 13 19 0 19 0 19 16 19 13 19 0 19 0 19 0 19 0 19 0 19 0 
211 20 7 20 7 20 0 20 16 20 13 20 0 20 0 20 0 20 0 20 0 20 0 
213 21 2 21 7 21 0 21 2 21 13 21 0 21 0 21 0 21 0 21 0 21 0 
214 22 3 22 7 22 0 22 2 22 3 22 0 22 0 22 0 22 0 22 0 22 0 
226 23 6 23 6 23 0 23 2 23 3 23 0 23 0 23 0 23 0 23 0 23 0 
228 24 4 24 6 24 0 24 4 24 3 24 0 24 0 24 0 24 0 24 0 24 0 
241 25 9 25 14 25 0 25 4 25 4 25 0 25 0 25 0 25 0 25 0 25 0 
243 26 3 26 14 26 0 26 3 26 4 26 0 26 0 26 0 26 0 26 0 26 0 
256 27 2 27 2 27 0 27 3 27 4 27 0 27 0 27 0 27 0 27 0 27 0 
258 28 6 28 2 28 0 28 6 28 4 28 0 28 0 28 0 28 0 28 0 28 0 
259 29 5 29 2 29 0 29 6 29 5 29 0 29 0 29 0 29 0 29 0 29 0 
271 30 3 30 3 30 0 30 6 30 5 30 0 30 0 30 0 30 0 30 0 30 0 
273 31 4 31 3 31 0 31 4 31 5 31 0 31 0 31 0 31 0 31 0 31 0 
288 32 3.66667 32 4 32 0 32 3 32 4 32 0 32 0 32 0 32 0 32 0 32 0 
289 33 3 33 4 33 0 33 3 33 3 33 0 33 0 33 0 33 0 33 0 33 0 
301 34 6 34 6 34 0 34 3 34 3 34 0 34 0 34 0 34 0 34 0 34 0 
303 35 2 35 6 35 0 35 2 35 3 35 0 35 0 35 0 35 0 35 0 35 0 
318 36 4 36 6 36 0 36 4 36 3 36 0 36 0 36 0 36 0 36 0 36 0 
331 37 0 37 0 37 0 37 4 37 3 37 0 37 0 37 0 37 0 37 0 37 0 
333 38 6 38 0 38 0 38 6 38 3 38 0 38 0 38 0 38 0 38 0 38 0 
346 39 4.5 39 3 39 0 39 6 39 6 39 0 39 0 39 0 39 0 39 0 39 0 
348 40 4 40 3 40 0 40 4 40 6 40 0 40 0 40 0 40 0 40 0 40 0 
349 41 5 41 3 41 0 41 4 41 5 41 0 41 0 41 0 41 0 41 0 41 0 
351 42 3 42 3 42 0 42 4 42 5 42 0 42 3 42 0 42 0 42 0 42 0 
361 43 4 43 4 43 0 43 4 43 5 43 0 43 3 43 0 43 0 43 0 43 0 
376 44 4.66667 44 6 44 0 44 4 44 4 44 0 44 4 44 0 44 0 44 0 44 0 
378 45 0 45 6 45 0 45 0 45 4 45 0 45 4 45 0 45 0 45 0 45 0 
391 46 1.5 46 3 46 0 46 0 46 0 46 0 46 4 46 0 46 0 46 0 46 0 
406 47 4 47 4 47 0 47 0 47 0 47 0 47 4 47 0 47 0 47 0 47 0 
409 48 3 48 4 48 0 48 0 48 3 48 0 48 4 48 0 48 0 48 0 48 0 
421 49 1.5 49 0 49 0 49 0 49 3 49 0 49 3 49 0 49 0 49 0 49 0 
424 50 4 50 0 50 0 50 0 50 4 50 0 50 3 50 0 50 0 50 0 50 0 
456 51 1 51 0 51 0 51 0 51 4 51 0 51 1 51 0 51 0 51 0 51 0 
471 52 0 52 0 52 0 52 0 52 4 52 0 52 0 52 0 52 0 52 0 52 0 
483 53 3 53 0 53 0 53 3 53 4 53 0 53 0 53 0 53 0 53 0 53 0 
498 54 4 54 0 54 0 54 4 54 4 54 0 54 0 54 0 54 0 54 0 54 0 
499 55 3 55 0 55 0 55 4 55 3 55 0 55 0 55 0 55 0 55 0 55 0 
514 56 4 56 0 56 0 56 4 56 4 56 0 56 0 56 0 56 0 56 0 56 0 
529 57 2 57 0 57 0 57 4 57 2 57 0 57 0 57 0 57 0 57 0 57 0 
543 58 3 58 0 58 0 58 3 58 2 58 0 58 0 58 0 58 0 58 0 58 0 
544 59 0 59 0 59 0 59 3 59 0 59 0 59 0 59 0 59 0 59 0 59 0 
558 60 4 60 0 60 0 60 4 60 0 60 0 60 0 60 0 60 0 60 0 60 0 
588 61 0 61 0 61 0 61 0 61 0 61 0 61 0 61 0 61 0 61 0 61 0 
603 62 2 62 0 62 0 62 2 62 0 62 0 62 0 62 0 62 0 62 0 62 0 
618 63 4 63 0 63 0 63 4 63 0 63 0 63 0 63 0 63 0 63 0 63 0 
663 64 3 64 0 64 0 64 3 64 0 64 0 64 0 64 0 64 0 64 0 64 0 
678 65 4 65 0 65 0 65 4 65 0 65 0 65 0 65 0 65 0 65 0 65 0 
693 66 3 66 0 66 0 66 3 66 0 66 0 66 0 66 0 66 0 66 0 66 0 
708 67 1 67 0 67 0 67 1 67 0 67 0 67 0 67 0 67 0 67 0 67 0 
721 68 2 68 2 68 0 68 1 68 0 68 0 68 0 68 0 68 0 68 0 68 0 
723 69 3 69 2 69 0 69 3 69 0 69 0 69 0 69 0 69 0 69 0 69 0 
736 70 4 70 4 70 0 70 3 70 0 70 0 70 0 70 0 70 0 70 0 70 0 
751 71 3.5 71 3 71 0 71 4 71 0 71 0 71 0 71 0 71 0 71 0 71 0 
766 72 4 72 4 72 0 72 4 72 0 72 0 72 0 72 0 72 0 72 0 72 0 
783 73 3 73 4 73 0 73 3 73 0 73 0 73 0 73 0 73 0 73 0 73 0 
798 74 2 74 4 74 0 74 2 74 0 74 0 74 0 74 0 74 0 74 0 74 0 
811 75 1 75 1 75 0 75 2 75 0 75 0 75 0 75 0 75 0 75 0 75 0 
813 76 0 76 1 76 0 76 0 76 0 76 0 76 0 76 0 76 0 76 0 76 0 
886 77 4 77 4 77 0 77 0 77 0 77 0 77 0 77 0 77 0 77 0 77 0 
909 78 3 78 4 78 0 78 0 78 0 78 0 78 0 78 0 78 0 78 3 78 0 
924 79 3.5 79 4 79 0 79 0 79 3 79 0 79 0 79 0 79 0 79 4 79 0 
931 80 3 80 3 80 0 80 0 80 3 80 0 80 0 80 0 80 0 80 4 80 0 
934 81 4 81 3 81 0 81 0 81 4 81 0 81 0 81 0 81 0 81 4 81 0 
939 82 3 82 3 82 0 82 0 82 4 82 0 82 0 82 0 82 0 82 3 82 0 
946 83 4 83 4 83 0 83 0 83 4 83 0 83 0 83 0 83 0 83 3 83 0 
961 84 3 84 2 84 0 84 0 84 4 84 0 84 0 84 0 84 0 84 4 84 0 
976 85 0 85 0 85 0 85 0 85 4 85 0 85 0 85 0 85 0 85 4 85 0 
979 86 3 86 0 86 0 86 0 86 3 86 0 86 0 86 0 86 0 86 4 86 0 
994 87 4 87 0 87 0 87 0 87 4 87 0 87 0 87 0 87 0 87 4 87 0 
999 88 3 88 0 88 0 88 0 88 4 88 0 88 0 88 0 88 0 88 3 88 0 
1014 89 4 89 0 89 0 89 0 89 4 89 0 89 0 89 0 89 0 89 4 89 0 
1029 90 1 90 0 90 0 90 0 90 4 90 0 90 0 90 0 90 0 90 1 90 0 
1044 91 0.5 91 0 91 0 91 0 91 1 91 0 91 0 91 0 91 0 91 0 91 0 
1051 92 2 92 2 92 0 92 0 92 1 92 0 92 0 92 0 92 0 92 0 92 0 
1054 93 0 93 2 93 0 93 0 93 0 93 0 93 0 93 0 93 0 93 0 93 0 
1066 94 4 94 4 94 0 94 0 94 0 94 0 94 0 94 0 94 0 94 0 94 0 
1111 95 3 95 3 95 0 95 0 95 0 95 0 95 0 95 0 95 0 95 0 95 0 
1126 96 2 96 2 96 0 96 0 96 0 96 0 96 0 96 0 96 0 96 0 96 0 
1141 97 0 97 0 97 0 97 0 97 0 97 0 97 0 97 0 97 0 97 0 97 0 
1219 98 2 98 0 98 0 98 0 98 2 98 0 98 0 98 0 98 0 98 0 98 0 
1234 99 4 99 0 99 0 99 0 99 4 99 0 99 0 99 0 99 0 99 0 99 0 
1279 100 26 100 0 100 0 100 0 100 26 100 0 100 0 100 0 100 0 100 0 100 0 
1294 101 0 101 0 101 0 101 0 101 0 101 0 101 0 101 0 101 0 101 0 101 0 
5316 102 4 102 0 102 0 102 0 102 0 102 0 102 4 102 0 102 0 102 0 102 0 
5331 103 9 103 0 103 0 103 0 103 0 103 0 103 9 103 0 103 0 103 0 103 0 
5346 104 7 104 0 104 0 104 0 104 0 104 0 104 7 104 0 104 0 104 0 104 0 
5376 105 0 105 0 105 0 105 0 105 0 105 0 105 0 105 0 105 0 105 0 105 0 
5466 106 2 106 0 106 0 106 0 106 0 106 0 106 2 106 0 106 0 106 0 106 0 
5481 107 4 107 0 107 0 107 0 107 0 107 0 107 4 107 0 107 0 107 0 107 0 
5511 108 3 108 0 108 0 108 0 108 0 108 0 108 3 108 0 108 0 108 0 108 0 
5526 109 2 109 0 109 0 109 0 109 0 109 0 109 2 109 0 109 0 109 0 109 0 
5541 110 0 110 0 110 0 110 0 110 0 110 0 110 0 110 0 110 0 110 0 110 0 
6154 111 7 111 0 111 0 111 0 111 7 111 0 111 0 111 0 111 0 111 0 111 0 
6169 112 6 112 0 112 0 112 0 112 6 112 0 112 0 112 0 112 0 112 0 112 0 
6184 113 14 113 0 113 0 113 0 113 14 113 0 113 0 113 0 113 0 113 0 113 0 
6199 114 1 114 0 114 0 114 0 114 1 114 0 114 0 114 0 114 0 114 0 114 0 
6214 115 9 115 0 115 0 115 0 115 9 115 0 115 0 115 0 115 0 115 0 115 0 
6229 116 12 116 0 116 0 116 0 116 12 116 0 116 0 116 0 116 0 116 0 116 0 
6244 117 7 117 0 117 0 117 0 117 7 117 0 117 0 117 0 117 0 117 0 117 0 
6259 118 2 118 0 118 0 118 0 118 2 118 0 118 0 118 0 118 0 118 0 118 0 
6274 119 4 119 0 119 0 119 0 119 4 119 0 119 0 119 0 119 0 119 0 119 0 
6289 120 6 120 0 120 0 120 0 120 6 120 0 120 0 120 0 120 0 120 0 120 0 
6304 121 4 121 0 121 0 121 0 121 4 121 0 121 0 121 0 121 0 121 0 121 0 
6334 122 1 122 0 122 0 122 0 122 1 122 0 122 0 122 0 122 0 122 0 122 0 
6349 123 4 123 0 123 0 123 0 123 4 123 0 123 0 123 0 123 0 123 0 123 0 
6379 124 6 124 0 124 0 124 0 124 6 124 0 124 0 124 0 124 0 124 0 124 0 
6409 125 0 125 0 125 0 125 0 125 0 125 0 125 0 125 0 125 0 125 0 125 0 
6499 126 3 126 0 126 0 126 0 126 3 126 0 126 0 126 0 126 0 126 0 126 0 
6514 127 4 127 0 127 0 127 0 127 4 127 0 127 0 127 0 127 0 127 0 127 0 
6559 128 3 128 0 128 0 128 0 128 3 128 0 128 0 128 0 128 0 128 0 128 0 
6574 129 0 129 0 129 0 129 0 129 0 129 0 129 0 129 0 129 0 129 0 129 0 
7984 130 2 130 0 130 0 130 0 130 2 130 0 130 0 130 0 130 0 130 0 130 0 
7999 131 3 131 0 131 0 131 0 131 3 131 0 131 0 131 0 131 0 131 0 131 0 
8014 132 4 132 0 132 0 132 0 132 4 132 0 132 0 132 0 132 0 132 0 132 0 
8044 133 39 133 0 133 0 133 0 133 39 133 0 133 0 133 0 133 0 133 0 133 0 
8059 134 3 134 0 134 0 134 0 134 3 134 0 134 0 134 0 134 0 134 0 134 0 
8074 135 4 135 0 135 0 135 0 135 4 135 0 135 0 135 0 135 0 135 0 135 0 
8089 136 0 136 0 136 0 136 0 136 0 136 0 136 0 136 0 136 0 136 0 136 0 
8209 137 4 137 0 137 0 137 0 137 4 137 0 137 0 137 0 137 0 137 0 137 0 
8239 138 3 138 0 138 0 138 0 138 3 138 0 138 0 138 0 138 0 138 0 138 0 
8254 139 4 139 0 139 0 139 0 139 4 139 0 139 0 139 0 139 0 139 0 139 0 
8284 140 2 140 0 140 0 140 0 140 2 140 0 140 0 140 0 140 0 140 0 140 0 
8299 141 0 141 0 141 0 141 0 141 0 141 0 141 0 141 0 141 0 141 0 141 0 
8513 142 7 142 0 142 0 142 0 142 0 142 0 142 0 142 0 142 7 142 0 142 0 
8528 143 6 143 0 143 0 143 0 143 0 143 0 143 0 143 0 143 6 143 0 143 0 
8543 144 13 144 0 144 0 144 0 144 0 144 0 144 0 144 0 144 13 144 0 144 0 
8558 145 2 145 0 145 0 145 0 145 0 145 0 145 0 145 0 145 2 145 0 145 0 
8573 146 9 146 0 146 0 146 0 146 0 146 0 146 0 146 0 146 9 146 0 146 0 
8588 147 12 147 0 147 0 147 0 147 0 147 0 147 0 147 0 147 12 147 0 147 0 
8603 148 7 148 0 148 0 148 0 148 0 148 0 148 0 148 0 148 7 148 0 148 0 
8618 149 2 149 0 149 0 149 0 149 0 149 0 149 0 149 0 149 2 149 0 149 0 
8633 150 4 150 0 150 0 150 0 150 0 150 0 150 0 150 0 150 4 150 0 150 0 
8648 151 6 151 0 151 0 151 0 151 0 151 0 151 0 151 0 151 6 151 0 151 0 
8663 152 3 152 0 152 0 152 0 152 0 152 0 152 0 152 0 152 3 152 0 152 0 
8678 153 5 153 0 153 0 153 0 153 0 153 0 153 0 153 0 153 5 153 0 153 0 
8693 154 0 154 0 154 0 154 0 154 0 154 0 154 0 154 0 154 0 154 0 154 0 
8708 155 4 155 0 155 0 155 0 155 0 155 0 155 0 155 0 155 4 155 0 155 0 
8723 156 3 156 0 156 0 156 0 156 0 156 0 156 0 156 0 156 3 156 0 156 0 
8738 157 6 157 0 157 0 157 0 157 0 157 0 157 0 157 0 157 6 157 0 157 0 
8753 158 4 158 0 158 0 158 0 158 0 158 0 158 0 158 0 158 4 158 0 158 0 
8768 159 3 159 0 159 0 159 0 159 0 159 0 159 0 159 0 159 3 159 0 159 0 
8783 160 0 160 0 160 0 160 0 160 0 160 0 160 0 160 0 160 0 160 0 160 0 
8873 161 1 161 0 161 0 161 0 161 0 161 0 161 0 161 0 161 1 161 0 161 0 
8888 162 4 162 0 162 0 162 0 162 0 162 0 162 0 162 0 162 4 162 0 162 0 
8903 163 3 163 0 163 0 163 0 163 0 163 0 163 0 163 0 163 3 163 0 163 0 
8918 164 4 164 0 164 0 164 0 164 0 164 0 164 0 164 0 164 4 164 0 164 0 
8963 165 3 165 0 165 0 165 0 165 0 165 0 165 0 165 0 165 3 165 0 165 0 
8978 166 2 166 0 166 0 166 0 166 0 166 0 166 0 166 0 166 2 166 0 166 0 
8993 167 0 167 0 167 0 167 0 167 0 167 0 167 0 167 0 167 0 167 0 167 0 
10386 168 8 168 0 168 0 168 0 168 0 168 0 168 8 168 0 168 0 168 0 168 0 
10416 169 12 169 0 169 0 169 0 169 0 169 0 169 12 169 0 169 0 169 0 169 0 
10431 170 6 170 0 170 0 170 0 170 0 170 0 170 6 170 0 170 0 170 0 170 0 
10446 171 4 171 0 171 0 171 0 171 0 171 0 171 4 171 0 171 0 171 0 171 0 
10461 172 16 172 0 172 0 172 0 172 0 172 0 172 16 172 0 172 0 172 0 172 0 
10476 173 2 173 0 173 0 173 0 173 0 173 0 173 2 173 0 173 0 173 0 173 0 
10491 174 3 174 0 174 0 174 0 174 0 174 0 174 3 174 0 174 0 174 0 174 0 
10506 175 4 175 0 175 0 175 0 175 0 175 0 175 4 175 0 175 0 175 0 175 0 
10521 176 6 176 0 176 0 176 0 176 0 176 0 176 6 176 0 176 0 176 0 176 0 
10536 177 4 177 0 177 0 177 0 177 0 177 0 177 4 177 0 177 0 177 0 177 0 
10551 178 3 178 0 178 0 178 0 178 0 178 0 178 3 178 0 178 0 178 0 178 0 
10566 179 2 179 0 179 0 179 0 179 0 179 0 179 2 179 0 179 0 179 0 179 0 
10581 180 4 180 0 180 0 180 0 180 0 180 0 180 4 180 0 180 0 180 0 180 0 
10596 181 6 181 0 181 0 181 0 181 0 181 0 181 6 181 0 181 0 181 0 181 0 
10611 182 3 182 0 182 0 182 0 182 0 182 0 182 3 182 0 182 0 182 0 182 0 
10626 183 5 183 0 183 0 183 0 183 0 183 0 183 5 183 0 183 0 183 0 183 0 
10641 184 0 184 0 184 0 184 0 184 0 184 0 184 0 184 0 184 0 184 0 184 0 
10731 185 2 185 0 185 0 185 0 185 0 185 0 185 2 185 0 185 0 185 0 185 0 
10746 186 4 186 0 186 0 186 0 186 0 186 0 186 4 186 0 186 0 186 0 186 0 
10776 187 5 187 0 187 0 187 0 187 0 187 0 187 5 187 0 187 0 187 0 187 0 
10791 188 2 188 0 188 0 188 0 188 0 188 0 188 2 188 0 188 0 188 0 188 0 
10806 189 0 189 0 189 0 189 0 189 0 189 0 189 0 189 0 189 0 189 0 189 0 
10836 190 4 190 0 190 0 190 0 190 0 190 0 190 4 190 0 190 0 190 0 190 0 
10851 191 3 191 0 191 0 191 0 191 0 191 0 191 3 191 0 191 0 191 0 191 0 
10866 192 4 192 0 192 0 192 0 192 0 192 0 192 4 192 0 192 0 192 0 192 0 
10881 193 1 193 0 193 0 193 0 193 0 193 0 193 1 193 0 193 0 193 0 193 0 
10896 194 0 194 0 194 0 194 0 194 0 194 0 194 0 194 0 194 0 194 0 194 0 
10898 195 1 195 0 195 0 195 0 195 0 195 0 195 0 195 0 195 1 195 0 195 0 
10913 196 4 196 0 196 0 196 0 196 0 196 0 196 0 196 0 196 4 196 0 196 0 
10943 197 3 197 0 197 0 197 0 197 0 197 0 197 0 197 0 197 3 197 0 197 0 
10958 198 35 198 0 198 0 198 0 198 0 198 0 198 0 198 0 198 35 198 0 198 0 
10973 199 4 199 0 199 0 199 0 199 0 199 0 199 0 199 0 199 4 199 0 199 0 
11003 200 3 200 0 200 0 200 0 200 0 200 0 200 0 200 0 200 3 200 0 200 0 
11018 201 4 201 0 201 0 201 0 201 0 201 0 201 0 201 0 201 4 201 0 201 0 
11033 202 1 202 0 202 0 202 0 202 0 202 0 202 0 202 0 202 1 202 0 202 0 
11048 203 0 203 0 203 0 203 0 203 0 203 0 203 0 203 0 203 0 203 0 203 0 
11196 204 2 204 0 204 0 204 0 204 0 204 0 204 2 204 0 204 0 204 0 204 0 
11211 205 3 205 0 205 0 205 0 205 0 205 0 205 3 205 0 205 0 205 0 205 0 
11226 206 3.5 206 0 206 0 206 0 206 0 206 0 206 4 206 0 206 3 206 0 206 0 
11228 207 4 207 0 207 0 207 0 207 0 207 0 207 4 207 0 207 4 207 0 207 0 
11243 208 3 208 0 208 0 208 0 208 0 208 0 208 4 208 0 208 3 208 0 208 0 
11258 209 4 209 0 209 0 209 0 209 0 209 0 209 4 209 0 209 4 209 0 209 0 
11271 210 3 210 0 210 0 210 0 210 0 210 0 210 3 210 0 210 4 210 0 210 0 
11286 211 2 211 0 211 0 211 0 211 0 211 0 211 2 211 0 211 4 211 0 211 0 
11301 212 0 212 0 212 0 212 0 212 0 212 0 212 0 212 0 212 4 212 0 212 0 
11303 213 2 213 0 213 0 213 0 213 0 213 0 213 0 213 0 213 2 213 0 213 0 
11318 214 0 214 0 214 0 214 0 214 0 214 0 214 0 214 0 214 0 214 0 214 0 
11641 215 7 215 7 215 0 215 0 215 0 215 0 215 0 215 0 215 0 215 0 215 0 
11656 216 6 216 6 216 0 216 0 216 0 216 0 216 0 216 0 216 0 216 0 216 0 
11671 217 13 217 13 217 0 217 0 217 0 217 0 217 0 217 0 217 0 217 0 217 0 
11686 218 2 218 2 218 0 218 0 218 0 218 0 218 0 218 0 218 0 218 0 218 0 
11701 219 9 219 9 219 0 219 0 219 0 219 0 219 0 219 0 219 0 219 0 219 0 
11716 220 12 220 12 220 0 220 0 220 0 220 0 220 0 220 0 220 0 220 0 220 0 
11731 221 7 221 7 221 0 221 0 221 0 221 0 221 0 221 0 221 0 221 0 221 0 
11746 222 2 222 2 222 0 222 0 222 0 222 0 222 0 222 0 222 0 222 0 222 0 
11761 223 4 223 4 223 0 223 0 223 0 223 0 223 0 223 0 223 0 223 0 223 0 
11776 224 6 224 6 224 0 224 0 224 0 224 0 224 0 224 0 224 0 224 0 224 0 
11791 225 3 225 3 225 0 225 0 225 0 225 0 225 0 225 0 225 0 225 0 225 0 
11806 226 5 226 5 226 0 226 0 226 0 226 0 226 0 226 0 226 0 226 0 226 0 
11821 227 1 227 1 227 0 227 0 227 0 227 0 227 0 227 0 227 0 227 0 227 0 
11836 228 4 228 4 228 0 228 0 228 0 228 0 228 0 228 0 228 0 228 0 228 0 
11851 229 3 229 3 229 0 229 0 229 0 229 0 229 0 229 0 229 0 229 0 229 0 
11866 230 6 230 6 230 0 230 0 230 0 230 0 230 0 230 0 230 0 230 0 230 0 
11881 231 7 231 7 231 0 231 0 231 0 231 0 231 0 231 0 231 0 231 0 231 0 
11884 232 1 232 7 232 0 232 0 232 1 232 0 232 0 232 0 232 0 232 0 232 0 
11896 233 0 233 0 233 0 233 0 233 1 233 0 233 0 233 0 233 0 233 0 233 0 
12796 234 0.5 234 1 234 0 234 0 234 0 234 0 234 0 234 0 234 0 234 0 234 0 
12811 235 3 235 3 235 0 235 0 235 0 235 0 235 0 235 0 235 0 235 0 235 0 
12826 236 4 236 4 236 0 236 0 236 0 236 0 236 0 236 0 236 0 236 0 236 0 
12871 237 3 237 3 237 0 237 0 237 0 237 0 237 0 237 0 237 0 237 0 237 0 
12886 238 4 238 4 238 0 238 0 238 0 238 0 238 0 238 0 238 0 238 0 238 0 
12901 239 1 239 1 239 0 239 0 239 0 239 0 239 0 239 0 239 0 239 0 239 0 
12916 240 0 240 0 240 0 240 0 240 0 240 0 240 0 240 0 240 0 240 0 240 0 
13412 241 9 241 0 241 9 241 0 241 0 241 0 241 0 241 0 241 0 241 0 241 0 
13427 242 7 242 0 242 7 242 0 242 0 242 0 242 0 242 0 242 0 242 0 242 0 
13442 243 12 243 0 243 12 243 0 243 0 243 0 243 0 243 0 243 0 243 0 243 0 
13457 244 7 244 0 244 7 244 0 244 0 244 0 244 0 244 0 244 0 244 0 244 0 
13472 245 6 245 0 245 6 245 0 245 0 245 0 245 0 245 0 245 0 245 0 245 0 
13487 246 13 246 0 246 13 246 0 246 0 246 0 246 0 246 0 246 0 246 0 246 0 
13502 247 2 247 0 247 2 247 0 247 0 247 0 247 0 247 0 247 0 247 0 247 0 
13517 248 -16 248 0 248 -16 248 0 248 0 248 0 248 0 248 0 248 0 248 0 248 0 
13532 249 -12 249 0 249 -12 249 0 249 0 249 0 249 0 249 0 249 0 249 0 249 0 
13547 250 -16 250 0 250 -16 250 0 250 0 250 0 250 0 250 0 250 0 250 0 250 0 
13562 251 -12 251 0 251 -12 251 0 251 0 251 0 251 0 251 0 251 0 251 0 251 0 
13577 252 0 252 0 252 0 252 0 252 0 252 0 252 0 252 0 252 0 252 0 252 0 
15076 253 1 253 1 253 0 253 0 253 0 253 0 253 0 253 0 253 0 253 0 253 0 
15091 254 3 254 3 254 0 254 0 254 0 254 0 254 0 254 0 254 0 254 0 254 0 
15106 255 23 255 23 255 0 255 0 255 0 255 0 255 0 255 0 255 0 255 0 255 0 
15121 256 4 256 4 256 0 256 0 256 0 256 0 256 0 256 0 256 0 256 0 256 0 
15151 257 3 257 3 257 0 257 0 257 0 257 0 257 0 257 0 257 0 257 0 257 0 
15166 258 0 258 0 258 0 258 0 258 0 258 0 258 0 258 0 258 0 258 0 258 0 
15391 259 2 259 2 259 0 259 0 259 0 259 0 259 0 259 0 259 0 259 0 259 0 
15406 260 4 260 4 260 0 260 0 260 0 260 0 260 0 260 0 260 0 260 0 260 0 
15451 261 3 261 3 261 0 261 0 261 0 261 0 261 0 261 0 261 0 261 0 261 0 
15466 262 4 262 4 262 0 262 0 262 0 262 0 262 0 262 0 262 0 262 0 262 0 
15481 263 2 263 2 263 0 263 0 263 0 263 0 263 0 263 0 263 0 263 0 263 0 
15496 264 0 264 0 264 0 264 0 264 0 264 0 264 0 264 0 264 0 264 0 264 0 
16161 265 8 265 0 265 0 265 0 265 0 265 0 265 8 265 0 265 0 265 0 265 0 
16178 266 7 266 0 266 0 266 0 266 0 266 0 266 8 266 0 266 7 266 0 266 0 
16191 267 11 267 0 267 0 267 0 267 0 267 0 267 11 267 0 267 7 267 0 267 0 
16193 268 6 268 0 268 0 268 0 268 0 268 0 268 11 268 0 268 6 268 0 268 0 
16206 269 7 269 0 269 0 269 0 269 0 269 0 269 7 269 0 269 6 269 0 269 0 
16208 270 14 270 0 270 0 270 0 270 0 270 0 270 7 270 0 270 14 270 0 270 0 
16221 271 4 271 0 271 0 271 0 271 0 271 0 271 4 271 0 271 14 271 0 271 0 
16223 272 1 272 0 272 0 272 0 272 0 272 0 272 4 272 0 272 1 272 0 272 0 
16236 273 16 273 0 273 0 273 0 273 0 273 0 273 16 273 0 273 1 273 0 273 0 
16238 274 9 274 0 274 0 274 0 274 0 274 0 274 16 274 0 274 9 274 0 274 0 
16251 275 2 275 0 275 0 275 0 275 0 275 0 275 2 275 0 275 9 275 0 275 0 
16253 276 12 276 0 276 0 276 0 276 0 276 0 276 2 276 0 276 12 276 0 276 0 
16266 277 3 277 0 277 0 277 0 277 0 277 0 277 3 277 0 277 12 277 0 277 0 
16268 278 7 278 0 278 0 278 0 278 0 278 0 278 3 278 0 278 7 278 0 278 0 
16281 279 4 279 0 279 0 279 0 279 0 279 0 279 4 279 0 279 7 279 0 279 0 
16283 280 2 280 0 280 0 280 0 280 0 280 0 280 4 280 0 280 2 280 0 280 0 
16296 281 6 281 0 281 0 281 0 281 0 281 0 281 6 281 0 281 2 281 0 281 0 
16298 282 4 282 0 282 0 282 0 282 0 282 0 282 6 282 0 282 4 282 0 282 0 
16311 283 3 283 0 283 0 283 0 283 0 283 0 283 3 283 0 283 4 283 0 283 0 
16313 284 6 284 0 284 0 284 0 284 0 284 0 284 3 284 0 284 6 284 0 284 0 
16326 285 4 285 0 285 0 285 0 285 0 285 0 285 4 285 0 285 6 285 0 285 0 
16341 286 3 286 0 286 0 286 0 286 0 286 0 286 2 286 0 286 4 286 0 286 0 
16356 287 4 287 0 287 0 287 0 287 0 287 0 287 4 287 0 287 4 287 0 287 0 
16358 288 1 288 0 288 0 288 0 288 0 288 0 288 4 288 0 288 1 288 0 288 0 
16371 289 3 289 0 289 0 289 0 289 0 289 0 289 3 289 0 289 1 289 0 289 0 
16373 290 4 290 0 290 0 290 0 290 0 290 0 290 3 290 0 290 4 290 0 290 0 
16386 291 6 291 0 291 0 291 0 291 0 291 0 291 6 291 0 291 4 291 0 291 0 
16401 292 5 292 0 292 0 292 0 292 0 292 0 292 5 292 0 292 4 292 0 292 0 
16416 293 2.5 293 0 293 0 293 0 293 0 293 0 293 0 293 0 293 5 293 0 293 0 
16418 294 6 294 0 294 0 294 0 294 0 294 0 294 0 294 0 294 6 294 0 294 0 
16433 295 0 295 0 295 0 295 0 295 0 295 0 295 0 295 0 295 0 295 0 295 0 
16596 296 4 296 0 296 0 296 0 296 0 296 0 296 4 296 0 296 0 296 0 296 0 
16611 297 3 297 0 297 0 297 0 297 0 297 0 297 3 297 0 297 0 297 0 297 0 
16626 298 4 298 0 298 0 298 0 298 0 298 0 298 4 298 0 298 0 298 0 298 0 
16671 299 1 299 0 299 0 299 0 299 0 299 0 299 1 299 0 299 0 299 0 299 0 
16686 300 0 300 0 300 0 300 0 300 0 300 0 300 0 300 0 300 0 300 0 300 0 
16731 301 1 301 0 301 0 301 0 301 0 301 0 301 1 301 0 301 0 301 0 301 0 
16746 302 4 302 0 302 0 302 0 302 0 302 0 302 4 302 0 302 0 302 0 302 0 
16791 303 3 303 0 303 0 303 0 303 0 303 0 303 3 303 0 303 0 303 0 303 0 
16806 304 1 304 0 304 0 304 0 304 0 304 0 304 1 304 0 304 0 304 0 304 0 
16821 305 0 305 0 305 0 305 0 305 0 305 0 305 0 305 0 305 0 305 0 305 0 
16928 306 4 306 0 306 0 306 0 306 0 306 0 306 0 306 0 306 4 306 0 306 0 
16943 307 3 307 0 307 0 307 0 307 0 307 0 307 0 307 0 307 3 307 0 307 0 
16958 308 4 308 0 308 0 308 0 308 0 308 0 308 0 308 0 308 4 308 0 308 0 
17003 309 3 309 0 309 0 309 0 309 0 309 0 309 0 309 0 309 3 309 0 309 0 
17018 310 4 310 0 310 0 310 0 310 0 310 0 310 0 310 0 310 4 310 0 310 0 
17048 311 1 311 0 311 0 311 0 311 0 311 0 311 0 311 0 311 1 311 0 311 0 
17063 312 0 312 0 312 0 312 0 312 0 312 0 312 0 312 0 312 0 312 0 312 0 
17155 313 6 313 0 313 0 313 0 313 0 313 0 313 0 313 0 313 0 313 0 313 6 
17170 314 5 314 0 314 0 314 0 314 0 314 0 314 0 314 0 314 0 314 0 314 5 
17185 315 16 315 0 315 0 315 0 315 0 315 0 315 0 315 0 315 0 315 0 315 16 
17200 316 2 316 0 316 0 316 0 316 0 316 0 316 0 316 0 316 0 316 0 316 2 
17215 317 0 317 0 317 0 317 0 317 0 317 0 317 0 317 0 317 0 317 0 317 0 
17230 318 8 318 0 318 0 318 0 318 0 318 0 318 0 318 0 318 0 318 0 318 8 
17260 319 12 319 0 319 0 319 0 319 0 319 0 319 0 319 0 319 0 319 0 319 12 
17275 320 1 320 0 320 0 320 0 320 0 320 0 320 0 320 0 320 0 320 0 320 1 
17290 321 4 321 0 321 0 321 0 321 0 321 0 321 0 321 0 321 0 321 0 321 4 
17320 322 6 322 0 322 0 322 0 322 0 322 0 322 0 322 0 322 0 322 0 322 6 
17335 323 5 323 0 323 0 323 0 323 0 323 0 323 0 323 0 323 0 323 0 323 5 
17350 324 0 324 0 324 0 324 0 324 0 324 0 324 0 324 0 324 0 324 0 324 0 
17365 325 4 325 0 325 0 325 0 325 0 325 0 325 0 325 0 325 0 325 0 325 4 
17380 326 5 326 0 326 0 326 0 326 0 326 0 326 0 326 0 326 0 326 0 326 5 
17410 327 4 327 0 327 0 327 0 327 0 327 0 327 0 327 0 327 0 327 0 327 4 
17425 328 3 328 0 328 0 328 0 328 0 328 0 328 0 328 0 328 0 328 0 328 3 
17440 329 0 329 0 329 0 329 0 329 0 329 0 329 0 329 0 329 0 329 0 329 0 
17485 330 4 330 0 330 0 330 0 330 0 330 0 330 0 330 0 330 0 330 0 330 4 
17515 331 3 331 0 331 0 331 0 331 0 331 0 331 0 331 0 331 0 331 0 331 3 
17530 332 4 332 0 332 0 332 0 332 0 332 0 332 0 332 0 332 0 332 0 332 4 
17575 333 1 333 0 333 0 333 0 333 0 333 0 333 0 333 0 333 0 333 0 333 1 
17590 334 0 334 0 334 0 334 0 334 0 334 0 334 0 334 0 334 0 334 0 334 0 
17633 335 4 335 0 335 0 335 0 335 0 335 0 335 0 335 0 335 4 335 0 335 0 
17663 336 3 336 0 336 0 336 0 336 0 336 0 336 0 336 0 336 3 336 0 336 0 
17678 337 4 337 0 337 0 337 0 337 0 337 0 337 0 337 0 337 4 337 0 337 0 
17738 338 0 338 0 338 0 338 0 338 0 338 0 338 0 338 0 338 0 338 0 338 0 
18081 339 2 339 0 339 0 339 0 339 0 339 0 339 2 339 0 339 0 339 0 339 0 
18096 340 5 340 0 340 0 340 0 340 0 340 0 340 5 340 0 340 0 340 0 340 0 
18100 341 2 341 0 341 0 341 0 341 0 341 0 341 5 341 0 341 0 341 0 341 2 
18111 342 18 342 0 342 0 342 0 342 0 342 0 342 18 342 0 342 0 342 0 342 2 
18115 343 3 343 0 343 0 343 0 343 0 343 0 343 18 343 0 343 0 343 0 343 3 
18126 344 5 344 0 344 0 344 0 344 0 344 0 344 5 344 0 344 0 344 0 344 3 
18130 345 4 345 0 345 0 345 0 345 0 345 0 345 5 345 0 345 0 345 0 345 4 
18141 346 19 346 0 346 0 346 0 346 0 346 0 346 19 346 0 346 0 346 0 346 4 
18156 347 3 347 0 347 0 347 0 347 0 347 0 347 3 347 0 347 0 347 0 347 4 
18171 348 0 348 0 348 0 348 0 348 0 348 0 348 0 348 0 348 0 348 0 348 4 
18175 349 3 349 0 349 0 349 0 349 0 349 0 349 0 349 0 349 0 349 0 349 3 
18190 350 5 350 0 350 0 350 0 350 0 350 0 350 0 350 0 350 0 350 0 350 5 
18205 351 19 351 0 351 0 351 0 351 0 351 0 351 0 351 0 351 0 351 0 351 19 
18220 352 5 352 0 352 0 352 0 352 0 352 0 352 0 352 0 352 0 352 0 352 5 
18235 353 1 353 0 353 0 353 0 353 0 353 0 353 0 353 0 353 0 353 0 353 1 
18250 354 0 354 0 354 0 354 0 354 0 354 0 354 0 354 0 354 0 354 0 354 0 
19285 355 17 355 0 355 0 355 0 355 0 355 0 355 0 355 0 355 0 355 0 355 17 
19300 356 4 356 0 356 0 356 0 356 0 356 0 356 0 356 0 356 0 356 0 356 4 
19315 357 3 357 0 357 0 357 0 357 0 357 0 357 0 357 0 357 0 357 0 357 3 
19330 358 4 358 0 358 0 358 0 358 0 358 0 358 0 358 0 358 0 358 0 358 4 
19345 359 3 359 0 359 0 359 0 359 0 359 0 359 0 359 0 359 0 359 0 359 3 
19360 360 0 360 0 360 0 360 0 360 0 360 0 360 0 360 0 360 0 360 0 360 0 
20356 361 7 361 7 361 0 361 0 361 0 361 0 361 0 361 0 361 0 361 0 361 0 
20371 362 3 362 3 362 0 362 0 362 0 362 0 362 0 362 0 362 0 362 0 362 0 
20386 363 16 363 16 363 0 363 0 363 0 363 0 363 0 363 0 363 0 363 0 363 0 
20401 364 2 364 2 364 0 364 0 364 0 364 0 364 0 364 0 364 0 364 0 364 0 
20416 365 9 365 9 365 0 365 0 365 0 365 0 365 0 365 0 365 0 365 0 365 0 
20431 366 7 366 7 366 0 366 0 366 0 366 0 366 0 366 0 366 0 366 0 366 0 
20446 367 12 367 12 367 0 367 0 367 0 367 0 367 0 367 0 367 0 367 0 367 0 
20461 368 -6 368 -6 368 0 368 0 368 0 368 0 368 0 368 0 368 0 368 0 368 0 
20476 369 -20 369 -20 369 0 369 0 369 0 369 0 369 0 369 0 369 0 369 0 369 0 
20491 370 -8 370 -8 370 0 370 0 370 0 370 0 370 0 370 0 370 0 370 0 370 0 
20506 371 -20 371 -20 371 0 371 0 371 0 371 0 371 0 371 0 371 0 371 0 371 0 
20521 372 -2 372 -2 372 0 372 0 372 0 372 0 372 0 372 0 372 0 372 0 372 0 
20536 373 0 373 0 373 0 373 0 373 0 373 0 373 0 373 0 373 0 373 0 373 0 
20926 374 6 374 6 374 0 374 0 374 0 374 0 374 0 374 0 374 0 374 0 374 0 
20941 375 4 375 4 375 0 375 0 375 0 375 0 375 0 375 0 375 0 375 0 375 0 
20956 376 16 376 16 376 0 376 0 376 0 376 0 376 0 376 0 376 0 376 0 376 0 
20971 377 2 377 2 377 0 377 0 377 0 377 0 377 0 377 0 377 0 377 0 377 0 
20986 378 8 378 8 378 0 378 0 378 0 378 0 378 0 378 0 378 0 378 0 378 0 
21016 379 12 379 12 379 0 379 0 379 0 379 0 379 0 379 0 379 0 379 0 379 0 
21031 380 1 380 1 380 0 380 0 380 0 380 0 380 0 380 0 380 0 380 0 380 0 
21046 381 4 381 4 381 0 381 0 381 0 381 0 381 0 381 0 381 0 381 0 381 0 
21076 382 6 382 6 382 0 382 0 382 0 382 0 382 0 382 0 382 0 382 0 382 0 
21091 383 5 383 5 383 0 383 0 383 0 383 0 383 0 383 0 383 0 383 0 383 0 
21106 384 0 384 0 384 0 384 0 384 0 384 0 384 0 384 0 384 0 384 0 384 0 
21121 385 4 385 4 385 0 385 0 385 0 385 0 385 0 385 0 385 0 385 0 385 0 
21151 386 5 386 5 386 0 386 0 386 0 386 0 386 0 386 0 386 0 386 0 386 0 
21166 387 4 387 4 387 0 387 0 387 0 387 0 387 0 387 0 387 0 387 0 387 0 
21181 388 3 388 3 388 0 388 0 388 0 388 0 388 0 388 0 388 0 388 0 388 0 
21196 389 0 389 0 389 0 389 0 389 0 389 0 389 0 389 0 389 0 389 0 389 0 
21256 390 4 390 4 390 0 390 0 390 0 390 0 390 0 390 0 390 0 390 0 390 0 
21271 391 3 391 3 391 0 391 0 391 0 391 0 391 0 391 0 391 0 391 0 391 0 
21286 392 4 392 4 392 0 392 0 392 0 392 0 392 0 392 0 392 0 392 0 392 0 
21308 393 23 393 4 393 0 393 0 393 0 393 0 393 0 393 0 393 23 393 0 393 0 
21323 394 3 394 4 394 0 394 0 394 0 394 0 394 0 394 0 394 3 394 0 394 0 
21331 395 0 395 0 395 0 395 0 395 0 395 0 395 0 395 0 395 3 395 0 395 0 
21332 396 7 396 0 396 7 396 0 396 0 396 0 396 0 396 0 396 3 396 0 396 0 
21338 397 4 397 0 397 7 397 0 397 0 397 0 397 0 397 0 397 4 397 0 397 0 
21346 398 1 398 1 398 7 398 0 398 0 398 0 398 0 398 0 398 4 398 0 398 0 
21347 399 3 399 1 399 3 399 0 399 0 399 0 399 0 399 0 399 4 399 0 399 0 
21361 400 4 400 4 400 3 400 0 400 0 400 0 400 0 400 0 400 4 400 0 400 0 
21362 401 16 401 4 401 16 401 0 401 0 401 0 401 0 401 0 401 4 401 0 401 0 
21377 402 2 402 4 402 2 402 0 402 0 402 0 402 0 402 0 402 4 402 0 402 0 
21383 403 3 403 4 403 2 403 0 403 0 403 0 403 0 403 0 403 3 403 0 403 0 
21392 404 6 404 3 404 9 404 0 404 0 404 0 404 0 404 0 404 3 404 0 404 0 
21398 405 4 405 3 405 9 405 0 405 0 405 0 405 0 405 0 405 4 405 0 405 0 
21406 406 2 406 2 406 9 406 0 406 0 406 0 406 0 406 0 406 4 406 0 406 0 
21407 407 7 407 2 407 7 407 0 407 0 407 0 407 0 407 0 407 4 407 0 407 0 
21421 408 3 408 3 408 7 408 0 408 0 408 0 408 0 408 0 408 4 408 0 408 0 
21422 409 12 409 3 409 12 409 0 409 0 409 0 409 0 409 0 409 4 409 0 409 0 
21428 410 0 410 3 410 12 410 0 410 0 410 0 410 0 410 0 410 0 410 0 410 0 
21436 411 4 411 4 411 12 411 0 411 0 411 0 411 0 411 0 411 0 411 0 411 0 
21437 412 2 412 4 412 2 412 0 412 0 412 0 412 0 412 0 412 0 412 0 412 0 
21451 413 3 413 3 413 2 413 0 413 0 413 0 413 0 413 0 413 0 413 0 413 0 
21452 414 4 414 3 414 4 414 0 414 0 414 0 414 0 414 0 414 0 414 0 414 0 
21466 415 2 415 2 415 4 415 0 415 0 415 0 415 0 415 0 415 0 415 0 415 0 
21467 416 3 416 2 416 3 416 0 416 0 416 0 416 0 416 0 416 0 416 0 416 0 
21481 417 0 417 0 417 3 417 0 417 0 417 0 417 0 417 0 417 0 417 0 417 0 
21482 418 6 418 0 418 6 418 0 418 0 418 0 418 0 418 0 418 0 418 0 418 0 
21497 419 5 419 0 419 5 419 0 419 0 419 0 419 0 419 0 419 0 419 0 419 0 
21512 420 1 420 0 420 1 420 0 420 0 420 0 420 0 420 0 420 0 420 0 420 0 
21527 421 3 421 0 421 3 421 0 421 0 421 0 421 0 421 0 421 0 421 0 421 0 
21542 422 4 422 0 422 4 422 0 422 0 422 0 422 0 422 0 422 0 422 0 422 0 
21557 423 6 423 0 423 6 423 0 423 0 423 0 423 0 423 0 423 0 423 0 423 0 
21587 424 0 424 0 424 0 424 0 424 0 424 0 424 0 424 0 424 0 424 0 424 0 
21890 425 8 425 0 425 0 425 0 425 0 425 8 425 0 425 0 425 0 425 0 425 0 
21920 426 12 426 0 426 0 426 0 426 0 426 12 426 0 426 0 426 0 426 0 426 0 
21935 427 6 427 0 427 0 427 0 427 0 427 6 427 0 427 0 427 0 427 0 427 0 
21950 428 4 428 0 428 0 428 0 428 0 428 4 428 0 428 0 428 0 428 0 428 0 
21965 429 16 429 0 429 0 429 0 429 0 429 16 429 0 429 0 429 0 429 0 429 0 
21980 430 2 430 0 430 0 430 0 430 0 430 2 430 0 430 0 430 0 430 0 430 0 
21995 431 3 431 0 431 0 431 0 431 0 431 3 431 0 431 0 431 0 431 0 431 0 
22010 432 4 432 0 432 0 432 0 432 0 432 4 432 0 432 0 432 0 432 0 432 0 
22025 433 6 433 0 433 0 433 0 433 0 433 6 433 0 433 0 433 0 433 0 433 0 
22040 434 5 434 0 434 0 434 0 434 0 434 5 434 0 434 0 434 0 434 0 434 0 
22055 435 3 435 0 435 0 435 0 435 0 435 3 435 0 435 0 435 0 435 0 435 0 
22070 436 2 436 0 436 0 436 0 436 0 436 2 436 0 436 0 436 0 436 0 436 0 
22085 437 4 437 0 437 0 437 0 437 0 437 4 437 0 437 0 437 0 437 0 437 0 
22100 438 6 438 0 438 0 438 0 438 0 438 6 438 0 438 0 438 0 438 0 438 0 
22115 439 3 439 0 439 0 439 0 439 0 439 3 439 0 439 0 439 0 439 0 439 0 
22130 440 5 440 0 440 0 440 0 440 0 440 5 440 0 440 0 440 0 440 0 440 0 
22145 441 0 441 0 441 0 441 0 441 0 441 0 441 0 441 0 441 0 441 0 441 0 
22267 442 7 442 0 442 0 442 0 442 0 442 0 442 0 442 7 442 0 442 0 442 0 
22282 443 6 443 0 443 0 443 0 443 0 443 0 443 0 443 6 443 0 443 0 443 0 
22297 444 14 444 0 444 0 444 0 444 0 444 0 444 0 444 14 444 0 444 0 444 0 
22312 445 7 445 0 445 0 445 0 445 0 445 0 445 0 445 7 445 0 445 0 445 0 
22327 446 3 446 0 446 0 446 0 446 0 446 0 446 0 446 3 446 0 446 0 446 0 
22342 447 12 447 0 447 0 447 0 447 0 447 0 447 0 447 12 447 0 447 0 447 0 
22357 448 7 448 0 448 0 448 0 448 0 448 0 448 0 448 7 448 0 448 0 448 0 
22372 449 2 449 0 449 0 449 0 449 0 449 0 449 0 449 2 449 0 449 0 449 0 
22387 450 3 450 0 450 0 450 0 450 0 450 0 450 0 450 3 450 0 450 0 450 0 
22402 451 4 451 0 451 0 451 0 451 0 451 0 451 0 451 4 451 0 451 0 451 0 
22417 452 6 452 0 452 0 452 0 452 0 452 0 452 0 452 6 452 0 452 0 452 0 
22432 453 5 453 0 453 0 453 0 453 0 453 0 453 0 453 5 453 0 453 0 453 0 
22447 454 0 454 0 454 0 454 0 454 0 454 0 454 0 454 0 454 0 454 0 454 0 
22462 455 4 455 0 455 0 455 0 455 0 455 0 455 0 455 4 455 0 455 0 455 0 
22492 456 6 456 0 456 0 456 0 456 0 456 0 456 0 456 6 456 0 456 0 456 0 
22507 457 3 457 0 457 0 457 0 457 0 457 0 457 0 457 3 457 0 457 0 457 0 
22537 458 0 458 0 458 0 458 0 458 0 458 0 458 0 458 0 458 0 458 0 458 0 
22777 459 3 459 0 459 0 459 0 459 0 459 0 459 0 459 3 459 0 459 0 459 0 
22792 460 4 460 0 460 0 460 0 460 0 460 0 460 0 460 4 460 0 460 0 460 0 
22867 461 3 461 0 461 0 461 0 461 0 461 0 461 0 461 3 461 0 461 0 461 0 
22897 462 0 462 0 462 0 462 0 462 0 462 0 462 0 462 0 462 0 462 0 462 0 
22912 463 1 463 0 463 0 463 0 463 0 463 0 463 0 463 1 463 0 463 0 463 0 
22927 464 3 464 0 464 0 464 0 464 0 464 0 464 0 464 3 464 0 464 0 464 0 
22942 465 63 465 0 465 0 465 0 465 0 465 0 465 0 465 63 465 0 465 0 465 0 
22957 466 1 466 0 466 0 466 0 466 0 466 0 466 0 466 1 466 0 466 0 466 0 
22972 467 0 467 0 467 0 467 0 467 0 467 0 467 0 467 0 467 0 467 0 467 0 
23252 468 3 468 0 468 3 468 0 468 0 468 0 468 0 468 0 468 0 468 0 468 0 
23267 469 14 469 0 469 14 469 0 469 0 469 0 469 0 469 0 469 0 469 0 469 0 
23282 470 4 470 0 470 4 470 0 470 0 470 0 470 0 470 0 470 0 470 0 470 0 
23312 471 5 471 0 471 5 471 0 471 0 471 0 471 0 471 0 471 0 471 0 471 0 
23327 472 3 472 0 472 3 472 0 472 0 472 0 472 0 472 0 472 0 472 0 472 0 
23342 473 2 473 0 473 2 473 0 473 0 473 0 473 0 473 0 473 0 473 0 473 0 
23357 474 0 474 0 474 0 474 0 474 0 474 0 474 0 474 0 474 0 474 0 474 0 
23567 475 1 475 0 475 1 475 0 475 0 475 0 475 0 475 0 475 0 475 0 475 0 
23582 476 4 476 0 476 4 476 0 476 0 476 0 476 0 476 0 476 0 476 0 476 0 
23627 477 14 477 0 477 14 477 0 477 0 477 0 477 0 477 0 477 0 477 0 477 0 
23642 478 4 478 0 478 4 478 0 478 0 478 0 478 0 478 0 478 0 478 0 478 0 
23657 479 2 479 0 479 2 479 0 479 0 479 0 479 0 479 0 479 0 479 0 479 0 
23672 480 0 480 0 480 0 480 0 480 0 480 0 480 0 480 0 480 0 480 0 480 0 
24112 481 2 481 0 481 0 481 0 481 0 481 0 481 0 481 2 481 0 481 0 481 0 
24127 482 18 482 0 482 0 482 0 482 0 482 0 482 0 482 18 482 0 482 0 482 0 
24142 483 4 483 0 483 0 483 0 483 0 483 0 483 0 483 4 483 0 483 0 483 0 
24157 484 15 484 0 484 0 484 0 484 0 484 0 484 0 484 15 484 0 484 0 484 0 
24172 485 19 485 0 485 0 485 0 485 0 485 0 485 0 485 19 485 0 485 0 485 0 
24187 486 1 486 0 486 0 486 0 486 0 486 0 486 0 486 1 486 0 486 0 486 0 
24202 487 0 487 0 487 0 487 0 487 0 487 0 487 0 487 0 487 0 487 0 487 0 
24302 488 1 488 0 488 1 488 0 488 0 488 0 488 0 488 0 488 0 488 0 488 0 
24317 489 4 489 0 489 4 489 0 489 0 489 0 489 0 489 0 489 0 489 0 489 0 
24347 490 3 490 0 490 3 490 0 490 0 490 0 490 0 490 0 490 0 490 0 490 0 
24362 491 54 491 0 491 54 491 0 491 0 491 0 491 0 491 0 491 0 491 0 491 0 
24377 492 0 492 0 492 0 492 0 492 0 492 0 492 0 492 0 492 0 492 0 492 0 
26240 493 4 493 0 493 0 493 0 493 0 493 4 493 0 493 0 493 0 493 0 493 0 
26255 494 3 494 0 494 0 494 0 494 0 494 3 494 0 494 0 494 0 494 0 494 0 
26270 495 4 495 0 495 0 495 0 495 0 495 4 495 0 495 0 495 0 495 0 495 0 
26315 496 3 496 0 496 0 496 0 496 0 496 3 496 0 496 0 496 0 496 0 496 0 
26330 497 4 497 0 497 0 497 0 497 0 497 4 497 0 497 0 497 0 497 0 497 0 
26375 498 3 498 0 498 0 498 0 498 0 498 3 498 0 498 0 498 0 498 0 498 0 
26390 499 -2 499 0 499 0 499 0 499 0 499 -2 499 0 499 0 499 0 499 0 499 0 
26405 500 0 500 0 500 0 500 0 500 0 500 0 500 0 500 0 500 0 500 0 500 0 
