2 100000
3 100000
4 100000
5 100000
6 100000
7 99910
8 99910
9 99910
10 99910
11 99910
12 99910
13 99910
14 99910
15 99910
16 99910
17 99910
18 99910
19 99910
20 99910
21 99910
22 99910
23 99910
24 99910
25 99910
26 99910
27 99910
28 99910
29 99910
30 99910
31 99910
32 99910
33 99910
34 99910
35 99910
36 99910
37 99910
38 99910
39 99910
40 99910
41 99910
42 99910
43 99910
44 99910
45 99910
46 99910
47 99910
48 99910
49 99910
50 99910
51 99910
52 99910
53 99910
54 99910
55 99910
56 99910
57 99910
58 99910
59 99910
60 99910
61 99910
62 99910
63 99910
64 99910
65 99910
66 99910
67 99910
68 99910
69 99910
70 99910
71 99910
72 99910
73 99910
74 99910
75 99910
76 99910
77 99910
78 99910
79 99910
80 99910
81 99910
82 99910
83 99910
84 99910
85 99910
86 99910
87 99910
88 99910
89 99910
90 99910
91 99910
92 99910
93 99910
94 99910
95 99910
96 99910
97 99910
98 99910
99 99910
100 99910
101 99910
102 99910
103 99910
104 99910
105 99910
106 99910
107 99910
108 99910
109 99910
110 99910
111 97660
112 97660
113 97660
114 97660
115 97570
116 97570
117 97570
118 97570
119 97480
120 97480
121 97480
122 97480
123 97390
124 97390
125 97390
126 97390
127 97300
128 97300
129 97300
130 97300
131 97225
132 97225
133 97225
134 97225
135 97150
136 97150
137 97150
138 97150
139 97075
140 97075
141 97075
142 97075
143 97000
144 97000
145 97000
146 97000
147 96910
148 96910
149 96910
150 96910
151 96138
152 96138
153 96138
154 96138
155 96090
156 96090
157 96090
158 96090
159 96042
160 96042
161 96042
162 96042
163 94107
164 94107
165 94107
166 94107
167 94002
168 94002
169 94002
170 94002
171 93897
172 93897
173 93897
174 93897
175 93792
176 93792
177 93792
178 93792
179 93687
180 93687
181 93687
182 93687
183 93612
184 93612
185 93612
186 93612
187 93537
188 93537
189 93537
190 93537
191 93462
192 93462
193 93462
194 93462
195 93387
196 93387
197 93387
198 93387
199 93282
200 93282
201 93282
202 93282
203 92727
204 92727
205 92727
206 92727
207 92679
208 92679
209 92679
210 92679
211 92631
212 92631
213 92631
214 92631
215 92496
216 92496
217 92496
218 92496
219 92391
220 92391
221 92391
222 92391
223 92301
224 92301
225 92301
226 92301
227 92196
228 92196
229 92196
230 92196
231 92091
232 92091
233 92091
234 92091
235 91956
236 91956
237 91956
238 91956
239 91836
240 91836
241 91836
242 91836
243 91544
244 91544
245 91544
246 91544
247 91237
248 91237
249 91237
250 91237
251 90975
252 90975
253 90975
254 90975
255 90653
256 90653
257 90653
258 90653
259 90376
260 90376
261 90376
262 90376
263 90084
264 90084
265 90084
266 90084
267 89994
268 89994
269 89994
270 89994
271 89904
272 89904
273 89904
274 89904
275 89829
276 89829
277 89829
278 89829
279 89781
280 89781
281 89781
282 89781
283 89733
284 89733
285 89733
286 89733
287 89685
288 89685
289 89685
290 89685
291 89637
292 89637
293 89637
294 89637
295 89532
296 89532
297 89532
298 89532
299 89427
300 89427
301 89427
302 89427
303 89292
304 89292
305 89292
306 89292
307 89187
308 89187
309 89187
310 89187
311 89082
312 89082
313 89082
314 89082
315 88992
316 88992
317 88992
318 88992
319 88857
320 88857
321 88857
322 88857
323 88737
324 88737
325 88737
326 88737
327 88632
328 88632
329 88632
330 88632
331 88557
332 88557
333 88557
334 88557
335 88437
336 88437
337 88437
338 88437
339 88332
340 88332
341 88332
342 88332
343 88227
344 88227
345 88227
346 88227
347 88122
348 88122
349 88122
350 88122
351 88017
352 88017
353 88017
354 88017
355 87942
356 87942
357 87942
358 87942
359 87894
360 87894
361 87894
362 87894
363 87846
364 87846
365 87846
366 87846
367 87798
368 87798
369 87798
370 87798
371 87750
372 87750
373 87750
374 87750
375 87750
376 87750
377 87750
378 87750
379 87750
380 87750
381 87750
382 87750
383 87750
384 87750
385 87750
386 87750
2 100000
3 100000
4 100000
5 100000
6 100000
7 99910
8 99910
9 99910
10 99910
11 99910
12 99910
13 99910
14 99910
15 99910
16 99910
17 99910
18 99910
19 99910
20 99910
21 99910
22 99910
23 99910
24 99910
25 99910
26 99910
27 99910
28 99910
29 99910
30 99910
31 99910
32 99910
33 99910
34 99910
35 99910
36 99910
37 99910
38 99910
39 99910
40 99910
41 99910
42 99910
43 99910
44 99910
45 99910
46 99910
47 99910
48 99910
49 99910
50 99910
51 99910
52 99910
53 99910
54 99910
55 99910
56 99910
57 99910
58 99910
59 99910
60 99910
61 99910
62 99910
63 99910
64 99910
65 99910
66 99910
67 99910
68 99910
69 99910
70 99910
71 99910
72 99910
73 99910
74 99910
75 99910
76 99910
77 99910
78 99910
79 99910
80 99910
81 99910
82 99910
83 99910
84 99910
85 99910
86 99910
87 99910
88 99910
89 99910
90 99910
91 99910
92 99910
93 99910
94 99910
95 99910
96 99910
97 99910
98 99910
99 99910
100 99910
101 99910
102 99910
103 99910
104 99910
105 99910
106 99910
107 99910
108 99910
109 99910
110 99910
111 97660
112 97660
113 97660
114 97660
115 97570
116 97570
117 97570
118 97570
119 97480
120 97480
121 97480
122 97480
123 97390
124 97390
125 97390
126 97390
127 97300
128 97300
129 97300
130 97300
131 97225
132 97225
133 97225
134 97225
135 97150
136 97150
137 97150
138 97150
139 97075
140 97075
141 97075
142 97075
143 97000
144 97000
145 97000
146 97000
147 96910
148 96910
149 96910
150 96910
151 96138
152 96138
153 96138
154 96138
155 96090
156 96090
157 96090
158 96090
159 96042
160 96042
161 96042
162 96042
163 94107
164 94107
165 94107
166 94107
167 94002
168 94002
169 94002
170 94002
171 93897
172 93897
173 93897
174 93897
175 93792
176 93792
177 93792
178 93792
179 93687
180 93687
181 93687
182 93687
183 93612
184 93612
185 93612
186 93612
187 93537
188 93537
189 93537
190 93537
191 93462
192 93462
193 93462
194 93462
195 93387
196 93387
197 93387
198 93387
199 93282
200 93282
201 93282
202 93282
203 92727
204 92727
205 92727
206 92727
207 92679
208 92679
209 92679
210 92679
211 92631
212 92631
213 92631
214 92631
215 92496
216 92496
217 92496
218 92496
219 92391
220 92391
221 92391
222 92391
223 92301
224 92301
225 92301
226 92301
227 92196
228 92196
229 92196
230 92196
231 92091
232 92091
233 92091
234 92091
235 91956
236 91956
237 91956
238 91956
239 91836
240 91836
241 91836
242 91836
243 91544
244 91544
245 91544
246 91544
247 91237
248 91237
249 91237
250 91237
251 90975
252 90975
253 90975
254 90975
255 90653
256 90653
257 90653
258 90653
259 90376
260 90376
261 90376
262 90376
263 90084
264 90084
265 90084
266 90084
267 89994
268 89994
269 89994
270 89994
271 89904
272 89904
273 89904
274 89904
275 89829
276 89829
277 89829
278 89829
279 89781
280 89781
281 89781
282 89781
283 89733
284 89733
285 89733
286 89733
287 89685
288 89685
289 89685
290 89685
291 89637
292 89637
293 89637
294 89637
295 89532
296 89532
297 89532
298 89532
299 89427
300 89427
2 100000
3 100000
4 100000
5 100000
6 100000
7 99910
8 99910
9 99910
10 99910
11 99910
12 99910
13 99910
14 99910
15 99910
16 99910
17 99910
18 99910
19 99910
20 99910
21 99910
22 99910
23 99910
24 99910
25 99910
26 99910
27 99910
28 99910
29 99910
30 99910
31 99910
32 99910
33 99910
34 99910
35 99910
36 99910
37 99910
38 99910
39 99910
40 99910
41 99910
42 99910
43 99910
44 99910
45 99910
46 99910
47 99910
48 99910
49 99910
50 99910
51 99910
52 99910
53 99910
54 99910
55 99910
56 99910
57 99910
58 99910
59 99910
60 99910
61 99910
62 99910
63 99910
64 99910
65 99910
66 99910
67 99910
68 99910
69 99910
70 99910
71 99910
72 99910
73 99910
74 99910
75 99910
76 99910
77 99910
78 99910
79 99910
80 99910
81 99910
82 99910
83 99910
84 99910
85 99910
86 99910
87 99910
88 99910
89 99910
90 99910
91 99910
92 99910
93 99910
94 99910
95 99910
96 99910
97 99910
98 99910
99 99910
100 99910
101 99910
102 99910
103 99910
104 99910
105 99910
106 99910
107 99910
108 99910
109 99910
110 99910
111 97660
112 97660
113 97660
114 97660
115 97570
116 97570
117 97570
118 97570
119 97480
120 97480
121 97480
122 97480
123 97390
124 97390
125 97390
126 97390
127 97300
128 97300
129 97300
130 97300
131 97225
132 97225
133 97225
134 97225
135 97150
136 97150
137 97150
138 97150
139 97075
140 97075
141 97075
142 97075
143 97000
144 97000
145 97000
146 97000
147 96910
148 96910
149 96910
150 96910
151 96138
152 96138
153 96138
154 96138
155 96090
156 96090
157 96090
158 96090
159 96042
160 96042
161 96042
162 96042
163 94107
164 94107
165 94107
166 94107
167 94002
168 94002
169 94002
170 94002
171 93897
172 93897
173 93897
174 93897
175 93792
176 93792
177 93792
178 93792
179 93687
180 93687
181 93687
182 93687
183 93612
184 93612
185 93612
186 93612
187 93537
188 93537
189 93537
190 93537
191 93462
192 93462
193 93462
194 93462
195 93387
196 93387
197 93387
198 93387
199 93282
200 93282
201 93282
202 93282
203 92727
204 92727
205 92727
206 92727
207 92679
208 92679
209 92679
210 92679
211 92631
212 92631
213 92631
214 92631
215 92496
216 92496
217 92496
218 92496
219 92391
220 92391
221 92391
222 92391
223 92301
224 92301
225 92301
226 92301
227 92196
228 92196
229 92196
230 92196
231 92091
232 92091
233 92091
234 92091
235 91956
236 91956
237 91956
238 91956
239 91836
240 91836
241 91836
242 91836
243 91544
244 91544
245 91544
246 91544
247 91237
248 91237
249 91237
250 91237
251 90975
252 90975
253 90975
254 90975
255 90653
256 90653
257 90653
258 90653
259 90376
260 90376
261 90376
262 90376
263 90084
264 90084
265 90084
266 90084
267 89994
268 89994
269 89994
270 89994
271 89904
272 89904
273 89904
274 89904
275 89829
276 89829
277 89829
278 89829
279 89781
280 89781
281 89781
282 89781
283 89733
284 89733
285 89733
286 89733
287 89685
288 89685
289 89685
290 89685
291 89637
292 89637
293 89637
294 89637
295 89532
296 89532
297 89532
298 89532
299 89427
300 89427
301 89427
302 89427
303 89292
304 89292
305 89292
306 89292
307 89187
308 89187
309 89187
310 89187
311 89082
312 89082
313 89082
314 89082
315 88992
316 88992
317 88992
318 88992
319 88857
320 88857
321 88857
322 88857
323 88737
324 88737
325 88737
326 88737
327 88632
328 88632
329 88632
330 88632
331 88557
332 88557
333 88557
334 88557
335 88437
336 88437
337 88437
338 88437
339 88332
340 88332
341 88332
342 88332
343 88227
344 88227
345 88227
346 88227
347 88122
348 88122
349 88122
350 88122
351 88017
352 88017
353 88017
354 88017
355 87942
356 87942
357 87942
358 87942
359 87894
360 87894
361 87894
362 87894
363 87846
364 87846
365 87846
366 87846
367 87798
368 87798
369 87798
370 87798
371 87750
372 87750
373 87750
374 87750
375 87750
376 87750
377 87750
378 87750
379 87750
380 87750
381 87750
382 87750
383 87750
384 87750
385 87750
386 87750
387 87750
388 87750
389 87750
390 87750
391 87750
392 87750
393 87750
394 87750
395 87750
396 87750
397 87750
398 87750
399 87750
400 87750
401 87750
402 87750
403 87750
404 87750
405 87750
406 87750
407 87750
408 87750
409 87750
410 87750
411 87750
412 87750
413 87750
414 87750
415 87750
416 87750
417 87750
418 87750
419 87750
420 87750
421 87750
422 87750
423 87750
424 87750
425 87750
426 87750
427 87750
428 87750
429 87750
430 87750
431 87750
432 87750
433 87750
434 87750
435 87750
436 87750
437 87750
438 87750
439 87750
440 87750
441 87750
442 87750
443 87750
444 87750
445 87750
446 87750
447 87750
448 87750
449 87750
450 87750
451 87750
452 87750
453 87750
454 87750
455 87750
456 87750
457 87750
458 87750
459 87750
460 87750
461 87750
462 87750
463 87750
464 87750
465 87750
466 87750
467 87750
468 87750
469 87750
470 87750
471 87750
472 87750
473 87750
474 87750
475 87750
476 87750
477 87750
478 87750
479 87750
480 87750
481 87750
482 87750
483 87750
484 87750
485 87750
486 87750
487 87750
488 87750
489 87750
490 87750
491 87750
492 87750
493 87750
494 87750
495 87750
496 87750
497 87750
498 87750
499 87750
500 87750
501 87750
502 87750
503 87750
504 87750
505 87750
506 87750
507 87750
508 87750
509 87750
510 87750
511 87750
512 87750
513 87750
514 87750
515 87750
516 87750
517 87750
518 87750
519 87750
520 87750
521 87750
522 87750
523 87750
524 87750
525 87750
526 87750
527 87750
528 87750
529 87750
530 87750
531 87750
532 87750
533 87750
534 87750
535 87750
536 87750
537 87750
538 87750
539 87750
540 87750
541 87750
542 87750
543 87750
544 87750
545 87750
546 87750
547 87750
548 87750
549 87750
550 87750
551 87750
552 87750
553 87750
554 87750
555 87750
556 87750
557 87750
558 87750
559 87750
560 87750
561 87750
562 87750
563 87750
564 87750
565 87750
566 87750
567 87750
568 87750
569 87750
570 87750
571 87750
572 87750
573 87750
574 87750
575 87750
576 87750
577 87750
578 87750
579 87750
580 87750
581 87750
582 87750
583 87750
584 87750
585 87750
586 87750
587 87750
588 87750
589 87750
590 87750
591 87750
592 87750
593 87750
594 87750
595 87750
596 87750
597 87750
598 87750
599 87750
600 87750
601 87750
602 87750
603 87750
604 87750
605 87750
606 87750
607 87750
608 87750
609 87750
610 87750
611 87750
612 87750
613 87750
614 87750
615 87750
616 87750
617 87750
618 87750
619 87750
620 87750
621 87750
622 87750
623 87750
624 87750
625 87750
626 87750
627 87750
628 87750
629 87750
630 87750
631 87750
632 87750
633 87750
634 87750
635 87750
636 87750
637 87750
638 87750
639 87750
640 87750
641 87750
642 87750
643 87750
644 87750
645 87750
646 87750
647 87750
648 87750
649 87750
650 87750
651 87750
652 87750
653 87750
654 87750
655 87750
656 87750
657 87750
658 87750
659 87750
660 87750
661 87750
662 87750
663 87750
664 87750
665 87750
666 87750
667 87750
668 87750
669 87750
670 87750
671 87750
672 87750
673 87750
674 87750
675 87750
676 87750
677 87750
678 87750
679 87750
680 87750
681 87750
682 87750
683 87750
684 87750
685 87750
686 87750
687 87750
688 87750
689 87750
690 87750
691 87750
692 87750
693 87750
694 87750
695 87750
696 87750
697 87750
698 87750
699 87750
700 87750
701 87750
702 87750
703 87750
704 87750
705 87750
706 87750
707 87750
708 87750
709 87750
710 87750
711 87750
712 87750
713 87750
714 87750
715 87750
716 87750
717 87750
718 87750
719 87750
720 87750
721 87750
722 87750
723 87750
724 87750
725 87750
726 87750
727 87750
728 87750
729 87750
730 87750
731 87750
732 87750
733 87750
734 87750
735 87750
736 87750
737 87750
738 87750
739 87750
740 87750
741 87750
742 87750
743 87750
744 87750
745 87750
746 87750
747 87750
748 87750
749 87750
750 87750
751 87750
752 87750
753 87750
754 87750
755 87750
756 87750
757 87750
758 87750
759 87750
760 87750
761 87750
762 87750
763 87750
764 87750
765 87750
766 87750
767 87750
768 87750
769 87750
770 87750
771 87750
772 87750
773 87750
774 87750
775 87750
776 87750
777 87750
778 87750
779 87750
780 87750
781 87750
782 87750
783 87750
784 87750
785 87750
786 87750
787 87750
788 87750
789 87750
790 87750
791 87750
792 87750
793 87750
794 87750
795 87750
796 87750
797 87750
798 87750
799 87750
800 87750
801 87750
802 87750
803 87750
804 87750
805 87750
806 87750
807 87750
808 87750
809 87750
810 87750
811 87750
812 87750
813 87750
814 87750
815 87750
816 87750
817 87750
818 87750
819 87750
820 87750
821 87750
822 87750
823 87750
824 87750
825 87750
826 87750
827 87750
828 87750
829 87750
830 87750
831 87750
832 87750
833 87750
834 87750
835 87750
836 87750
837 87750
838 87750
839 87750
840 87750
841 87750
842 87750
843 87750
844 87750
845 87750
846 87750
847 87750
848 87750
849 87750
850 87750
851 87750
852 87750
853 87750
854 87750
855 87750
856 87750
857 87750
858 87750
859 87750
860 87750
861 87750
862 87750
863 87750
864 87750
865 87750
866 87750
867 87750
868 87750
869 87750
870 87750
871 87750
872 87750
873 87750
874 87750
875 87750
876 87750
877 87750
878 87750
879 87750
880 87750
881 87750
882 87750
883 87750
884 87750
885 87750
886 87750
887 87750
888 87750
889 87750
890 87750
891 87750
892 87750
893 87750
894 87750
895 87750
896 87750
897 87750
898 87750
899 87750
900 87750
901 87750
902 87750
903 87750
904 87750
905 87750
906 87750
907 87750
908 87750
909 87750
910 87750
911 87750
912 87750
913 87750
914 87750
915 87750
916 87750
917 87750
918 87750
919 87750
920 87750
921 87750
922 87750
923 87750
924 87750
925 87750
926 87750
927 87750
928 87750
929 87750
930 87750
931 87750
932 87750
933 87750
934 87750
935 87750
936 87750
937 87750
938 87750
939 87750
940 87750
941 87750
942 87750
943 87750
944 87750
945 87750
946 87750
947 87750
948 87750
949 87750
950 87750
951 87750
952 87750
953 87750
954 87750
955 87750
956 87750
957 87750
958 87750
959 87750
960 87750
961 87750
962 87750
963 87750
964 87750
965 87750
966 87750
967 87750
968 87750
969 87750
970 87750
971 87750
972 87750
973 87750
974 87750
975 87750
976 87750
977 87750
978 87750
979 87750
980 87750
981 87750
982 87750
983 87750
984 87750
985 87750
986 87750
987 87750
988 87750
989 87750
990 87750
991 87750
992 87750
993 87750
994 87750
995 87750
996 87750
997 87750
998 87750
999 87750
1000 87750
1001 87750
1002 87750
1003 87750
1004 87750
1005 87750
1006 87750
1007 87750
1008 87750
1009 87750
1010 87750
1011 87750
1012 87750
1013 87750
1014 87750
1015 87750
1016 87750
1017 87750
1018 87750
1019 87750
1020 87750
1021 87750
1022 87750
1023 87750
1024 87750
1025 87750
1026 87750
1027 87750
1028 87750
1029 87750
1030 87750
1031 87750
1032 87750
1033 87750
1034 87750
1035 87750
1036 87750
1037 87750
1038 87750
1039 87750
1040 87750
1041 87750
1042 87750
1043 87750
1044 87750
1045 87750
1046 87750
1047 87750
1048 87750
1049 87750
1050 87750
1051 87750
1052 87750
1053 87750
1054 87750
1055 87750
1056 87750
1057 87750
1058 87750
1059 87750
1060 87750
1061 87750
1062 87750
1063 87750
1064 87750
1065 87750
1066 87750
1067 87750
1068 87750
1069 87750
1070 87750
1071 87750
1072 87750
1073 87750
1074 87750
1075 87750
1076 87750
1077 87750
1078 87750
1079 87750
1080 87750
1081 87750
1082 87750
1083 87750
1084 87750
1085 87750
1086 87750
1087 87750
1088 87750
1089 87750
1090 87750
1091 87750
1092 87750
1093 87750
1094 87750
1095 87750
1096 87750
1097 87750
1098 87750
1099 87750
1100 87750
1101 87750
1102 87750
1103 87750
1104 87750
1105 87750
1106 87750
1107 87750
1108 87750
1109 87750
1110 87750
1111 87750
1112 87750
1113 87750
1114 87750
1115 87750
1116 87750
1117 87750
1118 87750
1119 87750
1120 87750
1121 87750
1122 87750
1123 87750
1124 87750
1125 87750
1126 87750
1127 87750
1128 87750
1129 87750
1130 87750
1131 87750
1132 87750
1133 87750
1134 87750
1135 87750
1136 87750
1137 87750
1138 87750
1139 87750
1140 87750
1141 87750
1142 87750
1143 87750
1144 87750
1145 87750
1146 87750
1147 87750
1148 87750
1149 87750
1150 87750
1151 87750
1152 87750
1153 87750
1154 87750
1155 87750
1156 87750
1157 87750
1158 87750
1159 87750
1160 87750
1161 87750
1162 87750
1163 87750
1164 87750
1165 87750
1166 87750
1167 87750
1168 87750
1169 87750
1170 87750
1171 87750
1172 87750
1173 87750
1174 87750
1175 87750
1176 87750
1177 87750
1178 87750
1179 87750
1180 87750
1181 87750
1182 87750
1183 87750
1184 87750
1185 87750
1186 87750
1187 87750
1188 87750
1189 87750
1190 87750
1191 87750
1192 87750
1193 87750
1194 87750
1195 87750
1196 87750
1197 87750
1198 87750
1199 87750
1200 87750
1201 87750
1202 87750
1203 87750
1204 87750
1205 87750
1206 87750
1207 87750
1208 87750
1209 87750
1210 87750
1211 87750
1212 87750
1213 87750
1214 87750
1215 87750
1216 87750
1217 87750
1218 87750
1219 87750
1220 87750
1221 87750
1222 87750
1223 87750
1224 87750
1225 87750
1226 87750
1227 87750
1228 87750
1229 87750
1230 87750
1231 87750
1232 87750
1233 87750
1234 87750
1235 87750
1236 87750
1237 87750
1238 87750
1239 87750
1240 87750
1241 87750
1242 87750
1243 87750
1244 87750
1245 87750
1246 87750
1247 87750
1248 87750
1249 87750
1250 87750
1251 87750
1252 87750
1253 87750
1254 87750
1255 87750
1256 87750
1257 87750
1258 87750
1259 87750
1260 87750
1261 87750
1262 87750
1263 87750
1264 87750
1265 87750
1266 87750
1267 87750
1268 87750
1269 87750
1270 87750
1271 87750
1272 87750
1273 87750
1274 87750
1275 87750
1276 87750
1277 87750
1278 87750
1279 87750
1280 87750
1281 87750
1282 87750
1283 87750
1284 87750
1285 87750
1286 87750
1287 87750
1288 87750
1289 87750
1290 87750
1291 87750
1292 87750
1293 87750
1294 87750
1295 87750
1296 87750
1297 87750
1298 87750
1299 87750
1300 87750
1301 87750
1302 87750
1303 87750
1304 87750
1305 87750
1306 87750
1307 87750
1308 87750
1309 87750
1310 87750
1311 87750
1312 87750
1313 87750
1314 87750
1315 87750
1316 87750
1317 87750
1318 87750
1319 87750
1320 87750
1321 87750
1322 87750
1323 87750
1324 87750
1325 87750
1326 87750
1327 87750
1328 87750
1329 87750
1330 87750
1331 87750
1332 87750
1333 87750
1334 87750
1335 87750
1336 87750
1337 87750
1338 87750
1339 87750
1340 87750
1341 87750
1342 87750
1343 87750
1344 87750
1345 87750
1346 87750
1347 87750
1348 87750
1349 87750
1350 87750
1351 87750
1352 87750
1353 87750
1354 87750
1355 87750
1356 87750
1357 87750
1358 87750
1359 87750
1360 87750
1361 87750
1362 87750
1363 87750
1364 87750
1365 87750
1366 87750
1367 87750
1368 87750
1369 87750
1370 87750
1371 87750
1372 87750
1373 87750
1374 87750
1375 87750
1376 87750
1377 87750
1378 87750
1379 87750
1380 87750
1381 87750
1382 87750
1383 87750
1384 87750
1385 87750
1386 87750
1387 87750
1388 87750
1389 87750
1390 87750
1391 87750
1392 87750
1393 87750
1394 87750
1395 87750
1396 87750
1397 87750
1398 87750
1399 87750
1400 87750
1401 87750
1402 87750
1403 87750
1404 87750
1405 87750
1406 87750
1407 87750
1408 87750
1409 87750
1410 87750
1411 87750
1412 87750
1413 87750
1414 87750
1415 87750
1416 87750
1417 87750
1418 87750
1419 87750
1420 87750
1421 87750
1422 87750
1423 87750
1424 87750
1425 87750
1426 87750
1427 87750
1428 87750
1429 87750
1430 87750
1431 87750
1432 87750
1433 87750
1434 87750
1435 87750
1436 87750
1437 87750
1438 87750
1439 87750
1440 87750
1441 87750
1442 87750
1443 87750
1444 87750
1445 87750
1446 87750
1447 87750
1448 87750
1449 87750
1450 87750
1451 87750
1452 87750
1453 87750
1454 87750
1455 87750
1456 87750
1457 87750
1458 87750
1459 87750
1460 87750
1461 87750
1462 87750
1463 87750
1464 87750
1465 87750
1466 87750
1467 87750
1468 87750
1469 87750
1470 87750
1471 87750
1472 87750
1473 87750
1474 87750
1475 87750
1476 87750
1477 87750
1478 87750
1479 87750
1480 87750
1481 87750
1482 87750
1483 87750
1484 87750
1485 87750
1486 87750
1487 87750
1488 87750
1489 87750
1490 87750
1491 87750
1492 87750
1493 87750
1494 87750
1495 87750
1496 87750
1497 87750
1498 87750
1499 87750
1500 87750
1501 87750
1502 87750
1503 87750
1504 87750
1505 87750
1506 87750
1507 87750
1508 87750
1509 87750
1510 87750
1511 87750
1512 87750
1513 87750
1514 87750
1515 87750
1516 87750
1517 87750
1518 87750
1519 87750
1520 87750
1521 87750
1522 87750
1523 87750
1524 87750
1525 87750
1526 87750
1527 87750
1528 87750
1529 87750
1530 87750
1531 87750
1532 87750
1533 87750
1534 87750
1535 87750
1536 87750
1537 87750
1538 87750
1539 87750
1540 87750
1541 87750
1542 87750
1543 87750
1544 87750
1545 87750
1546 87750
1547 87750
1548 87750
1549 87750
1550 87750
1551 87750
1552 87750
1553 87750
1554 87750
1555 87750
1556 87750
1557 87750
1558 87750
1559 87750
1560 87750
1561 87750
1562 87750
1563 87750
1564 87750
1565 87750
1566 87750
1567 87750
1568 87750
1569 87750
1570 87750
1571 87750
1572 87750
1573 87750
1574 87750
1575 87750
1576 87750
1577 87750
1578 87750
1579 87750
1580 87750
1581 87750
1582 87750
1583 87750
1584 87750
1585 87750
1586 87750
1587 87750
1588 87750
1589 87750
1590 87750
1591 87750
1592 87750
1593 87750
1594 87750
1595 87750
1596 87750
1597 87750
1598 87750
1599 87750
1600 87750
1601 87750
1602 87750
1603 87750
1604 87750
1605 87750
1606 87750
1607 87750
1608 87750
1609 87750
1610 87750
1611 87750
1612 87750
1613 87750
1614 87750
1615 87750
1616 87750
1617 87750
1618 87750
1619 87750
1620 87750
1621 87750
1622 87750
1623 87750
1624 87750
1625 87750
1626 87750
1627 87750
1628 87750
1629 87750
1630 87750
1631 87750
1632 87750
1633 87750
1634 87750
1635 87750
1636 87750
1637 87750
1638 87750
1639 87750
1640 87750
1641 87750
1642 87750
1643 87750
1644 87750
1645 87750
1646 87750
1647 87750
1648 87750
1649 87750
1650 87750
1651 87750
1652 87750
1653 87750
1654 87750
1655 87750
1656 87750
1657 87750
1658 87750
1659 87750
1660 87750
1661 87750
1662 87750
1663 87750
1664 87750
1665 87750
1666 87750
1667 87750
1668 87750
1669 87750
1670 87750
1671 87750
1672 87750
1673 87750
1674 87750
1675 87750
1676 87750
1677 87750
1678 87750
1679 87750
1680 87750
1681 87750
1682 87750
1683 87750
1684 87750
1685 87750
1686 87750
1687 87750
1688 87750
1689 87750
1690 87750
1691 87750
1692 87750
1693 87750
1694 87750
1695 87750
1696 87750
1697 87750
1698 87750
1699 87750
1700 87750
1701 87750
1702 87750
1703 87750
1704 87750
1705 87750
1706 87750
1707 87750
1708 87750
1709 87750
1710 87750
1711 87750
1712 87750
1713 87750
1714 87750
1715 87750
1716 87750
1717 87750
1718 87750
1719 87750
1720 87750
1721 87750
1722 87750
1723 87750
1724 87750
1725 87750
1726 87750
1727 87750
1728 87750
1729 87750
1730 87750
1731 87750
1732 87750
1733 87750
1734 87750
1735 87750
1736 87750
1737 87750
1738 87750
1739 87750
1740 87750
1741 87750
1742 87750
1743 87750
1744 87750
1745 87750
1746 87750
1747 87750
1748 87750
1749 87750
1750 87750
1751 87750
1752 87750
1753 87750
1754 87750
1755 87750
1756 87750
1757 87750
1758 87750
1759 87750
1760 87750
1761 87750
1762 87750
1763 87660
1764 87660
1765 87660
1766 87660
1767 87570
1768 87570
1769 87570
1770 87570
1771 87480
1772 87480
1773 87480
1774 87480
1775 87390
1776 87390
1777 87390
1778 87390
1779 87300
1780 87300
1781 87300
1782 87300
1783 87210
1784 87210
1785 87210
1786 87210
1787 87120
1788 87120
1789 87120
1790 87120
1791 86895
1792 86895
1793 86895
1794 86895
1795 86670
1796 86670
1797 86670
1798 86670
1799 86445
1800 86445
1801 86445
1802 86445
1803 86355
1804 86355
1805 86355
1806 86355
1807 86250
1808 86250
1809 86250
1810 86250
1811 86145
1812 86145
1813 86145
1814 86145
1815 86040
1816 86040
1817 86040
1818 86040
1819 85935
1820 85935
1821 85935
1822 85935
1823 85845
1824 85845
1825 85845
1826 85845
1827 85740
1828 85740
1829 85740
1830 85740
1831 85650
1832 85650
1833 85650
1834 85650
1835 85560
1836 85560
1837 85560
1838 85560
1839 85470
1840 85470
1841 85470
1842 85470
1843 85335
1844 85335
1845 85335
1846 85335
1847 85245
1848 85245
1849 85245
1850 85245
1851 85155
1852 85155
1853 85155
1854 85155
1855 85065
1856 85065
1857 85065
1858 85065
1859 84975
1860 84975
1861 84975
1862 84975
1863 84885
1864 84885
1865 84885
1866 84885
1867 84795
1868 84795
1869 84795
1870 84795
1871 84705
1872 84705
1873 84705
1874 84705
1875 84615
1876 84615
1877 84615
1878 84615
1879 84525
1880 84525
1881 84525
1882 84525
1883 84435
1884 84435
1885 84435
1886 84435
1887 84345
1888 84345
1889 84345
1890 84345
1891 84255
1892 84255
1893 84255
1894 84255
1895 84135
1896 84135
1897 84135
1898 84135
1899 84030
1900 84030
1901 84030
1902 84030
1903 83940
1904 83940
1905 83940
1906 83940
1907 83850
1908 83850
1909 83850
1910 83850
1911 83760
1912 83760
1913 83760
1914 83760
1915 83670
1916 83670
1917 83670
1918 83670
1919 83550
1920 83550
1921 83550
1922 83550
1923 83550
1924 83550
1925 83550
1926 83550
1927 83550
1928 83550
1929 83550
1930 83550
1931 83550
1932 83550
1933 83550
1934 83550
1935 83550
1936 83550
1937 83550
1938 83550
1939 83460
1940 83460
1941 83460
1942 83460
1943 83370
1944 83370
1945 83370
1946 83370
1947 83280
1948 83280
1949 83280
1950 83280
1951 83190
1952 83190
1953 83190
1954 83190
1955 83070
1956 83070
1957 83070
1958 83070
1959 82950
1960 82950
1961 82950
1962 82950
1963 82845
1964 82845
1965 82845
1966 82845
1967 82755
1968 82755
1969 82755
1970 82755
1971 82650
1972 82650
1973 82650
1974 82650
1975 82560
1976 82560
1977 82560
1978 82560
1979 82560
1980 82560
1981 82560
1982 82560
1983 82560
1984 82560
1985 82560
1986 82560
1987 82560
1988 82560
1989 82560
1990 82560
1991 82560
1992 82560
1993 82560
1994 82560
1995 82560
1996 82560
1997 82560
1998 82560
1999 82560
2000 82560
2001 82560
2002 82560
2003 82560
2004 82560
2005 82560
2006 82560
2007 82560
2008 82560
2009 82560
2010 82560
2011 82560
2012 82560
2013 82560
2014 82560
2015 82560
2016 82560
2017 82560
2018 82560
2019 82560
2020 82560
2021 82560
2022 82560
2023 82560
2024 82560
2025 82560
2026 82560
2027 82560
2028 82560
2029 82560
2030 82560
2031 82560
2032 82560
2033 82560
2034 82560
2035 82560
2036 82560
2037 82560
2038 82560
2039 82560
2040 82560
2041 82560
2042 82560
2043 82560
2044 82560
2045 82560
2046 82560
2047 82560
2048 82560
2049 82560
2050 82560
2051 82560
2052 82560
2053 82560
2054 82560
2055 82560
2056 82560
2057 82560
2058 82560
2059 82560
2060 82560
2061 82560
2062 82560
2063 82560
2064 82560
2065 82560
2066 82560
2067 82560
2068 82560
2069 82560
2070 82560
2071 82560
2072 82560
2073 82560
2074 82560
2075 82560
2076 82560
2077 82560
2078 82560
2079 82560
2080 82560
2081 82560
2082 82560
2083 82560
2084 82560
2085 82560
2086 82560
2087 82560
2088 82560
2089 82560
2090 82560
2091 82560
2092 82560
2093 82560
2094 82560
2095 82560
2096 82560
2097 82560
2098 82560
2099 82455
2100 82455
2101 82455
2102 82455
2103 82350
2104 82350
2105 82350
2106 82350
2107 82245
2108 82245
2109 82245
2110 82245
2111 82140
2112 82140
2113 82140
2114 82140
2115 82035
2116 82035
2117 82035
2118 82035
2119 81930
2120 81930
2121 81930
2122 81930
2123 81825
2124 81825
2125 81825
2126 81825
2127 81720
2128 81720
2129 81720
2130 81720
2131 81615
2132 81615
2133 81615
2134 81615
2135 81510
2136 81510
2137 81510
2138 81510
2139 81405
2140 81405
2141 81405
2142 81405
2143 81300
2144 81300
2145 81300
2146 81300
2147 81195
2148 81195
2149 81195
2150 81195
2151 81195
2152 81195
2153 81195
2154 81195
2155 81195
2156 81195
2157 81195
2158 81195
2159 64789
2160 64789
2161 64789
2162 64789
2163 64789
2164 64789
2165 64789
2166 64789
2167 63706
2168 63706
2169 63706
2170 63706
2171 62623
2172 62623
2173 62623
2174 62623
2175 61540
2176 61540
2177 61540
2178 61540
2179 61540
2180 61540
2181 61540
2182 61540
2183 61540
2184 61540
2185 61540
2186 61540
2187 61540
2188 61540
2189 61540
2190 61540
2191 61540
2192 61540
2193 61540
2194 61540
2195 61540
2196 61540
2197 61540
2198 61540
2199 41885
2200 41885
2201 41885
2202 41885
2203 41885
2204 41885
2205 41885
2206 41885
2207 41885
2208 41885
2209 41885
2210 41885
2211 41885
2212 41885
2213 41885
2214 41885
2215 11885
2216 11885
2217 11885
2218 11885
2219 11885
2220 11882
2221 11882
2222 11882
2223 11882
2224 11882
2225 11882
2226 11882
2227 11882
2228 11880
2229 11880
2230 11880
2231 11880
2232 11880
2233 11880
2234 11880
2235 11880
2236 11880
2237 11880
2238 11880
2239 11880
2240 11880
2241 11880
2242 11880
2243 11880
2244 11880
2245 11880
2246 11880
2247 11880
2248 11880
2249 11880
2250 11880
2251 11880
2252 11880
2253 11880
2254 11880
2255 11880
2256 11880
2257 11880
2258 11880
2259 11880
2260 11880
2261 11880
2262 11880
2263 11880
2264 11880
2265 11880
2266 11880
2267 11880
2268 11880
2269 11880
2270 11880
2271 11880
2272 11880
2273 11880
2274 11880
2275 11880
2276 11880
2277 11880
2278 11880
2279 11880
2280 11880
2281 11880
2282 11880
2283 11880
2284 11880
2285 11880
2286 11880
2287 11880
2288 11880
2289 11880
2290 11880
2291 11880
2292 11880
2293 11638
2294 11633
2295 11633
2296 11633
2297 11633
2298 11633
2299 11633
2300 11633
2301 11633
2302 11627
2303 11627
2304 11627
2305 11627
2306 11627
2307 11627
2308 11627
2309 11627
2310 11627
2311 11627
2312 11627
2313 11627
2314 11627
2315 11627
2316 11627
2317 11627
2318 11627
2319 11627
2320 11627
2321 11627
2322 11627
2323 11627
2324 11627
2325 11627
2326 11627
2327 11627
2328 11627
2329 11627
2330 11627
2331 11627
2332 11627
2333 11627
2334 11627
2335 11627
2336 11627
2337 11627
2338 11627
2339 11627
2340 11627
2341 11627
2342 11627
2343 11627
2344 11627
2345 11627
2346 11627
2347 11627
2348 11627
2349 11627
2350 11627
2351 11627
2352 11627
2353 11627
2354 11627
2355 11627
2356 11627
2357 11627
2358 11627
2359 11627
2360 11627
2361 11627
2362 11627
2363 11627
2364 11627
2365 11627
2366 11627
2367 11627
2368 11621
2369 11621
2370 11621
2371 11621
2372 11621
2373 11621
2374 11621
2375 11621
2376 11615
2377 11615
2378 11615
2379 11615
2380 11615
2381 11615
2382 11615
2383 11615
2384 11615
2385 11615
2386 11615
2387 11615
2388 11615
2389 11615
2390 11615
2391 11615
2392 11615
2393 11615
2394 11615
2395 11615
2396 11615
2397 11615
2398 11615
2399 11615
2400 11615
2401 11615
2402 11615
2403 11615
2404 11615
2405 11615
2406 11615
2407 11615
2408 11615
2409 11615
2410 11615
2411 11615
2412 11615
2413 11615
2414 11615
2415 11615
2416 11615
2417 11615
2418 11615
2419 11615
2420 11615
2421 11615
2422 11615
2423 11615
2424 11615
2425 11615
2426 11615
2427 11615
2428 11615
2429 11615
2430 11615
2431 11615
2432 11615
2433 11615
2434 11615
2435 11615
2436 11615
2437 11615
2438 11615
2439 11615
2440 11615
2441 11615
2442 11609
2443 11609
2444 11609
2445 11609
2446 11609
2447 11609
2448 11609
2449 11609
2450 11603
2451 11603
2452 11603
2453 11603
2454 11603
2455 11603
2456 11603
2457 11603
2458 11603
2459 11603
2460 11603
2461 11603
2462 11603
2463 11603
2464 11603
2465 11603
2466 11603
2467 11603
2468 11603
2469 11603
2470 11603
2471 11603
2472 11603
2473 11603
2474 11603
2475 11603
2476 11603
2477 11603
2478 11603
2479 11603
2480 11603
2481 11603
2482 11603
2483 11603
2484 11603
2485 11603
2486 11603
2487 11603
2488 11603
2489 11603
2490 11603
2491 11603
2492 11603
2493 11603
2494 11603
2495 11603
2496 11603
2497 11603
2498 11603
2499 11603
2500 11603
2501 11603
2502 11603
2503 11603
2504 11603
2505 11603
2506 11603
2507 11603
2508 11603
2509 11603
2510 11603
2511 11603
2512 11603
2513 11603
2514 11603
2515 11603
2516 11597
2517 11597
2518 11597
2519 11597
2520 11597
2521 11597
2522 11597
2523 11597
2524 11592
2525 11592
2526 11592
2527 11592
2528 11592
2529 11592
2530 11592
2531 11592
2532 11592
2533 11592
2534 11592
2535 11592
2536 11592
2537 11592
2538 11592
2539 11592
2540 11592
2541 11592
2542 11592
2543 11592
2544 11592
2545 11592
2546 11592
2547 11592
2548 11592
2549 11592
2550 11592
2551 11592
2552 11592
2553 11592
2554 11592
2555 11592
2556 11592
2557 11592
2558 11592
2559 11592
2560 11592
2561 11592
2562 11592
2563 11592
2564 11592
2565 11592
2566 11592
2567 11592
2568 11592
2569 11592
2570 11592
2571 11592
2572 11592
2573 11592
2574 11592
2575 11592
2576 11592
2577 11592
2578 11592
2579 11592
2580 11592
2581 11592
2582 11592
2583 11592
2584 11592
2585 11592
2586 11592
2587 11592
2588 11592
2589 11592
2590 11586
2591 11586
2592 11586
2593 11586
2594 11586
2595 11586
2596 11586
2597 11586
2598 11580
2599 11580
2600 11580
2601 11580
2602 11580
2603 11580
2604 11580
2605 11580
2606 11580
2607 11580
2608 11580
2609 11580
2610 11580
2611 11580
2612 11580
2613 11580
2614 11580
2615 11580
2616 11580
2617 11580
2618 11580
2619 11580
2620 11580
2621 11580
2622 11580
2623 11580
2624 11580
2625 11580
2626 11580
2627 11580
2628 11580
2629 11580
2630 11580
2631 11580
2632 11580
2633 11580
2634 11580
2635 11580
2636 11580
2637 11580
2638 11580
2639 11580
2640 11580
2641 11580
2642 11580
2643 11580
2644 11580
2645 11580
2646 11580
2647 11580
2648 11580
2649 11580
2650 11580
2651 11580
2652 11580
2653 11580
2654 11580
2655 11580
2656 11580
2657 11580
2658 11580
2659 11580
2660 11580
2661 11580
2662 11580
2663 11580
2664 11574
2665 11574
2666 11574
2667 11574
2668 11574
2669 11574
2670 11574
2671 11574
2672 11568
2673 11568
2674 11568
2675 11568
2676 11568
2677 11568
2678 11568
2679 11568
2680 11568
2681 11568
2682 11568
2683 11568
2684 11568
2685 11568
2686 11568
2687 11568
2688 11568
2689 11568
2690 11568
2691 11568
2692 11568
2693 11568
2694 11568
2695 11568
2696 11568
2697 11568
2698 11568
2699 11568
2700 11568
2701 11568
2702 11568
2703 11568
2704 11568
2705 11568
2706 11568
2707 11568
2708 11568
2709 11568
2710 11568
2711 11568
2712 11568
2713 11568
2714 11568
2715 11568
2716 11568
2717 11568
2718 11568
2719 11568
2720 11568
2721 11568
2722 11568
2723 11568
2724 11568
2725 11568
2726 11568
2727 11568
2728 11568
2729 11568
2730 11568
2731 11568
2732 11568
2733 11568
2734 11568
2735 11568
2736 11568
2737 11568
2738 11562
2739 11562
2740 11562
2741 11562
2742 11562
2743 11562
2744 11562
2745 11562
2746 11556
2747 11556
2748 11556
2749 11556
2750 11556
2751 11556
2752 11556
2753 11556
2754 11556
2755 11556
2756 11556
2757 11556
2758 11556
2759 11556
2760 11556
2761 11556
2762 11556
2763 11556
2764 11556
2765 11556
2766 11556
2767 11556
2768 11556
2769 11556
2770 11556
2771 11556
2772 11556
2773 11556
2774 11556
2775 11556
2776 11556
2777 11556
2778 11556
2779 11556
2780 11556
2781 11556
2782 11556
2783 11556
2784 11556
2785 11556
2786 11556
2787 11556
2788 11556
2789 11556
2790 11556
2791 11556
2792 11556
2793 11556
2794 11556
2795 11556
2796 11556
2797 11556
2798 11556
2799 11556
2800 11556
2801 11556
2802 11556
2803 11556
2804 11556
2805 11556
2806 11556
2807 11556
2808 11556
2809 11556
2810 11556
2811 11556
2812 11551
2813 11551
2814 11551
2815 11551
2816 11551
2817 11551
2818 11551
2819 11551
2820 11545
2821 11545
2822 11545
2823 11545
2824 11545
2825 11545
2826 11545
2827 11545
2828 11545
2829 11545
2830 11545
2831 11545
2832 11545
2833 11545
2834 11545
2835 11545
2836 11545
2837 11545
2838 11545
2839 11545
2840 11545
2841 11545
2842 11545
2843 11545
2844 11545
2845 11545
2846 11545
2847 11545
2848 11545
