1 100000
2 100000
3 100000
4 100000
5 100000
6 100000
7 100000
8 100000
9 100000
10 100000
11 100000
12 100000
13 100000
14 100000
15 99379
16 99379
17 99379
18 99379
19 99379
20 99379
21 99379
22 99379
23 99379
24 99379
25 99379
26 99379
27 99379
28 99379
29 99379
30 99379
31 99379
32 99379
33 99379
34 99379
35 99379
36 99379
37 99379
38 99379
39 99379
40 99379
41 99379
42 99379
43 99379
44 99379
45 99379
46 99379
47 99379
48 99379
49 99379
50 99379
51 99379
52 99379
53 99379
54 99379
55 99379
56 99379
57 99379
58 99379
59 99379
60 99379
61 99379
62 99379
63 99379
64 99379
65 99379
66 99379
67 99379
68 99379
69 99379
70 99379
71 99379
72 99379
73 99379
74 99379
75 99379
76 99379
77 99379
78 99379
79 99379
80 99379
81 99379
82 99379
83 99379
84 99379
85 99379
86 99379
87 99379
88 99379
89 99379
90 99379
91 99379
92 99379
93 99379
94 99379
95 99379
96 99379
97 99379
98 99379
99 99379
100 99379
101 99379
102 99379
103 99379
104 99379
105 99379
106 99379
107 99379
108 99379
109 99379
110 99379
111 99379
112 99379
113 99379
114 99379
115 99379
116 99379
117 99379
118 99379
119 99379
120 99379
121 99379
122 99379
123 19379
124 19379
125 19379
126 19379
127 19379
128 19379
129 19379
130 19379
131 19379
132 19379
133 19379
134 19379
135 19379
136 19379
137 19379
138 19379
139 19379
140 19379
141 19379
142 19379
143 19379
144 19379
145 19379
146 19379
147 19379
148 19379
149 19379
150 19379
151 19379
152 19379
153 19379
154 19379
155 19379
156 19379
157 19379
158 19379
159 19379
160 19379
161 19379
162 19379
163 19379
164 19379
165 19379
166 19379
167 19379
168 19379
169 19379
170 19379
171 19379
172 19379
173 19379
174 19379
175 19379
176 19379
177 19379
178 19379
179 19379
180 19379
181 19379
182 19379
183 19379
184 19379
185 19379
186 19379
187 19379
188 19379
189 19379
190 19379
191 19379
192 19379
193 19379
194 19379
195 19379
196 19379
197 19379
198 19379
199 19379
200 19379
201 19379
202 19379
203 19379
204 19379
205 19379
206 19379
207 19379
208 19379
209 19379
210 19379
211 19379
212 19379
213 19379
214 19379
215 19379
216 19379
217 19379
218 19379
219 19379
220 19379
221 19379
222 19379
223 19379
224 19379
225 19379
226 19379
227 19379
228 19379
229 19379
230 19379
231 19379
232 19379
233 19379
234 19379
235 19379
236 19379
237 19379
238 19379
239 19379
240 19379
241 19379
242 19379
243 19379
244 19379
245 19379
246 19379
247 19379
248 19379
249 19379
250 19379
251 19379
252 19379
253 19379
254 19379
255 19379
256 19379
257 19379
258 19379
259 19379
260 19379
261 19379
262 19379
263 19379
264 19379
265 19379
266 19379
267 19379
268 19379
269 19379
270 19379
271 19379
272 19379
273 19379
274 19379
275 19379
276 19379
277 19379
278 19379
279 19379
280 19379
281 19379
282 19379
283 19379
284 19379
285 19379
286 19379
287 19379
288 19379
289 19379
290 19379
291 19379
292 19379
293 19379
294 19379
295 19379
296 19379
297 19379
298 19379
299 19379
300 19379
301 19379
302 19379
303 19379
304 19379
305 19379
306 19379
307 19379
308 19379
309 19379
310 19379
311 19379
312 19379
313 19379
314 19379
315 19379
316 19379
317 19379
318 19379
319 19379
320 19379
321 19379
322 19379
323 19379
324 19379
325 19379
326 19379
327 19379
328 19379
329 19379
330 19379
331 19379
332 19379
333 19379
334 19379
335 19379
336 19379
337 19379
338 19379
339 19379
340 19379
341 19379
342 19379
343 19379
344 19379
345 19379
346 19379
347 19379
348 19379
349 19379
350 19379
351 19379
352 19379
353 19379
354 19379
355 19379
356 19379
357 19379
358 19379
359 19379
360 19379
361 19379
362 19379
363 19379
364 19379
365 19379
366 19379
367 19379
368 19379
369 19379
370 19379
371 19379
372 19379
373 19379
374 19379
375 19379
376 19379
377 19379
378 19379
379 19379
380 19379
381 19379
382 19379
383 19379
384 19379
385 19379
386 19379
1 100000
2 100000
3 100000
4 100000
5 100000
6 100000
7 100000
8 100000
9 100000
10 100000
11 100000
12 100000
13 100000
14 100000
15 99379
16 99379
17 99379
18 99379
19 99379
20 99379
21 99379
22 99379
23 99379
24 99379
25 99379
26 99379
27 99379
28 99379
29 99379
30 99379
31 99379
32 99379
33 99379
34 99379
35 99379
36 99379
37 99379
38 99379
39 99379
40 99379
41 99379
42 99379
43 99379
44 99379
45 99379
46 99379
47 99379
48 99379
49 99379
50 99379
51 99379
52 99379
53 99379
54 99379
55 99379
56 99379
57 99379
58 99379
59 99379
60 99379
61 99379
62 99379
63 99379
64 99379
65 99379
66 99379
67 99379
68 99379
69 99379
70 99379
71 99379
72 99379
73 99379
74 99379
75 99379
76 99379
77 99379
78 99379
79 99379
80 99379
81 99379
82 99379
83 99379
84 99379
85 99379
86 99379
87 99379
88 99379
89 99379
90 99379
91 99379
92 99379
93 99379
94 99379
95 99379
96 99379
97 99379
98 99379
99 99379
100 99379
101 99379
102 99379
103 99379
104 99379
105 99379
106 99379
107 99379
108 99379
109 99379
110 99379
111 99379
112 99379
113 99379
114 99379
115 99379
116 99379
117 99379
118 99379
119 99379
120 99379
121 99379
122 99379
123 19379
124 19379
125 19379
126 19379
127 19379
128 19379
129 19379
130 19379
131 19379
132 19379
133 19379
134 19379
135 19379
136 19379
137 19379
138 19379
139 19379
140 19379
141 19379
142 19379
143 19379
144 19379
145 19379
146 19379
147 19379
148 19379
149 19379
150 19379
151 19379
152 19379
153 19379
154 19379
155 19379
156 19379
157 19379
158 19379
159 19379
160 19379
161 19379
162 19379
163 19379
164 19379
165 19379
166 19379
167 19379
168 19379
169 19379
170 19379
171 19379
172 19379
173 19379
174 19379
175 19379
176 19379
177 19379
178 19379
179 19379
180 19379
181 19379
182 19379
183 19379
184 19379
185 19379
186 19379
187 19379
188 19379
189 19379
190 19379
191 19379
192 19379
193 19379
194 19379
195 19379
196 19379
197 19379
198 19379
199 19379
200 19379
201 19379
202 19379
203 19379
204 19379
205 19379
206 19379
207 19379
208 19379
209 19379
210 19379
211 19379
212 19379
213 19379
214 19379
215 19379
216 19379
217 19379
218 19379
219 19379
220 19379
221 19379
222 19379
223 19379
224 19379
225 19379
226 19379
227 19379
228 19379
229 19379
230 19379
231 19379
232 19379
233 19379
234 19379
235 19379
236 19379
237 19379
238 19379
239 19379
240 19379
241 19379
242 19379
243 19379
244 19379
245 19379
246 19379
247 19379
248 19379
249 19379
250 19379
251 19379
252 19379
253 19379
254 19379
255 19379
256 19379
257 19379
258 19379
259 19379
260 19379
261 19379
262 19379
263 19379
264 19379
265 19379
266 19379
267 19379
268 19379
269 19379
270 19379
271 19379
272 19379
273 19379
274 19379
275 19379
276 19379
277 19379
278 19379
279 19379
280 19379
281 19379
282 19379
283 19379
284 19379
285 19379
286 19379
287 19379
288 19379
289 19379
290 19379
291 19379
292 19379
293 19379
294 19379
295 19379
296 19379
297 19379
298 19379
299 19379
300 19379
1 100000
2 100000
3 100000
4 100000
5 100000
6 100000
7 100000
8 100000
9 100000
10 100000
11 100000
12 100000
13 100000
14 100000
15 99379
16 99379
17 99379
18 99379
19 99379
20 99379
21 99379
22 99379
23 99379
24 99379
25 99379
26 99379
27 99379
28 99379
29 99379
30 99379
31 99379
32 99379
33 99379
34 99379
35 99379
36 99379
37 99379
38 99379
39 99379
40 99379
41 99379
42 99379
43 99379
44 99379
45 99379
46 99379
47 99379
48 99379
49 99379
50 99379
51 99379
52 99379
53 99379
54 99379
55 99379
56 99379
57 99379
58 99379
59 99379
60 99379
61 99379
62 99379
63 99379
64 99379
65 99379
66 99379
67 99379
68 99379
69 99379
70 99379
71 99379
72 99379
73 99379
74 99379
75 99379
76 99379
77 99379
78 99379
79 99379
80 99379
81 99379
82 99379
83 99379
84 99379
85 99379
86 99379
87 99379
88 99379
89 99379
90 99379
91 99379
92 99379
93 99379
94 99379
95 99379
96 99379
97 99379
98 99379
99 99379
100 99379
101 99379
102 99379
103 99379
104 99379
105 99379
106 99379
107 99379
108 99379
109 99379
110 99379
111 99379
112 99379
113 99379
114 99379
115 99379
116 99379
117 99379
118 99379
119 99379
120 99379
121 99379
122 99379
123 19379
124 19379
125 19379
126 19379
127 19379
128 19379
129 19379
130 19379
131 19379
132 19379
133 19379
134 19379
135 19379
136 19379
137 19379
138 19379
139 19379
140 19379
141 19379
142 19379
143 19379
144 19379
145 19379
146 19379
147 19379
148 19379
149 19379
150 19379
151 19379
152 19379
153 19379
154 19379
155 19379
156 19379
157 19379
158 19379
159 19379
160 19379
161 19379
162 19379
163 19379
164 19379
165 19379
166 19379
167 19379
168 19379
169 19379
170 19379
171 19379
172 19379
173 19379
174 19379
175 19379
176 19379
177 19379
178 19379
179 19379
180 19379
181 19379
182 19379
183 19379
184 19379
185 19379
186 19379
187 19379
188 19379
189 19379
190 19379
191 19379
192 19379
193 19379
194 19379
195 19379
196 19379
197 19379
198 19379
199 19379
200 19379
201 19379
202 19379
203 19379
204 19379
205 19379
206 19379
207 19379
208 19379
209 19379
210 19379
211 19379
212 19379
213 19379
214 19379
215 19379
216 19379
217 19379
218 19379
219 19379
220 19379
221 19379
222 19379
223 19379
224 19379
225 19379
226 19379
227 19379
228 19379
229 19379
230 19379
231 19379
232 19379
233 19379
234 19379
235 19379
236 19379
237 19379
238 19379
239 19379
240 19379
241 19379
242 19379
243 19379
244 19379
245 19379
246 19379
247 19379
248 19379
249 19379
250 19379
251 19379
252 19379
253 19379
254 19379
255 19379
256 19379
257 19379
258 19379
259 19379
260 19379
261 19379
262 19379
263 19379
264 19379
265 19379
266 19379
267 19379
268 19379
269 19379
270 19379
271 19379
272 19379
273 19379
274 19379
275 19379
276 19379
277 19379
278 19379
279 19379
280 19379
281 19379
282 19379
283 19379
284 19379
285 19379
286 19379
287 19379
288 19379
289 19379
290 19379
291 19379
292 19379
293 19379
294 19379
295 19379
296 19379
297 19379
298 19379
299 19379
300 19379
301 19379
302 19379
303 19379
304 19379
305 19379
306 19379
307 19379
308 19379
309 19379
310 19379
311 19379
312 19379
313 19379
314 19379
315 19379
316 19379
317 19379
318 19379
319 19379
320 19379
321 19379
322 19379
323 19379
324 19379
325 19379
326 19379
327 19379
328 19379
329 19379
330 19379
331 19379
332 19379
333 19379
334 19379
335 19379
336 19379
337 19379
338 19379
339 19379
340 19379
341 19379
342 19379
343 19379
344 19379
345 19379
346 19379
347 19379
348 19379
349 19379
350 19379
351 19379
352 19379
353 19379
354 19379
355 19379
356 19379
357 19379
358 19379
359 19379
360 19379
361 19379
362 19379
363 19379
364 19379
365 19379
366 19379
367 19379
368 19379
369 19379
370 19379
371 19379
372 19379
373 19379
374 19379
375 19379
376 19379
377 19379
378 19379
379 19379
380 19379
381 19379
382 19379
383 19379
384 19379
385 19379
386 19379
387 19379
388 19379
389 19379
390 19379
391 19379
392 19379
393 19379
394 19379
395 19379
396 19379
397 19379
398 19379
399 19379
400 19379
401 19379
402 19379
403 19379
404 19379
405 19379
406 19379
407 19379
408 19379
409 19379
410 19379
411 19379
412 19379
413 19379
414 19379
415 19379
416 19379
417 19379
418 19379
419 19379
420 19379
421 19379
422 19379
423 19379
424 19379
425 19379
426 19379
427 19379
428 19379
429 19379
430 19379
431 19379
432 19379
433 19379
434 19379
435 19379
436 19379
437 19379
438 19379
439 19379
440 19379
441 19379
442 19379
443 19379
444 19379
445 19379
446 19379
447 19379
448 19379
449 19379
450 19379
451 19379
452 19379
453 19379
454 19379
455 19379
456 19379
457 19379
458 19379
459 19379
460 19379
461 19379
462 19379
463 19379
464 19379
465 19379
466 19379
467 19379
468 19379
469 19379
470 19379
471 19379
472 19379
473 19379
474 19379
475 19379
476 19379
477 19379
478 19379
479 19379
480 19379
481 19379
482 19379
483 19379
484 19379
485 19379
486 19379
487 19379
488 19379
489 19379
490 19379
491 19379
492 19379
493 19379
494 19379
495 19379
496 19379
497 19379
498 19379
499 19379
500 19379
501 19379
502 19379
503 19379
504 19379
505 19379
506 19379
507 19379
508 19379
509 19379
510 19379
511 19379
512 19379
513 19379
514 19379
515 19379
516 19379
517 19379
518 19379
519 19379
520 19379
521 19379
522 19379
523 19379
524 19379
525 19379
526 19379
527 99379
528 99379
529 99379
530 99379
531 99177
532 99177
533 99177
534 99177
535 98975
536 98975
537 98975
538 98975
539 98833
540 98833
541 98833
542 98833
543 98511
544 98511
545 98511
546 98511
547 98106
548 98106
549 98106
550 98106
551 97904
552 97904
553 97904
554 97904
555 97702
556 97702
557 97702
558 97702
559 97560
560 97560
561 97560
562 97560
563 97238
564 97238
565 97238
566 97238
567 96833
568 96833
569 96833
570 96833
571 96833
572 96833
573 96833
574 96833
575 96833
576 96833
577 96833
578 96833
579 96833
580 96833
581 96833
582 96833
583 96833
584 96833
585 96833
586 96833
587 96833
588 96833
589 96833
590 96833
591 96833
592 96833
593 96833
594 96833
595 96833
596 96833
597 96833
598 96833
599 96833
600 96833
601 96833
602 96833
603 96833
604 96833
605 96833
606 96833
607 96833
608 96833
609 96833
610 96833
611 96833
612 96833
613 96833
614 96833
615 96833
616 96833
617 96833
618 96833
619 96833
620 96833
621 96833
622 96833
623 96833
624 96833
625 96833
626 96833
627 96833
628 96833
629 96833
630 96833
631 96833
632 96833
633 96833
634 96833
635 96833
636 96833
637 96833
638 96833
639 96833
640 96833
641 96833
642 96833
643 96833
644 96833
645 96833
646 96833
647 96833
648 96833
649 96833
650 96833
651 96833
652 96833
653 96833
654 96833
655 96833
656 96833
657 96833
658 96833
659 96833
660 96833
661 96833
662 96833
663 96833
664 96833
665 96833
666 96833
667 96833
668 96833
669 96833
670 96833
671 96833
672 96833
673 96833
674 96833
675 96833
676 96833
677 96833
678 96833
679 96833
680 96833
681 96833
682 96833
683 96833
684 96833
685 96833
686 96833
687 96833
688 96833
689 96833
690 96833
691 96833
692 96833
693 96833
694 96833
695 96833
696 96833
697 96833
698 96833
699 96833
700 96833
701 96833
702 96833
703 96833
704 96833
705 96833
706 96833
707 96833
708 96833
709 96833
710 96833
711 96833
712 96833
713 96833
714 96833
715 96833
716 96833
717 96833
718 96833
719 96833
720 96833
721 96833
722 96833
723 96833
724 96833
725 96833
726 96833
727 96833
728 96833
729 96833
730 96833
731 96833
732 96833
733 96833
734 96833
735 96833
736 96833
737 96833
738 96833
739 96833
740 96833
741 96833
742 96833
743 96833
744 96833
745 96833
746 96833
747 96833
748 96833
749 96833
750 96833
751 96833
752 96833
753 96833
754 96833
755 96833
756 96833
757 96833
758 96833
759 96833
760 96833
761 96833
762 96833
763 96833
764 96833
765 96833
766 96833
767 96833
768 96833
769 96833
770 96833
771 96833
772 96833
773 96833
774 96833
775 96833
776 96833
777 96833
778 96833
779 96833
780 96833
781 96833
782 96833
783 96833
784 96833
785 96833
786 96833
787 96833
788 96833
789 96833
790 96833
791 96833
792 96833
793 96833
794 96833
795 96833
796 96833
797 96833
798 96833
799 96833
800 96833
801 96833
802 96833
803 96833
804 96833
805 96833
806 96833
807 96833
808 96833
809 96833
810 96833
811 96833
812 96833
813 96833
814 96833
815 96833
816 96833
817 96833
818 96833
819 96833
820 96833
821 96833
822 96833
823 96833
824 96833
825 96833
826 96833
827 96833
828 96833
829 96833
830 96833
831 96833
832 96833
833 96833
834 96833
835 96833
836 96833
837 96833
838 96833
839 96833
840 96833
841 96833
842 96833
843 96833
844 96833
845 96833
846 96833
847 96833
848 96833
849 96833
850 96833
851 96833
852 96833
853 96833
854 96833
855 96833
856 96833
857 96833
858 96833
859 96833
860 96833
861 96833
862 96833
863 96833
864 96833
865 96833
866 96833
867 96833
868 96833
869 96833
870 96833
871 96833
872 96833
873 96833
874 96833
875 96833
876 96833
877 96833
878 96833
879 96833
880 96833
881 96833
882 96833
883 96833
884 96833
885 96833
886 96833
887 96833
888 96833
889 96833
890 96833
891 96833
892 96833
893 96833
894 96833
895 96833
896 96833
897 96833
898 96833
899 96833
900 96833
901 96833
902 96833
903 96833
904 96833
905 96833
906 96833
907 96833
908 96833
909 96833
910 96833
911 96833
912 96833
913 96833
914 96833
915 96833
916 96833
917 96833
918 96833
919 96833
920 96833
921 96833
922 96833
923 96833
924 96833
925 96833
926 96833
927 96833
928 96833
929 96833
930 96833
931 96833
932 96833
933 96833
934 96833
935 96833
936 96833
937 96833
938 96833
939 96833
940 96833
941 96833
942 96833
943 96833
944 96833
945 96833
946 96833
947 96833
948 96833
949 96833
950 96833
951 96833
952 96833
953 96833
954 96833
955 96833
956 96833
957 96833
958 96833
959 96833
960 96833
961 96833
962 96833
963 96833
964 96833
965 96833
966 96833
967 96833
968 96833
969 96833
970 96833
971 96833
972 96833
973 96833
974 96833
975 96833
976 96833
977 96833
978 96833
979 96833
980 96833
981 96833
982 96833
983 96833
984 96833
985 96833
986 96833
987 96833
988 96833
989 96833
990 96833
991 96833
992 96833
993 96833
994 96833
995 96833
996 96833
997 96833
998 96833
999 96833
1000 96833
1001 96833
1002 96833
1003 96833
1004 96833
1005 96833
1006 96833
1007 96833
1008 96833
1009 96833
1010 96833
1011 96833
1012 96833
1013 96833
1014 96833
1015 96833
1016 96833
1017 96833
1018 96833
1019 96833
1020 96833
1021 96833
1022 96833
1023 96833
1024 96833
1025 96833
1026 96833
1027 96833
1028 96833
1029 96833
1030 96833
1031 96833
1032 96833
1033 96833
1034 96833
1035 96833
1036 96833
1037 96833
1038 96833
1039 96833
1040 96833
1041 96833
1042 96833
1043 96833
1044 96833
1045 96833
1046 96833
1047 96833
1048 96833
1049 96833
1050 96833
1051 96833
1052 96833
1053 96833
1054 96833
1055 96833
1056 96833
1057 96833
1058 96833
1059 96833
1060 96833
1061 96833
1062 96833
1063 96833
1064 96833
1065 96833
1066 96833
1067 96833
1068 96833
1069 96833
1070 96833
1071 96833
1072 96833
1073 96833
1074 96833
1075 96833
1076 96833
1077 96833
1078 96833
1079 96833
1080 96833
1081 96833
1082 96833
1083 96833
1084 96833
1085 96833
1086 96833
1087 96833
1088 96833
1089 96833
1090 96833
1091 96833
1092 96833
1093 96833
1094 96833
1095 96833
1096 96833
1097 96833
1098 96833
1099 96833
1100 96833
1101 96833
1102 96833
1103 96833
1104 96833
1105 96833
1106 96833
1107 96833
1108 96833
1109 96833
1110 96833
1111 96833
1112 96833
1113 96833
1114 96833
1115 96833
1116 96833
1117 96833
1118 96833
1119 96833
1120 96833
1121 96833
1122 96833
1123 96833
1124 96833
1125 96833
1126 96833
1127 96833
1128 96833
1129 96833
1130 96833
1131 96833
1132 96833
1133 96833
1134 96833
1135 96833
1136 96833
1137 96833
1138 96833
1139 96833
1140 96833
1141 96833
1142 96833
1143 96833
1144 96833
1145 96833
1146 96833
1147 96833
1148 96833
1149 96833
1150 96833
1151 96833
1152 96833
1153 96833
1154 96833
1155 96833
1156 96833
1157 96833
1158 96833
1159 96833
1160 96833
1161 96833
1162 96833
1163 96833
1164 96833
1165 96833
1166 96833
1167 96833
1168 96833
1169 96833
1170 96833
1171 96833
1172 96833
1173 96833
1174 96833
1175 96833
1176 96833
1177 96833
1178 96833
1179 96833
1180 96833
1181 96833
1182 96833
1183 96833
1184 96833
1185 96833
1186 96833
1187 96833
1188 96833
1189 96833
1190 96833
1191 96833
1192 96833
1193 96833
1194 96833
1195 96833
1196 96833
1197 96833
1198 96833
1199 96833
1200 96833
1201 96833
1202 96833
1203 96833
1204 96833
1205 96833
1206 96833
1207 96833
1208 96833
1209 96833
1210 96833
1211 96833
1212 96833
1213 96833
1214 96833
1215 96833
1216 96833
1217 96833
1218 96833
1219 96833
1220 96833
1221 96833
1222 96833
1223 96833
1224 96833
1225 96833
1226 96833
1227 96833
1228 96833
1229 96833
1230 96833
1231 96833
1232 96833
1233 96833
1234 96833
1235 96833
1236 96833
1237 96833
1238 96833
1239 96833
1240 96833
1241 96833
1242 96833
1243 96833
1244 96833
1245 96833
1246 96833
1247 96833
1248 96833
1249 96833
1250 96833
1251 96833
1252 96833
1253 96833
1254 96833
1255 96833
1256 96833
1257 96833
1258 96833
1259 96833
1260 96833
1261 96833
1262 96833
1263 96833
1264 96833
1265 96833
1266 96833
1267 96833
1268 96833
1269 96833
1270 96833
1271 96833
1272 96833
1273 96833
1274 96833
1275 96833
1276 96833
1277 96833
1278 96833
1279 96833
1280 96833
1281 96833
1282 96833
1283 96833
1284 96833
1285 96833
1286 96833
1287 96833
1288 96833
1289 96833
1290 96833
1291 96833
1292 96833
1293 96833
1294 96833
1295 96833
1296 96833
1297 96833
1298 96833
1299 96833
1300 96833
1301 96833
1302 96833
1303 96833
1304 96833
1305 96833
1306 96833
1307 96833
1308 96833
1309 96833
1310 96833
1311 96833
1312 96833
1313 96833
1314 96833
1315 96833
1316 96833
1317 96833
1318 96833
1319 96833
1320 96833
1321 96833
1322 96833
1323 96833
1324 96833
1325 96833
1326 96833
1327 96833
1328 96833
1329 96833
1330 96833
1331 96833
1332 96833
1333 96833
1334 96833
1335 96833
1336 96833
1337 96833
1338 96833
1339 96833
1340 96833
1341 96833
1342 96833
1343 96833
1344 96833
1345 96833
1346 96833
1347 96833
1348 96833
1349 96833
1350 96833
1351 96833
1352 96833
1353 96833
1354 96833
1355 96833
1356 96833
1357 96833
1358 96833
1359 96833
1360 96833
1361 96833
1362 96833
1363 96833
1364 96833
1365 96833
1366 96833
1367 96833
1368 96833
1369 96833
1370 96833
1371 96833
1372 96833
1373 96833
1374 96833
1375 96833
1376 96833
1377 96833
1378 96833
1379 96833
1380 96833
1381 96833
1382 96833
1383 96833
1384 96833
1385 96833
1386 96833
1387 96833
1388 96833
1389 96833
1390 96833
1391 96833
1392 96833
1393 96833
1394 96833
1395 96833
1396 96833
1397 96833
1398 96833
1399 96833
1400 96833
1401 96833
1402 96833
1403 96833
1404 96833
1405 96833
1406 96833
1407 96833
1408 96833
1409 96833
1410 96833
1411 96833
1412 96833
1413 96833
1414 96833
1415 96833
1416 96833
1417 96833
1418 96833
1419 96833
1420 96833
1421 96833
1422 96833
1423 96833
1424 96833
1425 96833
1426 96833
1427 96833
1428 96833
1429 96833
1430 96833
1431 96833
1432 96833
1433 96833
1434 96833
1435 96833
1436 96833
1437 96833
1438 96833
1439 96833
1440 96833
1441 96833
1442 96833
1443 96833
1444 96833
1445 96833
1446 96833
1447 96833
1448 96833
1449 96833
1450 96833
1451 96833
1452 96833
1453 96833
1454 96833
1455 96833
1456 96833
1457 96833
1458 96833
1459 96833
1460 96833
1461 96833
1462 96833
1463 96833
1464 96833
1465 96833
1466 96833
1467 96833
1468 96833
1469 96833
1470 96833
1471 96833
1472 96833
1473 96833
1474 96833
1475 96833
1476 96833
1477 96833
1478 96833
1479 96833
1480 96833
1481 96833
1482 96833
1483 96833
1484 96833
1485 96833
1486 96833
1487 96833
1488 96833
1489 96833
1490 96833
1491 96833
1492 96833
1493 96833
1494 96833
1495 96833
1496 96833
1497 96833
1498 96833
1499 96833
1500 96833
1501 96833
1502 96833
1503 96833
1504 96833
1505 96833
1506 96833
1507 96833
1508 96833
1509 96833
1510 96833
1511 96833
1512 96833
1513 96833
1514 96833
1515 96833
1516 96833
1517 96833
1518 96833
1519 96833
1520 96833
1521 96833
1522 96833
1523 96833
1524 96833
1525 96833
1526 96833
1527 96833
1528 96833
1529 96833
1530 96833
1531 96833
1532 96833
1533 96833
1534 96833
1535 96833
1536 96833
1537 96833
1538 96833
1539 96833
1540 96833
1541 96833
1542 96833
1543 96833
1544 96833
1545 96833
1546 96833
1547 96833
1548 96833
1549 96833
1550 96833
1551 96833
1552 96833
1553 96833
1554 96833
1555 96833
1556 96833
1557 96833
1558 96833
1559 96833
1560 96833
1561 96833
1562 96833
1563 96833
1564 96833
1565 96833
1566 96833
1567 96833
1568 96833
1569 96833
1570 96833
1571 96833
1572 96833
1573 96833
1574 96833
1575 96833
1576 96833
1577 96833
1578 96833
1579 96833
1580 96833
1581 96833
1582 96833
1583 96833
1584 96833
1585 96833
1586 96833
1587 96833
1588 96833
1589 96833
1590 96833
1591 96833
1592 96833
1593 96833
1594 96833
1595 96833
1596 96833
1597 96833
1598 96833
1599 96833
1600 96833
1601 96833
1602 96833
1603 96833
1604 96833
1605 96833
1606 96833
1607 96833
1608 96833
1609 96833
1610 96833
1611 96833
1612 96833
1613 96833
1614 96833
1615 96833
1616 96833
1617 96833
1618 96833
1619 96833
1620 96833
1621 96833
1622 96833
1623 96833
1624 96833
1625 96833
1626 96833
1627 96833
1628 96833
1629 96833
1630 96833
1631 96833
1632 96833
1633 96833
1634 96833
1635 96833
1636 96833
1637 96833
1638 96833
1639 96833
1640 96833
1641 96833
1642 96833
1643 96833
1644 96833
1645 96833
1646 96833
1647 96833
1648 96833
1649 96833
1650 96833
1651 96833
1652 96833
1653 96833
1654 96833
1655 96833
1656 96833
1657 96833
1658 96833
1659 96833
1660 96833
1661 96833
1662 96833
1663 96833
1664 96833
1665 96833
1666 96833
1667 96833
1668 96833
1669 96833
1670 96833
1671 96833
1672 96833
1673 96833
1674 96833
1675 96833
1676 96833
1677 96833
1678 96833
1679 96833
1680 96833
1681 96833
1682 96833
1683 96833
1684 96833
1685 96833
1686 96833
1687 96833
1688 96833
1689 96833
1690 96833
1691 96833
1692 96833
1693 96833
1694 96833
1695 96833
1696 96833
1697 96833
1698 96833
1699 96833
1700 96833
1701 96833
1702 96833
1703 96833
1704 96833
1705 96833
1706 96833
1707 96833
1708 96833
1709 96833
1710 96833
1711 96833
1712 96833
1713 96833
1714 96833
1715 96833
1716 96833
1717 96833
1718 96833
1719 96833
1720 96833
1721 96833
1722 96833
1723 96833
1724 96833
1725 96833
1726 96833
1727 96833
1728 96833
1729 96833
1730 96833
1731 96833
1732 96833
1733 96833
1734 96833
1735 96833
1736 96833
1737 96833
1738 96833
1739 96833
1740 96833
1741 96833
1742 96833
1743 96833
1744 96833
1745 96833
1746 96833
1747 96833
1748 96833
1749 96833
1750 96833
1751 96833
1752 96833
1753 96833
1754 96833
1755 96833
1756 96833
1757 96833
1758 96833
1759 96833
1760 96833
1761 96833
1762 96833
1763 96833
1764 96833
1765 96833
1766 96833
1767 96833
1768 96833
1769 96833
1770 96833
1771 96833
1772 96833
1773 96833
1774 96833
1775 96833
1776 96833
1777 96833
1778 96833
1779 96833
1780 96833
1781 96833
1782 96833
1783 96833
1784 96833
1785 96833
1786 96833
1787 96833
1788 96833
1789 96833
1790 96833
1791 96833
1792 96833
1793 96833
1794 96833
1795 96833
1796 96833
1797 96833
1798 96833
1799 96833
1800 96833
1801 96833
1802 96833
1803 96833
1804 96833
1805 96833
1806 96833
1807 96833
1808 96833
1809 96833
1810 96833
1811 96833
1812 96833
1813 96833
1814 96833
1815 96833
1816 96833
1817 96833
1818 96833
1819 96833
1820 96833
1821 96833
1822 96833
1823 96833
1824 96833
1825 96833
1826 96833
1827 96833
1828 96833
1829 96833
1830 96833
1831 96833
1832 96833
1833 96833
1834 96833
1835 96833
1836 96833
1837 96833
1838 96833
1839 96833
1840 96833
1841 96833
1842 96833
1843 96833
1844 96833
1845 96833
1846 96833
1847 96833
1848 96833
1849 96833
1850 96833
1851 96833
1852 96833
1853 96833
1854 96833
1855 96833
1856 96833
1857 96833
1858 96833
1859 96833
1860 96833
1861 96833
1862 96833
1863 96833
1864 96833
1865 96833
1866 96833
1867 96833
1868 96833
1869 96833
1870 96833
1871 96833
1872 96833
1873 96833
1874 96833
1875 96833
1876 96833
1877 96833
1878 96833
1879 96833
1880 96833
1881 96833
1882 96833
1883 96833
1884 96833
1885 96833
1886 96833
1887 96833
1888 96833
1889 96833
1890 96833
1891 96833
1892 96833
1893 96833
1894 96833
1895 96833
1896 96833
1897 96833
1898 96833
1899 96833
1900 96833
1901 96833
1902 96833
1903 96833
1904 96833
1905 96833
1906 96833
1907 96833
1908 96833
1909 96833
1910 96833
1911 96833
1912 96833
1913 96833
1914 96833
1915 96833
1916 96833
1917 96833
1918 96833
1919 96833
1920 96833
1921 96833
1922 96833
1923 96833
1924 96833
1925 96833
1926 96833
1927 96833
1928 96833
1929 96833
1930 96833
1931 96833
1932 96833
1933 96833
1934 96833
1935 96833
1936 96833
1937 96833
1938 96833
1939 96833
1940 96833
1941 96833
1942 96833
1943 96833
1944 96833
1945 96833
1946 96833
1947 96833
1948 96833
1949 96833
1950 96833
1951 96833
1952 96833
1953 96833
1954 96833
1955 96833
1956 96833
1957 96833
1958 96833
1959 96833
1960 96833
1961 96833
1962 96833
1963 96833
1964 96833
1965 96833
1966 96833
1967 96833
1968 96833
1969 96833
1970 96833
1971 96833
1972 96833
1973 96833
1974 96833
1975 96833
1976 96833
1977 96833
1978 96833
1979 96833
1980 96833
1981 96833
1982 96833
1983 96833
1984 96833
1985 96833
1986 96833
1987 96833
1988 96833
1989 96833
1990 96833
1991 96833
1992 96833
1993 96833
1994 96833
1995 96833
1996 96833
1997 96833
1998 96833
1999 96833
2000 96833
2001 96833
2002 96833
2003 96833
2004 96833
2005 96833
2006 96833
2007 96833
2008 96833
2009 96833
2010 96833
2011 96833
2012 96833
2013 96833
2014 96833
2015 96833
2016 96833
2017 96833
2018 96833
2019 96833
2020 96833
2021 96833
2022 96833
2023 96833
2024 96833
2025 96833
2026 96833
2027 96833
2028 96833
2029 96833
2030 96833
2031 96833
2032 96833
2033 96833
2034 96833
2035 96833
2036 96833
2037 96833
2038 96833
2039 96833
2040 96833
2041 96833
2042 96833
2043 96833
2044 96833
2045 96833
2046 96833
2047 96833
2048 96833
2049 96833
2050 96833
2051 96833
2052 96833
2053 96833
2054 96833
2055 96833
2056 96833
2057 96833
2058 96833
2059 96833
2060 96833
2061 96833
2062 96833
2063 96833
2064 96833
2065 96833
2066 96833
2067 96833
2068 96833
2069 96833
2070 96833
2071 96833
2072 96833
2073 96833
2074 96833
2075 96833
2076 96833
2077 96833
2078 96833
2079 96833
2080 96833
2081 96833
2082 96833
2083 96833
2084 96833
2085 96833
2086 96833
2087 96833
2088 96833
2089 96833
2090 96833
2091 96833
2092 96833
2093 96833
2094 96833
2095 96833
2096 96833
2097 96833
2098 96833
2099 96833
2100 96833
2101 96833
2102 96833
2103 96833
2104 96833
2105 96833
2106 96833
2107 96833
2108 96833
2109 96833
2110 96833
2111 96833
2112 96833
2113 96833
2114 96833
2115 96833
2116 96833
2117 96833
2118 96833
2119 96833
2120 96833
2121 96833
2122 96833
2123 96833
2124 96833
2125 96833
2126 96833
2127 96833
2128 96833
2129 96833
2130 96833
2131 96833
2132 96833
2133 96833
2134 96833
2135 96833
2136 96833
2137 96833
2138 96833
2139 96833
2140 96833
2141 96833
2142 96833
2143 96833
2144 96833
2145 96833
2146 96833
2147 96833
2148 96833
2149 96833
2150 96833
2151 96833
2152 96833
2153 96833
2154 96833
2155 96833
2156 96833
2157 96833
2158 96833
2159 96833
2160 96833
2161 96833
2162 96833
2163 96833
2164 96833
2165 96833
2166 96833
2167 96833
2168 96833
2169 96833
2170 96833
2171 96833
2172 96833
2173 96833
2174 96833
2175 96833
2176 96833
2177 96833
2178 96833
2179 96833
2180 96833
2181 96833
2182 96833
2183 96833
2184 96833
2185 96833
2186 96833
2187 96833
2188 96833
2189 96833
2190 96833
2191 96833
2192 96833
2193 96833
2194 96833
2195 96833
2196 96833
2197 96833
2198 96833
2199 96833
2200 96833
2201 96833
2202 96833
2203 96833
2204 96833
2205 96833
2206 96833
2207 96833
2208 96833
2209 96833
2210 96833
2211 96833
2212 96833
2213 96833
2214 96833
2215 96833
2216 96833
2217 96833
2218 96833
2219 96833
2220 96833
2221 96833
2222 96833
2223 96833
2224 96833
2225 96833
2226 96833
2227 96833
2228 96833
2229 96833
2230 96833
2231 96833
2232 96833
2233 96833
2234 96833
2235 96833
2236 96833
2237 96833
2238 96833
2239 96833
2240 96833
2241 96833
2242 96833
2243 96833
2244 96833
2245 96833
2246 96833
2247 96833
2248 96833
2249 96833
2250 96833
2251 96833
2252 96833
2253 96833
2254 96833
2255 96833
2256 96833
2257 96833
2258 96833
2259 96833
2260 96833
2261 96833
2262 96833
2263 96833
2264 96833
2265 96833
2266 96833
2267 96833
2268 96833
2269 96833
2270 96833
2271 96833
2272 96833
2273 96833
2274 96833
2275 96833
2276 96833
2277 96833
2278 96833
2279 96833
2280 96833
2281 96833
2282 96833
2283 96833
2284 96833
2285 96833
2286 96833
2287 96833
2288 96833
2289 96833
2290 96833
2291 96833
2292 96833
2293 96541
2294 96541
2295 96541
2296 96541
2297 96541
2298 96541
2299 96541
2300 96541
2301 96541
2302 96541
2303 96541
2304 96541
2305 96541
2306 96541
2307 96541
2308 96541
2309 96541
2310 96541
2311 96541
2312 96541
2313 96541
2314 96541
2315 96541
2316 96541
2317 96541
2318 96541
2319 96541
2320 96541
2321 96541
2322 96541
2323 96541
2324 96541
2325 96541
2326 96541
2327 96541
2328 96541
2329 96541
2330 96541
2331 96541
2332 96541
2333 96541
2334 96541
2335 96541
2336 96541
2337 96541
2338 96541
2339 96541
2340 96541
2341 96541
2342 96541
2343 96541
2344 96541
2345 96541
2346 96541
2347 96541
2348 96541
2349 96541
2350 96541
2351 96541
2352 96541
2353 96541
2354 96541
2355 96541
2356 96541
2357 96541
2358 96541
2359 96541
2360 96541
2361 96541
2362 96541
2363 96541
2364 96541
2365 96541
2366 96541
2367 96541
2368 96541
2369 96541
2370 96541
2371 96541
2372 96541
2373 96541
2374 96541
2375 96541
2376 96541
2377 96541
2378 96541
2379 96541
2380 96541
2381 96541
2382 96541
2383 96541
2384 96541
2385 96541
2386 96541
2387 96541
2388 96541
2389 96541
2390 96541
2391 96541
2392 96541
2393 96541
2394 96541
2395 96541
2396 96541
2397 96541
2398 96541
2399 96541
2400 96541
2401 96541
2402 96541
2403 96541
2404 96541
2405 96541
2406 96541
2407 96541
2408 96541
2409 96541
2410 96541
2411 96541
2412 96541
2413 96541
2414 96541
2415 96541
2416 96541
2417 96541
2418 96541
2419 96541
2420 96541
2421 96541
2422 96541
2423 96541
2424 96541
2425 96541
2426 96541
2427 96541
2428 96541
2429 96541
2430 96541
2431 96541
2432 96541
2433 96541
2434 96541
2435 96541
2436 96541
2437 96541
2438 96541
2439 96541
2440 96541
2441 96541
2442 96541
2443 96541
2444 96541
2445 96541
2446 96541
2447 96541
2448 96541
2449 96541
2450 96541
2451 96541
2452 96541
2453 96541
2454 96541
2455 96541
2456 96541
2457 96541
2458 96541
2459 96541
2460 96541
2461 96541
2462 96541
2463 96541
2464 96541
2465 96541
2466 96541
2467 96541
2468 96541
2469 96541
2470 96541
2471 96541
2472 96541
2473 96541
2474 96541
2475 96541
2476 96541
2477 96541
2478 96541
2479 96541
2480 96541
2481 96541
2482 96541
2483 96541
2484 96541
2485 96541
2486 96541
2487 96541
2488 96541
2489 96541
2490 96541
2491 96541
2492 96541
2493 96541
2494 96541
2495 96541
2496 96541
2497 96541
2498 96541
2499 96541
2500 96541
2501 96541
2502 96541
2503 96541
2504 96541
2505 96541
2506 96541
2507 96541
2508 96541
2509 96541
2510 96541
2511 96541
2512 96541
2513 96541
2514 96541
2515 96541
2516 96541
2517 96541
2518 96541
2519 96541
2520 96541
2521 96541
2522 96541
2523 96541
2524 96541
2525 96541
2526 96541
2527 96541
2528 96541
2529 96541
2530 96541
2531 96541
2532 96541
2533 96541
2534 96541
2535 96541
2536 96541
2537 96541
2538 96541
2539 96541
2540 96541
2541 96541
2542 96541
2543 96541
2544 96541
2545 96541
2546 96541
2547 96541
2548 96541
2549 96541
2550 96541
2551 96541
2552 96541
2553 96541
2554 96541
2555 96541
2556 96541
2557 96541
2558 96541
2559 96541
2560 96541
2561 96541
2562 96541
2563 96541
2564 96541
2565 96541
2566 96541
2567 96541
2568 96541
2569 96541
2570 96541
2571 96541
2572 96541
2573 96541
2574 96541
2575 96541
2576 96541
2577 96541
2578 96541
2579 96541
2580 96541
2581 96541
2582 96541
2583 96541
2584 96541
2585 96541
2586 96541
2587 96541
2588 96541
2589 96541
2590 96541
2591 96541
2592 96541
2593 96541
2594 96541
2595 96541
2596 96541
2597 96541
2598 96541
2599 96541
2600 96541
2601 96541
2602 96541
2603 96541
2604 96541
2605 96541
2606 96541
2607 96541
2608 96541
2609 96541
2610 96541
2611 96541
2612 96541
2613 96541
2614 96541
2615 96541
2616 96541
2617 96541
2618 96541
2619 96541
2620 96541
2621 96541
2622 96541
2623 96541
2624 96541
2625 96541
2626 96541
2627 96541
2628 96541
2629 96541
2630 96541
2631 96541
2632 96541
2633 96541
2634 96541
2635 96541
2636 96541
2637 96541
2638 96541
2639 96541
2640 96541
2641 96541
2642 96541
2643 96541
2644 96541
2645 96541
2646 96541
2647 96541
2648 96541
2649 96541
2650 96541
2651 96541
2652 96541
2653 96541
2654 96541
2655 96541
2656 96541
2657 96541
2658 96541
2659 96541
2660 96541
2661 96541
2662 96541
2663 96541
2664 96541
2665 96541
2666 96541
2667 96541
2668 96541
2669 96541
2670 96541
2671 96541
2672 96541
2673 96541
2674 96541
2675 96541
2676 96541
2677 96541
2678 96541
2679 96541
2680 96541
2681 96541
2682 96541
2683 96541
2684 96541
2685 96541
2686 96541
2687 96541
2688 96541
2689 96541
2690 96541
2691 96541
2692 96541
2693 96541
2694 96541
2695 96541
2696 96541
2697 96541
2698 96541
2699 96541
2700 96541
2701 96541
2702 96541
2703 96541
2704 96541
2705 96541
2706 96541
2707 96541
2708 96541
2709 96541
2710 96541
2711 96541
2712 96541
2713 96541
2714 96541
2715 96541
2716 96541
2717 96541
2718 96541
2719 96541
2720 96541
2721 96541
2722 96541
2723 96541
2724 96541
2725 96541
2726 96541
2727 96541
2728 96541
2729 96541
2730 96541
2731 96541
2732 96541
2733 96541
2734 96541
2735 96541
2736 96541
2737 96541
2738 96541
2739 96541
2740 96541
2741 96541
2742 96541
2743 96541
2744 96541
2745 96541
2746 96541
2747 96541
2748 96541
2749 96541
2750 96541
2751 96541
2752 96541
2753 96541
2754 96541
2755 96541
2756 96541
2757 96541
2758 96541
2759 96541
2760 96541
2761 96541
2762 96541
2763 96541
2764 96541
2765 96541
2766 96541
2767 96541
2768 96541
2769 96541
2770 96541
2771 96541
2772 96541
2773 96541
2774 96541
2775 96541
2776 96541
2777 96541
2778 96541
2779 96541
2780 96541
2781 96541
2782 96541
2783 96541
2784 96541
2785 96541
2786 96541
2787 96541
2788 96541
2789 96541
2790 96541
2791 96541
2792 96541
2793 96541
2794 96541
2795 96541
2796 96541
2797 96541
2798 96541
2799 96541
2800 96541
2801 96541
2802 96541
2803 96541
2804 96541
2805 96541
2806 96541
2807 96541
2808 96541
2809 96541
2810 96541
2811 96541
2812 96541
2813 96541
2814 96541
2815 96541
2816 96541
2817 96541
2818 96541
2819 96541
2820 96541
2821 96541
2822 96541
2823 96541
2824 96541
2825 96541
2826 96541
2827 96541
2828 96541
2829 96541
2830 96541
2831 96541
2832 96541
2833 96541
2834 96541
2835 96541
2836 96541
2837 96541
2838 96541
2839 96541
2840 96541
2841 96541
2842 96541
2843 96541
2844 96541
2845 96541
2846 96541
2847 96541
2848 96541
