0 100000
1 100000
2 100000
3 100000
4 100000
5 100000
6 100000
7 99880
8 99880
9 99880
10 99880
11 99880
12 99880
13 99880
14 99880
15 99880
16 99880
17 99880
18 99880
19 99880
20 99880
21 99880
22 99880
23 99880
24 99880
25 99880
26 99880
27 99880
28 99880
29 99880
30 99880
31 99880
32 99880
33 99880
34 99880
35 99880
36 99880
37 99880
38 99880
39 99880
40 99880
41 99880
42 99880
43 99880
44 99880
45 99880
46 99880
47 99880
48 99880
49 99880
50 99880
51 99880
52 99880
53 99880
54 99880
55 99880
56 99880
57 99880
58 99880
59 99880
60 99880
61 99880
62 99880
63 99880
64 99880
65 99880
66 99880
67 99880
68 99880
69 99880
70 99880
71 99880
72 99880
73 99880
74 99880
75 99880
76 99880
77 99880
78 99880
79 99880
80 99880
81 99880
82 99880
83 99880
84 99880
85 99880
86 99880
87 99880
88 99880
89 99880
90 99880
91 99880
92 99880
93 99880
94 99880
95 99880
96 99880
97 99880
98 99880
99 99880
100 99880
101 99880
102 99880
103 99880
104 99880
105 99880
106 99880
107 99880
108 99880
109 99880
110 99880
111 99678
112 99678
113 99678
114 99678
115 99476
116 99476
117 99476
118 99476
119 99334
120 99334
121 99334
122 99334
123 99012
124 99012
125 99012
126 99012
127 98607
128 98607
129 98607
130 98607
131 98405
132 98405
133 98405
134 98405
135 98203
136 98203
137 98203
138 98203
139 98061
140 98061
141 98061
142 98061
143 97739
144 97739
145 97739
146 97739
147 97334
148 97334
149 97334
150 97334
151 97334
152 97334
153 97334
154 97334
155 97334
156 97334
157 97334
158 97334
159 97334
160 97334
161 97334
162 97334
163 97334
164 97334
165 97334
166 97334
167 97334
168 97334
169 97334
170 97334
171 97334
172 97334
173 97334
174 97334
175 97334
176 97334
177 97334
178 97334
179 97334
180 97334
181 97334
182 97334
183 97334
184 97334
185 97334
186 97334
187 97334
188 97334
189 97334
190 97334
191 97334
192 97334
193 97334
194 97334
195 97334
196 97334
197 97334
198 97334
199 97334
200 97334
201 97334
202 97334
203 97334
204 97334
205 97334
206 97334
207 97334
208 97334
209 97334
210 97334
211 97334
212 97334
213 97334
214 97334
215 97334
216 97334
217 97334
218 97334
219 97334
220 97334
221 97334
222 97334
223 97334
224 97334
225 97334
226 97334
227 97334
228 97334
229 97334
230 97334
231 97334
232 97334
233 97334
234 97334
235 97334
236 97334
237 97334
238 97334
239 97334
240 97334
241 97334
242 97334
243 97334
244 97334
245 97334
246 97334
247 97334
248 97334
249 97334
250 97334
251 97334
252 97334
253 97334
254 97334
255 97334
256 97334
257 97334
258 97334
259 97334
260 97334
261 97334
262 97334
263 97334
264 97334
265 97334
266 97334
267 97334
268 97334
269 97334
270 97334
271 97334
272 97334
273 97334
274 97334
275 97334
276 97334
277 97334
278 97334
279 97334
280 97334
281 97334
282 97334
283 97334
284 97334
285 97334
286 97334
287 97334
288 97334
289 97334
290 97334
291 97334
292 97334
293 97334
294 97334
295 97334
296 97334
297 97334
298 97334
299 97334
300 97334
301 97334
302 97334
303 97334
304 97334
305 97334
306 97334
307 97334
308 97334
309 97334
310 97334
311 97334
312 97334
313 97334
314 97334
315 97334
316 97334
317 97334
318 97334
319 97334
320 97334
321 97334
322 97334
323 97334
324 97334
325 97334
326 97334
327 97334
328 97334
329 97334
330 97334
331 97334
332 97334
333 97334
334 97334
335 97334
336 97334
337 97334
338 97334
339 97334
340 97334
341 97334
342 97334
343 97334
344 97334
345 97334
346 97334
347 97334
348 97334
349 97334
350 97334
351 97334
352 97334
353 97334
354 97334
355 97334
356 97334
357 97334
358 97334
359 97334
360 97334
361 97334
362 97334
363 97334
364 97334
365 97334
366 97334
367 97334
368 97334
369 97334
370 97334
371 97334
372 97334
373 97334
374 97334
375 97334
376 97334
377 97334
378 97334
379 97334
380 97334
381 97334
382 97334
383 97334
384 97334
385 97334
386 97334
0 100000
1 100000
2 100000
3 100000
4 100000
5 100000
6 100000
7 99880
8 99880
9 99880
10 99880
11 99880
12 99880
13 99880
14 99880
15 99880
16 99880
17 99880
18 99880
19 99880
20 99880
21 99880
22 99880
23 99880
24 99880
25 99880
26 99880
27 99880
28 99880
29 99880
30 99880
31 99880
32 99880
33 99880
34 99880
35 99880
36 99880
37 99880
38 99880
39 99880
40 99880
41 99880
42 99880
43 99880
44 99880
45 99880
46 99880
47 99880
48 99880
49 99880
50 99880
51 99880
52 99880
53 99880
54 99880
55 99880
56 99880
57 99880
58 99880
59 99880
60 99880
61 99880
62 99880
63 99880
64 99880
65 99880
66 99880
67 99880
68 99880
69 99880
70 99880
71 99880
72 99880
73 99880
74 99880
75 99880
76 99880
77 99880
78 99880
79 99880
80 99880
81 99880
82 99880
83 99880
84 99880
85 99880
86 99880
87 99880
88 99880
89 99880
90 99880
91 99880
92 99880
93 99880
94 99880
95 99880
96 99880
97 99880
98 99880
99 99880
100 99880
101 99880
102 99880
103 99880
104 99880
105 99880
106 99880
107 99880
108 99880
109 99880
110 99880
111 99678
112 99678
113 99678
114 99678
115 99476
116 99476
117 99476
118 99476
119 99334
120 99334
121 99334
122 99334
123 99012
124 99012
125 99012
126 99012
127 98607
128 98607
129 98607
130 98607
131 98405
132 98405
133 98405
134 98405
135 98203
136 98203
137 98203
138 98203
139 98061
140 98061
141 98061
142 98061
143 97739
144 97739
145 97739
146 97739
147 97334
148 97334
149 97334
150 97334
151 97334
152 97334
153 97334
154 97334
155 97334
156 97334
157 97334
158 97334
159 97334
160 97334
161 97334
162 97334
163 97334
164 97334
165 97334
166 97334
167 97334
168 97334
169 97334
170 97334
171 97334
172 97334
173 97334
174 97334
175 97334
176 97334
177 97334
178 97334
179 97334
180 97334
181 97334
182 97334
183 97334
184 97334
185 97334
186 97334
187 97334
188 97334
189 97334
190 97334
191 97334
192 97334
193 97334
194 97334
195 97334
196 97334
197 97334
198 97334
199 97334
200 97334
201 97334
202 97334
203 97334
204 97334
205 97334
206 97334
207 97334
208 97334
209 97334
210 97334
211 97334
212 97334
213 97334
214 97334
215 97334
216 97334
217 97334
218 97334
219 97334
220 97334
221 97334
222 97334
223 97334
224 97334
225 97334
226 97334
227 97334
228 97334
229 97334
230 97334
231 97334
232 97334
233 97334
234 97334
235 97334
236 97334
237 97334
238 97334
239 97334
240 97334
241 97334
242 97334
243 97334
244 97334
245 97334
246 97334
247 97334
248 97334
249 97334
250 97334
251 97334
252 97334
253 97334
254 97334
255 97334
256 97334
257 97334
258 97334
259 97334
260 97334
261 97334
262 97334
263 97334
264 97334
265 97334
266 97334
267 97334
268 97334
269 97334
270 97334
271 97334
272 97334
273 97334
274 97334
275 97334
276 97334
277 97334
278 97334
279 97334
280 97334
281 97334
282 97334
283 97334
284 97334
285 97334
286 97334
287 97334
288 97334
289 97334
290 97334
291 97334
292 97334
293 97334
294 97334
295 97334
296 97334
297 97334
298 97334
299 97334
300 97334
0 100000
1 100000
2 100000
3 100000
4 100000
5 100000
6 100000
7 99880
8 99880
9 99880
10 99880
11 99880
12 99880
13 99880
14 99880
15 99880
16 99880
17 99880
18 99880
19 99880
20 99880
21 99880
22 99880
23 99880
24 99880
25 99880
26 99880
27 99880
28 99880
29 99880
30 99880
31 99880
32 99880
33 99880
34 99880
35 99880
36 99880
37 99880
38 99880
39 99880
40 99880
41 99880
42 99880
43 99880
44 99880
45 99880
46 99880
47 99880
48 99880
49 99880
50 99880
51 99880
52 99880
53 99880
54 99880
55 99880
56 99880
57 99880
58 99880
59 99880
60 99880
61 99880
62 99880
63 99880
64 99880
65 99880
66 99880
67 99880
68 99880
69 99880
70 99880
71 99880
72 99880
73 99880
74 99880
75 99880
76 99880
77 99880
78 99880
79 99880
80 99880
81 99880
82 99880
83 99880
84 99880
85 99880
86 99880
87 99880
88 99880
89 99880
90 99880
91 99880
92 99880
93 99880
94 99880
95 99880
96 99880
97 99880
98 99880
99 99880
100 99880
101 99880
102 99880
103 99880
104 99880
105 99880
106 99880
107 99880
108 99880
109 99880
110 99880
111 99678
112 99678
113 99678
114 99678
115 99476
116 99476
117 99476
118 99476
119 99334
120 99334
121 99334
122 99334
123 99012
124 99012
125 99012
126 99012
127 98607
128 98607
129 98607
130 98607
131 98405
132 98405
133 98405
134 98405
135 98203
136 98203
137 98203
138 98203
139 98061
140 98061
141 98061
142 98061
143 97739
144 97739
145 97739
146 97739
147 97334
148 97334
149 97334
150 97334
151 97334
152 97334
153 97334
154 97334
155 97334
156 97334
157 97334
158 97334
159 97334
160 97334
161 97334
162 97334
163 97334
164 97334
165 97334
166 97334
167 97334
168 97334
169 97334
170 97334
171 97334
172 97334
173 97334
174 97334
175 97334
176 97334
177 97334
178 97334
179 97334
180 97334
181 97334
182 97334
183 97334
184 97334
185 97334
186 97334
187 97334
188 97334
189 97334
190 97334
191 97334
192 97334
193 97334
194 97334
195 97334
196 97334
197 97334
198 97334
199 97334
200 97334
201 97334
202 97334
203 97334
204 97334
205 97334
206 97334
207 97334
208 97334
209 97334
210 97334
211 97334
212 97334
213 97334
214 97334
215 97334
216 97334
217 97334
218 97334
219 97334
220 97334
221 97334
222 97334
223 97334
224 97334
225 97334
226 97334
227 97334
228 97334
229 97334
230 97334
231 97334
232 97334
233 97334
234 97334
235 97334
236 97334
237 97334
238 97334
239 97334
240 97334
241 97334
242 97334
243 97334
244 97334
245 97334
246 97334
247 97334
248 97334
249 97334
250 97334
251 97334
252 97334
253 97334
254 97334
255 97334
256 97334
257 97334
258 97334
259 97334
260 97334
261 97334
262 97334
263 97334
264 97334
265 97334
266 97334
267 97334
268 97334
269 97334
270 97334
271 97334
272 97334
273 97334
274 97334
275 97334
276 97334
277 97334
278 97334
279 97334
280 97334
281 97334
282 97334
283 97334
284 97334
285 97334
286 97334
287 97334
288 97334
289 97334
290 97334
291 97334
292 97334
293 97334
294 97334
295 97334
296 97334
297 97334
298 97334
299 97334
300 97334
301 97334
302 97334
303 97334
304 97334
305 97334
306 97334
307 97334
308 97334
309 97334
310 97334
311 97334
312 97334
313 97334
314 97334
315 97334
316 97334
317 97334
318 97334
319 97334
320 97334
321 97334
322 97334
323 97334
324 97334
325 97334
326 97334
327 97334
328 97334
329 97334
330 97334
331 97334
332 97334
333 97334
334 97334
335 97334
336 97334
337 97334
338 97334
339 97334
340 97334
341 97334
342 97334
343 97334
344 97334
345 97334
346 97334
347 97334
348 97334
349 97334
350 97334
351 97334
352 97334
353 97334
354 97334
355 97334
356 97334
357 97334
358 97334
359 97334
360 97334
361 97334
362 97334
363 97334
364 97334
365 97334
366 97334
367 97334
368 97334
369 97334
370 97334
371 97334
372 97334
373 97334
374 97334
375 97334
376 97334
377 97334
378 97334
379 97334
380 97334
381 97334
382 97334
383 97334
384 97334
385 97334
386 97334
387 97334
388 97334
389 97334
390 97334
391 97334
392 97334
393 97334
394 97334
395 97334
396 97334
397 97334
398 97334
399 97334
400 97334
401 97334
402 97334
403 97334
404 97334
405 97334
406 97334
407 97334
408 97334
409 97334
410 97334
411 97334
412 97334
413 97334
414 97334
415 97334
416 97334
417 97334
418 97334
419 97334
420 97334
421 97334
422 97334
423 97334
424 97334
425 97334
426 97334
427 97334
428 97334
429 97334
430 97334
431 97334
432 97334
433 97334
434 97334
435 97334
436 97334
437 97334
438 97334
439 97334
440 97334
441 97334
442 97334
443 97334
444 97334
445 97334
446 97334
447 97334
448 97334
449 97334
450 97334
451 97334
452 97334
453 97334
454 97334
455 97334
456 97334
457 97334
458 97334
459 97334
460 97334
461 97334
462 97334
463 97334
464 97334
465 97334
466 97334
467 97334
468 97334
469 97334
470 97334
471 97334
472 97334
473 97334
474 97334
475 97334
476 97334
477 97334
478 97334
479 97334
480 97334
481 97334
482 97334
483 97334
484 97334
485 97334
486 97334
487 97334
488 97334
489 97334
490 97334
491 97334
492 97334
493 97334
494 97334
495 97334
496 97334
497 97334
498 97334
499 97334
500 97334
501 97334
502 97334
503 97334
504 97334
505 97334
506 97334
507 97334
508 97334
509 97334
510 97334
511 97334
512 97334
513 97334
514 97334
515 97334
516 97334
517 97334
518 97334
519 97334
520 97334
521 97334
522 97334
523 97334
524 97334
525 97334
526 97334
527 97334
528 97334
529 97334
530 97334
531 97334
532 97334
533 97334
534 97334
535 97334
536 97334
537 97334
538 97334
539 97334
540 97334
541 97334
542 97334
543 97334
544 97334
545 97334
546 97334
547 97334
548 97334
549 97334
550 97334
551 97334
552 97334
553 97334
554 97334
555 97334
556 97334
557 97334
558 97334
559 97334
560 97334
561 97334
562 97334
563 97334
564 97334
565 97334
566 97334
567 97334
568 97334
569 97334
570 97334
571 97334
572 97334
573 97334
574 97334
575 97334
576 97334
577 97334
578 97334
579 97334
580 97334
581 97334
582 97334
583 97334
584 97334
585 97334
586 97334
587 97334
588 97334
589 97334
590 97334
591 97334
592 97334
593 97334
594 97334
595 97334
596 97334
597 97334
598 97334
599 97334
600 97334
601 97334
602 97334
603 97334
604 97334
605 97334
606 97334
607 97334
608 97334
609 97334
610 97334
611 97334
612 97334
613 97334
614 97334
615 97334
616 97334
617 97334
618 97334
619 97334
620 97334
621 97334
622 97334
623 97334
624 97334
625 97334
626 97334
627 97334
628 97334
629 97334
630 97334
631 97334
632 97334
633 97334
634 97334
635 97334
636 97334
637 97334
638 97334
639 97334
640 97334
641 97334
642 97334
643 97334
644 97334
645 97334
646 97334
647 97334
648 97334
649 97334
650 97334
651 97334
652 97334
653 97334
654 97334
655 97334
656 97334
657 97334
658 97334
659 97334
660 97334
661 97334
662 97334
663 97334
664 97334
665 97334
666 97334
667 97334
668 97334
669 97334
670 97334
671 97334
672 97334
673 97334
674 97334
675 97334
676 97334
677 97334
678 97334
679 97334
680 97334
681 97334
682 97334
683 97334
684 97334
685 97334
686 97334
687 97334
688 97334
689 97334
690 97334
691 97334
692 97334
693 97334
694 97334
695 97334
696 97334
697 97334
698 97334
699 97334
700 97334
701 97334
702 97334
703 97334
704 97334
705 97334
706 97334
707 97334
708 97334
709 97334
710 97334
711 97334
712 97334
713 97334
714 97334
715 97334
716 97334
717 97334
718 97334
719 97334
720 97334
721 97334
722 97334
723 97334
724 97334
725 97334
726 97334
727 97334
728 97334
729 97334
730 97334
731 97334
732 97334
733 97334
734 97334
735 97334
736 97334
737 97334
738 97334
739 97334
740 97334
741 97334
742 97334
743 97334
744 97334
745 97334
746 97334
747 97334
748 97334
749 97334
750 97334
751 97334
752 97334
753 97334
754 97334
755 97334
756 97334
757 97334
758 97334
759 97334
760 97334
761 97334
762 97334
763 97334
764 97334
765 97334
766 97334
767 97334
768 97334
769 97334
770 97334
771 97334
772 97334
773 97334
774 97334
775 97334
776 97334
777 97334
778 97334
779 97334
780 97334
781 97334
782 97334
783 97334
784 97334
785 97334
786 97334
787 97334
788 97334
789 97334
790 97334
791 97334
792 97334
793 97334
794 97334
795 97334
796 97334
797 97334
798 97334
799 97334
800 97334
801 97334
802 97334
803 97334
804 97334
805 97334
806 97334
807 97334
808 97334
809 97334
810 97334
811 97334
812 97334
813 97334
814 97334
815 97334
816 97334
817 97334
818 97334
819 97334
820 97334
821 97334
822 97334
823 97334
824 97334
825 97334
826 97334
827 97334
828 97334
829 97334
830 97334
831 97334
832 97334
833 97334
834 97334
835 97334
836 97334
837 97334
838 97334
839 97334
840 97334
841 97334
842 97334
843 97334
844 97334
845 97334
846 97334
847 97334
848 97334
849 97334
850 97334
851 97334
852 97334
853 97334
854 97334
855 97334
856 97334
857 97334
858 97334
859 97334
860 97334
861 97334
862 97334
863 97334
864 97334
865 97334
866 97334
867 97334
868 97334
869 97334
870 97334
871 97334
872 97334
873 97334
874 97334
875 97334
876 97334
877 97334
878 97334
879 97334
880 97334
881 97334
882 97334
883 97334
884 97334
885 97334
886 97334
887 97334
888 97334
889 97334
890 97334
891 97334
892 97334
893 97334
894 97334
895 97334
896 97334
897 97334
898 97334
899 97334
900 97334
901 97334
902 97334
903 97334
904 97334
905 97334
906 97334
907 97334
908 97334
909 97334
910 97334
911 97334
912 97334
913 97334
914 97334
915 97334
916 97334
917 97334
918 97334
919 97334
920 97334
921 97334
922 97334
923 97334
924 97334
925 97334
926 97334
927 97334
928 97334
929 97334
930 97334
931 97334
932 97334
933 97334
934 97334
935 97334
936 97334
937 97334
938 97334
939 97334
940 97334
941 97334
942 97334
943 97334
944 97334
945 97334
946 97334
947 97334
948 97334
949 97334
950 97334
951 97334
952 97334
953 97334
954 97334
955 97334
956 97334
957 97334
958 97334
959 97334
960 97334
961 97334
962 97334
963 97334
964 97334
965 97334
966 97334
967 97334
968 97334
969 97334
970 97334
971 97334
972 97334
973 97334
974 97334
975 97334
976 97334
977 97334
978 97334
979 97334
980 97334
981 97334
982 97334
983 97334
984 97334
985 97334
986 97334
987 97334
988 97334
989 97334
990 97334
991 97334
992 97334
993 97334
994 97334
995 97334
996 97334
997 97334
998 97334
999 97334
1000 97334
1001 97334
1002 97334
1003 97334
1004 97334
1005 97334
1006 97334
1007 97334
1008 97334
1009 97334
1010 97334
1011 97334
1012 97334
1013 97334
1014 97334
1015 97334
1016 97334
1017 97334
1018 97334
1019 97334
1020 97334
1021 97334
1022 97334
1023 97334
1024 97334
1025 97334
1026 97334
1027 97334
1028 97334
1029 97334
1030 97334
1031 97334
1032 97334
1033 97334
1034 97334
1035 97334
1036 97334
1037 97334
1038 97334
1039 97334
1040 97334
1041 97334
1042 97334
1043 97334
1044 97334
1045 97334
1046 97334
1047 97334
1048 97334
1049 97334
1050 97334
1051 97334
1052 97334
1053 97334
1054 97334
1055 97334
1056 97334
1057 97334
1058 97334
1059 97334
1060 97334
1061 97334
1062 97334
1063 97334
1064 97334
1065 97334
1066 97334
1067 97334
1068 97334
1069 97334
1070 97334
1071 97334
1072 97334
1073 97334
1074 97334
1075 97334
1076 97334
1077 97334
1078 97334
1079 97334
1080 97334
1081 97334
1082 97334
1083 97334
1084 97334
1085 97334
1086 97334
1087 97334
1088 97334
1089 97334
1090 97334
1091 97334
1092 97334
1093 97334
1094 97334
1095 97334
1096 97334
1097 97334
1098 97334
1099 97334
1100 97334
1101 97334
1102 97334
1103 97334
1104 97334
1105 97334
1106 97334
1107 97334
1108 97334
1109 97334
1110 97334
1111 97334
1112 97334
1113 97334
1114 97334
1115 97334
1116 97334
1117 97334
1118 97334
1119 97334
1120 97334
1121 97334
1122 97334
1123 97334
1124 97334
1125 97334
1126 97334
1127 97334
1128 97334
1129 97334
1130 97334
1131 97334
1132 97334
1133 97334
1134 97334
1135 97334
1136 97334
1137 97334
1138 97334
1139 97334
1140 97334
1141 97334
1142 97334
1143 97334
1144 97334
1145 97334
1146 97334
1147 97334
1148 97334
1149 97334
1150 97334
1151 97334
1152 97334
1153 97334
1154 97334
1155 97334
1156 97334
1157 97334
1158 97334
1159 97334
1160 97334
1161 97334
1162 97334
1163 97334
1164 97334
1165 97334
1166 97334
1167 97334
1168 97334
1169 97334
1170 97334
1171 97334
1172 97334
1173 97334
1174 97334
1175 97334
1176 97334
1177 97334
1178 97334
1179 97334
1180 97334
1181 97334
1182 97334
1183 97334
1184 97334
1185 97334
1186 97334
1187 97334
1188 97334
1189 97334
1190 97334
1191 97334
1192 97334
1193 97334
1194 97334
1195 97334
1196 97334
1197 97334
1198 97334
1199 97334
1200 97334
1201 97334
1202 97334
1203 97334
1204 97334
1205 97334
1206 97334
1207 97334
1208 97334
1209 97334
1210 97334
1211 97334
1212 97334
1213 97334
1214 97334
1215 97334
1216 97334
1217 97334
1218 97334
1219 97334
1220 97334
1221 97334
1222 97334
1223 97334
1224 97334
1225 97334
1226 97334
1227 97334
1228 97334
1229 97334
1230 97334
1231 97334
1232 97334
1233 97334
1234 97334
1235 97334
1236 97334
1237 97334
1238 97334
1239 97334
1240 97334
1241 97334
1242 97334
1243 97334
1244 97334
1245 97334
1246 97334
1247 97334
1248 97334
1249 97334
1250 97334
1251 97334
1252 97334
1253 97334
1254 97334
1255 97334
1256 97334
1257 97334
1258 97334
1259 97334
1260 97334
1261 97334
1262 97334
1263 97334
1264 97334
1265 97334
1266 97334
1267 97334
1268 97334
1269 97334
1270 97334
1271 97334
1272 97334
1273 97334
1274 97334
1275 97334
1276 97334
1277 97334
1278 97334
1279 97334
1280 97334
1281 97334
1282 97334
1283 97334
1284 97334
1285 97334
1286 97334
1287 97334
1288 97334
1289 97334
1290 97334
1291 97334
1292 97334
1293 97334
1294 97334
1295 97334
1296 97334
1297 97334
1298 97334
1299 97334
1300 97334
1301 97334
1302 97334
1303 97334
1304 97334
1305 97334
1306 97334
1307 97334
1308 97334
1309 97334
1310 97334
1311 97334
1312 97334
1313 97334
1314 97334
1315 97334
1316 97334
1317 97334
1318 97334
1319 97334
1320 97334
1321 97334
1322 97334
1323 97334
1324 97334
1325 97334
1326 97334
1327 97334
1328 97334
1329 97334
1330 97334
1331 97334
1332 97334
1333 97334
1334 97334
1335 97334
1336 97334
1337 97334
1338 97334
1339 97334
1340 97334
1341 97334
1342 97334
1343 97334
1344 97334
1345 97334
1346 97334
1347 97334
1348 97334
1349 97334
1350 97334
1351 97334
1352 97334
1353 97334
1354 97334
1355 97334
1356 97334
1357 97334
1358 97334
1359 97334
1360 97334
1361 97334
1362 97334
1363 97334
1364 97334
1365 97334
1366 97334
1367 97334
1368 97334
1369 97334
1370 97334
1371 97334
1372 97334
1373 97334
1374 97334
1375 97334
1376 97334
1377 97334
1378 97334
1379 97334
1380 97334
1381 97334
1382 97334
1383 97334
1384 97334
1385 97334
1386 97334
1387 97334
1388 97334
1389 97334
1390 97334
1391 97334
1392 97334
1393 97334
1394 97334
1395 97334
1396 97334
1397 97334
1398 97334
1399 97334
1400 97334
1401 97334
1402 97334
1403 97334
1404 97334
1405 97334
1406 97334
1407 97334
1408 97334
1409 97334
1410 97334
1411 97334
1412 97334
1413 97334
1414 97334
1415 97334
1416 97334
1417 97334
1418 97334
1419 97334
1420 97334
1421 97334
1422 97334
1423 97334
1424 97334
1425 97334
1426 97334
1427 97334
1428 97334
1429 97334
1430 97334
1431 97334
1432 97334
1433 97334
1434 97334
1435 97334
1436 97334
1437 97334
1438 97334
1439 97334
1440 97334
1441 97334
1442 97334
1443 97334
1444 97334
1445 97334
1446 97334
1447 97334
1448 97334
1449 97334
1450 97334
1451 97334
1452 97334
1453 97334
1454 97334
1455 97334
1456 97334
1457 97334
1458 97334
1459 97334
1460 97334
1461 97334
1462 97334
1463 97334
1464 97334
1465 97334
1466 97334
1467 97334
1468 97334
1469 97334
1470 97334
1471 97334
1472 97334
1473 97334
1474 97334
1475 97334
1476 97334
1477 97334
1478 97334
1479 97334
1480 97334
1481 97334
1482 97334
1483 97334
1484 97334
1485 97334
1486 97334
1487 97334
1488 97334
1489 97334
1490 97334
1491 97334
1492 97334
1493 97334
1494 97334
1495 97334
1496 97334
1497 97334
1498 97334
1499 97334
1500 97334
1501 97334
1502 97334
1503 97334
1504 97334
1505 97334
1506 97334
1507 97334
1508 97334
1509 97334
1510 97334
1511 97334
1512 97334
1513 97334
1514 97334
1515 97334
1516 97334
1517 97334
1518 97334
1519 97334
1520 97334
1521 97334
1522 97334
1523 97334
1524 97334
1525 97334
1526 97334
1527 97334
1528 97334
1529 97334
1530 97334
1531 97334
1532 97334
1533 97334
1534 97334
1535 97334
1536 97334
1537 97334
1538 97334
1539 97334
1540 97334
1541 97334
1542 97334
1543 97334
1544 97334
1545 97334
1546 97334
1547 97334
1548 97334
1549 97334
1550 97334
1551 97334
1552 97334
1553 97334
1554 97334
1555 97334
1556 97334
1557 97334
1558 97334
1559 97334
1560 97334
1561 97334
1562 97334
1563 97334
1564 97334
1565 97334
1566 97334
1567 97334
1568 97334
1569 97334
1570 97334
1571 97334
1572 97334
1573 97334
1574 97334
1575 97334
1576 97334
1577 97334
1578 97334
1579 97334
1580 97334
1581 97334
1582 97334
1583 97334
1584 97334
1585 97334
1586 97334
1587 97334
1588 97334
1589 97334
1590 97334
1591 97334
1592 97334
1593 97334
1594 97334
1595 97334
1596 97334
1597 97334
1598 97334
1599 97334
1600 97334
1601 97334
1602 97334
1603 97334
1604 97334
1605 97334
1606 97334
1607 97334
1608 97334
1609 97334
1610 97334
1611 97334
1612 97334
1613 97334
1614 97334
1615 97334
1616 97334
1617 97334
1618 97334
1619 97334
1620 97334
1621 97334
1622 97334
1623 97334
1624 97334
1625 97334
1626 97334
1627 97334
1628 97334
1629 97334
1630 97334
1631 97334
1632 97334
1633 97334
1634 97334
1635 97334
1636 97334
1637 97334
1638 97334
1639 97334
1640 97334
1641 97334
1642 97334
1643 97334
1644 97334
1645 97334
1646 97334
1647 97334
1648 97334
1649 97334
1650 97334
1651 97334
1652 97334
1653 97334
1654 97334
1655 97334
1656 97334
1657 97334
1658 97334
1659 97334
1660 97334
1661 97334
1662 97334
1663 97334
1664 97334
1665 97334
1666 97334
1667 97334
1668 97334
1669 97334
1670 97334
1671 97334
1672 97334
1673 97334
1674 97334
1675 97334
1676 97334
1677 97334
1678 97334
1679 97334
1680 97334
1681 97334
1682 97334
1683 97334
1684 97334
1685 97334
1686 97334
1687 97334
1688 97334
1689 97334
1690 97334
1691 97334
1692 97334
1693 97334
1694 97334
1695 97334
1696 97334
1697 97334
1698 97334
1699 97334
1700 97334
1701 97334
1702 97334
1703 97334
1704 97334
1705 97334
1706 97334
1707 97334
1708 97334
1709 97334
1710 97334
1711 97334
1712 97334
1713 97334
1714 97334
1715 97334
1716 97334
1717 97334
1718 97334
1719 97334
1720 97334
1721 97334
1722 97334
1723 97334
1724 97334
1725 97334
1726 97334
1727 97334
1728 97334
1729 97334
1730 97334
1731 97334
1732 97334
1733 97334
1734 97334
1735 97334
1736 97334
1737 97334
1738 97334
1739 97334
1740 97334
1741 97334
1742 97334
1743 97334
1744 97334
1745 97334
1746 97334
1747 97334
1748 97334
1749 97334
1750 97334
1751 97334
1752 97334
1753 97334
1754 97334
1755 97334
1756 97334
1757 97334
1758 97334
1759 97334
1760 97334
1761 97334
1762 97334
1763 97334
1764 97334
1765 97334
1766 97334
1767 97334
1768 97334
1769 97334
1770 97334
1771 97334
1772 97334
1773 97334
1774 97334
1775 97334
1776 97334
1777 97334
1778 97334
1779 97334
1780 97334
1781 97334
1782 97334
1783 97334
1784 97334
1785 97334
1786 97334
1787 97334
1788 97334
1789 97334
1790 97334
1791 97334
1792 97334
1793 97334
1794 97334
1795 97334
1796 97334
1797 97334
1798 97334
1799 97334
1800 97334
1801 97334
1802 97334
1803 97334
1804 97334
1805 97334
1806 97334
1807 97334
1808 97334
1809 97334
1810 97334
1811 97334
1812 97334
1813 97334
1814 97334
1815 97334
1816 97334
1817 97334
1818 97334
1819 97334
1820 97334
1821 97334
1822 97334
1823 97334
1824 97334
1825 97334
1826 97334
1827 97334
1828 97334
1829 97334
1830 97334
1831 97334
1832 97334
1833 97334
1834 97334
1835 97334
1836 97334
1837 97334
1838 97334
1839 97334
1840 97334
1841 97334
1842 97334
1843 97334
1844 97334
1845 97334
1846 97334
1847 97334
1848 97334
1849 97334
1850 97334
1851 97334
1852 97334
1853 97334
1854 97334
1855 97334
1856 97334
1857 97334
1858 97334
1859 97334
1860 97334
1861 97334
1862 97334
1863 97334
1864 97334
1865 97334
1866 97334
1867 97334
1868 97334
1869 97334
1870 97334
1871 97334
1872 97334
1873 97334
1874 97334
1875 97334
1876 97334
1877 97334
1878 97334
1879 97334
1880 97334
1881 97334
1882 97334
1883 97334
1884 97334
1885 97334
1886 97334
1887 97334
1888 97334
1889 97334
1890 97334
1891 97334
1892 97334
1893 97334
1894 97334
1895 97334
1896 97334
1897 97334
1898 97334
1899 97334
1900 97334
1901 97334
1902 97334
1903 97334
1904 97334
1905 97334
1906 97334
1907 97334
1908 97334
1909 97334
1910 97334
1911 97334
1912 97334
1913 97334
1914 97334
1915 97334
1916 97334
1917 97334
1918 97334
1919 97334
1920 97334
1921 97334
1922 97334
1923 97334
1924 97334
1925 97334
1926 97334
1927 97334
1928 97334
1929 97334
1930 97334
1931 97334
1932 97334
1933 97334
1934 97334
1935 97334
1936 97334
1937 97334
1938 97334
1939 97334
1940 97334
1941 97334
1942 97334
1943 97334
1944 97334
1945 97334
1946 97334
1947 97334
1948 97334
1949 97334
1950 97334
1951 97334
1952 97334
1953 97334
1954 97334
1955 97334
1956 97334
1957 97334
1958 97334
1959 97334
1960 97334
1961 97334
1962 97334
1963 97334
1964 97334
1965 97334
1966 97334
1967 97334
1968 97334
1969 97334
1970 97334
1971 97334
1972 97334
1973 97334
1974 97334
1975 97334
1976 97334
1977 97334
1978 97334
1979 97334
1980 97334
1981 97334
1982 97334
1983 97334
1984 97334
1985 97334
1986 97334
1987 97334
1988 97334
1989 97334
1990 97334
1991 97334
1992 97334
1993 97334
1994 97334
1995 97334
1996 97334
1997 97334
1998 97334
1999 97334
2000 97334
2001 97334
2002 97334
2003 97334
2004 97334
2005 97334
2006 97334
2007 97334
2008 97334
2009 97334
2010 97334
2011 97334
2012 97334
2013 97334
2014 97334
2015 97334
2016 97334
2017 97334
2018 97334
2019 97334
2020 97334
2021 97334
2022 97334
2023 97334
2024 97334
2025 97334
2026 97334
2027 97334
2028 97334
2029 97334
2030 97334
2031 97334
2032 97334
2033 97334
2034 97334
2035 97334
2036 97334
2037 97334
2038 97334
2039 97334
2040 97334
2041 97334
2042 97334
2043 97334
2044 97334
2045 97334
2046 97334
2047 97334
2048 97334
2049 97334
2050 97334
2051 97334
2052 97334
2053 97334
2054 97334
2055 97334
2056 97334
2057 97334
2058 97334
2059 97334
2060 97334
2061 97334
2062 97334
2063 97334
2064 97334
2065 97334
2066 97334
2067 97334
2068 97334
2069 97334
2070 97334
2071 97334
2072 97334
2073 97334
2074 97334
2075 97334
2076 97334
2077 97334
2078 97334
2079 97334
2080 97334
2081 97334
2082 97334
2083 97334
2084 97334
2085 97334
2086 97334
2087 97334
2088 97334
2089 97334
2090 97334
2091 97334
2092 97334
2093 97334
2094 97334
2095 97334
2096 97334
2097 97334
2098 97334
2099 97334
2100 97334
2101 97334
2102 97334
2103 97334
2104 97334
2105 97334
2106 97334
2107 97334
2108 97334
2109 97334
2110 97334
2111 97334
2112 97334
2113 97334
2114 97334
2115 97334
2116 97334
2117 97334
2118 97334
2119 97334
2120 97334
2121 97334
2122 97334
2123 97334
2124 97334
2125 97334
2126 97334
2127 97334
2128 97334
2129 97334
2130 97334
2131 97334
2132 97334
2133 97334
2134 97334
2135 97334
2136 97334
2137 97334
2138 97334
2139 97334
2140 97334
2141 97334
2142 97334
2143 97334
2144 97334
2145 97334
2146 97334
2147 97334
2148 97334
2149 97334
2150 97334
2151 97334
2152 97334
2153 97334
2154 97334
2155 97334
2156 97334
2157 97334
2158 97334
2159 97334
2160 97334
2161 97334
2162 97334
2163 97334
2164 97334
2165 97334
2166 97334
2167 97334
2168 97334
2169 97334
2170 97334
2171 97334
2172 97334
2173 97334
2174 97334
2175 97334
2176 97334
2177 97334
2178 97334
2179 97334
2180 97334
2181 97334
2182 97334
2183 97334
2184 97334
2185 97334
2186 97334
2187 97334
2188 97334
2189 97334
2190 97334
2191 97334
2192 97334
2193 97334
2194 97334
2195 97334
2196 97334
2197 97334
2198 97334
2199 97334
2200 97334
2201 97334
2202 97334
2203 97334
2204 97334
2205 97334
2206 97334
2207 97334
2208 97334
2209 97334
2210 97334
2211 97334
2212 97334
2213 97334
2214 97334
2215 97334
2216 97334
2217 97334
2218 97334
2219 97334
2220 97334
2221 97334
2222 97334
2223 97334
2224 97334
2225 97334
2226 97334
2227 97334
2228 97334
2229 97334
2230 97334
2231 97334
2232 97334
2233 97334
2234 97334
2235 97334
2236 97334
2237 97334
2238 97334
2239 97334
2240 97334
2241 97334
2242 97334
2243 97334
2244 97334
2245 97334
2246 97334
2247 97334
2248 97334
2249 97334
2250 97334
2251 97334
2252 97334
2253 97334
2254 97334
2255 97334
2256 97334
2257 97334
2258 97334
2259 97334
2260 97334
2261 97334
2262 97334
2263 97334
2264 97334
2265 97334
2266 97334
2267 97334
2268 97334
2269 97334
2270 97334
2271 97334
2272 97334
2273 97334
2274 97334
2275 97334
2276 97334
2277 97334
2278 97334
2279 97334
2280 97334
2281 97334
2282 97334
2283 97334
2284 97334
2285 97334
2286 97334
2287 97334
2288 97334
2289 97334
2290 97334
2291 97334
2292 97334
2293 97042
2294 97042
2295 97042
2296 97042
2297 97042
2298 97042
2299 97042
2300 97042
2301 97042
2302 97042
2303 97042
2304 97042
2305 97042
2306 97042
2307 97042
2308 97042
2309 97042
2310 97042
2311 97042
2312 97042
2313 97042
2314 97042
2315 97042
2316 97042
2317 97042
2318 97042
2319 97042
2320 97042
2321 97042
2322 97042
2323 97042
2324 97042
2325 97042
2326 97042
2327 97042
2328 97042
2329 97042
2330 97042
2331 97042
2332 97042
2333 97042
2334 97042
2335 97042
2336 97042
2337 97042
2338 97042
2339 97042
2340 97042
2341 97042
2342 97042
2343 97042
2344 97042
2345 97042
2346 97042
2347 97042
2348 97042
2349 97042
2350 97042
2351 97042
2352 97042
2353 97042
2354 97042
2355 97042
2356 97042
2357 97042
2358 97042
2359 97042
2360 97042
2361 97042
2362 97042
2363 97042
2364 97042
2365 97042
2366 97042
2367 97042
2368 97042
2369 97042
2370 97042
2371 97042
2372 97042
2373 97042
2374 97042
2375 97042
2376 97042
2377 97042
2378 97042
2379 97042
2380 97042
2381 97042
2382 97042
2383 97042
2384 97042
2385 97042
2386 97042
2387 97042
2388 97042
2389 97042
2390 97042
2391 97042
2392 97042
2393 97042
2394 97042
2395 97042
2396 97042
2397 97042
2398 97042
2399 97042
2400 97042
2401 97042
2402 97042
2403 97042
2404 97042
2405 97042
2406 97042
2407 97042
2408 97042
2409 97042
2410 97042
2411 97042
2412 97042
2413 97042
2414 97042
2415 97042
2416 97042
2417 97042
2418 97042
2419 97042
2420 97042
2421 97042
2422 97042
2423 97042
2424 97042
2425 97042
2426 97042
2427 97042
2428 97042
2429 97042
2430 97042
2431 97042
2432 97042
2433 97042
2434 97042
2435 97042
2436 97042
2437 97042
2438 97042
2439 97042
2440 97042
2441 97042
2442 97042
2443 97042
2444 97042
2445 97042
2446 97042
2447 97042
2448 97042
2449 97042
2450 97042
2451 97042
2452 97042
2453 97042
2454 97042
2455 97042
2456 97042
2457 97042
2458 97042
2459 97042
2460 97042
2461 97042
2462 97042
2463 97042
2464 97042
2465 97042
2466 97042
2467 97042
2468 97042
2469 97042
2470 97042
2471 97042
2472 97042
2473 97042
2474 97042
2475 97042
2476 97042
2477 97042
2478 97042
2479 97042
2480 97042
2481 97042
2482 97042
2483 97042
2484 97042
2485 97042
2486 97042
2487 97042
2488 97042
2489 97042
2490 97042
2491 97042
2492 97042
2493 97042
2494 97042
2495 97042
2496 97042
2497 97042
2498 97042
2499 97042
2500 97042
2501 97042
2502 97042
2503 97042
2504 97042
2505 97042
2506 97042
2507 97042
2508 97042
2509 97042
2510 97042
2511 97042
2512 97042
2513 97042
2514 97042
2515 97042
2516 97042
2517 97042
2518 97042
2519 97042
2520 97042
2521 97042
2522 97042
2523 97042
2524 97042
2525 97042
2526 97042
2527 97042
2528 97042
2529 97042
2530 97042
2531 97042
2532 97042
2533 97042
2534 97042
2535 97042
2536 97042
2537 97042
2538 97042
2539 97042
2540 97042
2541 97042
2542 97042
2543 97042
2544 97042
2545 97042
2546 97042
2547 97042
2548 97042
2549 97042
2550 97042
2551 97042
2552 97042
2553 97042
2554 97042
2555 97042
2556 97042
2557 97042
2558 97042
2559 97042
2560 97042
2561 97042
2562 97042
2563 97042
2564 97042
2565 97042
2566 97042
2567 97042
2568 97042
2569 97042
2570 97042
2571 97042
2572 97042
2573 97042
2574 97042
2575 97042
2576 97042
2577 97042
2578 97042
2579 97042
2580 97042
2581 97042
2582 97042
2583 97042
2584 97042
2585 97042
2586 97042
2587 97042
2588 97042
2589 97042
2590 97042
2591 97042
2592 97042
2593 97042
2594 97042
2595 97042
2596 97042
2597 97042
2598 97042
2599 97042
2600 97042
2601 97042
2602 97042
2603 97042
2604 97042
2605 97042
2606 97042
2607 97042
2608 97042
2609 97042
2610 97042
2611 97042
2612 97042
2613 97042
2614 97042
2615 97042
2616 97042
2617 97042
2618 97042
2619 97042
2620 97042
2621 97042
2622 97042
2623 97042
2624 97042
2625 97042
2626 97042
2627 97042
2628 97042
2629 97042
2630 97042
2631 97042
2632 97042
2633 97042
2634 97042
2635 97042
2636 97042
2637 97042
2638 97042
2639 97042
2640 97042
2641 97042
2642 97042
2643 97042
2644 97042
2645 97042
2646 97042
2647 97042
2648 97042
2649 97042
2650 97042
2651 97042
2652 97042
2653 97042
2654 97042
2655 97042
2656 97042
2657 97042
2658 97042
2659 97042
2660 97042
2661 97042
2662 97042
2663 97042
2664 97042
2665 97042
2666 97042
2667 97042
2668 97042
2669 97042
2670 97042
2671 97042
2672 97042
2673 97042
2674 97042
2675 97042
2676 97042
2677 97042
2678 97042
2679 97042
2680 97042
2681 97042
2682 97042
2683 97042
2684 97042
2685 97042
2686 97042
2687 97042
2688 97042
2689 97042
2690 97042
2691 97042
2692 97042
2693 97042
2694 97042
2695 97042
2696 97042
2697 97042
2698 97042
2699 97042
2700 97042
2701 97042
2702 97042
2703 97042
2704 97042
2705 97042
2706 97042
2707 97042
2708 97042
2709 97042
2710 97042
2711 97042
2712 97042
2713 97042
2714 97042
2715 97042
2716 97042
2717 97042
2718 97042
2719 97042
2720 97042
2721 97042
2722 97042
2723 97042
2724 97042
2725 97042
2726 97042
2727 97042
2728 97042
2729 97042
2730 97042
2731 97042
2732 97042
2733 97042
2734 97042
2735 97042
2736 97042
2737 97042
2738 97042
2739 97042
2740 97042
2741 97042
2742 97042
2743 97042
2744 97042
2745 97042
2746 97042
2747 97042
2748 97042
2749 97042
2750 97042
2751 97042
2752 97042
2753 97042
2754 97042
2755 97042
2756 97042
2757 97042
2758 97042
2759 97042
2760 97042
2761 97042
2762 97042
2763 97042
2764 97042
2765 97042
2766 97042
2767 97042
2768 97042
2769 97042
2770 97042
2771 97042
2772 97042
2773 97042
2774 97042
2775 97042
2776 97042
2777 97042
2778 97042
2779 97042
2780 97042
2781 97042
2782 97042
2783 97042
2784 97042
2785 97042
2786 97042
2787 97042
2788 97042
2789 97042
2790 97042
2791 97042
2792 97042
2793 97042
2794 97042
2795 97042
2796 97042
2797 97042
2798 97042
2799 97042
2800 97042
2801 97042
2802 97042
2803 97042
2804 97042
2805 97042
2806 97042
2807 97042
2808 97042
2809 97042
2810 97042
2811 97042
2812 97042
2813 97042
2814 97042
2815 97042
2816 97042
2817 97042
2818 97042
2819 97042
2820 97042
2821 97042
2822 97042
2823 97042
2824 97042
2825 97042
2826 97042
2827 97042
2828 97042
2829 97042
2830 97042
2831 97042
2832 97042
2833 97042
2834 97042
2835 97042
2836 97042
2837 97042
2838 97042
2839 97042
2840 97042
2841 97042
2842 97042
2843 97042
2844 97042
2845 97042
2846 97042
2847 97042
2848 97042
2849 97042
