3 100000
4 100000
5 100000
6 100000
7 100000
8 100000
9 100000
10 100000
11 100000
12 100000
13 100000
14 100000
15 99880
16 99880
17 99880
18 99880
19 99880
20 99880
21 99880
22 99880
23 99880
24 99880
25 99880
26 99880
27 99880
28 99880
29 99880
30 99880
31 99880
32 99880
33 99880
34 99880
35 99880
36 99880
37 99880
38 99880
39 99880
40 99880
41 99880
42 99880
43 99880
44 99880
45 99880
46 99880
47 99880
48 99880
49 99880
50 99880
51 99880
52 99880
53 99880
54 99880
55 99880
56 99880
57 99880
58 99880
59 99880
60 99880
61 99880
62 99880
63 99880
64 99880
65 99880
66 99880
67 99880
68 99880
69 99880
70 99880
71 99880
72 99880
73 99880
74 99880
75 99880
76 99880
77 99880
78 99880
79 99880
80 99880
81 99880
82 99880
83 99880
84 99880
85 99880
86 99880
87 99880
88 99880
89 99880
90 99880
91 99880
92 99880
93 99880
94 99880
95 99880
96 99880
97 99880
98 99880
99 99880
100 99880
101 99880
102 99880
103 99880
104 99880
105 99880
106 99880
107 99880
108 99880
109 99880
110 99880
111 99880
112 99880
113 99880
114 99880
115 99880
116 99880
117 99880
118 99880
119 99880
120 99880
121 99880
122 99880
123 99880
124 99880
125 99880
126 99880
127 99880
128 99880
129 99880
130 99880
131 99880
132 99880
133 99880
134 99880
135 99880
136 99880
137 99880
138 99880
139 99880
140 99880
141 99880
142 99880
143 94120
144 94120
145 94120
146 94120
147 94120
148 94120
149 94120
150 94120
151 94120
152 94120
153 94120
154 94120
155 94120
156 94120
157 94120
158 94120
159 94120
160 94120
161 94120
162 94120
163 94120
164 94120
165 94120
166 94120
167 94120
168 94120
169 94120
170 94120
171 94120
172 94120
173 94120
174 94120
175 94120
176 94120
177 94120
178 94120
179 94120
180 94120
181 94120
182 94120
183 88360
184 88360
185 88360
186 88360
187 88360
188 88360
189 88360
190 88360
191 88360
192 88360
193 88360
194 88360
195 57599
196 57599
197 57599
198 57599
199 57599
200 57599
201 57599
202 57599
203 57599
204 57599
205 57599
206 57599
207 57599
208 57599
209 57599
210 57599
211 57599
212 57599
213 57599
214 57599
215 26838
216 26838
217 26838
218 26838
219 26838
220 26838
221 26838
222 26838
223 16838
224 16836
225 16836
226 16836
227 16835
228 16835
229 16835
230 16835
231 16835
232 16835
233 16835
234 16835
235 16835
236 16835
237 16835
238 16835
239 16835
240 16835
241 16835
242 16835
243 16835
244 16835
245 16835
246 16835
247 16835
248 16835
249 16835
250 16835
251 16835
252 16835
253 16835
254 16835
255 16835
256 16835
257 16835
258 16835
259 16835
260 16835
261 16835
262 16835
263 16835
264 16835
265 16835
266 16835
267 16835
268 16835
269 16835
270 16835
271 16835
272 16835
273 16835
274 16835
275 16835
276 16835
277 16835
278 16835
279 16835
280 16835
281 16835
282 16835
283 16835
284 16835
285 16835
286 16835
287 16835
288 16835
289 16835
290 16835
291 16835
292 16835
293 16835
294 16835
295 16835
296 16835
297 16835
298 16827
299 16827
300 16827
301 16820
302 16820
303 16820
304 16820
305 16820
306 16820
307 16820
308 16820
309 16820
310 16820
311 16820
312 16820
313 16820
314 16820
315 16820
316 16820
317 16820
318 16820
319 16820
320 16820
321 16820
322 16820
323 16820
324 16820
325 16820
326 16820
327 16820
328 16820
329 16820
330 16820
331 16820
332 16820
333 16820
334 16820
335 16820
336 16820
337 16820
338 16820
339 16820
340 16820
341 16820
342 16820
343 16820
344 16820
345 16820
346 16820
347 16820
348 16820
349 16820
350 16820
351 16820
352 16820
353 16820
354 16820
355 16820
356 16820
357 16820
358 16820
359 16820
360 16820
361 16820
362 16820
363 16820
364 16820
365 16820
366 16820
367 16820
368 16820
369 16820
370 16820
371 16820
372 16812
373 16812
374 16812
375 16804
376 16804
377 16804
378 16804
379 16804
380 16804
381 16804
382 16804
383 16804
384 16804
385 16804
386 16804
3 100000
4 100000
5 100000
6 100000
7 100000
8 100000
9 100000
10 100000
11 100000
12 100000
13 100000
14 100000
15 99880
16 99880
17 99880
18 99880
19 99880
20 99880
21 99880
22 99880
23 99880
24 99880
25 99880
26 99880
27 99880
28 99880
29 99880
30 99880
31 99880
32 99880
33 99880
34 99880
35 99880
36 99880
37 99880
38 99880
39 99880
40 99880
41 99880
42 99880
43 99880
44 99880
45 99880
46 99880
47 99880
48 99880
49 99880
50 99880
51 99880
52 99880
53 99880
54 99880
55 99880
56 99880
57 99880
58 99880
59 99880
60 99880
61 99880
62 99880
63 99880
64 99880
65 99880
66 99880
67 99880
68 99880
69 99880
70 99880
71 99880
72 99880
73 99880
74 99880
75 99880
76 99880
77 99880
78 99880
79 99880
80 99880
81 99880
82 99880
83 99880
84 99880
85 99880
86 99880
87 99880
88 99880
89 99880
90 99880
91 99880
92 99880
93 99880
94 99880
95 99880
96 99880
97 99880
98 99880
99 99880
100 99880
101 99880
102 99880
103 99880
104 99880
105 99880
106 99880
107 99880
108 99880
109 99880
110 99880
111 99880
112 99880
113 99880
114 99880
115 99880
116 99880
117 99880
118 99880
119 99880
120 99880
121 99880
122 99880
123 99880
124 99880
125 99880
126 99880
127 99880
128 99880
129 99880
130 99880
131 99880
132 99880
133 99880
134 99880
135 99880
136 99880
137 99880
138 99880
139 99880
140 99880
141 99880
142 99880
143 94120
144 94120
145 94120
146 94120
147 94120
148 94120
149 94120
150 94120
151 94120
152 94120
153 94120
154 94120
155 94120
156 94120
157 94120
158 94120
159 94120
160 94120
161 94120
162 94120
163 94120
164 94120
165 94120
166 94120
167 94120
168 94120
169 94120
170 94120
171 94120
172 94120
173 94120
174 94120
175 94120
176 94120
177 94120
178 94120
179 94120
180 94120
181 94120
182 94120
183 88360
184 88360
185 88360
186 88360
187 88360
188 88360
189 88360
190 88360
191 88360
192 88360
193 88360
194 88360
195 57599
196 57599
197 57599
198 57599
199 57599
200 57599
201 57599
202 57599
203 57599
204 57599
205 57599
206 57599
207 57599
208 57599
209 57599
210 57599
211 57599
212 57599
213 57599
214 57599
215 26838
216 26838
217 26838
218 26838
219 26838
220 26838
221 26838
222 26838
223 16838
224 16836
225 16836
226 16836
227 16835
228 16835
229 16835
230 16835
231 16835
232 16835
233 16835
234 16835
235 16835
236 16835
237 16835
238 16835
239 16835
240 16835
241 16835
242 16835
243 16835
244 16835
245 16835
246 16835
247 16835
248 16835
249 16835
250 16835
251 16835
252 16835
253 16835
254 16835
255 16835
256 16835
257 16835
258 16835
259 16835
260 16835
261 16835
262 16835
263 16835
264 16835
265 16835
266 16835
267 16835
268 16835
269 16835
270 16835
271 16835
272 16835
273 16835
274 16835
275 16835
276 16835
277 16835
278 16835
279 16835
280 16835
281 16835
282 16835
283 16835
284 16835
285 16835
286 16835
287 16835
288 16835
289 16835
290 16835
291 16835
292 16835
293 16835
294 16835
295 16835
296 16835
297 16835
298 16827
299 16827
300 16827
3 100000
4 100000
5 100000
6 100000
7 100000
8 100000
9 100000
10 100000
11 100000
12 100000
13 100000
14 100000
15 99880
16 99880
17 99880
18 99880
19 99880
20 99880
21 99880
22 99880
23 99880
24 99880
25 99880
26 99880
27 99880
28 99880
29 99880
30 99880
31 99880
32 99880
33 99880
34 99880
35 99880
36 99880
37 99880
38 99880
39 99880
40 99880
41 99880
42 99880
43 99880
44 99880
45 99880
46 99880
47 99880
48 99880
49 99880
50 99880
51 99880
52 99880
53 99880
54 99880
55 99880
56 99880
57 99880
58 99880
59 99880
60 99880
61 99880
62 99880
63 99880
64 99880
65 99880
66 99880
67 99880
68 99880
69 99880
70 99880
71 99880
72 99880
73 99880
74 99880
75 99880
76 99880
77 99880
78 99880
79 99880
80 99880
81 99880
82 99880
83 99880
84 99880
85 99880
86 99880
87 99880
88 99880
89 99880
90 99880
91 99880
92 99880
93 99880
94 99880
95 99880
96 99880
97 99880
98 99880
99 99880
100 99880
101 99880
102 99880
103 99880
104 99880
105 99880
106 99880
107 99880
108 99880
109 99880
110 99880
111 99880
112 99880
113 99880
114 99880
115 99880
116 99880
117 99880
118 99880
119 99880
120 99880
121 99880
122 99880
123 99880
124 99880
125 99880
126 99880
127 99880
128 99880
129 99880
130 99880
131 99880
132 99880
133 99880
134 99880
135 99880
136 99880
137 99880
138 99880
139 99880
140 99880
141 99880
142 99880
143 94120
144 94120
145 94120
146 94120
147 94120
148 94120
149 94120
150 94120
151 94120
152 94120
153 94120
154 94120
155 94120
156 94120
157 94120
158 94120
159 94120
160 94120
161 94120
162 94120
163 94120
164 94120
165 94120
166 94120
167 94120
168 94120
169 94120
170 94120
171 94120
172 94120
173 94120
174 94120
175 94120
176 94120
177 94120
178 94120
179 94120
180 94120
181 94120
182 94120
183 88360
184 88360
185 88360
186 88360
187 88360
188 88360
189 88360
190 88360
191 88360
192 88360
193 88360
194 88360
195 57599
196 57599
197 57599
198 57599
199 57599
200 57599
201 57599
202 57599
203 57599
204 57599
205 57599
206 57599
207 57599
208 57599
209 57599
210 57599
211 57599
212 57599
213 57599
214 57599
215 26838
216 26838
217 26838
218 26838
219 26838
220 26838
221 26838
222 26838
223 16838
224 16836
225 16836
226 16836
227 16835
228 16835
229 16835
230 16835
231 16835
232 16835
233 16835
234 16835
235 16835
236 16835
237 16835
238 16835
239 16835
240 16835
241 16835
242 16835
243 16835
244 16835
245 16835
246 16835
247 16835
248 16835
249 16835
250 16835
251 16835
252 16835
253 16835
254 16835
255 16835
256 16835
257 16835
258 16835
259 16835
260 16835
261 16835
262 16835
263 16835
264 16835
265 16835
266 16835
267 16835
268 16835
269 16835
270 16835
271 16835
272 16835
273 16835
274 16835
275 16835
276 16835
277 16835
278 16835
279 16835
280 16835
281 16835
282 16835
283 16835
284 16835
285 16835
286 16835
287 16835
288 16835
289 16835
290 16835
291 16835
292 16835
293 16835
294 16835
295 16835
296 16835
297 16835
298 16827
299 16827
300 16827
301 16820
302 16820
303 16820
304 16820
305 16820
306 16820
307 16820
308 16820
309 16820
310 16820
311 16820
312 16820
313 16820
314 16820
315 16820
316 16820
317 16820
318 16820
319 16820
320 16820
321 16820
322 16820
323 16820
324 16820
325 16820
326 16820
327 16820
328 16820
329 16820
330 16820
331 16820
332 16820
333 16820
334 16820
335 16820
336 16820
337 16820
338 16820
339 16820
340 16820
341 16820
342 16820
343 16820
344 16820
345 16820
346 16820
347 16820
348 16820
349 16820
350 16820
351 16820
352 16820
353 16820
354 16820
355 16820
356 16820
357 16820
358 16820
359 16820
360 16820
361 16820
362 16820
363 16820
364 16820
365 16820
366 16820
367 16820
368 16820
369 16820
370 16820
371 16820
372 16812
373 16812
374 16812
375 16804
376 16804
377 16804
378 16804
379 16804
380 16804
381 16804
382 16804
383 16804
384 16804
385 16804
386 16804
387 16804
388 16804
389 16804
390 16804
391 16804
392 16804
393 16804
394 16804
395 16804
396 16804
397 16804
398 16804
399 16804
400 16804
401 16804
402 16804
403 16804
404 16804
405 16804
406 16804
407 16804
408 16804
409 16804
410 16804
411 16804
412 16804
413 16804
414 16804
415 16804
416 16804
417 16804
418 16804
419 16804
420 16804
421 16804
422 16804
423 16804
424 16804
425 16804
426 16804
427 16804
428 16804
429 16804
430 16804
431 16804
432 16804
433 16804
434 16804
435 16804
436 16804
437 16804
438 16804
439 16804
440 16804
441 16804
442 16804
443 16804
444 16804
445 16804
446 16797
447 16797
448 16797
449 16789
450 16789
451 16789
452 16789
453 16789
454 16789
455 16789
456 16789
457 16789
458 16789
459 16789
460 16789
461 16789
462 16789
463 16789
464 16789
465 16789
466 16789
467 16789
468 16789
469 16789
470 16789
471 16789
472 16789
473 16789
474 16789
475 16789
476 16789
477 16789
478 16789
479 16789
480 16789
481 16789
482 16789
483 16789
484 16789
485 16789
486 16789
487 16789
488 16789
489 16789
490 16789
491 16789
492 16789
493 16789
494 16789
495 16789
496 16789
497 16789
498 16789
499 16789
500 16789
501 16789
502 16789
503 16789
504 16789
505 16789
506 16789
507 16789
508 16789
509 16789
510 16789
511 16789
512 16789
513 16789
514 16789
515 16789
516 16789
517 16789
518 16789
519 16789
520 16781
521 16781
522 16781
523 16773
524 16773
525 16773
526 16773
527 16773
528 16773
529 16773
530 16773
531 16773
532 16773
533 16773
534 16773
535 16773
536 16773
537 16773
538 16773
539 16773
540 16773
541 16773
542 16773
543 16773
544 16773
545 16773
546 16773
547 16773
548 16773
549 16773
550 16773
551 16773
552 16773
553 16773
554 16773
555 16773
556 16773
557 16773
558 16773
559 16773
560 16773
561 16773
562 16773
563 16773
564 16773
565 16773
566 16773
567 16773
568 16773
569 16773
570 16773
571 16773
572 16773
573 16773
574 16773
575 16773
576 16773
577 16773
578 16773
579 16773
580 16773
581 16773
582 16773
583 16773
584 16773
585 16773
586 16773
587 16773
588 16773
589 16773
590 16773
591 16773
592 16773
593 16773
594 16766
595 16766
596 16766
597 16758
598 16758
599 16758
600 16758
601 16758
602 16758
603 16758
604 16758
605 16758
606 16758
607 16758
608 16758
609 16758
610 16758
611 16758
612 16758
613 16758
614 16758
615 16758
616 16758
617 16758
618 16758
619 16758
620 16758
621 16758
622 16758
623 16758
624 16758
625 16758
626 16758
627 16758
628 16758
629 16758
630 16758
631 16758
632 16758
633 16758
634 16758
635 16758
636 16758
637 16758
638 16758
639 16758
640 16758
641 16758
642 16758
643 16758
644 16758
645 16758
646 16758
647 16758
648 16758
649 16758
650 16758
651 16758
652 16758
653 16758
654 16758
655 16758
656 16758
657 16758
658 16758
659 16758
660 16758
661 16758
662 16758
663 16758
664 16758
665 16758
666 16758
667 16758
668 16750
669 16750
670 16750
671 16743
672 16743
673 16743
674 16743
675 16743
676 16743
677 16743
678 16743
679 16743
680 16743
681 16743
682 16743
683 16743
684 16743
685 16743
686 16743
687 16743
688 16743
689 16743
690 16743
691 16743
692 16743
693 16743
694 16743
695 16743
696 16743
697 16743
698 16743
699 16743
700 16743
701 16743
702 16743
703 16743
704 16743
705 16743
706 16743
707 16743
708 16743
709 16743
710 16743
711 16743
712 16743
713 16743
714 16743
715 16743
716 16743
717 16743
718 16743
719 16743
720 16743
721 16743
722 16743
723 16743
724 16743
725 16743
726 16743
727 16743
728 16743
729 16743
730 16743
731 16743
732 16743
733 16743
734 16743
735 16743
736 16743
737 16743
738 16743
739 16743
740 16743
741 16743
742 16735
743 16735
744 16735
745 16727
746 16727
747 16727
748 16727
749 16727
750 16727
751 16727
752 16727
753 16727
754 16727
755 16727
756 16727
757 16727
758 16727
759 16727
760 16727
761 16727
762 16727
763 16727
764 16727
765 16727
766 16727
767 16727
768 16727
769 16727
770 16727
771 16727
772 16727
773 16727
774 16727
775 16727
776 16727
777 16727
778 16727
779 16727
780 16727
781 16727
782 16727
783 16727
784 16727
785 16727
786 16727
787 16727
788 16727
789 16727
790 16727
791 16727
792 16727
793 16727
794 16727
795 16727
796 16727
797 16727
798 16727
799 16727
800 16727
801 16727
802 16727
803 16727
804 16727
805 16727
806 16727
807 16727
808 16727
809 16727
810 16727
811 16727
812 16727
813 16727
814 16727
815 16727
816 16720
817 16720
818 16720
819 16712
820 16712
821 16712
822 16712
823 16712
824 16712
825 16712
826 16712
827 16712
828 16712
829 16712
830 16712
831 16712
832 16712
833 16712
834 16712
835 16712
836 16712
837 16712
838 16712
839 16712
840 16712
841 16712
842 16712
843 16712
844 16712
845 16712
846 16712
847 16712
848 16712
849 16712
850 16712
851 16712
852 16712
853 16712
854 16712
855 16712
856 16712
857 16712
858 16712
859 16712
860 16712
861 16712
862 16712
863 16712
864 16712
865 16712
866 16712
867 16712
868 16712
869 16712
870 16712
871 16712
872 16712
873 16712
874 16712
875 16712
876 16712
877 16712
878 16712
879 16712
880 16712
881 16712
882 16712
883 16712
884 16712
885 16712
886 16712
887 16712
888 16712
889 16712
890 16704
891 16704
892 16704
893 16696
894 16696
895 16696
896 16696
897 16696
898 16696
899 16696
900 16696
901 16696
902 16696
903 16696
904 16696
905 16696
906 16696
907 16696
908 16696
909 16696
910 16696
911 16696
912 16696
913 16696
914 16696
915 16696
916 16696
917 16696
918 16696
919 16696
920 16696
921 16696
922 16696
923 16696
924 16696
925 16696
926 16696
927 16696
928 16696
929 16696
930 16696
931 16696
932 16696
933 16696
934 16696
935 16696
936 16696
937 16696
938 16696
939 16696
940 16696
941 16696
942 16696
943 16696
944 16696
945 16696
946 16696
947 16696
948 16696
949 16696
950 16696
951 16696
952 16696
953 16696
954 16696
955 16696
956 16696
957 16696
958 16696
959 16696
960 16696
961 16696
962 16696
963 16696
964 16689
965 16689
966 16689
967 16681
968 16681
969 16681
970 16681
971 16681
972 16681
973 16681
974 16681
975 16681
976 16681
977 16681
978 16681
979 16681
980 16681
981 16681
982 16681
983 16681
984 16681
985 16681
986 16681
987 16681
988 16681
989 16681
990 16681
991 16681
992 16681
993 16681
994 16681
995 16681
996 16681
997 16681
998 16681
999 16681
1000 16681
1001 16681
1002 16681
1003 16681
1004 16681
1005 16681
1006 16681
1007 16681
1008 16681
1009 16681
1010 16681
1011 16681
1012 16681
1013 16681
1014 16681
1015 16681
1016 16681
1017 16681
1018 16681
1019 16681
1020 16681
1021 16681
1022 16681
1023 16681
1024 16681
1025 16681
1026 16681
1027 16681
1028 16681
1029 16681
1030 16681
1031 16681
1032 16681
1033 16681
1034 16681
1035 16681
1036 16681
1037 16681
1038 16673
1039 16673
1040 16673
1041 16666
1042 16666
1043 16666
1044 16666
1045 16666
1046 16666
1047 16666
1048 16666
1049 16666
1050 16666
1051 16666
1052 16666
1053 16666
1054 16666
1055 16666
1056 16666
1057 16666
1058 16666
1059 16666
1060 16666
1061 16666
1062 16666
1063 16666
1064 16666
1065 16666
1066 16666
1067 16666
1068 16666
1069 16666
1070 16666
1071 16666
1072 16666
1073 16666
1074 16666
1075 16666
1076 16666
1077 16666
1078 16666
1079 16666
1080 16666
1081 16666
1082 16666
1083 16666
1084 16666
1085 16666
1086 16666
1087 16666
1088 16666
1089 16666
1090 16666
1091 16666
1092 16666
1093 16666
1094 16666
1095 16666
1096 16666
1097 16666
1098 16666
1099 16666
1100 16666
1101 16666
1102 16666
1103 16666
1104 16666
1105 16666
1106 16666
1107 16666
1108 16666
1109 16666
1110 16666
1111 16666
1112 16658
1113 16658
1114 16658
1115 16650
1116 16650
1117 16650
1118 16650
1119 16650
1120 16650
1121 16650
1122 16650
1123 16650
1124 16650
1125 16650
1126 16650
1127 16650
1128 16650
1129 16650
1130 16650
1131 16650
1132 16650
1133 16650
1134 16650
1135 16650
1136 16650
1137 16650
1138 16650
1139 16650
1140 16650
1141 16650
1142 16650
1143 16650
1144 16650
1145 16650
1146 16650
1147 16650
1148 16650
1149 16650
1150 16650
1151 16650
1152 16650
1153 16650
1154 16650
1155 16650
1156 16650
1157 16650
1158 16650
1159 16650
1160 16650
1161 16650
1162 16650
1163 16650
1164 16650
1165 16650
1166 16650
1167 16650
1168 16650
1169 16650
1170 16650
1171 16650
1172 16650
1173 16650
1174 16650
1175 16650
1176 16650
1177 16650
1178 16650
1179 16650
1180 16650
1181 16650
1182 16650
1183 16650
1184 16650
1185 16650
1186 16643
1187 16643
1188 16643
1189 16635
1190 16635
1191 16635
1192 16635
1193 16635
1194 16635
1195 16635
1196 16635
1197 16635
1198 16635
1199 16635
1200 16635
1201 16635
1202 16635
1203 16635
1204 16635
1205 16635
1206 16635
1207 16635
1208 16635
1209 16635
1210 16635
1211 16635
1212 16635
1213 16635
1214 16635
1215 16635
1216 16635
1217 16635
1218 16635
1219 16635
1220 16635
1221 16635
1222 16635
1223 16635
1224 16635
1225 16635
1226 16635
1227 16635
1228 16635
1229 16635
1230 16635
1231 16635
1232 16635
1233 16635
1234 16635
1235 16635
1236 16635
1237 16635
1238 16635
1239 16635
1240 16635
1241 16635
1242 16635
1243 16635
1244 16635
1245 16635
1246 16635
1247 16635
1248 16635
1249 16635
1250 16635
1251 16635
1252 16635
1253 16635
1254 16635
1255 16635
1256 16635
1257 16635
1258 16635
1259 16635
1260 16627
1261 16627
1262 16627
1263 16619
1264 16619
1265 16619
1266 16619
1267 16619
1268 16619
1269 16619
1270 16619
1271 16619
1272 16619
1273 16619
1274 16619
1275 16619
1276 16619
1277 16619
1278 16619
1279 16619
1280 16619
1281 16619
1282 16619
1283 16619
1284 16619
1285 16619
1286 16619
1287 16619
1288 16619
1289 16619
1290 16619
1291 16619
1292 16619
1293 16619
1294 16619
1295 16619
1296 16619
1297 16619
1298 16619
1299 16619
1300 16619
1301 16619
1302 16619
1303 16619
1304 16619
1305 16619
1306 16619
1307 16619
1308 16619
1309 16619
1310 16619
1311 16619
1312 16619
1313 16619
1314 16619
1315 16619
1316 16619
1317 16619
1318 16619
1319 16619
1320 16619
1321 16619
1322 16619
1323 16619
1324 16619
1325 16619
1326 16619
1327 16619
1328 16619
1329 16619
1330 16619
1331 16619
1332 16619
1333 16619
1334 16612
1335 16612
1336 16612
1337 16604
1338 16604
1339 16604
1340 16604
1341 16604
1342 16604
1343 16604
1344 16604
1345 16604
1346 16604
1347 16604
1348 16604
1349 16604
1350 16604
1351 16604
1352 16604
1353 16604
1354 16604
1355 16604
1356 16604
1357 16604
1358 16604
1359 16604
1360 16604
1361 16604
1362 16604
1363 16604
1364 16604
1365 16604
1366 16604
1367 16604
1368 16604
1369 16604
1370 16604
1371 16604
1372 16604
1373 16604
1374 16604
1375 16604
1376 16604
1377 16604
1378 16604
1379 16604
1380 16604
1381 16604
1382 16604
1383 16604
1384 16604
1385 16604
1386 16604
1387 16604
1388 16604
1389 16604
1390 16604
1391 16604
1392 16604
1393 16604
1394 16604
1395 16604
1396 16604
1397 16604
1398 16604
1399 16604
1400 16604
1401 16604
1402 16604
1403 16604
1404 16604
1405 16604
1406 16604
1407 16604
1408 16596
1409 16596
1410 16596
1411 16589
1412 16589
1413 16589
1414 16589
1415 16589
1416 16589
1417 16589
1418 16589
1419 16589
1420 16589
1421 16589
1422 16589
1423 16589
1424 16589
1425 16589
1426 16589
1427 16589
1428 16589
1429 16589
1430 16589
1431 16589
1432 16589
1433 16589
1434 16589
1435 16589
1436 16589
1437 16589
1438 16589
1439 16589
1440 16589
1441 16589
1442 16589
1443 16589
1444 16589
1445 16589
1446 16589
1447 16589
1448 16589
1449 16589
1450 16589
1451 16589
1452 16589
1453 16589
1454 16589
1455 16589
1456 16589
1457 16589
1458 16589
1459 16589
1460 16589
1461 16589
1462 16589
1463 16589
1464 16589
1465 16589
1466 16589
1467 16589
1468 16589
1469 16589
1470 16589
1471 16589
1472 16589
1473 16589
1474 16589
1475 16589
1476 16589
1477 16589
1478 16589
1479 16589
1480 16589
1481 16589
1482 16581
1483 16581
1484 16581
1485 16573
1486 16573
1487 16573
1488 16573
1489 16573
1490 16573
1491 16573
1492 16573
1493 16573
1494 16573
1495 16573
1496 16573
1497 16573
1498 16573
1499 16573
1500 16573
1501 16573
1502 16573
1503 16573
1504 16573
1505 16573
1506 16573
1507 16573
1508 16573
1509 16573
1510 16573
1511 16573
1512 16573
1513 16573
1514 16573
1515 16573
1516 16573
1517 16573
1518 16573
1519 16573
1520 16573
1521 16573
1522 16573
1523 16573
1524 16573
1525 16573
1526 16573
1527 16573
1528 16573
1529 16573
1530 16573
1531 16573
1532 16573
1533 16573
1534 16573
1535 16573
1536 16573
1537 16573
1538 16573
1539 16573
1540 16573
1541 16573
1542 16573
1543 16573
1544 16573
1545 16573
1546 16573
1547 16573
1548 16573
1549 16573
1550 16573
1551 16573
1552 16573
1553 16573
1554 16573
1555 16573
1556 16566
1557 16566
1558 16566
1559 16558
1560 16558
1561 16558
1562 16558
1563 16558
1564 16558
1565 16558
1566 16558
1567 16558
1568 16558
1569 16558
1570 16558
1571 16558
1572 16558
1573 16558
1574 16558
1575 16558
1576 16558
1577 16558
1578 16558
1579 16558
1580 16558
1581 16558
1582 16558
1583 16558
1584 16558
1585 16558
1586 16558
1587 16558
1588 16558
1589 16558
1590 16558
1591 16558
1592 16558
1593 16558
1594 16558
1595 16558
1596 16558
1597 16558
1598 16558
1599 16558
1600 16558
1601 16558
1602 16558
1603 16558
1604 16558
1605 16558
1606 16558
1607 16558
1608 16558
1609 16558
1610 16558
1611 16558
1612 16558
1613 16558
1614 16558
1615 16558
1616 16558
1617 16558
1618 16558
1619 16558
1620 16558
1621 16558
1622 16558
1623 16558
1624 16558
1625 16558
1626 16558
1627 16558
1628 16558
1629 16558
1630 16550
1631 16550
1632 16550
1633 16542
1634 16542
1635 16542
1636 16542
1637 16542
1638 16542
1639 16542
1640 16542
1641 16542
1642 16542
1643 16542
1644 16542
1645 16542
1646 16542
1647 16542
1648 16542
1649 16542
1650 16542
1651 16542
1652 16542
1653 16542
1654 16542
1655 16542
1656 16542
1657 16542
1658 16542
1659 16542
1660 16542
1661 16542
1662 16542
1663 16542
1664 16542
1665 16542
1666 16542
1667 16542
1668 16542
1669 16542
1670 16542
1671 16542
1672 16542
1673 16542
1674 16542
1675 16542
1676 16542
1677 16542
1678 16542
1679 16542
1680 16542
1681 16542
1682 16542
1683 16542
1684 16542
1685 16542
1686 16542
1687 16542
1688 16542
1689 16542
1690 16542
1691 16542
1692 16542
1693 16542
1694 16542
1695 16542
1696 16542
1697 16542
1698 16542
1699 16542
1700 16542
1701 16542
1702 16542
1703 16542
1704 16535
1705 16535
1706 16535
1707 16527
1708 16527
1709 16527
1710 16527
1711 16527
1712 16527
1713 16527
1714 16527
1715 16527
1716 16527
1717 16527
1718 16527
1719 16527
1720 16527
1721 16527
1722 16527
1723 16527
1724 16527
1725 16527
1726 16527
1727 16527
1728 16527
1729 16527
1730 16527
1731 16527
1732 16527
1733 16527
1734 16527
1735 16527
1736 16527
1737 16527
1738 16527
1739 16527
1740 16527
1741 16527
1742 16527
1743 16527
1744 16527
1745 16527
1746 16527
1747 16527
1748 16527
1749 16527
1750 16527
1751 16527
1752 16527
1753 16527
1754 16527
1755 16527
1756 16527
1757 16527
1758 16527
1759 16527
1760 16527
1761 16527
1762 16527
1763 16527
1764 16527
1765 16527
1766 16527
1767 16527
1768 16527
1769 16527
1770 16527
1771 16527
1772 16527
1773 16527
1774 16527
1775 16527
1776 16527
1777 16527
1778 16519
1779 16519
1780 16519
1781 16512
1782 16512
1783 16512
1784 16512
1785 16512
1786 16512
1787 16512
1788 16512
1789 16512
1790 16512
1791 16512
1792 16512
1793 16512
1794 16512
1795 16512
1796 16512
1797 16512
1798 16512
1799 16512
1800 16512
1801 16512
1802 16512
1803 16512
1804 16512
1805 16512
1806 16512
1807 16512
1808 16512
1809 16512
1810 16512
1811 16512
1812 16512
1813 16512
1814 16512
1815 16512
1816 16512
1817 16512
1818 16512
1819 16512
1820 16512
1821 16512
1822 16512
1823 16512
1824 16512
1825 16512
1826 16512
1827 16512
1828 16512
1829 16512
1830 16512
1831 16512
1832 16512
1833 16512
1834 16512
1835 16512
1836 16512
1837 16512
1838 16512
1839 16512
1840 16512
1841 16512
1842 16512
1843 16512
1844 16512
1845 16512
1846 16512
1847 16512
1848 16512
1849 16512
1850 16512
1851 16512
1852 16504
1853 16504
1854 16504
1855 16496
1856 16496
1857 16496
1858 16496
1859 16496
1860 16496
1861 16496
1862 16496
1863 16496
1864 16496
1865 16496
1866 16496
1867 16496
1868 16496
1869 16496
1870 16496
1871 16496
1872 16496
1873 16496
1874 16496
1875 16496
1876 16496
1877 16496
1878 16496
1879 16496
1880 16496
1881 16496
1882 16496
1883 16496
1884 16496
1885 16496
1886 16496
1887 16496
1888 16496
1889 16496
1890 16496
1891 16496
1892 16496
1893 16496
1894 16496
1895 16496
1896 16496
1897 16496
1898 16496
1899 16496
1900 16496
1901 16496
1902 16496
1903 16496
1904 16496
1905 16496
1906 16496
1907 16496
1908 16496
1909 16496
1910 16496
1911 16496
1912 16496
1913 16496
1914 16496
1915 16496
1916 16496
1917 16496
1918 16496
1919 16496
1920 16496
1921 16496
1922 16496
1923 16496
1924 16496
1925 16496
1926 16488
1927 16488
1928 16488
1929 16481
1930 16481
1931 16481
1932 16481
1933 16481
1934 16481
1935 16481
1936 16481
1937 16481
1938 16481
1939 16481
1940 16481
1941 16481
1942 16481
1943 16481
1944 16481
1945 16481
1946 16481
1947 16481
1948 16481
1949 16481
1950 16481
1951 16481
1952 16481
1953 16481
1954 16481
1955 16481
1956 16481
1957 16481
1958 16481
1959 16481
1960 16481
1961 16481
1962 16481
1963 16481
1964 16481
1965 16481
1966 16481
1967 16481
1968 16481
1969 16481
1970 16481
1971 16481
1972 16481
1973 16481
1974 16481
1975 16481
1976 16481
1977 16481
1978 16481
1979 16481
1980 16481
1981 16481
1982 16481
1983 16481
1984 16481
1985 16481
1986 16481
1987 16481
1988 16481
1989 16481
1990 16481
1991 16481
1992 16481
1993 16481
1994 16481
1995 16481
1996 16481
1997 16481
1998 16481
1999 16481
2000 16473
2001 16473
2002 16473
2003 16465
2004 16465
2005 16465
2006 16465
2007 16465
2008 16465
2009 16465
2010 16465
2011 16465
2012 16465
2013 16465
2014 16465
2015 16465
2016 16465
2017 16465
2018 16465
2019 16465
2020 16465
2021 16465
2022 16465
2023 16465
2024 16465
2025 16465
2026 16465
2027 16465
2028 16465
2029 16465
2030 16465
2031 16465
2032 16465
2033 16465
2034 16465
2035 16465
2036 16465
2037 16465
2038 16465
2039 16465
2040 16465
2041 16465
2042 16465
2043 16465
2044 16465
2045 16465
2046 16465
2047 16465
2048 16465
2049 16465
2050 16465
2051 16465
2052 16465
2053 16465
2054 16465
2055 16465
2056 16465
2057 16465
2058 16465
2059 16465
2060 16465
2061 16465
2062 16465
2063 16465
2064 16465
2065 16465
2066 16465
2067 16465
2068 16465
2069 16465
2070 16465
2071 16465
2072 16465
2073 16465
2074 16458
2075 16458
2076 16458
2077 16450
2078 16450
2079 16450
2080 16450
2081 16450
2082 16450
2083 16450
2084 16450
2085 16450
2086 16450
2087 16450
2088 16450
2089 16450
2090 16450
2091 16450
2092 16450
2093 16450
2094 16450
2095 16450
2096 16450
2097 16450
2098 16450
2099 16450
2100 16450
2101 16450
2102 16450
2103 16450
2104 16450
2105 16450
2106 16450
2107 16450
2108 16450
2109 16450
2110 16450
2111 16450
2112 16450
2113 16450
2114 16450
2115 16450
2116 16450
2117 16450
2118 16450
2119 16450
2120 16450
2121 16450
2122 16450
2123 16450
2124 16450
2125 16450
2126 16450
2127 16450
2128 16450
2129 16450
2130 16450
2131 16450
2132 16450
2133 16450
2134 16450
2135 16450
2136 16450
2137 16450
2138 16450
2139 16450
2140 16450
2141 16450
2142 16450
2143 16450
2144 16450
2145 16450
2146 16450
2147 16450
2148 16442
2149 16442
2150 16442
2151 16435
2152 16435
2153 16435
2154 16435
2155 16435
2156 16435
2157 16435
2158 16435
2159 16435
2160 16435
2161 16435
2162 16435
2163 16435
2164 16435
2165 16435
2166 16435
2167 16435
2168 16435
2169 16435
2170 16435
2171 16435
2172 16435
2173 16435
2174 16435
2175 16435
2176 16435
2177 16435
2178 16435
2179 16435
2180 16435
2181 16435
2182 16435
2183 16435
2184 16435
2185 16435
2186 16435
2187 16435
2188 16435
2189 16435
2190 16435
2191 16435
2192 16435
2193 16435
2194 16435
2195 16435
2196 16435
2197 16435
2198 16435
2199 16435
2200 16435
2201 16435
2202 16435
2203 16435
2204 16435
2205 16435
2206 16435
2207 16435
2208 16435
2209 16435
2210 16435
2211 16435
2212 16435
2213 16435
2214 16435
2215 16435
2216 16435
2217 16435
2218 16435
2219 16435
2220 16435
2221 16435
2222 16427
2223 16427
2224 16427
2225 16419
2226 16419
2227 16419
2228 16419
2229 16419
2230 16419
2231 16419
2232 16419
2233 16419
2234 16419
2235 16419
2236 16419
2237 16419
2238 16419
2239 16419
2240 16419
2241 16419
2242 16419
2243 16419
2244 16419
2245 16419
2246 16419
2247 16419
2248 16419
2249 16419
2250 16419
2251 16419
2252 16419
2253 16419
2254 16419
2255 16419
2256 16419
2257 16419
2258 16419
2259 16419
2260 16419
2261 16419
2262 16419
2263 16419
2264 16419
2265 16419
2266 16419
2267 16419
2268 16419
2269 16419
2270 16419
2271 16419
2272 16419
2273 16419
2274 16419
2275 16419
2276 16419
2277 16419
2278 16419
2279 16419
2280 16419
2281 16419
2282 16419
2283 16419
2284 16419
2285 16419
2286 16419
2287 16419
2288 16419
2289 16419
2290 16419
2291 16419
2292 16419
2293 16144
2294 16144
2295 16144
2296 16136
2297 16136
2298 16136
2299 16129
2300 16129
2301 16129
2302 16129
2303 16129
2304 16129
2305 16129
2306 16129
2307 16129
2308 16129
2309 16129
2310 16129
2311 16129
2312 16129
2313 16129
2314 16129
2315 16129
2316 16129
2317 16129
2318 16129
2319 16129
2320 16129
2321 16129
2322 16129
2323 16129
2324 16129
2325 16129
2326 16129
2327 16129
2328 16129
2329 16129
2330 16129
2331 16129
2332 16129
2333 16129
2334 16129
2335 16129
2336 16129
2337 16129
2338 16129
2339 16129
2340 16129
2341 16129
2342 16129
2343 16129
2344 16129
2345 16129
2346 16129
2347 16129
2348 16129
2349 16129
2350 16129
2351 16129
2352 16129
2353 16129
2354 16129
2355 16129
2356 16129
2357 16129
2358 16129
2359 16129
2360 16129
2361 16129
2362 16129
2363 16129
2364 16129
2365 16129
2366 16129
2367 16129
2368 16129
2369 16129
2370 16121
2371 16121
2372 16121
2373 16113
2374 16113
2375 16113
2376 16113
2377 16113
2378 16113
2379 16113
2380 16113
2381 16113
2382 16113
2383 16113
2384 16113
2385 16113
2386 16113
2387 16113
2388 16113
2389 16113
2390 16113
2391 16113
2392 16113
2393 16113
2394 16113
2395 16113
2396 16113
2397 16113
2398 16113
2399 16113
2400 16113
2401 16113
2402 16113
2403 16113
2404 16113
2405 16113
2406 16113
2407 16113
2408 16113
2409 16113
2410 16113
2411 16113
2412 16113
2413 16113
2414 16113
2415 16113
2416 16113
2417 16113
2418 16113
2419 16113
2420 16113
2421 16113
2422 16113
2423 16113
2424 16113
2425 16113
2426 16113
2427 16113
2428 16113
2429 16113
2430 16113
2431 16113
2432 16113
2433 16113
2434 16113
2435 16113
2436 16113
2437 16113
2438 16113
2439 16113
2440 16113
2441 16113
2442 16113
2443 16113
2444 16106
2445 16106
2446 16106
2447 16098
2448 16098
2449 16098
2450 16098
2451 16098
2452 16098
2453 16098
2454 16098
2455 16098
2456 16098
2457 16098
2458 16098
2459 16098
2460 16098
2461 16098
2462 16098
2463 16098
2464 16098
2465 16098
2466 16098
2467 16098
2468 16098
2469 16098
2470 16098
2471 16098
2472 16098
2473 16098
2474 16098
2475 16098
2476 16098
2477 16098
2478 16098
2479 16098
2480 16098
2481 16098
2482 16098
2483 16098
2484 16098
2485 16098
2486 16098
2487 16098
2488 16098
2489 16098
2490 16098
2491 16098
2492 16098
2493 16098
2494 16098
2495 16098
2496 16098
2497 16098
2498 16098
2499 16098
2500 16098
2501 16098
2502 16098
2503 16098
2504 16098
2505 16098
2506 16098
2507 16098
2508 16098
2509 16098
2510 16098
2511 16098
2512 16098
2513 16098
2514 16098
2515 16098
2516 16098
2517 16098
2518 16090
2519 16090
2520 16090
2521 16082
2522 16082
2523 16082
2524 16082
2525 16082
2526 16082
2527 16082
2528 16082
2529 16082
2530 16082
2531 16082
2532 16082
2533 16082
2534 16082
2535 16082
2536 16082
2537 16082
2538 16082
2539 16082
2540 16082
2541 16082
2542 16082
2543 16082
2544 16082
2545 16082
2546 16082
2547 16082
2548 16082
2549 16082
2550 16082
2551 16082
2552 16082
2553 16082
2554 16082
2555 16082
2556 16082
2557 16082
2558 16082
2559 16082
2560 16082
2561 16082
2562 16082
2563 16082
2564 16082
2565 16082
2566 16082
2567 16082
2568 16082
2569 16082
2570 16082
2571 16082
2572 16082
2573 16082
2574 16082
2575 16082
2576 16082
2577 16082
2578 16082
2579 16082
2580 16082
2581 16082
2582 16082
2583 16082
2584 16082
2585 16082
2586 16082
2587 16082
2588 16082
2589 16082
2590 16082
2591 16082
2592 16075
2593 16075
2594 16075
2595 16067
2596 16067
2597 16067
2598 16067
2599 16067
2600 16067
2601 16067
2602 16067
2603 16067
2604 16067
2605 16067
2606 16067
2607 16067
2608 16067
2609 16067
2610 16067
2611 16067
2612 16067
2613 16067
2614 16067
2615 16067
2616 16067
2617 16067
2618 16067
2619 16067
2620 16067
2621 16067
2622 16067
2623 16067
2624 16067
2625 16067
2626 16067
2627 16067
2628 16067
2629 16067
2630 16067
2631 16067
2632 16067
2633 16067
2634 16067
2635 16067
2636 16067
2637 16067
2638 16067
2639 16067
2640 16067
2641 16067
2642 16067
2643 16067
2644 16067
2645 16067
2646 16067
2647 16067
2648 16067
2649 16067
2650 16067
2651 16067
2652 16067
2653 16067
2654 16067
2655 16067
2656 16067
2657 16067
2658 16067
2659 16067
2660 16067
2661 16067
2662 16067
2663 16067
2664 16067
2665 16067
2666 16059
2667 16059
2668 16059
2669 16052
2670 16052
2671 16052
2672 16052
2673 16052
2674 16052
2675 16052
2676 16052
2677 16052
2678 16052
2679 16052
2680 16052
2681 16052
2682 16052
2683 16052
2684 16052
2685 16052
2686 16052
2687 16052
2688 16052
2689 16052
2690 16052
2691 16052
2692 16052
2693 16052
2694 16052
2695 16052
2696 16052
2697 16052
2698 16052
2699 16052
2700 16052
2701 16052
2702 16052
2703 16052
2704 16052
2705 16052
2706 16052
2707 16052
2708 16052
2709 16052
2710 16052
2711 16052
2712 16052
2713 16052
2714 16052
2715 16052
2716 16052
2717 16052
2718 16052
2719 16052
2720 16052
2721 16052
2722 16052
2723 16052
2724 16052
2725 16052
2726 16052
2727 16052
2728 16052
2729 16052
2730 16052
2731 16052
2732 16052
2733 16052
2734 16052
2735 16052
2736 16052
2737 16052
2738 16052
2739 16052
2740 16044
2741 16044
2742 16044
2743 16036
2744 16036
2745 16036
2746 16036
2747 16036
2748 16036
2749 16036
2750 16036
2751 16036
2752 16036
2753 16036
2754 16036
2755 16036
2756 16036
2757 16036
2758 16036
2759 16036
2760 16036
2761 16036
2762 16036
2763 16036
2764 16036
2765 16036
2766 16036
2767 16036
2768 16036
2769 16036
2770 16036
2771 16036
2772 16036
2773 16036
2774 16036
2775 16036
2776 16036
2777 16036
2778 16036
2779 16036
2780 16036
2781 16036
2782 16036
2783 16036
2784 16036
2785 16036
2786 16036
2787 16036
2788 16036
2789 16036
2790 16036
2791 16036
2792 16036
2793 16036
2794 16036
2795 16036
2796 16036
2797 16036
2798 16036
2799 16036
2800 16036
2801 16036
2802 16036
2803 16036
2804 16036
2805 16036
2806 16036
2807 16036
2808 16036
2809 16036
2810 16036
2811 16036
2812 16036
2813 16036
2814 16028
2815 16028
2816 16028
2817 16021
2818 16021
2819 16021
2820 16021
2821 16021
2822 16021
2823 16021
2824 16021
2825 16021
2826 16021
2827 16021
2828 16021
2829 16021
2830 16021
2831 16021
2832 16021
2833 16021
2834 16021
2835 16021
2836 16021
2837 16021
2838 16021
2839 16021
2840 16021
2841 16021
2842 16021
2843 16021
2844 16021
2845 16021
2846 16021
2847 16021
2848 16021
