# ValueCount deltaRailways
10 0 0 0 0 0 0 0 0 0 0 0 0 0 0 0 0 0 0 0 0 0 0 
123 1 8 1 0 1 0 1 8 1 0 1 0 1 0 1 0 1 0 1 0 1 0 
124 2 11 2 0 2 0 2 8 2 11 2 0 2 0 2 0 2 0 2 0 2 0 
127 3 8 3 0 3 0 3 8 3 11 3 0 3 0 3 8 3 0 3 0 3 0 
130 4 7 4 0 4 0 4 8 4 11 4 0 4 0 4 8 4 0 4 0 4 7 
139 5 4 5 0 5 0 5 8 5 4 5 0 5 0 5 8 5 0 5 0 5 7 
141 6 6 6 0 6 0 6 8 6 4 6 0 6 6 6 8 6 0 6 0 6 7 
145 7 10 7 0 7 0 7 8 7 4 7 0 7 6 7 8 7 0 7 0 7 10 
152 8 9 8 0 8 9 8 8 8 4 8 0 8 6 8 8 8 0 8 0 8 10 
153 9 12 9 0 9 9 9 12 9 4 9 0 9 6 9 8 9 0 9 0 9 10 
154 10 10 10 0 10 9 10 12 10 10 10 0 10 6 10 8 10 0 10 0 10 10 
156 11 4 11 0 11 9 11 12 11 10 11 0 11 4 11 8 11 0 11 0 11 10 
157 12 12 12 0 12 9 12 12 12 10 12 0 12 4 12 12 12 0 12 0 12 10 
167 13 7 13 0 13 7 13 12 13 10 13 0 13 4 13 12 13 0 13 0 13 10 
169 14 4 14 0 14 7 14 7 14 1 14 0 14 4 14 12 14 0 14 0 14 10 
171 15 11 15 0 15 7 15 7 15 1 15 0 15 11 15 12 15 0 15 0 15 10 
172 16 7 16 0 16 7 16 7 16 1 16 0 16 11 16 7 16 0 16 0 16 10 
175 17 1 17 0 17 7 17 7 17 1 17 0 17 11 17 7 17 0 17 0 17 1 
182 18 12 18 0 18 12 18 7 18 1 18 0 18 11 18 7 18 0 18 0 18 1 
183 19 3 19 0 19 12 19 3 19 1 19 0 19 11 19 7 19 0 19 0 19 1 
184 20 0 20 0 20 12 20 3 20 0 20 0 20 11 20 7 20 0 20 0 20 1 
186 21 7 21 0 21 12 21 3 21 0 21 0 21 7 21 7 21 0 21 0 21 1 
187 22 3 22 0 22 12 22 3 22 0 22 0 22 7 22 3 22 0 22 0 22 1 
190 23 -14 23 0 23 12 23 3 23 0 23 0 23 7 23 3 23 0 23 0 23 -14 
197 24 0 24 0 24 0 24 3 24 0 24 0 24 7 24 3 24 0 24 0 24 -14 
198 25 16 25 0 25 0 25 16 25 0 25 0 25 7 25 3 25 0 25 0 25 -14 
201 26 0 26 0 26 0 26 16 26 0 26 0 26 0 26 3 26 0 26 0 26 -14 
202 27 16 27 0 27 0 27 16 27 0 27 0 27 0 27 16 27 0 27 0 27 -14 
212 28 6 28 0 28 6 28 16 28 0 28 0 28 0 28 16 28 0 28 0 28 -14 
213 29 2 29 0 29 6 29 2 29 0 29 0 29 0 29 16 29 0 29 0 29 -14 
216 30 8 30 0 30 6 30 2 30 0 30 0 30 8 30 16 30 0 30 0 30 -14 
217 31 2 31 0 31 6 31 2 31 0 31 0 31 8 31 2 31 0 31 0 31 -14 
220 32 0 32 0 32 6 32 2 32 0 32 0 32 8 32 2 32 0 32 0 32 0 
227 33 3 33 0 33 3 33 2 33 0 33 0 33 8 33 2 33 0 33 0 33 0 
228 34 4 34 0 34 3 34 4 34 0 34 0 34 8 34 2 34 0 34 0 34 0 
231 35 6 35 0 35 3 35 4 35 0 35 0 35 6 35 2 35 0 35 0 35 0 
232 36 4 36 0 36 3 36 4 36 0 36 0 36 6 36 4 36 0 36 0 36 0 
242 37 12 37 0 37 12 37 4 37 0 37 0 37 6 37 4 37 0 37 0 37 0 
243 38 3 38 0 38 12 38 3 38 0 38 0 38 6 38 4 38 0 38 0 38 0 
246 39 14 39 0 39 12 39 3 39 0 39 0 39 14 39 4 39 0 39 0 39 0 
247 40 3 40 0 40 12 40 3 40 0 40 0 40 14 40 3 40 0 40 0 40 0 
257 41 7 41 0 41 7 41 3 41 0 41 0 41 14 41 3 41 0 41 0 41 0 
258 42 6 42 0 42 7 42 6 42 0 42 0 42 14 42 3 42 0 42 0 42 0 
261 43 2 43 0 43 7 43 6 43 0 43 0 43 2 43 3 43 0 43 0 43 0 
262 44 6 44 0 44 7 44 6 44 0 44 0 44 2 44 6 44 0 44 0 44 0 
272 45 3 45 0 45 3 45 6 45 0 45 0 45 2 45 6 45 0 45 0 45 0 
273 46 4 46 0 46 3 46 4 46 0 46 0 46 2 46 6 46 0 46 0 46 0 
288 47 3.66667 47 0 47 3 47 3 47 0 47 0 47 4 47 4 47 0 47 0 47 0 
291 48 3 48 0 48 3 48 3 48 0 48 0 48 3 48 4 48 0 48 0 48 0 
302 49 4.5 49 0 49 6 49 3 49 0 49 0 49 3 49 3 49 0 49 0 49 0 
303 50 2 50 0 50 6 50 2 50 0 50 0 50 3 50 3 50 0 50 0 50 0 
306 51 6 51 0 51 6 51 2 51 0 51 0 51 6 51 3 51 0 51 0 51 0 
307 52 2 52 0 52 6 52 2 52 0 52 0 52 6 52 2 52 0 52 0 52 0 
317 53 4 53 0 53 4 53 2 53 0 53 0 53 6 53 2 53 0 53 0 53 0 
333 54 5 54 0 54 4 54 6 54 0 54 0 54 6 54 4 54 0 54 0 54 0 
336 55 0 55 0 55 4 55 6 55 0 55 0 55 0 55 4 55 0 55 0 55 0 
337 56 6 56 0 56 4 56 6 56 0 56 0 56 0 56 6 56 0 56 0 56 0 
347 57 1 57 0 57 1 57 6 57 0 57 0 57 0 57 6 57 0 57 0 57 0 
348 58 4 58 0 58 1 58 4 58 0 58 0 58 0 58 6 58 0 58 0 58 0 
351 59 3 59 0 59 1 59 4 59 0 59 0 59 3 59 6 59 0 59 0 59 0 
352 60 4 60 0 60 1 60 4 60 0 60 0 60 3 60 4 60 0 60 0 60 0 
378 61 2.66667 61 0 61 4 61 0 61 0 61 0 61 4 61 4 61 0 61 0 61 0 
381 62 6 62 0 62 4 62 0 62 0 62 0 62 6 62 4 62 0 62 0 62 0 
382 63 0 63 0 63 4 63 0 63 0 63 0 63 6 63 0 63 0 63 0 63 0 
392 64 6 64 0 64 6 64 0 64 0 64 0 64 6 64 0 64 0 64 0 64 0 
396 65 5 65 0 65 6 65 0 65 0 65 0 65 5 65 0 65 0 65 0 65 0 
408 66 3.5 66 0 66 5 66 2 66 0 66 0 66 5 66 0 66 0 66 0 66 0 
411 67 3 67 0 67 5 67 2 67 0 67 0 67 3 67 0 67 0 67 0 67 0 
422 68 0 68 0 68 0 68 2 68 0 68 0 68 3 68 0 68 0 68 0 68 0 
423 69 3 69 0 69 0 69 3 69 0 69 0 69 3 69 0 69 0 69 0 69 0 
426 70 0 70 0 70 0 70 3 70 0 70 0 70 0 70 0 70 0 70 0 70 0 
438 71 4 71 0 71 0 71 4 71 0 71 0 71 0 71 0 71 0 71 0 71 0 
483 72 1 72 0 72 0 72 1 72 0 72 0 72 0 72 0 72 0 72 0 72 0 
498 73 0 73 0 73 0 73 0 73 0 73 0 73 0 73 0 73 0 73 0 73 0 
513 74 3 74 0 74 0 74 3 74 0 74 0 74 0 74 0 74 0 74 0 74 0 
528 75 4 75 0 75 0 75 4 75 0 75 0 75 0 75 0 75 0 75 0 75 0 
543 76 3 76 0 76 0 76 3 76 0 76 0 76 0 76 0 76 0 76 0 76 0 
558 77 4 77 0 77 0 77 4 77 0 77 0 77 0 77 0 77 0 77 0 77 0 
573 78 3 78 0 78 0 78 3 78 0 78 0 78 0 78 0 78 0 78 0 78 0 
588 79 0 79 0 79 0 79 0 79 0 79 0 79 0 79 0 79 0 79 0 79 0 
664 80 2 80 0 80 0 80 0 80 2 80 0 80 0 80 0 80 0 80 0 80 0 
679 81 3 81 0 81 0 81 0 81 3 81 0 81 0 81 0 81 0 81 0 81 0 
694 82 4 82 0 82 0 82 0 82 4 82 0 82 0 82 0 82 0 82 0 82 0 
697 83 3 83 0 83 0 83 0 83 4 83 0 83 0 83 3 83 0 83 0 83 0 
712 84 4 84 0 84 0 84 0 84 4 84 0 84 0 84 4 84 0 84 0 84 0 
727 85 3 85 0 85 0 85 0 85 4 85 0 85 0 85 3 85 0 85 0 85 0 
742 86 3.5 86 0 86 0 86 0 86 3 86 0 86 0 86 4 86 0 86 0 86 0 
754 87 4 87 0 87 0 87 0 87 4 87 0 87 0 87 4 87 0 87 0 87 0 
769 88 2 88 0 88 0 88 0 88 2 88 0 88 0 88 4 88 0 88 0 88 0 
771 89 1 89 0 89 0 89 0 89 2 89 0 89 1 89 4 89 0 89 0 89 0 
772 90 3 90 0 90 0 90 0 90 2 90 0 90 1 90 3 90 0 90 0 90 0 
784 91 0 91 0 91 0 91 0 91 0 91 0 91 1 91 3 91 0 91 0 91 0 
786 92 4 92 0 92 0 92 0 92 0 92 0 92 4 92 3 92 0 92 0 92 0 
787 93 0 93 0 93 0 93 0 93 0 93 0 93 4 93 0 93 0 93 0 93 0 
801 94 5 94 0 94 0 94 0 94 0 94 0 94 5 94 0 94 0 94 0 94 0 
816 95 4 95 0 95 0 95 0 95 0 95 0 95 4 95 0 95 0 95 0 95 0 
817 96 5 96 0 96 0 96 0 96 0 96 0 96 4 96 5 96 0 96 0 96 0 
831 97 3 97 0 97 0 97 0 97 0 97 0 97 3 97 5 97 0 97 0 97 0 
832 98 4 98 0 98 0 98 0 98 0 98 0 98 3 98 4 98 0 98 0 98 0 
847 99 3.5 99 0 99 0 99 0 99 0 99 0 99 4 99 3 99 0 99 0 99 0 
862 100 4 100 0 100 0 100 0 100 0 100 0 100 4 100 4 100 0 100 0 100 0 
877 101 2 101 0 101 0 101 0 101 0 101 0 101 4 101 2 101 0 101 0 101 0 
892 102 1 102 0 102 0 102 0 102 0 102 0 102 2 102 0 102 0 102 0 102 0 
906 103 0 103 0 103 0 103 0 103 0 103 0 103 0 103 0 103 0 103 0 103 0 
918 104 1 104 0 104 0 104 1 104 0 104 0 104 0 104 0 104 0 104 0 104 0 
933 105 4 105 0 105 0 105 4 105 0 105 0 105 0 105 0 105 0 105 0 105 0 
963 106 3 106 0 106 0 106 3 106 0 106 0 106 0 106 0 106 0 106 0 106 0 
978 107 4 107 0 107 0 107 4 107 0 107 0 107 0 107 0 107 0 107 0 107 0 
1023 108 0 108 0 108 0 108 0 108 0 108 0 108 0 108 0 108 0 108 0 108 0 
1777 109 1 109 0 109 0 109 0 109 0 109 0 109 0 109 1 109 0 109 0 109 0 
1792 110 4 110 0 110 0 110 0 110 0 110 0 110 0 110 4 110 0 110 0 110 0 
1807 111 3 111 0 111 0 111 0 111 0 111 0 111 0 111 3 111 0 111 0 111 0 
1822 112 4 112 0 112 0 112 0 112 0 112 0 112 0 112 4 112 0 112 0 112 0 
1867 113 3 113 0 113 0 113 0 113 0 113 0 113 0 113 3 113 0 113 0 113 0 
1882 114 4 114 0 114 0 114 0 114 0 114 0 114 0 114 4 114 0 114 0 114 0 
1897 115 3 115 0 115 0 115 0 115 0 115 0 115 0 115 3 115 0 115 0 115 0 
1912 116 0 116 0 116 0 116 0 116 0 116 0 116 0 116 0 116 0 116 0 116 0 
2301 117 2 117 0 117 0 117 0 117 0 117 0 117 2 117 0 117 0 117 0 117 0 
2316 118 4 118 0 118 0 118 0 118 0 118 0 118 4 118 0 118 0 118 0 118 0 
2331 119 3 119 0 119 0 119 0 119 0 119 0 119 3 119 0 119 0 119 0 119 0 
2346 120 4 120 0 120 0 120 0 120 0 120 0 120 4 120 0 120 0 120 0 120 0 
2391 121 3 121 0 121 0 121 0 121 0 121 0 121 3 121 0 121 0 121 0 121 0 
2402 122 2 122 0 122 2 122 0 122 0 122 0 122 3 122 0 122 0 122 0 122 0 
2406 123 4 123 0 123 2 123 0 123 0 123 0 123 4 123 0 123 0 123 0 123 0 
2436 124 2 124 0 124 4 124 0 124 0 124 0 124 0 124 0 124 0 124 0 124 0 
2447 125 3 125 0 125 3 125 0 125 0 125 0 125 0 125 0 125 0 125 0 125 0 
2462 126 4 126 0 126 4 126 0 126 0 126 0 126 0 126 0 126 0 126 0 126 0 
2507 127 3 127 0 127 3 127 0 127 0 127 0 127 0 127 0 127 0 127 0 127 0 
2522 128 2 128 0 128 2 128 0 128 0 128 0 128 0 128 0 128 0 128 0 128 0 
2537 129 0 129 0 129 0 129 0 129 0 129 0 129 0 129 0 129 0 129 0 129 0 
3197 130 1 130 0 130 1 130 0 130 0 130 0 130 0 130 0 130 0 130 0 130 0 
3212 131 4 131 0 131 4 131 0 131 0 131 0 131 0 131 0 131 0 131 0 131 0 
3227 132 3 132 0 132 3 132 0 132 0 132 0 132 0 132 0 132 0 132 0 132 0 
3242 133 4 133 0 133 4 133 0 133 0 133 0 133 0 133 0 133 0 133 0 133 0 
3287 134 3 134 0 134 3 134 0 134 0 134 0 134 0 134 0 134 0 134 0 134 0 
3302 135 5 135 0 135 5 135 0 135 0 135 0 135 0 135 0 135 0 135 0 135 0 
3317 136 2 136 0 136 2 136 0 136 0 136 0 136 0 136 0 136 0 136 0 136 0 
3332 137 0 137 0 137 0 137 0 137 0 137 0 137 0 137 0 137 0 137 0 137 0 
3651 138 3 138 0 138 0 138 0 138 0 138 0 138 3 138 0 138 0 138 0 138 0 
3666 139 4 139 0 139 0 139 0 139 0 139 0 139 4 139 0 139 0 139 0 139 0 
3711 140 14 140 0 140 0 140 0 140 0 140 0 140 14 140 0 140 0 140 0 140 0 
3726 141 4 141 0 141 0 141 0 141 0 141 0 141 4 141 0 141 0 141 0 141 0 
3771 142 14 142 0 142 0 142 0 142 0 142 0 142 14 142 0 142 0 142 0 142 0 
3786 143 1 143 0 143 0 143 0 143 0 143 0 143 1 143 0 143 0 143 0 143 0 
3801 144 0 144 0 144 0 144 0 144 0 144 0 144 0 144 0 144 0 144 0 144 0 
5644 145 8 145 0 145 0 145 0 145 8 145 0 145 0 145 0 145 0 145 0 145 0 
5659 146 5 146 0 146 0 146 0 146 5 146 0 146 0 146 0 146 0 146 0 146 0 
5674 147 14 147 0 147 0 147 0 147 14 147 0 147 0 147 0 147 0 147 0 147 0 
5689 148 1 148 0 148 0 148 0 148 1 148 0 148 0 148 0 148 0 148 0 148 0 
5704 149 6 149 0 149 0 149 0 149 6 149 0 149 0 149 0 149 0 149 0 149 0 
5719 150 3 150 0 150 0 150 0 150 3 150 0 150 0 150 0 150 0 150 0 150 0 
5734 151 12 151 0 151 0 151 0 151 12 151 0 151 0 151 0 151 0 151 0 151 0 
5749 152 7 152 0 152 0 152 0 152 7 152 0 152 0 152 0 152 0 152 0 152 0 
5762 153 1 153 0 153 1 153 0 153 7 153 0 153 0 153 0 153 0 153 0 153 0 
5764 154 3 154 0 154 1 154 0 154 3 154 0 154 0 154 0 154 0 154 0 154 0 
5777 155 15 155 0 155 15 155 0 155 3 155 0 155 0 155 0 155 0 155 0 155 0 
5794 156 6 156 0 156 15 156 0 156 6 156 0 156 0 156 0 156 0 156 0 156 0 
5807 157 3 157 0 157 3 157 0 157 6 157 0 157 0 157 0 157 0 157 0 157 0 
5809 158 4 158 0 158 3 158 0 158 4 158 0 158 0 158 0 158 0 158 0 158 0 
5839 159 2.5 159 0 159 4 159 0 159 1 159 0 159 0 159 0 159 0 159 0 159 0 
5854 160 4 160 0 160 4 160 0 160 4 160 0 160 0 160 0 160 0 160 0 160 0 
5867 161 1 161 0 161 1 161 0 161 4 161 0 161 0 161 0 161 0 161 0 161 0 
5882 162 0 162 0 162 0 162 0 162 4 162 0 162 0 162 0 162 0 162 0 162 0 
5884 163 6 163 0 163 0 163 0 163 6 163 0 163 0 163 0 163 0 163 0 163 0 
5899 164 5 164 0 164 0 164 0 164 5 164 0 164 0 164 0 164 0 164 0 164 0 
5914 165 0 165 0 165 0 165 0 165 0 165 0 165 0 165 0 165 0 165 0 165 0 
5994 166 9 166 0 166 0 166 0 166 0 166 0 166 0 166 0 166 0 166 9 166 0 
6009 167 12 167 0 167 0 167 0 167 0 167 0 167 0 167 0 167 0 167 12 167 0 
6024 168 7 168 0 168 0 168 0 168 0 168 0 168 0 168 0 168 0 168 7 168 0 
6054 169 6 169 0 169 0 169 0 169 0 169 0 169 0 169 0 169 0 169 6 169 0 
6069 170 14 170 0 170 0 170 0 170 0 170 0 170 0 170 0 170 0 170 14 170 0 
6084 171 2 171 0 171 0 171 0 171 0 171 0 171 0 171 0 171 0 171 2 171 0 
6099 172 3 172 0 172 0 172 0 172 0 172 0 172 0 172 0 172 0 172 3 172 0 
6114 173 4 173 0 173 0 173 0 173 0 173 0 173 0 173 0 173 0 173 4 173 0 
6129 174 7 174 0 174 0 174 0 174 0 174 0 174 0 174 0 174 0 174 7 174 0 
6144 175 6 175 0 175 0 175 0 175 0 175 0 175 0 175 0 175 0 175 6 175 0 
6159 176 0 176 0 176 0 176 0 176 0 176 0 176 0 176 0 176 0 176 0 176 0 
6174 177 4 177 0 177 0 177 0 177 0 177 0 177 0 177 0 177 0 177 4 177 0 
6204 178 6 178 0 178 0 178 0 178 0 178 0 178 0 178 0 178 0 178 6 178 0 
6219 179 3 179 0 179 0 179 0 179 0 179 0 179 0 179 0 179 0 179 3 179 0 
6234 180 4 180 0 180 0 180 0 180 0 180 0 180 0 180 0 180 0 180 4 180 0 
6249 181 -6 181 0 181 0 181 0 181 0 181 0 181 0 181 0 181 0 181 -6 181 0 
6264 182 -20 182 0 182 0 182 0 182 0 182 0 182 0 182 0 182 0 182 -20 182 0 
6279 183 -8 183 0 183 0 183 0 183 0 183 0 183 0 183 0 183 0 183 -8 183 0 
6294 184 -20 184 0 184 0 184 0 184 0 184 0 184 0 184 0 184 0 184 -20 184 0 
6309 185 -7 185 0 185 0 185 0 185 0 185 0 185 0 185 0 185 0 185 -7 185 0 
6324 186 -4 186 0 186 0 186 0 186 0 186 0 186 0 186 0 186 0 186 -4 186 0 
6339 187 -6 187 0 187 0 187 0 187 0 187 0 187 0 187 0 187 0 187 -6 187 0 
6354 188 -4 188 0 188 0 188 0 188 0 188 0 188 0 188 0 188 0 188 -4 188 0 
6369 189 -6 189 0 189 0 189 0 189 0 189 0 189 0 189 0 189 0 189 -6 189 0 
6384 190 -4 190 0 190 0 190 0 190 0 190 0 190 0 190 0 190 0 190 -4 190 0 
6399 191 -6 191 0 191 0 191 0 191 0 191 0 191 0 191 0 191 0 191 -6 191 0 
6414 192 -4 192 0 192 0 192 0 192 0 192 0 192 0 192 0 192 0 192 -4 192 0 
6429 193 -1 193 0 193 0 193 0 193 0 193 0 193 0 193 0 193 0 193 -1 193 0 
6444 194 0 194 0 194 0 194 0 194 0 194 0 194 0 194 0 194 0 194 0 194 0 
6694 195 3 195 0 195 0 195 0 195 3 195 0 195 0 195 0 195 0 195 0 195 0 
6709 196 4 196 0 196 0 196 0 196 4 196 0 196 0 196 0 196 0 196 0 196 0 
6739 197 18 197 0 197 0 197 0 197 18 197 0 197 0 197 0 197 0 197 0 197 0 
6754 198 4 198 0 198 0 198 0 198 4 198 0 198 0 198 0 198 0 198 0 198 0 
6769 199 0 199 0 199 0 199 0 199 0 199 0 199 0 199 0 199 0 199 0 199 0 
6834 200 2 200 0 200 0 200 0 200 0 200 0 200 0 200 0 200 0 200 2 200 0 
6849 201 10 201 0 201 0 201 0 201 0 201 0 201 0 201 0 201 0 201 10 201 0 
6864 202 7 202 0 202 0 202 0 202 0 202 0 202 0 202 0 202 0 202 7 202 0 
6894 203 0 203 0 203 0 203 0 203 0 203 0 203 0 203 0 203 0 203 0 203 0 
6949 204 4 204 0 204 0 204 0 204 4 204 0 204 0 204 0 204 0 204 0 204 0 
7039 205 2 205 0 205 0 205 0 205 2 205 0 205 0 205 0 205 0 205 0 205 0 
7054 206 0 206 0 206 0 206 0 206 0 206 0 206 0 206 0 206 0 206 0 206 0 
7324 207 4 207 0 207 0 207 0 207 4 207 0 207 0 207 0 207 0 207 0 207 0 
7339 208 3 208 0 208 0 208 0 208 3 208 0 208 0 208 0 208 0 208 0 208 0 
7354 209 4 209 0 209 0 209 0 209 4 209 0 209 0 209 0 209 0 209 0 209 0 
7399 210 3 210 0 210 0 210 0 210 3 210 0 210 0 210 0 210 0 210 0 210 0 
7404 211 1 211 0 211 0 211 0 211 3 211 0 211 0 211 0 211 0 211 1 211 0 
7414 212 0 212 0 212 0 212 0 212 0 212 0 212 0 212 0 212 0 212 1 212 0 
7419 213 3 213 0 213 0 213 0 213 0 213 0 213 0 213 0 213 0 213 3 213 0 
7434 214 4 214 0 214 0 214 0 214 0 214 0 214 0 214 0 214 0 214 4 214 0 
7479 215 26 215 0 215 0 215 0 215 0 215 0 215 0 215 0 215 0 215 26 215 0 
7494 216 4 216 0 216 0 216 0 216 0 216 0 216 0 216 0 216 0 216 4 216 0 
7509 217 0 217 0 217 0 217 0 217 0 217 0 217 0 217 0 217 0 217 0 217 0 
9511 218 8 218 8 218 0 218 0 218 0 218 0 218 0 218 0 218 0 218 0 218 0 
9541 219 12 219 12 219 0 219 0 219 0 219 0 219 0 219 0 219 0 219 0 219 0 
9556 220 0 220 0 220 0 220 0 220 0 220 0 220 0 220 0 220 0 220 0 220 0 
9571 221 6 221 6 221 0 221 0 221 0 221 0 221 0 221 0 221 0 221 0 221 0 
9586 222 4 222 4 222 0 222 0 222 0 222 0 222 0 222 0 222 0 222 0 222 0 
9601 223 16 223 16 223 0 223 0 223 0 223 0 223 0 223 0 223 0 223 0 223 0 
9616 224 2 224 2 224 0 224 0 224 0 224 0 224 0 224 0 224 0 224 0 224 0 
9631 225 3 225 3 225 0 225 0 225 0 225 0 225 0 225 0 225 0 225 0 225 0 
9646 226 4 226 4 226 0 226 0 226 0 226 0 226 0 226 0 226 0 226 0 226 0 
9661 227 6 227 6 227 0 227 0 227 0 227 0 227 0 227 0 227 0 227 0 227 0 
9676 228 5 228 5 228 0 228 0 228 0 228 0 228 0 228 0 228 0 228 0 228 0 
9691 229 3 229 3 229 0 229 0 229 0 229 0 229 0 229 0 229 0 229 0 229 0 
9706 230 2 230 2 230 0 230 0 230 0 230 0 230 0 230 0 230 0 230 0 230 0 
9721 231 4 231 4 231 0 231 0 231 0 231 0 231 0 231 0 231 0 231 0 231 0 
9736 232 6 232 6 232 0 232 0 232 0 232 0 232 0 232 0 232 0 232 0 232 0 
9751 233 3 233 3 233 0 233 0 233 0 233 0 233 0 233 0 233 0 233 0 233 0 
9766 234 5 234 5 234 0 234 0 234 0 234 0 234 0 234 0 234 0 234 0 234 0 
9781 235 0 235 0 235 0 235 0 235 0 235 0 235 0 235 0 235 0 235 0 235 0 
10105 236 6 236 0 236 0 236 0 236 0 236 0 236 0 236 0 236 0 236 0 236 6 
10120 237 4 237 0 237 0 237 0 237 0 237 0 237 0 237 0 237 0 237 0 237 4 
10135 238 11 238 0 238 0 238 0 238 0 238 0 238 0 238 0 238 0 238 0 238 11 
10150 239 7 239 0 239 0 239 0 239 0 239 0 239 0 239 0 239 0 239 0 239 7 
10165 240 8 240 0 240 0 240 0 240 0 240 0 240 0 240 0 240 0 240 0 240 8 
10195 241 11 241 0 241 0 241 0 241 0 241 0 241 0 241 0 241 0 241 0 241 11 
10210 242 2 242 0 242 0 242 0 242 0 242 0 242 0 242 0 242 0 242 0 242 2 
10225 243 4 243 0 243 0 243 0 243 0 243 0 243 0 243 0 243 0 243 0 243 4 
10255 244 5 244 0 244 0 244 0 244 0 244 0 244 0 244 0 244 0 244 0 244 5 
10270 245 7 245 0 245 0 245 0 245 0 245 0 245 0 245 0 245 0 245 0 245 7 
10285 246 0 246 0 246 0 246 0 246 0 246 0 246 0 246 0 246 0 246 0 246 0 
10300 247 4 247 0 247 0 247 0 247 0 247 0 247 0 247 0 247 0 247 0 247 4 
10315 248 3 248 0 248 0 248 0 248 0 248 0 248 0 248 0 248 0 248 0 248 3 
10330 249 6 249 0 249 0 249 0 249 0 249 0 249 0 249 0 249 0 249 0 249 6 
10345 250 4 250 0 250 0 250 0 250 0 250 0 250 0 250 0 250 0 250 0 250 4 
10360 251 3 251 0 251 0 251 0 251 0 251 0 251 0 251 0 251 0 251 0 251 3 
10375 252 0 252 0 252 0 252 0 252 0 252 0 252 0 252 0 252 0 252 0 252 0 
12289 253 12 253 0 253 0 253 0 253 12 253 0 253 0 253 0 253 0 253 0 253 0 
12304 254 6 254 0 254 0 254 0 254 6 254 0 254 0 254 0 254 0 254 0 254 0 
12319 255 9 255 0 255 0 255 0 255 9 255 0 255 0 255 0 255 0 255 0 255 0 
12334 256 1 256 0 256 0 256 0 256 1 256 0 256 0 256 0 256 0 256 0 256 0 
12349 257 0 257 0 257 0 257 0 257 0 257 0 257 0 257 0 257 0 257 0 257 0 
13381 258 1 258 1 258 0 258 0 258 0 258 0 258 0 258 0 258 0 258 0 258 0 
13396 259 19 259 19 259 0 259 0 259 0 259 0 259 0 259 0 259 0 259 0 259 0 
13411 260 3 260 3 260 0 260 0 260 0 260 0 260 0 260 0 260 0 260 0 260 0 
13426 261 4 261 4 261 0 261 0 261 0 261 0 261 0 261 0 261 0 261 0 261 0 
13456 262 15 262 15 262 0 262 0 262 0 262 0 262 0 262 0 262 0 262 0 262 0 
13471 263 3 263 3 263 0 263 0 263 0 263 0 263 0 263 0 263 0 263 0 263 0 
13486 264 4 264 4 264 0 264 0 264 0 264 0 264 0 264 0 264 0 264 0 264 0 
13516 265 0 265 0 265 0 265 0 265 0 265 0 265 0 265 0 265 0 265 0 265 0 
14236 266 1 266 1 266 0 266 0 266 0 266 0 266 0 266 0 266 0 266 0 266 0 
14251 267 3 267 3 267 0 267 0 267 0 267 0 267 0 267 0 267 0 267 0 267 0 
14266 268 4 268 4 268 0 268 0 268 0 268 0 268 0 268 0 268 0 268 0 268 0 
14311 269 3 269 3 269 0 269 0 269 0 269 0 269 0 269 0 269 0 269 0 269 0 
14326 270 4 270 4 270 0 270 0 270 0 270 0 270 0 270 0 270 0 270 0 270 0 
14371 271 3 271 3 271 0 271 0 271 0 271 0 271 0 271 0 271 0 271 0 271 0 
14386 272 4 272 4 272 0 272 0 272 0 272 0 272 0 272 0 272 0 272 0 272 0 
14401 273 19 273 19 273 0 273 0 273 0 273 0 273 0 273 0 273 0 273 0 273 0 
14416 274 4 274 4 274 0 274 0 274 0 274 0 274 0 274 0 274 0 274 0 274 0 
14431 275 0 275 0 275 0 275 0 275 0 275 0 275 0 275 0 275 0 275 0 275 0 
15439 276 1 276 0 276 0 276 0 276 1 276 0 276 0 276 0 276 0 276 0 276 0 
15454 277 4 277 0 277 0 277 0 277 4 277 0 277 0 277 0 277 0 277 0 277 0 
15469 278 23 278 0 278 0 278 0 278 23 278 0 278 0 278 0 278 0 278 0 278 0 
15484 279 4 279 0 279 0 279 0 279 4 279 0 279 0 279 0 279 0 279 0 279 0 
15499 280 3 280 0 280 0 280 0 280 3 280 0 280 0 280 0 280 0 280 0 280 0 
15514 281 4 281 0 281 0 281 0 281 4 281 0 281 0 281 0 281 0 281 0 281 0 
15559 282 3 282 0 282 0 282 0 282 3 282 0 282 0 282 0 282 0 282 0 282 0 
15574 283 4 283 0 283 0 283 0 283 4 283 0 283 0 283 0 283 0 283 0 283 0 
15604 284 3 284 0 284 0 284 0 284 3 284 0 284 0 284 0 284 0 284 0 284 0 
15619 285 0 285 0 285 0 285 0 285 0 285 0 285 0 285 0 285 0 285 0 285 0 
16510 286 3 286 0 286 0 286 0 286 0 286 0 286 0 286 0 286 0 286 0 286 3 
16525 287 4 287 0 287 0 287 0 287 0 287 0 287 0 287 0 287 0 287 0 287 4 
16540 288 15 288 0 288 0 288 0 288 0 288 0 288 0 288 0 288 0 288 0 288 15 
16555 289 3 289 0 289 0 289 0 289 0 289 0 289 0 289 0 289 0 289 0 289 3 
16570 290 6 290 0 290 0 290 0 290 0 290 0 290 0 290 0 290 0 290 0 290 6 
16585 291 4 291 0 291 0 291 0 291 0 291 0 291 0 291 0 291 0 291 0 291 4 
16615 292 3 292 0 292 0 292 0 292 0 292 0 292 0 292 0 292 0 292 0 292 3 
16630 293 19 293 0 293 0 293 0 293 0 293 0 293 0 293 0 293 0 293 0 293 19 
16645 294 2 294 0 294 0 294 0 294 0 294 0 294 0 294 0 294 0 294 0 294 2 
16660 295 0 295 0 295 0 295 0 295 0 295 0 295 0 295 0 295 0 295 0 295 0 
16876 296 4 296 4 296 0 296 0 296 0 296 0 296 0 296 0 296 0 296 0 296 0 
16891 297 14 297 14 297 0 297 0 297 0 297 0 297 0 297 0 297 0 297 0 297 0 
16906 298 4 298 4 298 0 298 0 298 0 298 0 298 0 298 0 298 0 298 0 298 0 
16936 299 15 299 15 299 0 299 0 299 0 299 0 299 0 299 0 299 0 299 0 299 0 
16951 300 3 300 3 300 0 300 0 300 0 300 0 300 0 300 0 300 0 300 0 300 0 
16966 301 4 301 4 301 0 301 0 301 0 301 0 301 0 301 0 301 0 301 0 301 0 
16981 302 2 302 2 302 0 302 0 302 0 302 0 302 0 302 0 302 0 302 0 302 0 
16996 303 0 303 0 303 0 303 0 303 0 303 0 303 0 303 0 303 0 303 0 303 0 
17200 304 1 304 0 304 0 304 0 304 0 304 0 304 0 304 0 304 0 304 0 304 1 
17215 305 14 305 0 305 0 305 0 305 0 305 0 305 0 305 0 305 0 305 0 305 14 
17230 306 4 306 0 306 0 306 0 306 0 306 0 306 0 306 0 306 0 306 0 306 4 
17245 307 0 307 0 307 0 307 0 307 0 307 0 307 0 307 0 307 0 307 0 307 0 
17260 308 -1 308 0 308 0 308 0 308 0 308 0 308 0 308 0 308 0 308 0 308 -1 
17275 309 0 309 0 309 0 309 0 309 0 309 0 309 0 309 0 309 0 309 0 309 0 
17425 310 3 310 0 310 0 310 0 310 0 310 0 310 0 310 0 310 0 310 0 310 3 
17440 311 15 311 0 311 0 311 0 311 0 311 0 311 0 311 0 311 0 311 0 311 15 
17455 312 0 312 0 312 0 312 0 312 0 312 0 312 0 312 0 312 0 312 0 312 0 
17560 313 1 313 0 313 0 313 0 313 0 313 0 313 0 313 0 313 0 313 0 313 1 
17575 314 3 314 0 314 0 314 0 314 0 314 0 314 0 314 0 314 0 314 0 314 3 
17590 315 4 315 0 315 0 315 0 315 0 315 0 315 0 315 0 315 0 315 0 315 4 
17635 316 3 316 0 316 0 316 0 316 0 316 0 316 0 316 0 316 0 316 0 316 3 
17650 317 1 317 0 317 0 317 0 317 0 317 0 317 0 317 0 317 0 317 0 317 1 
17665 318 0 318 0 318 0 318 0 318 0 318 0 318 0 318 0 318 0 318 0 318 0 
17752 319 6 319 0 319 0 319 0 319 0 319 0 319 0 319 6 319 0 319 0 319 0 
17767 320 3 320 0 320 0 320 0 320 0 320 0 320 0 320 3 320 0 320 0 320 0 
17782 321 12 321 0 321 0 321 0 321 0 321 0 321 0 321 12 321 0 321 0 321 0 
17797 322 7 322 0 322 0 322 0 322 0 322 0 322 0 322 7 322 0 322 0 322 0 
17812 323 9 323 0 323 0 323 0 323 0 323 0 323 0 323 9 323 0 323 0 323 0 
17827 324 5 324 0 324 0 324 0 324 0 324 0 324 0 324 5 324 0 324 0 324 0 
17842 325 14 325 0 325 0 325 0 325 0 325 0 325 0 325 14 325 0 325 0 325 0 
17857 326 2 326 0 326 0 326 0 326 0 326 0 326 0 326 2 326 0 326 0 326 0 
17872 327 4 327 0 327 0 327 0 327 0 327 0 327 0 327 4 327 0 327 0 327 0 
17887 328 3 328 0 328 0 328 0 328 0 328 0 328 0 328 3 328 0 328 0 328 0 
17888 329 7 329 0 329 0 329 0 329 0 329 0 329 0 329 3 329 7 329 0 329 0 
17902 330 6 330 0 330 0 330 0 330 0 330 0 330 0 330 6 330 7 330 0 330 0 
17903 331 3 331 0 331 0 331 0 331 0 331 0 331 0 331 6 331 3 331 0 331 0 
17918 332 16 332 0 332 0 332 0 332 0 332 0 332 0 332 6 332 16 332 0 332 0 
17932 333 0 333 0 333 0 333 0 333 0 333 0 333 0 333 0 333 16 333 0 333 0 
17933 334 2 334 0 334 0 334 0 334 0 334 0 334 0 334 0 334 2 334 0 334 0 
17947 335 3 335 0 335 0 335 0 335 0 335 0 335 0 335 3 335 2 335 0 335 0 
17948 336 9 336 0 336 0 336 0 336 0 336 0 336 0 336 3 336 9 336 0 336 0 
17962 337 4 337 0 337 0 337 0 337 0 337 0 337 0 337 4 337 9 337 0 337 0 
17963 338 7 338 0 338 0 338 0 338 0 338 0 338 0 338 4 338 7 338 0 338 0 
17977 339 6 339 0 339 0 339 0 339 0 339 0 339 0 339 6 339 7 339 0 339 0 
17978 340 12 340 0 340 0 340 0 340 0 340 0 340 0 340 6 340 12 340 0 340 0 
17992 341 4 341 0 341 0 341 0 341 0 341 0 341 0 341 4 341 12 341 0 341 0 
17993 342 2 342 0 342 0 342 0 342 0 342 0 342 0 342 4 342 2 342 0 342 0 
18007 343 3 343 0 343 0 343 0 343 0 343 0 343 0 343 3 343 2 343 0 343 0 
18008 344 4 344 0 344 0 344 0 344 0 344 0 344 0 344 3 344 4 344 0 344 0 
18022 345 0 345 0 345 0 345 0 345 0 345 0 345 0 345 0 345 4 345 0 345 0 
18023 346 3 346 0 346 0 346 0 346 0 346 0 346 0 346 0 346 3 346 0 346 0 
18038 347 7 347 0 347 0 347 0 347 0 347 0 347 0 347 0 347 7 347 0 347 0 
18053 348 5 348 0 348 0 348 0 348 0 348 0 348 0 348 0 348 5 348 0 348 0 
18068 349 1 349 0 349 0 349 0 349 0 349 0 349 0 349 0 349 1 349 0 349 0 
18083 350 3 350 0 350 0 350 0 350 0 350 0 350 0 350 0 350 3 350 0 350 0 
18098 351 4 351 0 351 0 351 0 351 0 351 0 351 0 351 0 351 4 351 0 351 0 
18113 352 6 352 0 352 0 352 0 352 0 352 0 352 0 352 0 352 6 352 0 352 0 
18143 353 0 353 0 353 0 353 0 353 0 353 0 353 0 353 0 353 0 353 0 353 0 
18188 354 1 354 0 354 0 354 0 354 0 354 0 354 0 354 0 354 1 354 0 354 0 
18203 355 3 355 0 355 0 355 0 355 0 355 0 355 0 355 0 355 3 355 0 355 0 
18218 356 4 356 0 356 0 356 0 356 0 356 0 356 0 356 0 356 4 356 0 356 0 
18263 357 3 357 0 357 0 357 0 357 0 357 0 357 0 357 0 357 3 357 0 357 0 
18278 358 4 358 0 358 0 358 0 358 0 358 0 358 0 358 0 358 4 358 0 358 0 
18293 359 0 359 0 359 0 359 0 359 0 359 0 359 0 359 0 359 0 359 0 359 0 
18442 360 4 360 0 360 0 360 0 360 0 360 0 360 0 360 4 360 0 360 0 360 0 
18473 361 3 361 0 361 0 361 0 361 0 361 0 361 0 361 4 361 3 361 0 361 0 
18488 362 3.5 362 0 362 0 362 0 362 0 362 0 362 0 362 3 362 4 362 0 362 0 
18502 363 4 363 0 363 0 363 0 363 0 363 0 363 0 363 4 363 4 363 0 363 0 
18503 364 3 364 0 364 0 364 0 364 0 364 0 364 0 364 4 364 3 364 0 364 0 
18518 365 4 365 0 365 0 365 0 365 0 365 0 365 0 365 4 365 4 365 0 365 0 
18547 366 3 366 0 366 0 366 0 366 0 366 0 366 0 366 3 366 4 366 0 366 0 
18548 367 0 367 0 367 0 367 0 367 0 367 0 367 0 367 3 367 0 367 0 367 0 
18562 368 4 368 0 368 0 368 0 368 0 368 0 368 0 368 4 368 0 368 0 368 0 
18577 369 0 369 0 369 0 369 0 369 0 369 0 369 0 369 0 369 0 369 0 369 0 
18772 370 1 370 0 370 0 370 0 370 0 370 0 370 0 370 1 370 0 370 0 370 0 
18787 371 3 371 0 371 0 371 0 371 0 371 0 371 0 371 3 371 0 371 0 371 0 
18802 372 4 372 0 372 0 372 0 372 0 372 0 372 0 372 4 372 0 372 0 372 0 
18847 373 3 373 0 373 0 373 0 373 0 373 0 373 0 373 3 373 0 373 0 373 0 
18862 374 4 374 0 374 0 374 0 374 0 374 0 374 0 374 4 374 0 374 0 374 0 
18907 375 3 375 0 375 0 375 0 375 0 375 0 375 0 375 3 375 0 375 0 375 0 
18922 376 0 376 0 376 0 376 0 376 0 376 0 376 0 376 0 376 0 376 0 376 0 
19522 377 1 377 0 377 0 377 0 377 0 377 0 377 0 377 1 377 0 377 0 377 0 
19537 378 4 378 0 378 0 378 0 378 0 378 0 378 0 378 4 378 0 378 0 378 0 
19552 379 15 379 0 379 0 379 0 379 0 379 0 379 0 379 15 379 0 379 0 379 0 
19567 380 3 380 0 380 0 380 0 380 0 380 0 380 0 380 3 380 0 380 0 380 0 
19582 381 4 381 0 381 0 381 0 381 0 381 0 381 0 381 4 381 0 381 0 381 0 
19610 382 9 382 0 382 0 382 0 382 0 382 9 382 0 382 4 382 0 382 0 382 0 
19625 383 13 383 0 383 0 383 0 383 0 383 13 383 0 383 4 383 0 383 0 383 0 
19627 384 3 384 0 384 0 384 0 384 0 384 13 384 0 384 3 384 0 384 0 384 0 
19640 385 7 385 0 385 0 385 0 385 0 385 7 385 0 385 3 385 0 385 0 385 0 
19642 386 1 386 0 386 0 386 0 386 0 386 7 386 0 386 1 386 0 386 0 386 0 
19655 387 0 387 0 387 0 387 0 387 0 387 0 387 0 387 1 387 0 387 0 387 0 
19670 388 3.5 388 0 388 0 388 0 388 0 388 7 388 0 388 0 388 0 388 0 388 0 
19685 389 6 389 0 389 0 389 0 389 0 389 6 389 0 389 0 389 0 389 0 389 0 
19700 390 14 390 0 390 0 390 0 390 0 390 14 390 0 390 0 390 0 390 0 390 0 
19715 391 1 391 0 391 0 391 0 391 0 391 1 391 0 391 0 391 0 391 0 391 0 
19730 392 4 392 0 392 0 392 0 392 0 392 4 392 0 392 0 392 0 392 0 392 0 
19760 393 6 393 0 393 0 393 0 393 0 393 6 393 0 393 0 393 0 393 0 393 0 
19775 394 3 394 0 394 0 394 0 394 0 394 3 394 0 394 0 394 0 394 0 394 0 
19820 395 4 395 0 395 0 395 0 395 0 395 4 395 0 395 0 395 0 395 0 395 0 
19835 396 5 396 0 396 0 396 0 396 0 396 5 396 0 396 0 396 0 396 0 396 0 
19850 397 4 397 0 397 0 397 0 397 0 397 4 397 0 397 0 397 0 397 0 397 0 
19880 398 0 398 0 398 0 398 0 398 0 398 0 398 0 398 0 398 0 398 0 398 0 
20738 399 2 399 0 399 0 399 0 399 0 399 0 399 0 399 0 399 2 399 0 399 0 
20753 400 15 400 0 400 0 400 0 400 0 400 0 400 0 400 0 400 15 400 0 400 0 
20768 401 4 401 0 401 0 401 0 401 0 401 0 401 0 401 0 401 4 401 0 401 0 
20783 402 38 402 0 402 0 402 0 402 0 402 0 402 0 402 0 402 38 402 0 402 0 
20798 403 3 403 0 403 0 403 0 403 0 403 0 403 0 403 0 403 3 403 0 403 0 
20813 404 0 404 0 404 0 404 0 404 0 404 0 404 0 404 0 404 0 404 0 404 0 
22173 405 8 405 0 405 0 405 8 405 0 405 0 405 0 405 0 405 0 405 0 405 0 
22203 406 11 406 0 406 0 406 11 406 0 406 0 406 0 406 0 406 0 406 0 406 0 
22218 407 7 407 0 407 0 407 7 407 0 407 0 407 0 407 0 407 0 407 0 407 0 
22233 408 4 408 0 408 0 408 4 408 0 408 0 408 0 408 0 408 0 408 0 408 0 
22248 409 16 409 0 409 0 409 16 409 0 409 0 409 0 409 0 409 0 409 0 409 0 
22263 410 2 410 0 410 0 410 2 410 0 410 0 410 0 410 0 410 0 410 0 410 0 
22278 411 3 411 0 411 0 411 3 411 0 411 0 411 0 411 0 411 0 411 0 411 0 
22291 412 4 412 4 412 0 412 3 412 0 412 0 412 0 412 0 412 0 412 0 412 0 
22306 413 7 413 10 413 0 413 4 413 0 413 0 413 0 413 0 413 0 413 0 413 0 
22323 414 5 414 7 414 0 414 3 414 0 414 0 414 0 414 0 414 0 414 0 414 0 
22338 415 4 415 7 415 0 415 4 415 0 415 0 415 0 415 0 415 0 415 0 415 0 
22351 416 0 416 0 416 0 416 4 416 0 416 0 416 0 416 0 416 0 416 0 416 0 
22353 417 2 417 0 417 0 417 2 417 0 417 0 417 0 417 0 417 0 417 0 417 0 
22368 418 4 418 0 418 0 418 4 418 0 418 0 418 0 418 0 418 0 418 0 418 0 
22383 419 3 419 0 419 0 419 3 419 0 419 0 419 0 419 0 419 0 419 0 419 0 
22398 420 6 420 0 420 0 420 6 420 0 420 0 420 0 420 0 420 0 420 0 420 0 
22413 421 5 421 0 421 0 421 5 421 0 421 0 421 0 421 0 421 0 421 0 421 0 
22428 422 0 422 0 422 0 422 0 422 0 422 0 422 0 422 0 422 0 422 0 422 0 
22503 423 1 423 0 423 0 423 1 423 0 423 0 423 0 423 0 423 0 423 0 423 0 
22518 424 4 424 0 424 0 424 4 424 0 424 0 424 0 424 0 424 0 424 0 424 0 
22525 425 9 425 0 425 0 425 4 425 0 425 0 425 0 425 0 425 0 425 0 425 9 
22540 426 12 426 0 426 0 426 4 426 0 426 0 426 0 426 0 426 0 426 0 426 12 
22555 427 7 427 0 427 0 427 4 427 0 427 0 427 0 427 0 427 0 427 0 427 7 
22563 428 3 428 0 428 0 428 3 428 0 428 0 428 0 428 0 428 0 428 0 428 7 
22578 429 4 429 0 429 0 429 4 429 0 429 0 429 0 429 0 429 0 429 0 429 7 
22585 430 6 430 0 430 0 430 4 430 0 430 0 430 0 430 0 430 0 430 0 430 6 
22600 431 15 431 0 431 0 431 4 431 0 431 0 431 0 431 0 431 0 431 0 431 15 
22615 432 1 432 0 432 0 432 4 432 0 432 0 432 0 432 0 432 0 432 0 432 1 
22623 433 0 433 0 433 0 433 0 433 0 433 0 433 0 433 0 433 0 433 0 433 1 
22630 434 4 434 0 434 0 434 0 434 0 434 0 434 0 434 0 434 0 434 0 434 4 
22660 435 6 435 0 435 0 435 0 435 0 435 0 435 0 435 0 435 0 435 0 435 6 
22675 436 3 436 0 436 0 436 0 436 0 436 0 436 0 436 0 436 0 436 0 436 3 
22720 437 4 437 0 437 0 437 0 437 0 437 0 437 0 437 0 437 0 437 0 437 4 
22735 438 5 438 0 438 0 438 0 438 0 438 0 438 0 438 0 438 0 438 0 438 5 
22750 439 4 439 0 439 0 439 0 439 0 439 0 439 0 439 0 439 0 439 0 439 4 
22780 440 0 440 0 440 0 440 0 440 0 440 0 440 0 440 0 440 0 440 0 440 0 
22840 441 1 441 0 441 0 441 0 441 0 441 0 441 0 441 0 441 0 441 0 441 1 
22855 442 0 442 0 442 0 442 0 442 0 442 0 442 0 442 0 442 0 442 0 442 0 
23245 443 3 443 0 443 0 443 0 443 0 443 0 443 0 443 0 443 0 443 0 443 3 
23260 444 4 444 0 444 0 444 0 444 0 444 0 444 0 444 0 444 0 444 0 444 4 
23275 445 3 445 0 445 0 445 0 445 0 445 0 445 0 445 0 445 0 445 0 445 3 
23290 446 27 446 0 446 0 446 0 446 0 446 0 446 0 446 0 446 0 446 0 446 27 
23305 447 -2 447 0 447 0 447 0 447 0 447 0 447 0 447 0 447 0 447 0 447 -2 
23320 448 0 448 0 448 0 448 0 448 0 448 0 448 0 448 0 448 0 448 0 448 0 
23716 449 1 449 1 449 0 449 0 449 0 449 0 449 0 449 0 449 0 449 0 449 0 
23731 450 3 450 3 450 0 450 0 450 0 450 0 450 0 450 0 450 0 450 0 450 0 
23746 451 4 451 4 451 0 451 0 451 0 451 0 451 0 451 0 451 0 451 0 451 0 
23776 452 5 452 5 452 0 452 0 452 0 452 0 452 0 452 0 452 0 452 0 452 0 
23791 453 4 453 4 453 0 453 0 453 0 453 0 453 0 453 0 453 0 453 0 453 0 
23851 454 3 454 3 454 0 454 0 454 0 454 0 454 0 454 0 454 0 454 0 454 0 
23866 455 4 455 4 455 0 455 0 455 0 455 0 455 0 455 0 455 0 455 0 455 0 
23898 456 15 456 4 456 0 456 15 456 0 456 0 456 0 456 0 456 0 456 0 456 0 
23911 457 3 457 3 457 0 457 15 457 0 457 0 457 0 457 0 457 0 457 0 457 0 
23913 458 4 458 3 458 0 458 4 458 0 458 0 458 0 458 0 458 0 458 0 458 0 
23941 459 0 459 0 459 0 459 4 459 0 459 0 459 0 459 0 459 0 459 0 459 0 
23943 460 3 460 0 460 0 460 3 460 0 460 0 460 0 460 0 460 0 460 0 460 0 
23973 461 0 461 0 461 0 461 0 461 0 461 0 461 0 461 0 461 0 461 0 461 0 
24288 462 1 462 0 462 0 462 1 462 0 462 0 462 0 462 0 462 0 462 0 462 0 
24303 463 3 463 0 463 0 463 3 463 0 463 0 463 0 463 0 463 0 463 0 463 0 
24318 464 15 464 0 464 0 464 15 464 0 464 0 464 0 464 0 464 0 464 0 464 0 
24333 465 4 465 0 465 0 465 4 465 0 465 0 465 0 465 0 465 0 465 0 465 0 
24363 466 3 466 0 466 0 466 3 466 0 466 0 466 0 466 0 466 0 466 0 466 0 
24378 467 0 467 0 467 0 467 0 467 0 467 0 467 0 467 0 467 0 467 0 467 0 
24517 468 6 468 0 468 0 468 0 468 0 468 0 468 0 468 6 468 0 468 0 468 0 
24532 469 9 469 0 469 0 469 0 469 0 469 0 469 0 469 9 469 0 469 0 469 0 
24562 470 2 470 0 470 0 470 0 470 0 470 0 470 0 470 2 470 0 470 0 470 0 
24577 471 0 471 0 471 0 471 0 471 0 471 0 471 0 471 0 471 0 471 0 471 0 
24845 472 2 472 0 472 0 472 0 472 0 472 2 472 0 472 0 472 0 472 0 472 0 
24860 473 4 473 0 473 0 473 0 473 0 473 4 473 0 473 0 473 0 473 0 473 0 
24875 474 3 474 0 474 0 474 0 474 0 474 3 474 0 474 0 474 0 474 0 474 0 
24890 475 19 475 0 475 0 475 0 475 0 475 19 475 0 475 0 475 0 475 0 475 0 
24935 476 14 476 0 476 0 476 0 476 0 476 14 476 0 476 0 476 0 476 0 476 0 
24950 477 3 477 0 477 0 477 0 477 0 477 3 477 0 477 0 477 0 477 0 477 0 
24965 478 0 478 0 478 0 478 0 478 0 478 0 478 0 478 0 478 0 478 0 478 0 
25239 479 6 479 0 479 0 479 0 479 0 479 0 479 0 479 0 479 0 479 6 479 0 
25254 480 4 480 0 480 0 480 0 480 0 480 0 480 0 480 0 480 0 480 4 480 0 
25269 481 16 481 0 481 0 481 0 481 0 481 0 481 0 481 0 481 0 481 16 481 0 
25284 482 2 482 0 482 0 482 0 482 0 482 0 482 0 482 0 482 0 482 2 482 0 
25299 483 8 483 0 483 0 483 0 483 0 483 0 483 0 483 0 483 0 483 8 483 0 
25329 484 12 484 0 484 0 484 0 484 0 484 0 484 0 484 0 484 0 484 12 484 0 
25344 485 2 485 0 485 0 485 0 485 0 485 0 485 0 485 0 485 0 485 2 485 0 
25357 486 1 486 0 486 0 486 0 486 0 486 0 486 0 486 1 486 0 486 2 486 0 
25359 487 3 487 0 487 0 487 0 487 0 487 0 487 0 487 1 487 0 487 3 487 0 
25372 488 4 488 0 488 0 488 0 488 0 488 0 488 0 488 4 488 0 488 3 488 0 
25387 489 3.5 489 0 489 0 489 0 489 0 489 0 489 0 489 3 489 0 489 4 489 0 
25389 490 6 490 0 490 0 490 0 490 0 490 0 490 0 490 3 490 0 490 6 490 0 
25402 491 23 491 0 491 0 491 0 491 0 491 0 491 0 491 23 491 0 491 6 491 0 
25404 492 5 492 0 492 0 492 0 492 0 492 0 492 0 492 23 492 0 492 5 492 0 
25417 493 4 493 0 493 0 493 0 493 0 493 0 493 0 493 4 493 0 493 5 493 0 
25419 494 0 494 0 494 0 494 0 494 0 494 0 494 0 494 4 494 0 494 0 494 0 
25432 495 2 495 0 495 0 495 0 495 0 495 0 495 0 495 2 495 0 495 0 495 0 
25434 496 4 496 0 496 0 496 0 496 0 496 0 496 0 496 2 496 0 496 4 496 0 
25447 497 0 497 0 497 0 497 0 497 0 497 0 497 0 497 0 497 0 497 4 497 0 
25464 498 6 498 0 498 0 498 0 498 0 498 0 498 0 498 0 498 0 498 6 498 0 
25479 499 3 499 0 499 0 499 0 499 0 499 0 499 0 499 0 499 0 499 3 499 0 
25509 500 0 500 0 500 0 500 0 500 0 500 0 500 0 500 0 500 0 500 0 500 0 
25673 501 8 501 0 501 0 501 0 501 0 501 0 501 0 501 0 501 8 501 0 501 0 
25688 502 9 502 0 502 0 502 0 502 0 502 0 502 0 502 0 502 9 502 0 502 0 
25703 503 11 503 0 503 0 503 0 503 0 503 0 503 0 503 0 503 11 503 0 503 0 
25718 504 7 504 0 504 0 504 0 504 0 504 0 504 0 504 0 504 7 504 0 504 0 
25733 505 4 505 0 505 0 505 0 505 0 505 0 505 0 505 0 505 4 505 0 505 0 
25748 506 16 506 0 506 0 506 0 506 0 506 0 506 0 506 0 506 16 506 0 506 0 
25763 507 2 507 0 507 0 507 0 507 0 507 0 507 0 507 0 507 2 507 0 507 0 
25778 508 3 508 0 508 0 508 0 508 0 508 0 508 0 508 0 508 3 508 0 508 0 
25793 509 4 509 0 509 0 509 0 509 0 509 0 509 0 509 0 509 4 509 0 509 0 
25808 510 6 510 0 510 0 510 0 510 0 510 0 510 0 510 0 510 6 510 0 510 0 
25823 511 3 511 0 511 0 511 0 511 0 511 0 511 0 511 0 511 3 511 0 511 0 
25838 512 4 512 0 512 0 512 0 512 0 512 0 512 0 512 0 512 4 512 0 512 0 
25853 513 3 513 0 513 0 513 0 513 0 513 0 513 0 513 0 513 3 513 0 513 0 
25868 514 4 514 0 514 0 514 0 514 0 514 0 514 0 514 0 514 4 514 0 514 0 
25883 515 3 515 0 515 0 515 0 515 0 515 0 515 0 515 0 515 3 515 0 515 0 
25898 516 6 516 0 516 0 516 0 516 0 516 0 516 0 516 0 516 6 516 0 516 0 
25913 517 5 517 0 517 0 517 0 517 0 517 0 517 0 517 0 517 5 517 0 517 0 
25928 518 0 518 0 518 0 518 0 518 0 518 0 518 0 518 0 518 0 518 0 518 0 
25943 519 -16 519 0 519 0 519 0 519 0 519 0 519 0 519 0 519 -16 519 0 519 0 
25958 520 -12 520 0 520 0 520 0 520 0 520 0 520 0 520 0 520 -12 520 0 520 0 
25973 521 -17 521 0 521 0 521 0 521 0 521 0 521 0 521 0 521 -17 521 0 521 0 
25988 522 -12 522 0 522 0 522 0 522 0 522 0 522 0 522 0 522 -12 522 0 522 0 
26003 523 -6 523 0 523 0 523 0 523 0 523 0 523 0 523 0 523 -6 523 0 523 0 
26018 524 -7 524 0 524 0 524 0 524 0 524 0 524 0 524 0 524 -7 524 0 524 0 
26033 525 -4 525 0 525 0 525 0 525 0 525 0 525 0 525 0 525 -4 525 0 525 0 
26048 526 -3 526 0 526 0 526 0 526 0 526 0 526 0 526 0 526 -3 526 0 526 0 
26063 527 -6 527 0 527 0 527 0 527 0 527 0 527 0 527 0 527 -6 527 0 527 0 
26078 528 -7 528 0 528 0 528 0 528 0 528 0 528 0 528 0 528 -7 528 0 528 0 
26093 529 -4 529 0 529 0 529 0 529 0 529 0 529 0 529 0 529 -4 529 0 529 0 
26108 530 -2 530 0 530 0 530 0 530 0 530 0 530 0 530 0 530 -2 530 0 530 0 
26123 531 0 531 0 531 0 531 0 531 0 531 0 531 0 531 0 531 0 531 0 531 0 
26543 532 8 532 0 532 0 532 0 532 0 532 0 532 0 532 0 532 8 532 0 532 0 
26558 533 9 533 0 533 0 533 0 533 0 533 0 533 0 533 0 533 9 533 0 533 0 
26573 534 12 534 0 534 0 534 0 534 0 534 0 534 0 534 0 534 12 534 0 534 0 
26588 535 0 535 0 535 0 535 0 535 0 535 0 535 0 535 0 535 0 535 0 535 0 
26603 536 6 536 0 536 0 536 0 536 0 536 0 536 0 536 0 536 6 536 0 536 0 
26618 537 4 537 0 537 0 537 0 537 0 537 0 537 0 537 0 537 4 537 0 537 0 
26633 538 16 538 0 538 0 538 0 538 0 538 0 538 0 538 0 538 16 538 0 538 0 
26648 539 2 539 0 539 0 539 0 539 0 539 0 539 0 539 0 539 2 539 0 539 0 
26663 540 3 540 0 540 0 540 0 540 0 540 0 540 0 540 0 540 3 540 0 540 0 
26678 541 5 541 0 541 0 541 0 541 0 541 0 541 0 541 0 541 5 541 0 541 0 
26693 542 6 542 0 542 0 542 0 542 0 542 0 542 0 542 0 542 6 542 0 542 0 
26708 543 4 543 0 543 0 543 0 543 0 543 0 543 0 543 0 543 4 543 0 543 0 
26723 544 3 544 0 544 0 544 0 544 0 544 0 544 0 544 0 544 3 544 0 544 0 
26738 545 2 545 0 545 0 545 0 545 0 545 0 545 0 545 0 545 2 545 0 545 0 
26753 546 5 546 0 546 0 546 0 546 0 546 0 546 0 546 0 546 5 546 0 546 0 
26768 547 6 547 0 547 0 547 0 547 0 547 0 547 0 547 0 547 6 547 0 547 0 
26783 548 3 548 0 548 0 548 0 548 0 548 0 548 0 548 0 548 3 548 0 548 0 
26798 549 5 549 0 549 0 549 0 549 0 549 0 549 0 549 0 549 5 549 0 549 0 
26813 550 0 550 0 550 0 550 0 550 0 550 0 550 0 550 0 550 0 550 0 550 0 
26828 551 1 551 0 551 0 551 0 551 0 551 0 551 0 551 0 551 1 551 0 551 0 
26843 552 3 552 0 552 0 552 0 552 0 552 0 552 0 552 0 552 3 552 0 552 0 
26858 553 5 553 0 553 0 553 0 553 0 553 0 553 0 553 0 553 5 553 0 553 0 
26873 554 4 554 0 554 0 554 0 554 0 554 0 554 0 554 0 554 4 554 0 554 0 
26888 555 1 555 0 555 0 555 0 555 0 555 0 555 0 555 0 555 1 555 0 555 0 
26918 556 4 556 0 556 0 556 0 556 0 556 0 556 0 556 0 556 4 556 0 556 0 
26963 557 1 557 0 557 0 557 0 557 0 557 0 557 0 557 0 557 1 557 0 557 0 
26978 558 0 558 0 558 0 558 0 558 0 558 0 558 0 558 0 558 0 558 0 558 0 
