# ValueCount deltaRoads
10 0 0 0 0 0 0 0 0 0 0 0 0 0 0 0 0 0 0 0 0 0 0 
124 1 7 1 0 1 0 1 0 1 7 1 0 1 0 1 0 1 0 1 0 1 0 
128 2 7.5 2 0 2 0 2 0 2 7 2 0 2 7 2 0 2 8 2 0 2 0 
130 3 6 3 0 3 0 3 0 3 7 3 0 3 7 3 0 3 8 3 0 3 6 
139 4 5 4 0 4 0 4 0 4 5 4 0 4 7 4 0 4 8 4 0 4 6 
142 5 7 5 0 5 0 5 0 5 5 5 0 5 7 5 7 5 8 5 0 5 6 
143 6 5 6 0 6 0 6 0 6 5 6 0 6 7 6 7 6 5 6 0 6 6 
154 7 4 7 0 7 0 7 0 7 4 7 0 7 7 7 7 7 5 7 0 7 6 
157 8 4.5 8 0 8 0 8 0 8 4 8 0 8 4 8 5 8 5 8 0 8 6 
158 9 4 9 0 9 0 9 0 9 4 9 0 9 4 9 5 9 4 9 0 9 6 
169 10 2 10 0 10 0 10 0 10 0 10 0 10 4 10 5 10 4 10 0 10 4 
171 11 0 11 0 11 0 11 0 11 0 11 0 11 0 11 5 11 4 11 0 11 4 
172 12 4 12 0 12 0 12 0 12 0 12 0 12 0 12 4 12 4 12 0 12 4 
173 13 0 13 0 13 0 13 0 13 0 13 0 13 0 13 4 13 0 13 0 13 4 
1957 14 3 14 0 14 0 14 0 14 0 14 0 14 0 14 6 14 0 14 0 14 0 
1972 15 8 15 0 15 0 15 0 15 0 15 0 15 0 15 8 15 0 15 0 15 0 
1987 16 6 16 0 16 0 16 0 16 0 16 0 16 0 16 6 16 0 16 0 16 0 
2002 17 8 17 0 17 0 17 0 17 0 17 0 17 0 17 8 17 0 17 0 17 0 
2047 18 6 18 0 18 0 18 0 18 0 18 0 18 0 18 6 18 0 18 0 18 0 
2062 19 8 19 0 19 0 19 0 19 0 19 0 19 0 19 8 19 0 19 0 19 0 
2077 20 7 20 0 20 0 20 0 20 0 20 0 20 0 20 7 20 0 20 0 20 0 
2107 21 5 21 0 21 0 21 0 21 0 21 0 21 0 21 5 21 0 21 0 21 0 
2122 22 162 22 0 22 0 22 0 22 0 22 0 22 0 22 162 22 0 22 0 22 0 
2137 23 7 23 0 23 0 23 0 23 0 23 0 23 0 23 7 23 0 23 0 23 0 
2152 24 2 24 0 24 0 24 0 24 0 24 0 24 0 24 2 24 0 24 0 24 0 
2167 25 0 25 0 25 0 25 0 25 0 25 0 25 0 25 0 25 0 25 0 25 0 
3670 26 8 26 0 26 0 26 0 26 0 26 0 26 0 26 0 26 0 26 0 26 8 
3700 27 9 27 0 27 0 27 0 27 0 27 0 27 0 27 0 27 0 27 0 27 9 
3715 28 7 28 0 28 0 28 0 28 0 28 0 28 0 28 0 28 0 28 0 28 7 
3730 29 8 29 0 29 0 29 0 29 0 29 0 29 0 29 0 29 0 29 0 29 8 
3760 30 27 30 0 30 0 30 0 30 0 30 0 30 0 30 0 30 0 30 0 30 27 
3771 31 2 31 0 31 0 31 0 31 0 31 0 31 2 31 0 31 0 31 0 31 27 
3775 32 5 32 0 32 0 32 0 32 0 32 0 32 2 32 0 32 0 32 0 32 5 
3786 33 8 33 0 33 0 33 0 33 0 33 0 33 8 33 0 33 0 33 0 33 5 
3831 34 7 34 0 34 0 34 0 34 0 34 0 34 6 34 0 34 0 34 0 34 8 
3835 35 6 35 0 35 0 35 0 35 0 35 0 35 6 35 0 35 0 35 0 35 6 
3846 36 9 36 0 36 0 36 0 36 0 36 0 36 9 36 0 36 0 36 0 36 6 
3850 37 7 37 0 37 0 37 0 37 0 37 0 37 9 37 0 37 0 37 0 37 7 
3861 38 26 38 0 38 0 38 0 38 0 38 0 38 26 38 0 38 0 38 0 38 7 
3865 39 9 39 0 39 0 39 0 39 0 39 0 39 26 39 0 39 0 39 0 39 9 
3876 40 8 40 0 40 0 40 0 40 0 40 0 40 8 40 0 40 0 40 0 40 9 
3880 41 7 41 0 41 0 41 0 41 0 41 0 41 8 41 0 41 0 41 0 41 7 
3891 42 6 42 0 42 0 42 0 42 0 42 0 42 6 42 0 42 0 42 0 42 7 
3906 43 8 43 0 43 0 43 0 43 0 43 0 43 8 43 0 43 0 43 0 43 7 
3951 44 7 44 0 44 0 44 0 44 0 44 0 44 6 44 0 44 0 44 0 44 8 
3952 45 1 45 0 45 0 45 0 45 0 45 0 45 6 45 1 45 0 45 0 45 8 
3955 46 5 46 0 46 0 46 0 46 0 46 0 46 6 46 1 46 0 46 0 46 5 
3966 47 8 47 0 47 0 47 0 47 0 47 0 47 8 47 1 47 0 47 0 47 5 
3967 48 0 48 0 48 0 48 0 48 0 48 0 48 8 48 0 48 0 48 0 48 5 
3970 49 8 49 0 49 0 49 0 49 0 49 0 49 8 49 0 49 0 49 0 49 8 
3985 50 0 50 0 50 0 50 0 50 0 50 0 50 8 50 0 50 0 50 0 50 0 
4011 51 7 51 0 51 0 51 0 51 0 51 0 51 7 51 0 51 0 51 0 51 0 
4026 52 9 52 0 52 0 52 0 52 0 52 0 52 9 52 0 52 0 52 0 52 0 
4041 53 7 53 0 53 0 53 0 53 0 53 0 53 7 53 0 53 0 53 0 53 0 
4056 54 0 54 0 54 0 54 0 54 0 54 0 54 0 54 0 54 0 54 0 54 0 
4086 55 2 55 0 55 0 55 0 55 0 55 0 55 2 55 0 55 0 55 0 55 0 
4101 56 5 56 0 56 0 56 0 56 0 56 0 56 5 56 0 56 0 56 0 56 0 
4116 57 35 57 0 57 0 57 0 57 0 57 0 57 35 57 0 57 0 57 0 57 0 
4131 58 0 58 0 58 0 58 0 58 0 58 0 58 0 58 0 58 0 58 0 58 0 
4165 59 6 59 0 59 0 59 0 59 0 59 0 59 0 59 0 59 0 59 0 59 6 
4180 60 26 60 0 60 0 60 0 60 0 60 0 60 0 60 0 60 0 60 0 60 26 
4195 61 5 61 0 61 0 61 0 61 0 61 0 61 0 61 0 61 0 61 0 61 5 
4210 62 3 62 0 62 0 62 0 62 0 62 0 62 0 62 0 62 0 62 0 62 3 
4225 63 0 63 0 63 0 63 0 63 0 63 0 63 0 63 0 63 0 63 0 63 0 
4507 64 1 64 0 64 0 64 0 64 0 64 0 64 0 64 1 64 0 64 0 64 0 
4522 65 0.5 65 0 65 0 65 0 65 0 65 0 65 0 65 0 65 0 65 0 65 1 
4525 66 0 66 0 66 0 66 0 66 0 66 0 66 0 66 0 66 0 66 0 66 0 
4973 67 8 67 0 67 0 67 0 67 0 67 0 67 0 67 0 67 8 67 0 67 0 
5003 68 6 68 0 68 0 68 0 68 0 68 0 68 0 68 0 68 6 68 0 68 0 
5018 69 9 69 0 69 0 69 0 69 0 69 0 69 0 69 0 69 9 69 0 69 0 
5033 70 8 70 0 70 0 70 0 70 0 70 0 70 0 70 0 70 8 70 0 70 0 
5063 71 6 71 0 71 0 71 0 71 0 71 0 71 0 71 0 71 6 71 0 71 0 
5078 72 8 72 0 72 0 72 0 72 0 72 0 72 0 72 0 72 8 72 0 72 0 
5093 73 9 73 0 73 0 73 0 73 0 73 0 73 0 73 0 73 9 73 0 73 0 
5108 74 8 74 0 74 0 74 0 74 0 74 0 74 0 74 0 74 8 74 0 74 0 
5123 75 6 75 0 75 0 75 0 75 0 75 0 75 0 75 0 75 6 75 0 75 0 
5138 76 8 76 0 76 0 76 0 76 0 76 0 76 0 76 0 76 8 76 0 76 0 
5183 77 6 77 0 77 0 77 0 77 0 77 0 77 0 77 0 77 6 77 0 77 0 
5198 78 9 78 0 78 0 78 0 78 0 78 0 78 0 78 0 78 9 78 0 78 0 
5213 79 8 79 0 79 0 79 0 79 0 79 0 79 0 79 0 79 8 79 0 79 0 
5228 80 4 80 0 80 0 80 0 80 0 80 0 80 0 80 0 80 4 80 0 80 0 
5243 81 0 81 0 81 0 81 0 81 0 81 0 81 0 81 0 81 0 81 0 81 0 
5915 82 6 82 0 82 0 82 0 82 0 82 6 82 0 82 0 82 0 82 0 82 0 
5930 83 4 83 0 83 0 83 0 83 0 83 4 83 0 83 0 83 0 83 0 83 0 
5945 84 6 84 0 84 0 84 0 84 0 84 6 84 0 84 0 84 0 84 0 84 0 
5960 85 0 85 0 85 0 85 0 85 0 85 0 85 0 85 0 85 0 85 0 85 0 
6092 86 4 86 0 86 4 86 0 86 0 86 0 86 0 86 0 86 0 86 0 86 0 
6122 87 7 87 0 87 7 87 0 87 0 87 0 87 0 87 0 87 0 87 0 87 0 
6137 88 1 88 0 88 1 88 0 88 0 88 0 88 0 88 0 88 0 88 0 88 0 
6152 89 0 89 0 89 0 89 0 89 0 89 0 89 0 89 0 89 0 89 0 89 0 
6409 90 4 90 0 90 0 90 0 90 4 90 0 90 0 90 0 90 0 90 0 90 0 
6424 91 8 91 0 91 0 91 0 91 8 91 0 91 0 91 0 91 0 91 0 91 0 
6439 92 6 92 0 92 0 92 0 92 6 92 0 92 0 92 0 92 0 92 0 92 0 
6454 93 9 93 0 93 0 93 0 93 9 93 0 93 0 93 0 93 0 93 0 93 0 
6484 94 8 94 0 94 0 94 0 94 8 94 0 94 0 94 0 94 0 94 0 94 0 
6499 95 6 95 0 95 0 95 0 95 6 95 0 95 0 95 0 95 0 95 0 95 0 
6514 96 8 96 0 96 0 96 0 96 8 96 0 96 0 96 0 96 0 96 0 96 0 
6544 97 9 97 0 97 0 97 0 97 9 97 0 97 0 97 0 97 0 97 0 97 0 
6559 98 6 98 0 98 0 98 0 98 6 98 0 98 0 98 0 98 0 98 0 98 0 
6574 99 8 99 0 99 0 99 0 99 8 99 0 99 0 99 0 99 0 99 0 99 0 
6619 100 6 100 0 100 0 100 0 100 6 100 0 100 0 100 0 100 0 100 0 100 0 
6634 101 9 101 0 101 0 101 0 101 9 101 0 101 0 101 0 101 0 101 0 101 0 
6649 102 8 102 0 102 0 102 0 102 8 102 0 102 0 102 0 102 0 102 0 102 0 
6679 103 6 103 0 103 0 103 0 103 6 103 0 103 0 103 0 103 0 103 0 103 0 
6694 104 8 104 0 104 0 104 0 104 8 104 0 104 0 104 0 104 0 104 0 104 0 
6724 105 26 105 0 105 0 105 0 105 26 105 0 105 0 105 0 105 0 105 0 105 0 
6739 106 4 106 0 106 0 106 0 106 4 106 0 106 0 106 0 106 0 106 0 106 0 
6754 107 0 107 0 107 0 107 0 107 0 107 0 107 0 107 0 107 0 107 0 107 0 
8991 108 5 108 0 108 0 108 0 108 0 108 0 108 5 108 0 108 0 108 0 108 0 
9006 109 7 109 0 109 0 109 0 109 0 109 0 109 7 109 0 109 0 109 0 109 0 
9021 110 6 110 0 110 0 110 0 110 0 110 0 110 6 110 0 110 0 110 0 110 0 
9036 111 0 111 0 111 0 111 0 111 0 111 0 111 0 111 0 111 0 111 0 111 0 
9212 112 6 112 0 112 6 112 0 112 0 112 0 112 0 112 0 112 0 112 0 112 0 
9242 113 8 113 0 113 8 113 0 113 0 113 0 113 0 113 0 113 0 113 0 113 0 
9272 114 42 114 0 114 42 114 0 114 0 114 0 114 0 114 0 114 0 114 0 114 0 
9287 115 6 115 0 115 6 115 0 115 0 115 0 115 0 115 0 115 0 115 0 115 0 
9302 116 8 116 0 116 8 116 0 116 0 116 0 116 0 116 0 116 0 116 0 116 0 
9347 117 6 117 0 117 6 117 0 117 0 117 0 117 0 117 0 117 0 117 0 117 0 
9362 118 9 118 0 118 9 118 0 118 0 118 0 118 0 118 0 118 0 118 0 118 0 
9377 119 8 119 0 119 8 119 0 119 0 119 0 119 0 119 0 119 0 119 0 119 0 
9385 120 6 120 0 120 8 120 0 120 0 120 0 120 0 120 0 120 0 120 0 120 6 
9415 121 5 121 0 121 6 121 0 121 0 121 0 121 0 121 0 121 0 121 0 121 4 
9422 122 9 122 0 122 9 122 0 122 0 122 0 122 0 122 0 122 0 122 0 122 4 
9430 123 0 123 0 123 9 123 0 123 0 123 0 123 0 123 0 123 0 123 0 123 0 
9437 124 7 124 0 124 7 124 0 124 0 124 0 124 0 124 0 124 0 124 0 124 0 
9452 125 0 125 0 125 0 125 0 125 0 125 0 125 0 125 0 125 0 125 0 125 0 
10103 126 4 126 0 126 0 126 0 126 0 126 0 126 0 126 0 126 4 126 0 126 0 
10118 127 6 127 0 127 0 127 0 127 0 127 0 127 0 127 0 127 6 127 0 127 0 
10148 128 0 128 0 128 0 128 0 128 0 128 0 128 0 128 0 128 0 128 0 128 0 
10780 129 8 129 0 129 0 129 0 129 0 129 0 129 0 129 0 129 0 129 0 129 8 
10795 130 6 130 0 130 0 130 0 130 0 130 0 130 0 130 0 130 0 130 0 130 6 
10810 131 26 131 0 131 0 131 0 131 0 131 0 131 0 131 0 131 0 131 0 131 26 
10840 132 9 132 0 132 0 132 0 132 0 132 0 132 0 132 0 132 0 132 0 132 9 
10855 133 6 133 0 133 0 133 0 133 0 133 0 133 0 133 0 133 0 133 0 133 6 
10870 134 7 134 0 134 0 134 0 134 0 134 0 134 0 134 0 134 0 134 0 134 7 
10885 135 8 135 0 135 0 135 0 135 0 135 0 135 0 135 0 135 0 135 0 135 8 
10898 136 4 136 0 136 0 136 0 136 0 136 0 136 0 136 0 136 4 136 0 136 8 
10913 137 8 137 0 137 0 137 0 137 0 137 0 137 0 137 0 137 8 137 0 137 8 
10915 138 6 138 0 138 0 138 0 138 0 138 0 138 0 138 0 138 8 138 0 138 6 
10930 139 8 139 0 139 0 139 0 139 0 139 0 139 0 139 0 139 8 139 0 139 8 
10943 140 6 140 0 140 0 140 0 140 0 140 0 140 0 140 0 140 6 140 0 140 8 
10958 141 8 141 0 141 0 141 0 141 0 141 0 141 0 141 0 141 8 141 0 141 8 
10960 142 0 142 0 142 0 142 0 142 0 142 0 142 0 142 0 142 8 142 0 142 0 
10973 143 9 143 0 143 0 143 0 143 0 143 0 143 0 143 0 143 9 143 0 143 0 
10988 144 7 144 0 144 0 144 0 144 0 144 0 144 0 144 0 144 7 144 0 144 0 
11003 145 6 145 0 145 0 145 0 145 0 145 0 145 0 145 0 145 6 145 0 145 0 
11018 146 8 146 0 146 0 146 0 146 0 146 0 146 0 146 0 146 8 146 0 146 0 
11063 147 2 147 0 147 0 147 0 147 0 147 0 147 0 147 0 147 2 147 0 147 0 
11078 148 0 148 0 148 0 148 0 148 0 148 0 148 0 148 0 148 0 148 0 148 0 
11990 149 6 149 0 149 0 149 0 149 0 149 6 149 0 149 0 149 0 149 0 149 0 
12005 150 8 150 0 150 0 150 0 150 0 150 8 150 0 150 0 150 0 150 0 150 0 
12020 151 9 151 0 151 0 151 0 151 0 151 9 151 0 151 0 151 0 151 0 151 0 
12035 152 5 152 0 152 0 152 0 152 0 152 5 152 0 152 0 152 0 152 0 152 0 
12050 153 8 153 0 153 0 153 0 153 0 153 8 153 0 153 0 153 0 153 0 153 0 
12080 154 27 154 0 154 0 154 0 154 0 154 27 154 0 154 0 154 0 154 0 154 0 
12095 155 5 155 0 155 0 155 0 155 0 155 5 155 0 155 0 155 0 155 0 155 0 
12099 156 4 156 0 156 0 156 0 156 0 156 5 156 0 156 0 156 0 156 4 156 0 
12110 157 9 157 0 157 0 157 0 157 0 157 9 157 0 157 0 157 0 157 4 157 0 
12114 158 6 158 0 158 0 158 0 158 0 158 9 158 0 158 0 158 0 158 6 158 0 
12125 159 8 159 0 159 0 159 0 159 0 159 8 159 0 159 0 159 0 159 6 159 0 
12144 160 0 160 0 160 0 160 0 160 0 160 8 160 0 160 0 160 0 160 0 160 0 
12155 161 7 161 0 161 0 161 0 161 0 161 7 161 0 161 0 161 0 161 0 161 0 
12170 162 8 162 0 162 0 162 0 162 0 162 8 162 0 162 0 162 0 162 0 162 0 
12200 163 26 163 0 163 0 163 0 163 0 163 26 163 0 163 0 163 0 163 0 163 0 
12215 164 7 164 0 164 0 164 0 164 0 164 7 164 0 164 0 164 0 164 0 164 0 
12230 165 8 165 0 165 0 165 0 165 0 165 8 165 0 165 0 165 0 165 0 165 0 
12275 166 6 166 0 166 0 166 0 166 0 166 6 166 0 166 0 166 0 166 0 166 0 
12290 167 8 167 0 167 0 167 0 167 0 167 8 167 0 167 0 167 0 167 0 167 0 
12305 168 6 168 0 168 0 168 0 168 0 168 6 168 0 168 0 168 0 168 0 168 0 
12320 169 0 169 0 169 0 169 0 169 0 169 0 169 0 169 0 169 0 169 0 169 0 
12474 170 8 170 0 170 0 170 0 170 0 170 0 170 0 170 0 170 0 170 8 170 0 
12504 171 9 171 0 171 0 171 0 171 0 171 0 171 0 171 0 171 0 171 9 171 0 
12519 172 6 172 0 172 0 172 0 172 0 172 0 172 0 172 0 172 0 172 6 172 0 
12534 173 8 173 0 173 0 173 0 173 0 173 0 173 0 173 0 173 0 173 8 173 0 
12562 174 2 174 0 174 0 174 0 174 0 174 0 174 0 174 2 174 0 174 8 174 0 
12564 175 4 175 0 175 0 175 0 175 0 175 0 175 0 175 2 175 0 175 4 175 0 
12579 176 2 176 0 176 0 176 0 176 0 176 0 176 0 176 4 176 0 176 0 176 0 
12592 177 6 177 0 177 0 177 0 177 0 177 0 177 0 177 6 177 0 177 0 177 0 
12607 178 2 178 0 178 0 178 0 178 0 178 0 178 0 178 2 178 0 178 0 178 0 
12622 179 0 179 0 179 0 179 0 179 0 179 0 179 0 179 0 179 0 179 0 179 0 
12783 180 6 180 0 180 0 180 6 180 0 180 0 180 0 180 0 180 0 180 0 180 0 
12813 181 4 181 0 181 0 181 4 181 0 181 0 181 0 181 0 181 0 181 0 181 0 
12828 182 0 182 0 182 0 182 0 182 0 182 0 182 0 182 0 182 0 182 0 182 0 
15411 183 6 183 0 183 0 183 0 183 0 183 0 183 6 183 0 183 0 183 0 183 0 
15426 184 9 184 0 184 0 184 0 184 0 184 0 184 9 184 0 184 0 184 0 184 0 
15441 185 137 185 0 185 0 185 0 185 0 185 0 185 137 185 0 185 0 185 0 185 0 
15456 186 8 186 0 186 0 186 0 186 0 186 0 186 8 186 0 186 0 186 0 186 0 
15471 187 5 187 0 187 0 187 0 187 0 187 0 187 5 187 0 187 0 187 0 187 0 
15486 188 7 188 0 188 0 188 0 188 0 188 0 188 7 188 0 188 0 188 0 188 0 
15501 189 66 189 0 189 0 189 0 189 0 189 0 189 66 189 0 189 0 189 0 189 0 
15516 190 8 190 0 190 0 190 0 190 0 190 0 190 8 190 0 190 0 190 0 190 0 
15531 191 6 191 0 191 0 191 0 191 0 191 0 191 6 191 0 191 0 191 0 191 0 
15546 192 8 192 0 192 0 192 0 192 0 192 0 192 8 192 0 192 0 192 0 192 0 
15561 193 9 193 0 193 0 193 0 193 0 193 0 193 9 193 0 193 0 193 0 193 0 
15576 194 7 194 0 194 0 194 0 194 0 194 0 194 7 194 0 194 0 194 0 194 0 
15591 195 6 195 0 195 0 195 0 195 0 195 0 195 6 195 0 195 0 195 0 195 0 
15606 196 8 196 0 196 0 196 0 196 0 196 0 196 8 196 0 196 0 196 0 196 0 
15651 197 6 197 0 197 0 197 0 197 0 197 0 197 6 197 0 197 0 197 0 197 0 
15662 198 2 198 0 198 2 198 0 198 0 198 0 198 6 198 0 198 0 198 0 198 0 
15666 199 4 199 0 199 2 199 0 199 0 199 0 199 4 199 0 199 0 199 0 199 0 
15677 200 0 200 0 200 0 200 0 200 0 200 0 200 4 200 0 200 0 200 0 200 0 
15757 201 1 201 0 201 0 201 0 201 0 201 0 201 0 201 2 201 0 201 0 201 0 
15772 202 8 202 0 202 0 202 0 202 0 202 0 202 0 202 8 202 0 202 0 202 0 
15787 203 6 203 0 203 0 203 0 203 0 203 0 203 0 203 6 203 0 203 0 203 0 
15802 204 9 204 0 204 0 204 0 204 0 204 0 204 0 204 9 204 0 204 0 204 0 
15817 205 5 205 0 205 0 205 0 205 0 205 0 205 0 205 5 205 0 205 0 205 0 
15832 206 29 206 0 206 0 206 0 206 0 206 0 206 0 206 29 206 0 206 0 206 0 
15835 207 3 207 0 207 0 207 0 207 0 207 0 207 0 207 29 207 0 207 0 207 3 
15847 208 6 208 0 208 0 208 0 208 0 208 0 208 0 208 6 208 0 208 0 208 3 
15850 209 5 209 0 209 0 209 0 209 0 209 0 209 0 209 6 209 0 209 0 209 5 
15862 210 8 210 0 210 0 210 0 210 0 210 0 210 0 210 8 210 0 210 0 210 5 
15865 211 4 211 0 211 0 211 0 211 0 211 0 211 0 211 8 211 0 211 0 211 4 
15880 212 0 212 0 212 0 212 0 212 0 212 0 212 0 212 8 212 0 212 0 212 0 
15907 213 6 213 0 213 0 213 0 213 0 213 0 213 0 213 6 213 0 213 0 213 0 
15922 214 8 214 0 214 0 214 0 214 0 214 0 214 0 214 8 214 0 214 0 214 0 
15937 215 9 215 0 215 0 215 0 215 0 215 0 215 0 215 9 215 0 215 0 215 0 
15938 216 6 216 0 216 0 216 0 216 0 216 0 216 0 216 9 216 6 216 0 216 0 
15952 217 7 217 0 217 0 217 0 217 0 217 0 217 0 217 7 217 6 217 0 217 0 
15967 218 6 218 0 218 0 218 0 218 0 218 0 218 0 218 6 218 6 218 0 218 0 
15968 219 4 219 0 219 0 219 0 219 0 219 0 219 0 219 6 219 4 219 0 219 0 
15983 220 2 220 0 220 0 220 0 220 0 220 0 220 0 220 4 220 0 220 0 220 0 
15997 221 0 221 0 221 0 221 0 221 0 221 0 221 0 221 0 221 0 221 0 221 0 
16291 222 4 222 4 222 0 222 0 222 0 222 0 222 0 222 0 222 0 222 0 222 0 
16321 223 -8 223 -8 223 0 223 0 223 0 223 0 223 0 223 0 223 0 223 0 223 0 
16336 224 0 224 0 224 0 224 0 224 0 224 0 224 0 224 0 224 0 224 0 224 0 
16741 225 6 225 6 225 0 225 0 225 0 225 0 225 0 225 0 225 0 225 0 225 0 
16756 226 4 226 4 226 0 226 0 226 0 226 0 226 0 226 0 226 0 226 0 226 0 
16765 227 2 227 4 227 0 227 0 227 0 227 0 227 0 227 0 227 0 227 0 227 2 
16780 228 1 228 2 228 0 228 0 228 0 228 0 228 0 228 0 228 0 228 0 228 0 
16786 229 0 229 0 229 0 229 0 229 0 229 0 229 0 229 0 229 0 229 0 229 0 
17180 230 2 230 0 230 0 230 0 230 0 230 2 230 0 230 0 230 0 230 0 230 0 
17195 231 5 231 0 231 0 231 0 231 0 231 5 231 0 231 0 231 0 231 0 231 0 
17225 232 4 232 0 232 0 232 0 232 0 232 4 232 0 232 0 232 0 232 0 232 0 
17240 233 0 233 0 233 0 233 0 233 0 233 0 233 0 233 0 233 0 233 0 233 0 
17314 234 6 234 0 234 0 234 0 234 6 234 0 234 0 234 0 234 0 234 0 234 0 
17344 235 4 235 0 235 0 235 0 235 4 235 0 235 0 235 0 235 0 235 0 235 0 
17359 236 0 236 0 236 0 236 0 236 0 236 0 236 0 236 0 236 0 236 0 236 0 
17439 237 2 237 0 237 0 237 0 237 0 237 0 237 0 237 0 237 0 237 2 237 0 
17454 238 6 238 0 238 0 238 0 238 0 238 0 238 0 238 0 238 0 238 6 238 0 
17469 239 7 239 0 239 0 239 0 239 0 239 0 239 0 239 0 239 0 239 7 239 0 
17484 240 1 240 0 240 0 240 0 240 0 240 0 240 0 240 0 240 0 240 1 240 0 
17499 241 0 241 0 241 0 241 0 241 0 241 0 241 0 241 0 241 0 241 0 241 0 
17538 242 6 242 0 242 0 242 6 242 0 242 0 242 0 242 0 242 0 242 0 242 0 
17553 243 8 243 0 243 0 243 8 243 0 243 0 243 0 243 0 243 0 243 0 243 0 
17568 244 9 244 0 244 0 244 9 244 0 244 0 244 0 244 0 244 0 244 0 244 0 
17583 245 6 245 0 245 0 245 6 245 0 245 0 245 0 245 0 245 0 245 0 245 0 
17598 246 8 246 0 246 0 246 8 246 0 246 0 246 0 246 0 246 0 246 0 246 0 
17643 247 6 247 0 247 0 247 6 247 0 247 0 247 0 247 0 247 0 247 0 247 0 
17658 248 8 248 0 248 0 248 8 248 0 248 0 248 0 248 0 248 0 248 0 248 0 
17673 249 115 249 0 249 0 249 115 249 0 249 0 249 0 249 0 249 0 249 0 249 0 
17688 250 7 250 0 250 0 250 7 250 0 250 0 250 0 250 0 250 0 250 0 250 0 
17703 251 6 251 0 251 0 251 6 251 0 251 0 251 0 251 0 251 0 251 0 251 0 
17718 252 8 252 0 252 0 252 8 252 0 252 0 252 0 252 0 252 0 252 0 252 0 
17733 253 50 253 0 253 0 253 50 253 0 253 0 253 0 253 0 253 0 253 0 253 0 
17748 254 8 254 0 254 0 254 8 254 0 254 0 254 0 254 0 254 0 254 0 254 0 
17763 255 6 255 0 255 0 255 6 255 0 255 0 255 0 255 0 255 0 255 0 255 0 
17778 256 8 256 0 256 0 256 8 256 0 256 0 256 0 256 0 256 0 256 0 256 0 
17808 257 2 257 0 257 0 257 2 257 0 257 0 257 0 257 0 257 0 257 0 257 0 
17823 258 0 258 0 258 0 258 0 258 0 258 0 258 0 258 0 258 0 258 0 258 0 
18010 259 7 259 0 259 0 259 0 259 0 259 0 259 0 259 0 259 0 259 0 259 7 
18025 260 9 260 0 260 0 260 0 260 0 260 0 260 0 260 0 260 0 260 0 260 9 
18040 261 8 261 0 261 0 261 0 261 0 261 0 261 0 261 0 261 0 261 0 261 8 
18055 262 6 262 0 262 0 262 0 262 0 262 0 262 0 262 0 262 0 262 0 262 6 
18070 263 8 263 0 263 0 263 0 263 0 263 0 263 0 263 0 263 0 263 0 263 8 
18085 264 36 264 0 264 0 264 0 264 0 264 0 264 0 264 0 264 0 264 0 264 36 
18100 265 7 265 0 265 0 265 0 265 0 265 0 265 0 265 0 265 0 265 0 265 7 
18115 266 6 266 0 266 0 266 0 266 0 266 0 266 0 266 0 266 0 266 0 266 6 
18130 267 8 267 0 267 0 267 0 267 0 267 0 267 0 267 0 267 0 267 0 267 8 
18145 268 9 268 0 268 0 268 0 268 0 268 0 268 0 268 0 268 0 268 0 268 9 
18160 269 7 269 0 269 0 269 0 269 0 269 0 269 0 269 0 269 0 269 0 269 7 
18175 270 6 270 0 270 0 270 0 270 0 270 0 270 0 270 0 270 0 270 0 270 6 
18190 271 2 271 0 271 0 271 0 271 0 271 0 271 0 271 0 271 0 271 0 271 2 
18205 272 0 272 0 272 0 272 0 272 0 272 0 272 0 272 0 272 0 272 0 272 0 
18796 273 2 273 2 273 0 273 0 273 0 273 0 273 0 273 0 273 0 273 0 273 0 
18800 274 1 274 2 274 0 274 0 274 0 274 1 274 0 274 0 274 0 274 0 274 0 
18811 275 6 275 6 275 0 275 0 275 0 275 1 275 0 275 0 275 0 275 0 275 0 
18815 276 5 276 6 276 0 276 0 276 0 276 5 276 0 276 0 276 0 276 0 276 0 
18817 277 1 277 6 277 0 277 0 277 0 277 5 277 0 277 1 277 0 277 0 277 0 
18826 278 8 278 8 278 0 278 0 278 0 278 5 278 0 278 1 278 0 278 0 278 0 
18830 279 2 279 8 279 0 279 0 279 0 279 2 279 0 279 1 279 0 279 0 279 0 
18832 280 0 280 8 280 0 280 0 280 0 280 2 280 0 280 0 280 0 280 0 280 0 
18856 281 17 281 34 281 0 281 0 281 0 281 0 281 0 281 0 281 0 281 0 281 0 
18871 282 6 282 6 282 0 282 0 282 0 282 0 282 0 282 0 282 0 282 0 282 0 
18886 283 8 283 8 283 0 283 0 283 0 283 0 283 0 283 0 283 0 283 0 283 0 
18910 284 1 284 8 284 0 284 0 284 0 284 0 284 0 284 0 284 0 284 0 284 1 
18916 285 5 285 5 285 0 285 0 285 0 285 0 285 0 285 0 285 0 285 0 285 1 
18922 286 1 286 5 286 0 286 0 286 0 286 0 286 0 286 1 286 0 286 0 286 1 
18931 287 0 287 0 287 0 287 0 287 0 287 0 287 0 287 1 287 0 287 0 287 1 
19013 288 2 288 0 288 0 288 0 288 0 288 0 288 0 288 0 288 6 288 0 288 0 
19028 289 8 289 0 289 0 289 0 289 0 289 0 289 0 289 0 289 8 289 0 289 0 
19043 290 6 290 0 290 0 290 0 290 0 290 0 290 0 290 0 290 6 290 0 290 0 
19058 291 9 291 0 291 0 291 0 291 0 291 0 291 0 291 0 291 9 291 0 291 0 
19073 292 8 292 0 292 0 292 0 292 0 292 0 292 0 292 0 292 8 292 0 292 0 
19103 293 6 293 0 293 0 293 0 293 0 293 0 293 0 293 0 293 6 293 0 293 0 
19118 294 8 294 0 294 0 294 0 294 0 294 0 294 0 294 0 294 8 294 0 294 0 
19148 295 9 295 0 295 0 295 0 295 0 295 0 295 0 295 0 295 9 295 0 295 0 
19163 296 32 296 0 296 0 296 0 296 0 296 0 296 0 296 0 296 32 296 0 296 0 
19178 297 9 297 0 297 0 297 0 297 0 297 0 297 0 297 0 297 9 297 0 297 0 
19193 298 7 298 0 298 0 298 0 298 0 298 0 298 0 298 0 298 7 298 0 298 0 
19208 299 8 299 0 299 0 299 0 299 0 299 0 299 0 299 0 299 8 299 0 299 0 
19223 300 6 300 0 300 0 300 0 300 0 300 0 300 0 300 0 300 6 300 0 300 0 
19238 301 8 301 0 301 0 301 0 301 0 301 0 301 0 301 0 301 8 301 0 301 0 
19283 302 6 302 0 302 0 302 0 302 0 302 0 302 0 302 0 302 6 302 0 302 0 
19298 303 4 303 0 303 0 303 0 303 0 303 0 303 0 303 0 303 4 303 0 303 0 
19313 304 0 304 0 304 0 304 0 304 0 304 0 304 0 304 0 304 0 304 0 304 0 
20184 305 8 305 0 305 0 305 0 305 0 305 0 305 0 305 0 305 0 305 8 305 0 
20199 306 6 306 0 306 0 306 0 306 0 306 0 306 0 306 0 306 0 306 6 306 0 
20214 307 5 307 0 307 0 307 0 307 0 307 0 307 0 307 0 307 0 307 5 307 0 
20229 308 28 308 0 308 0 308 0 308 0 308 0 308 0 308 0 308 0 308 28 308 0 
20239 309 2 309 0 309 0 309 0 309 2 309 0 309 0 309 0 309 0 309 28 309 0 
20244 310 7 310 0 310 0 310 0 310 2 310 0 310 0 310 0 310 0 310 7 310 0 
20254 311 0 311 0 311 0 311 0 311 0 311 0 311 0 311 0 311 0 311 7 311 0 
20259 312 6 312 0 312 0 312 0 312 0 312 0 312 0 312 0 312 0 312 6 312 0 
20274 313 9 313 0 313 0 313 0 313 0 313 0 313 0 313 0 313 0 313 9 313 0 
20289 314 7 314 0 314 0 314 0 314 0 314 0 314 0 314 0 314 0 314 7 314 0 
20304 315 8 315 0 315 0 315 0 315 0 315 0 315 0 315 0 315 0 315 8 315 0 
20319 316 6 316 0 316 0 316 0 316 0 316 0 316 0 316 0 316 0 316 6 316 0 
20334 317 8 317 0 317 0 317 0 317 0 317 0 317 0 317 0 317 0 317 8 317 0 
20379 318 6 318 0 318 0 318 0 318 0 318 0 318 0 318 0 318 0 318 6 318 0 
20394 319 3 319 0 319 0 319 0 319 0 319 0 319 0 319 0 319 0 319 3 319 0 
20409 320 0 320 0 320 0 320 0 320 0 320 0 320 0 320 0 320 0 320 0 320 0 
20974 321 4 321 0 321 0 321 0 321 4 321 0 321 0 321 0 321 0 321 0 321 0 
20989 322 8 322 0 322 0 322 0 322 8 322 0 322 0 322 0 322 0 322 0 322 0 
21019 323 6 323 0 323 0 323 0 323 6 323 0 323 0 323 0 323 0 323 0 323 0 
21034 324 8 324 0 324 0 324 0 324 8 324 0 324 0 324 0 324 0 324 0 324 0 
21079 325 6 325 0 325 0 325 0 325 6 325 0 325 0 325 0 325 0 325 0 325 0 
21094 326 8 326 0 326 0 326 0 326 8 326 0 326 0 326 0 326 0 326 0 326 0 
21139 327 6 327 0 327 0 327 0 327 6 327 0 327 0 327 0 327 0 327 0 327 0 
21154 328 8 328 0 328 0 328 0 328 8 328 0 328 0 328 0 328 0 328 0 328 0 
21199 329 6 329 0 329 0 329 0 329 6 329 0 329 0 329 0 329 0 329 0 329 0 
21214 330 8 330 0 330 0 330 0 330 8 330 0 330 0 330 0 330 0 330 0 330 0 
21259 331 0 331 0 331 0 331 0 331 0 331 0 331 0 331 0 331 0 331 0 331 0 
23806 332 4 332 4 332 0 332 0 332 0 332 0 332 0 332 0 332 0 332 0 332 0 
23836 333 -8 333 -8 333 0 333 0 333 0 333 0 333 0 333 0 333 0 333 0 333 0 
23851 334 0 334 0 334 0 334 0 334 0 334 0 334 0 334 0 334 0 334 0 334 0 
24256 335 6 335 6 335 0 335 0 335 0 335 0 335 0 335 0 335 0 335 0 335 0 
24271 336 2 336 2 336 0 336 0 336 0 336 0 336 0 336 0 336 0 336 0 336 0 
24286 337 7 337 7 337 0 337 0 337 0 337 0 337 0 337 0 337 0 337 0 337 0 
24301 338 1 338 1 338 0 338 0 338 0 338 0 338 0 338 0 338 0 338 0 338 0 
24316 339 0 339 0 339 0 339 0 339 0 339 0 339 0 339 0 339 0 339 0 339 0 
25036 340 4 340 4 340 0 340 0 340 0 340 0 340 0 340 0 340 0 340 0 340 0 
25051 341 6 341 6 341 0 341 0 341 0 341 0 341 0 341 0 341 0 341 0 341 0 
25066 342 8 342 8 342 0 342 0 342 0 342 0 342 0 342 0 342 0 342 0 342 0 
25081 343 9 343 9 343 0 343 0 343 0 343 0 343 0 343 0 343 0 343 0 343 0 
25111 344 5 344 5 344 0 344 0 344 0 344 0 344 0 344 0 344 0 344 0 344 0 
25126 345 8 345 8 345 0 345 0 345 0 345 0 345 0 345 0 345 0 345 0 345 0 
25156 346 9 346 9 346 0 346 0 346 0 346 0 346 0 346 0 346 0 346 0 346 0 
25171 347 7 347 7 347 0 347 0 347 0 347 0 347 0 347 0 347 0 347 0 347 0 
25186 348 1 348 1 348 0 348 0 348 0 348 0 348 0 348 0 348 0 348 0 348 0 
25201 349 0 349 0 349 0 349 0 349 0 349 0 349 0 349 0 349 0 349 0 349 0 
25269 350 4 350 0 350 0 350 0 350 0 350 0 350 0 350 0 350 0 350 4 350 0 
25295 351 2 351 0 351 0 351 0 351 0 351 2 351 0 351 0 351 0 351 4 351 0 
25299 352 3 352 0 352 0 352 0 352 0 352 2 352 0 352 0 352 0 352 3 352 0 
25310 353 0 353 0 353 0 353 0 353 0 353 0 353 0 353 0 353 0 353 3 353 0 
25314 354 1 354 0 354 0 354 0 354 0 354 0 354 0 354 0 354 0 354 1 354 0 
25329 355 0 355 0 355 0 355 0 355 0 355 0 355 0 355 0 355 0 355 0 355 0 
26134 356 4 356 0 356 0 356 0 356 4 356 0 356 0 356 0 356 0 356 0 356 0 
26149 357 3 357 0 357 0 357 0 357 3 357 0 357 0 357 0 357 0 357 0 357 0 
26179 358 0 358 0 358 0 358 0 358 0 358 0 358 0 358 0 358 0 358 0 358 0 
