# ValueCount deltaRailways
10 0 0 0 0 0 0 0 0 0 0 0 0 0 0 0 0 0 0 0 0 0 0 
123 1 8 1 0 1 0 1 8 1 0 1 0 1 0 1 0 1 0 1 0 1 0 
124 2 9 2 0 2 0 2 8 2 9 2 0 2 0 2 0 2 0 2 0 2 0 
125 3 8 3 0 3 0 3 8 3 9 3 8 3 0 3 0 3 0 3 0 3 0 
128 4 8.33333 4 0 4 0 4 8 4 9 4 8 4 8 4 8 4 9 4 0 4 0 
130 5 8 5 0 5 0 5 8 5 9 5 8 5 8 5 8 5 9 5 0 5 8 
136 6 7 6 7 6 0 6 8 6 9 6 8 6 8 6 8 6 9 6 0 6 8 
153 7 8.66667 7 7 7 0 7 12 7 7 7 8 7 8 7 8 7 7 7 0 7 8 
154 8 12 8 7 8 0 8 12 8 12 8 8 8 8 8 8 8 7 8 0 8 8 
155 9 11 9 7 9 0 9 12 9 12 9 11 9 8 9 8 9 7 9 0 9 8 
156 10 12 10 7 10 0 10 12 10 12 10 11 10 12 10 8 10 7 10 0 10 8 
168 11 10.75 11 7 11 0 11 7 11 12 11 11 11 12 11 12 11 12 11 0 11 12 
169 12 7 12 7 12 0 12 7 12 7 12 11 12 12 12 12 12 12 12 0 12 12 
171 13 6.5 13 7 13 0 13 7 13 7 13 7 13 6 13 12 13 12 13 0 13 12 
172 14 7 14 7 14 0 14 7 14 7 14 7 14 6 14 7 14 12 14 0 14 12 
175 15 6.5 15 7 15 0 15 7 15 7 15 7 15 6 15 7 15 7 15 0 15 6 
183 16 3 16 7 16 0 16 3 16 7 16 7 16 6 16 7 16 7 16 0 16 6 
184 17 6 17 7 17 0 17 3 17 6 17 7 17 6 17 7 17 7 17 0 17 6 
185 18 4 18 7 18 0 18 3 18 6 18 4 18 6 18 7 18 7 18 0 18 6 
187 19 4.5 19 7 19 0 19 3 19 6 19 4 19 4 19 5 19 7 19 0 19 6 
188 20 6 20 7 20 0 20 3 20 6 20 4 20 4 20 5 20 6 20 0 20 6 
190 21 4 21 7 21 0 21 3 21 6 21 4 21 4 21 5 21 6 21 0 21 4 
196 22 0 22 0 22 0 22 3 22 6 22 4 22 4 22 5 22 6 22 0 22 4 
198 23 16 23 0 23 0 23 16 23 6 23 4 23 4 23 5 23 6 23 0 23 4 
199 24 13 24 0 24 0 24 16 24 13 24 4 24 4 24 5 24 6 24 0 24 4 
200 25 16 25 0 25 0 25 16 25 13 25 16 25 4 25 5 25 6 25 0 25 4 
203 26 15 26 0 26 0 26 16 26 13 26 16 26 16 26 16 26 13 26 0 26 4 
205 27 16 27 0 27 0 27 16 27 13 27 16 27 16 27 16 27 13 27 0 27 16 
213 28 2 28 0 28 0 28 2 28 13 28 16 28 16 28 16 28 13 28 0 28 16 
228 29 2.14286 29 0 29 0 29 3 29 2 29 2 29 2 29 2 29 2 29 0 29 2 
229 30 4 30 0 30 0 30 3 30 4 30 2 30 2 30 2 30 2 30 0 30 2 
230 31 3 31 0 31 0 31 3 31 4 31 3 31 2 31 2 31 2 31 0 31 2 
232 32 3.5 32 0 32 0 32 3 32 4 32 3 32 3 32 4 32 2 32 0 32 2 
233 33 4 33 0 33 0 33 3 33 4 33 3 33 3 33 4 33 4 33 0 33 2 
235 34 3 34 0 34 0 34 3 34 4 34 3 34 3 34 4 34 4 34 0 34 3 
245 35 4 35 0 35 0 35 3 35 4 35 4 35 3 35 4 35 4 35 0 35 3 
247 36 3.5 36 0 36 0 36 3 36 4 36 4 36 4 36 3 36 4 36 0 36 3 
250 37 4 37 0 37 0 37 3 37 4 37 4 37 4 37 3 37 4 37 0 37 4 
258 38 6 38 0 38 0 38 6 38 4 38 4 38 4 38 3 38 4 38 0 38 4 
259 39 5 39 0 39 0 39 6 39 5 39 4 39 4 39 3 39 4 39 0 39 4 
260 40 6 40 0 40 0 40 6 40 5 40 6 40 4 40 3 40 4 40 0 40 4 
263 41 5.66667 41 0 41 0 41 6 41 5 41 6 41 6 41 6 41 5 41 0 41 4 
265 42 6 42 0 42 0 42 6 42 5 42 6 42 6 42 6 42 5 42 0 42 6 
273 43 4 43 0 43 0 43 4 43 5 43 6 43 6 43 6 43 5 43 0 43 6 
275 44 3.5 44 0 44 0 44 4 44 4 44 3 44 6 44 6 44 5 44 0 44 6 
276 45 4 45 0 45 0 45 4 45 4 45 3 45 4 45 6 45 5 45 0 45 6 
278 46 5 46 0 46 0 46 4 46 4 46 3 46 4 46 4 46 6 46 0 46 6 
280 47 4 47 0 47 0 47 4 47 4 47 3 47 4 47 4 47 6 47 0 47 4 
289 48 3 48 0 48 0 48 4 48 3 48 3 48 4 48 4 48 6 48 0 48 4 
290 49 4 49 0 49 0 49 4 49 3 49 4 49 4 49 4 49 6 49 0 49 4 
291 50 3 50 0 50 0 50 4 50 3 50 4 50 3 50 4 50 6 50 0 50 4 
303 51 2.5 51 0 51 0 51 1 51 3 51 4 51 3 51 3 51 3 51 0 51 3 
305 52 2 52 0 52 0 52 1 52 3 52 2 52 3 52 3 52 3 52 0 52 3 
318 53 2.5 53 0 53 0 53 4 53 3 53 2 53 2 53 2 53 3 53 0 53 2 
320 54 4 54 0 54 0 54 4 54 3 54 4 54 2 54 2 54 3 54 0 54 2 
334 55 4.5 55 0 55 0 55 4 55 6 55 4 55 4 55 4 55 3 55 0 55 4 
335 56 3 56 0 56 0 56 4 56 6 56 3 56 4 56 4 56 3 56 0 56 4 
336 57 6 57 0 57 0 57 4 57 6 57 3 57 6 57 4 57 3 57 0 57 4 
349 58 5.6 58 0 58 0 58 6 58 4 58 3 58 6 58 6 58 6 58 0 58 6 
350 59 6 59 0 59 0 59 6 59 4 59 6 59 6 59 6 59 6 59 0 59 6 
351 60 3 60 0 60 0 60 6 60 4 60 6 60 3 60 6 60 6 60 0 60 6 
352 61 4 61 0 61 0 61 6 61 4 61 6 61 3 61 4 61 6 61 0 61 6 
355 62 3.5 62 0 62 0 62 6 62 4 62 6 62 3 62 4 62 4 62 0 62 3 
363 63 5 63 0 63 0 63 5 63 4 63 6 63 3 63 4 63 4 63 0 63 3 
378 64 3.75 64 0 64 0 64 0 64 4 64 5 64 5 64 4 64 4 64 0 64 5 
379 65 0 65 0 65 0 65 0 65 0 65 5 65 5 65 4 65 4 65 0 65 5 
440 66 0.2 66 0 66 0 66 0 66 0 66 1 66 0 66 0 66 0 66 0 66 0 
455 67 3 67 0 67 0 67 0 67 0 67 3 67 0 67 0 67 0 67 0 67 0 
460 68 2 68 0 68 0 68 0 68 0 68 3 68 0 68 0 68 0 68 0 68 2 
470 69 4 69 0 69 0 69 0 69 0 69 4 69 0 69 0 69 0 69 0 69 2 
475 70 3 70 0 70 0 70 0 70 0 70 4 70 0 70 0 70 0 70 0 70 3 
490 71 4 71 0 71 0 71 0 71 0 71 4 71 0 71 0 71 0 71 0 71 4 
502 72 2 72 0 72 0 72 0 72 0 72 4 72 0 72 2 72 0 72 0 72 4 
515 73 3 73 0 73 0 73 0 73 0 73 3 73 0 73 2 73 0 73 0 73 4 
517 74 4 74 0 74 0 74 0 74 0 74 3 74 0 74 4 74 0 74 0 74 4 
520 75 43 75 0 75 0 75 0 75 0 75 3 75 0 75 4 75 0 75 0 75 43 
530 76 4 76 0 76 0 76 0 76 0 76 4 76 0 76 4 76 0 76 0 76 43 
535 77 2 77 0 77 0 77 0 77 0 77 4 77 0 77 4 77 0 77 0 77 2 
542 78 6 78 0 78 6 78 0 78 0 78 4 78 0 78 4 78 0 78 0 78 2 
547 79 3 79 0 79 6 79 0 79 0 79 4 79 0 79 3 79 0 79 0 79 2 
550 80 0 80 0 80 6 80 0 80 0 80 4 80 0 80 3 80 0 80 0 80 0 
557 81 4 81 0 81 4 81 0 81 0 81 4 81 0 81 3 81 0 81 0 81 0 
560 82 0 82 0 82 4 82 0 82 0 82 0 82 0 82 3 82 0 82 0 82 0 
562 83 -16 83 0 83 4 83 0 83 0 83 0 83 0 83 -16 83 0 83 0 83 0 
572 84 16 84 0 84 16 84 0 84 0 84 0 84 0 84 -16 84 0 84 0 84 0 
576 85 2 85 0 85 16 85 0 85 0 85 0 85 2 85 -16 85 0 85 0 85 0 
577 86 -12 86 0 86 16 86 0 86 0 86 0 86 2 86 -12 86 0 86 0 86 0 
587 87 4 87 0 87 4 87 0 87 0 87 0 87 2 87 -12 87 0 87 0 87 0 
591 88 3 88 0 88 4 88 0 88 0 88 0 88 3 88 -12 88 0 88 0 88 0 
592 89 -17 89 0 89 4 89 0 89 0 89 0 89 3 89 -17 89 0 89 0 89 0 
602 90 8 90 0 90 8 90 0 90 0 90 0 90 3 90 -17 90 0 90 0 90 0 
606 91 6 91 0 91 8 91 0 91 0 91 0 91 6 91 -17 91 0 91 0 91 0 
607 92 -11 92 0 92 8 92 0 92 0 92 0 92 6 92 -11 92 0 92 0 92 0 
621 93 4 93 0 93 8 93 0 93 0 93 0 93 4 93 -11 93 0 93 0 93 0 
622 94 -4 94 0 94 8 94 0 94 0 94 0 94 4 94 -4 94 0 94 0 94 0 
632 95 12 95 0 95 12 95 0 95 0 95 0 95 4 95 -4 95 0 95 0 95 0 
647 96 1 96 0 96 1 96 0 96 0 96 0 96 4 96 -4 96 0 96 0 96 0 
651 97 3 97 0 97 1 97 0 97 0 97 0 97 3 97 -4 97 0 97 0 97 0 
662 98 4 98 0 98 4 98 0 98 0 98 0 98 3 98 -4 98 0 98 0 98 0 
667 99 -1 99 0 99 4 99 0 99 0 99 0 99 4 99 -6 99 0 99 0 99 0 
678 100 4 100 0 100 4 100 4 100 0 100 0 100 4 100 -6 100 0 100 0 100 0 
681 101 2 101 0 101 4 101 4 101 0 101 0 101 2 101 -6 101 0 101 0 101 0 
682 102 -4 102 0 102 4 102 4 102 0 102 0 102 2 102 -4 102 0 102 0 102 0 
692 103 6 103 0 103 6 103 4 103 0 103 0 103 2 103 -4 103 0 103 0 103 0 
696 104 0 104 0 104 6 104 4 104 0 104 0 104 0 104 -4 104 0 104 0 104 0 
697 105 -7 105 0 105 6 105 4 105 0 105 0 105 0 105 -7 105 0 105 0 105 0 
707 106 5 106 0 106 5 106 4 106 0 106 0 106 0 106 -7 106 0 106 0 106 0 
712 107 -3 107 0 107 5 107 4 107 0 107 0 107 0 107 -3 107 0 107 0 107 0 
722 108 0 108 0 108 0 108 4 108 0 108 0 108 0 108 -3 108 0 108 0 108 0 
723 109 3 109 0 109 0 109 3 109 0 109 0 109 0 109 -3 109 0 109 0 109 0 
727 110 -6 110 0 110 0 110 3 110 0 110 0 110 0 110 -6 110 0 110 0 110 0 
737 111 6 111 0 111 6 111 3 111 0 111 0 111 0 111 -6 111 0 111 0 111 0 
738 112 4 112 0 112 6 112 4 112 0 112 0 112 0 112 -6 112 0 112 0 112 0 
742 113 -4 113 0 113 6 113 4 113 0 113 0 113 0 113 -4 113 0 113 0 113 0 
752 114 4 114 0 114 4 114 4 114 0 114 0 114 0 114 -4 114 0 114 0 114 0 
757 115 -7 115 0 115 4 115 4 115 0 115 0 115 0 115 -7 115 0 115 0 115 0 
767 116 5 116 0 116 5 116 4 116 0 116 0 116 0 116 -7 116 0 116 0 116 0 
768 117 1 117 0 117 5 117 1 117 0 117 0 117 0 117 -7 117 0 117 0 117 0 
772 118 -4 118 0 118 5 118 1 118 0 118 0 118 0 118 -4 118 0 118 0 118 0 
782 119 4 119 0 119 4 119 1 119 0 119 0 119 0 119 -4 119 0 119 0 119 0 
783 120 0 120 0 120 4 120 0 120 0 120 0 120 0 120 -4 120 0 120 0 120 0 
797 121 1.5 121 0 121 3 121 0 121 0 121 0 121 0 121 0 121 0 121 0 121 0 
812 122 0 122 0 122 0 122 0 122 0 122 0 122 0 122 0 122 0 122 0 122 0 
863 123 2 123 0 123 0 123 0 123 0 123 0 123 0 123 0 123 2 123 0 123 0 
878 124 19 124 0 124 0 124 0 124 0 124 0 124 0 124 0 124 19 124 0 124 0 
893 125 4 125 0 125 0 125 0 125 0 125 0 125 0 125 0 125 4 125 0 125 0 
908 126 1 126 0 126 0 126 0 126 0 126 0 126 0 126 0 126 1 126 0 126 0 
923 127 0 127 0 127 0 127 0 127 0 127 0 127 0 127 0 127 0 127 0 127 0 
1082 128 3 128 0 128 3 128 0 128 0 128 0 128 0 128 0 128 0 128 0 128 0 
1097 129 6 129 0 129 6 129 0 129 0 129 0 129 0 129 0 129 0 129 0 129 0 
1112 130 4 130 0 130 4 130 0 130 0 130 0 130 0 130 0 130 0 130 0 130 0 
1127 131 5 131 0 131 5 131 0 131 0 131 0 131 0 131 0 131 0 131 0 131 0 
1142 132 4 132 0 132 4 132 0 132 0 132 0 132 0 132 0 132 0 132 0 132 0 
1157 133 1 133 0 133 1 133 0 133 0 133 0 133 0 133 0 133 0 133 0 133 0 
1172 134 0 134 0 134 0 134 0 134 0 134 0 134 0 134 0 134 0 134 0 134 0 
1192 135 7 135 0 135 0 135 0 135 0 135 0 135 0 135 7 135 0 135 0 135 0 
1207 136 3 136 0 136 0 136 0 136 0 136 0 136 0 136 3 136 0 136 0 136 0 
1222 137 16 137 0 137 0 137 0 137 0 137 0 137 0 137 16 137 0 137 0 137 0 
1237 138 2 138 0 138 0 138 0 138 0 138 0 138 0 138 2 138 0 138 0 138 0 
1252 139 9 139 0 139 0 139 0 139 0 139 0 139 0 139 9 139 0 139 0 139 0 
1267 140 7 140 0 140 0 140 0 140 0 140 0 140 0 140 7 140 0 140 0 140 0 
1282 141 12 141 0 141 0 141 0 141 0 141 0 141 0 141 12 141 0 141 0 141 0 
1291 142 1 142 1 142 0 142 0 142 0 142 0 142 0 142 12 142 0 142 0 142 0 
1297 143 2 143 1 143 0 143 0 143 0 143 0 143 0 143 2 143 0 143 0 143 0 
1306 144 4 144 4 144 0 144 0 144 0 144 0 144 0 144 2 144 0 144 0 144 0 
1327 145 3 145 4 145 0 145 0 145 0 145 0 145 0 145 3 145 0 145 0 145 0 
1342 146 6 146 4 146 0 146 0 146 0 146 0 146 0 146 6 146 0 146 0 146 0 
1351 147 3 147 3 147 0 147 0 147 0 147 0 147 0 147 6 147 0 147 0 147 0 
1357 148 5 148 3 148 0 148 0 148 0 148 0 148 0 148 5 148 0 148 0 148 0 
1366 149 4 149 4 149 0 149 0 149 0 149 0 149 0 149 5 149 0 149 0 149 0 
1372 150 1 150 4 150 0 150 0 150 0 150 0 150 0 150 1 150 0 150 0 150 0 
1387 151 3 151 4 151 0 151 0 151 0 151 0 151 0 151 3 151 0 151 0 151 0 
1396 152 6 152 6 152 0 152 0 152 0 152 0 152 0 152 3 152 0 152 0 152 0 
1411 153 4.5 153 3 153 0 153 0 153 0 153 0 153 0 153 6 153 0 153 0 153 0 
1426 154 4 154 4 154 0 154 0 154 0 154 0 154 0 154 6 154 0 154 0 154 0 
1435 155 2 155 4 155 0 155 0 155 0 155 0 155 0 155 6 155 0 155 0 155 2 
1447 156 0 156 4 156 0 156 0 156 0 156 0 156 0 156 0 156 0 156 0 156 2 
1450 157 4 157 4 157 0 157 0 157 0 157 0 157 0 157 0 157 0 157 0 157 4 
1465 158 15 158 4 158 0 158 0 158 0 158 0 158 0 158 0 158 0 158 0 158 15 
1471 159 3 159 3 159 0 159 0 159 0 159 0 159 0 159 0 159 0 159 0 159 15 
1480 160 4 160 3 160 0 160 0 160 0 160 0 160 0 160 0 160 0 160 0 160 4 
1495 161 3.5 161 4 161 0 161 0 161 0 161 0 161 0 161 0 161 0 161 0 161 3 
1510 162 4 162 4 162 0 162 0 162 0 162 0 162 0 162 0 162 0 162 0 162 4 
1516 163 0 163 0 163 0 163 0 163 0 163 0 163 0 163 0 163 0 163 0 163 4 
1525 164 3 164 0 164 0 164 0 164 0 164 0 164 0 164 0 164 0 164 0 164 3 
1540 165 0 165 0 165 0 165 0 165 0 165 0 165 0 165 0 165 0 165 0 165 0 
1881 166 14 166 0 166 0 166 0 166 0 166 0 166 14 166 0 166 0 166 0 166 0 
1896 167 4 167 0 167 0 167 0 167 0 167 0 167 4 167 0 167 0 167 0 167 0 
1911 168 3 168 0 168 0 168 0 168 0 168 0 168 3 168 0 168 0 168 0 168 0 
1926 169 4 169 0 169 0 169 0 169 0 169 0 169 4 169 0 169 0 169 0 169 0 
1941 170 15 170 0 170 0 170 0 170 0 170 0 170 15 170 0 170 0 170 0 170 0 
1956 171 1 171 0 171 0 171 0 171 0 171 0 171 1 171 0 171 0 171 0 171 0 
1971 172 0 172 0 172 0 172 0 172 0 172 0 172 0 172 0 172 0 172 0 172 0 
2075 173 1 173 0 173 0 173 0 173 0 173 1 173 0 173 0 173 0 173 0 173 0 
2090 174 4 174 0 174 0 174 0 174 0 174 4 174 0 174 0 174 0 174 0 174 0 
2104 175 16 175 0 175 0 175 0 175 16 175 4 175 0 175 0 175 0 175 0 175 0 
2105 176 15 176 0 176 0 176 0 176 16 176 15 176 0 176 0 176 0 176 0 176 0 
2119 177 3 177 0 177 0 177 0 177 3 177 15 177 0 177 0 177 0 177 0 177 0 
2120 178 6 178 0 178 0 178 0 178 3 178 6 178 0 178 0 178 0 178 0 178 0 
2134 179 4 179 0 179 0 179 0 179 4 179 6 179 0 179 0 179 0 179 0 179 0 
2135 180 3 180 0 180 0 180 0 180 4 180 3 180 0 180 0 180 0 180 0 180 0 
2136 181 2 181 0 181 0 181 0 181 4 181 3 181 2 181 0 181 0 181 0 181 0 
2150 182 4 182 0 182 0 182 0 182 4 182 4 182 2 182 0 182 0 182 0 182 0 
2151 183 3 183 0 183 0 183 0 183 4 183 4 183 3 183 0 183 0 183 0 183 0 
2166 184 4 184 0 184 0 184 0 184 4 184 4 184 4 184 0 184 0 184 0 184 0 
2179 185 3 185 0 185 0 185 0 185 3 185 4 185 4 185 0 185 0 185 0 185 0 
2180 186 2 186 0 186 0 186 0 186 3 186 2 186 4 186 0 186 0 186 0 186 0 
2181 187 19 187 0 187 0 187 0 187 3 187 2 187 19 187 0 187 0 187 0 187 0 
2194 188 1 188 0 188 0 188 0 188 1 188 2 188 19 188 0 188 0 188 0 188 0 
2195 189 0 189 0 189 0 189 0 189 1 189 0 189 19 189 0 189 0 189 0 189 0 
2196 190 4 190 0 190 0 190 0 190 1 190 0 190 4 190 0 190 0 190 0 190 0 
2209 191 0 191 0 191 0 191 0 191 0 191 0 191 4 191 0 191 0 191 0 191 0 
2211 192 1 192 0 192 0 192 0 192 0 192 0 192 1 192 0 192 0 192 0 192 0 
2225 193 5 193 0 193 0 193 0 193 0 193 5 193 1 193 0 193 0 193 0 193 0 
2226 194 0 194 0 194 0 194 0 194 0 194 5 194 0 194 0 194 0 194 0 194 0 
2240 195 4 195 0 195 0 195 0 195 0 195 4 195 0 195 0 195 0 195 0 195 0 
2255 196 3 196 0 196 0 196 0 196 0 196 3 196 0 196 0 196 0 196 0 196 0 
2270 197 4 197 0 197 0 197 0 197 0 197 4 197 0 197 0 197 0 197 0 197 0 
2315 198 3 198 0 198 0 198 0 198 0 198 3 198 0 198 0 198 0 198 0 198 0 
2345 199 0 199 0 199 0 199 0 199 0 199 0 199 0 199 0 199 0 199 0 199 0 
2707 200 3 200 0 200 0 200 0 200 0 200 0 200 0 200 3 200 0 200 0 200 0 
2722 201 4 201 0 201 0 201 0 201 0 201 0 201 0 201 4 201 0 201 0 201 0 
2767 202 3 202 0 202 0 202 0 202 0 202 0 202 0 202 3 202 0 202 0 202 0 
2782 203 4 203 0 203 0 203 0 203 0 203 0 203 0 203 4 203 0 203 0 203 0 
2827 204 3 204 0 204 0 204 0 204 0 204 0 204 0 204 3 204 0 204 0 204 0 
2842 205 6 205 0 205 0 205 0 205 0 205 0 205 0 205 6 205 0 205 0 205 0 
2857 206 0 206 0 206 0 206 0 206 0 206 0 206 0 206 0 206 0 206 0 206 0 
2995 207 1 207 0 207 0 207 0 207 0 207 0 207 0 207 0 207 0 207 0 207 1 
3010 208 4 208 0 208 0 208 0 208 0 208 0 208 0 208 0 208 0 208 0 208 4 
3025 209 6 209 0 209 0 209 0 209 0 209 0 209 0 209 0 209 0 209 0 209 6 
3040 210 4 210 0 210 0 210 0 210 0 210 0 210 0 210 0 210 0 210 0 210 4 
3055 211 3 211 0 211 0 211 0 211 0 211 0 211 0 211 0 211 0 211 0 211 3 
3070 212 3.5 212 0 212 3 212 0 212 0 212 0 212 0 212 0 212 0 212 0 212 4 
3077 213 4 213 0 213 4 213 0 213 0 213 0 213 0 213 0 213 0 213 0 213 4 
3107 214 3 214 0 214 3 214 0 214 0 214 0 214 0 214 0 214 0 214 0 214 4 
3122 215 29 215 0 215 55 215 0 215 0 215 0 215 0 215 0 215 0 215 0 215 3 
3130 216 4 216 0 216 55 216 0 216 0 216 0 216 0 216 0 216 0 216 0 216 4 
3137 217 2 217 0 217 2 217 0 217 0 217 0 217 0 217 0 217 0 217 0 217 4 
3152 218 0 218 0 218 0 218 0 218 0 218 0 218 0 218 0 218 0 218 0 218 4 
3160 219 6 219 0 219 0 219 0 219 0 219 0 219 0 219 0 219 0 219 0 219 6 
3175 220 3 220 0 220 0 220 0 220 0 220 0 220 0 220 0 220 0 220 0 220 3 
3205 221 0 221 0 221 0 221 0 221 0 221 0 221 0 221 0 221 0 221 0 221 0 
3682 222 2 222 0 222 0 222 0 222 0 222 0 222 0 222 2 222 0 222 0 222 0 
3697 223 4 223 0 223 0 223 0 223 0 223 0 223 0 223 4 223 0 223 0 223 0 
3727 224 3 224 0 224 0 224 0 224 0 224 0 224 0 224 3 224 0 224 0 224 0 
3742 225 4 225 0 225 0 225 0 225 0 225 0 225 0 225 4 225 0 225 0 225 0 
3757 226 15 226 0 226 0 226 0 226 0 226 0 226 0 226 15 226 0 226 0 226 0 
3772 227 4 227 0 227 0 227 0 227 0 227 0 227 0 227 4 227 0 227 0 227 0 
3787 228 0 228 0 228 0 228 0 228 0 228 0 228 0 228 0 228 0 228 0 228 0 
4204 229 1 229 0 229 0 229 0 229 1 229 0 229 0 229 0 229 0 229 0 229 0 
4219 230 2 230 0 230 1 230 0 230 3 230 0 230 0 230 0 230 0 230 0 230 0 
4232 231 4 231 0 231 4 231 0 231 3 231 0 231 0 231 0 231 0 231 0 231 0 
4247 232 3.5 232 0 232 3 232 0 232 4 232 0 232 0 232 0 232 0 232 0 232 0 
4262 233 43 233 0 233 43 233 0 233 4 233 0 233 0 233 0 233 0 233 0 233 0 
4277 234 4 234 0 234 4 234 0 234 4 234 0 234 0 234 0 234 0 234 0 234 0 
4279 235 3 235 0 235 4 235 0 235 3 235 0 235 0 235 0 235 0 235 0 235 0 
4292 236 0 236 0 236 0 236 0 236 3 236 0 236 0 236 0 236 0 236 0 236 0 
4294 237 4 237 0 237 0 237 0 237 4 237 0 237 0 237 0 237 0 237 0 237 0 
4339 238 0 238 0 238 0 238 0 238 0 238 0 238 0 238 0 238 0 238 0 238 0 
4372 239 3 239 0 239 0 239 0 239 0 239 0 239 0 239 3 239 0 239 0 239 0 
4402 240 4 240 0 240 0 240 0 240 0 240 0 240 0 240 4 240 0 240 0 240 0 
4447 241 14 241 0 241 0 241 0 241 0 241 0 241 0 241 14 241 0 241 0 241 0 
4462 242 6 242 0 242 0 242 0 242 0 242 0 242 0 242 6 242 0 242 0 242 0 
4477 243 0 243 0 243 0 243 0 243 0 243 0 243 0 243 0 243 0 243 0 243 0 
5043 244 3 244 0 244 0 244 3 244 0 244 0 244 0 244 0 244 0 244 0 244 0 
5058 245 83 245 0 245 0 245 83 245 0 245 0 245 0 245 0 245 0 245 0 245 0 
5073 246 4 246 0 246 0 246 4 246 0 246 0 246 0 246 0 246 0 246 0 246 0 
5103 247 3 247 0 247 0 247 3 247 0 247 0 247 0 247 0 247 0 247 0 247 0 
5118 248 0 248 0 248 0 248 0 248 0 248 0 248 0 248 0 248 0 248 0 248 0 
5963 249 3 249 0 249 0 249 0 249 0 249 0 249 0 249 0 249 3 249 0 249 0 
5978 250 4 250 0 250 0 250 0 250 0 250 0 250 0 250 0 250 4 250 0 250 0 
6023 251 3 251 0 251 0 251 0 251 0 251 0 251 0 251 0 251 3 251 0 251 0 
6038 252 4 252 0 252 0 252 0 252 0 252 0 252 0 252 0 252 4 252 0 252 0 
6053 253 6 253 0 253 0 253 0 253 0 253 0 253 0 253 0 253 6 253 0 253 0 
6068 254 15 254 0 254 0 254 0 254 0 254 0 254 0 254 0 254 15 254 0 254 0 
6083 255 3 255 0 255 0 255 0 255 0 255 0 255 0 255 0 255 3 255 0 255 0 
6098 256 1 256 0 256 0 256 0 256 0 256 0 256 0 256 0 256 1 256 0 256 0 
6113 257 0 257 0 257 0 257 0 257 0 257 0 257 0 257 0 257 0 257 0 257 0 
6158 258 3 258 0 258 0 258 0 258 0 258 0 258 0 258 0 258 3 258 0 258 0 
6173 259 4 259 0 259 0 259 0 259 0 259 0 259 0 259 0 259 4 259 0 259 0 
6188 260 1 260 0 260 0 260 0 260 0 260 0 260 0 260 0 260 1 260 0 260 0 
6203 261 0 261 0 261 0 261 0 261 0 261 0 261 0 261 0 261 0 261 0 261 0 
6243 262 2 262 0 262 0 262 2 262 0 262 0 262 0 262 0 262 0 262 0 262 0 
6258 263 4 263 0 263 0 263 4 263 0 263 0 263 0 263 0 263 0 263 0 263 0 
6303 264 26 264 0 264 0 264 26 264 0 264 0 264 0 264 0 264 0 264 0 264 0 
6318 265 4 265 0 265 0 265 4 265 0 265 0 265 0 265 0 265 0 265 0 265 0 
6333 266 3 266 0 266 0 266 3 266 0 266 0 266 0 266 0 266 0 266 0 266 0 
6348 267 0 267 0 267 0 267 0 267 0 267 0 267 0 267 0 267 0 267 0 267 0 
7086 268 8 268 0 268 0 268 0 268 0 268 0 268 8 268 0 268 0 268 0 268 0 
7116 269 12 269 0 269 0 269 0 269 0 269 0 269 12 269 0 269 0 269 0 269 0 
7131 270 6 270 0 270 0 270 0 270 0 270 0 270 6 270 0 270 0 270 0 270 0 
7146 271 4 271 0 271 0 271 0 271 0 271 0 271 4 271 0 271 0 271 0 271 0 
7161 272 16 272 0 272 0 272 0 272 0 272 0 272 16 272 0 272 0 272 0 272 0 
7176 273 2 273 0 273 0 273 0 273 0 273 0 273 2 273 0 273 0 273 0 273 0 
7191 274 5 274 0 274 0 274 0 274 0 274 0 274 5 274 0 274 0 274 0 274 0 
7206 275 4 275 0 275 0 275 0 275 0 275 0 275 4 275 0 275 0 275 0 275 0 
7221 276 6 276 0 276 0 276 0 276 0 276 0 276 6 276 0 276 0 276 0 276 0 
7236 277 4 277 0 277 0 277 0 277 0 277 0 277 4 277 0 277 0 277 0 277 0 
7251 278 3 278 0 278 0 278 0 278 0 278 0 278 3 278 0 278 0 278 0 278 0 
7266 279 2 279 0 279 0 279 0 279 0 279 0 279 2 279 0 279 0 279 0 279 0 
7281 280 4 280 0 280 0 280 0 280 0 280 0 280 4 280 0 280 0 280 0 280 0 
7296 281 6 281 0 281 0 281 0 281 0 281 0 281 6 281 0 281 0 281 0 281 0 
7311 282 3 282 0 282 0 282 0 282 0 282 0 282 3 282 0 282 0 282 0 282 0 
7326 283 5 283 0 283 0 283 0 283 0 283 0 283 5 283 0 283 0 283 0 283 0 
7341 284 0 284 0 284 0 284 0 284 0 284 0 284 0 284 0 284 0 284 0 284 0 
8346 285 51 285 0 285 0 285 0 285 0 285 0 285 51 285 0 285 0 285 0 285 0 
8361 286 4 286 0 286 0 286 0 286 0 286 0 286 4 286 0 286 0 286 0 286 0 
8391 287 3 287 0 287 0 287 0 287 0 287 0 287 3 287 0 287 0 287 0 287 0 
8406 288 2 288 0 288 0 288 0 288 0 288 0 288 2 288 0 288 0 288 0 288 0 
8421 289 0 289 0 289 0 289 0 289 0 289 0 289 0 289 0 289 0 289 0 289 0 
10431 290 3 290 0 290 0 290 0 290 0 290 0 290 3 290 0 290 0 290 0 290 0 
10446 291 4 291 0 291 0 291 0 291 0 291 0 291 4 291 0 291 0 291 0 291 0 
10476 292 19 292 0 292 0 292 0 292 0 292 0 292 19 292 0 292 0 292 0 292 0 
10491 293 3 293 0 293 0 293 0 293 0 293 0 293 3 293 0 293 0 293 0 293 0 
10506 294 6 294 0 294 0 294 0 294 0 294 0 294 6 294 0 294 0 294 0 294 0 
10521 295 4 295 0 295 0 295 0 295 0 295 0 295 4 295 0 295 0 295 0 295 0 
10551 296 3 296 0 296 0 296 0 296 0 296 0 296 3 296 0 296 0 296 0 296 0 
10566 297 6 297 0 297 0 297 0 297 0 297 0 297 6 297 0 297 0 297 0 297 0 
10581 298 0 298 0 298 0 298 0 298 0 298 0 298 0 298 0 298 0 298 0 298 0 
10776 299 1 299 0 299 0 299 0 299 0 299 0 299 1 299 0 299 0 299 0 299 0 
10791 300 3 300 0 300 0 300 0 300 0 300 0 300 3 300 0 300 0 300 0 300 0 
10806 301 4 301 0 301 0 301 0 301 0 301 0 301 4 301 0 301 0 301 0 301 0 
10821 302 6 302 0 302 0 302 0 302 0 302 0 302 6 302 0 302 0 302 0 302 0 
10836 303 4 303 0 303 0 303 0 303 0 303 0 303 4 303 0 303 0 303 0 303 0 
10851 304 3 304 0 304 0 304 0 304 0 304 0 304 3 304 0 304 0 304 0 304 0 
10866 305 15 305 0 305 0 305 0 305 0 305 0 305 15 305 0 305 0 305 0 305 0 
10881 306 6 306 0 306 0 306 0 306 0 306 0 306 6 306 0 306 0 306 0 306 0 
10896 307 2 307 0 307 0 307 0 307 0 307 0 307 2 307 0 307 0 307 0 307 0 
10911 308 0 308 0 308 0 308 0 308 0 308 0 308 0 308 0 308 0 308 0 308 0 
15775 309 7 309 0 309 0 309 0 309 0 309 0 309 0 309 0 309 0 309 0 309 7 
15790 310 6 310 0 310 0 310 0 310 0 310 0 310 0 310 0 310 0 310 0 310 6 
15805 311 14 311 0 311 0 311 0 311 0 311 0 311 0 311 0 311 0 311 0 311 14 
15820 312 7 312 0 312 0 312 0 312 0 312 0 312 0 312 0 312 0 312 0 312 7 
15835 313 3 313 0 313 0 313 0 313 0 313 0 313 0 313 0 313 0 313 0 313 3 
15850 314 12 314 0 314 0 314 0 314 0 314 0 314 0 314 0 314 0 314 0 314 12 
15865 315 7 315 0 315 0 315 0 315 0 315 0 315 0 315 0 315 0 315 0 315 7 
15880 316 3 316 0 316 0 316 0 316 0 316 0 316 0 316 0 316 0 316 0 316 3 
15910 317 6 317 0 317 0 317 0 317 0 317 0 317 0 317 0 317 0 317 0 317 6 
15925 318 4 318 0 318 0 318 0 318 0 318 0 318 0 318 0 318 0 318 0 318 4 
15955 319 1 319 0 319 0 319 0 319 0 319 0 319 0 319 0 319 0 319 0 319 1 
15970 320 6 320 0 320 0 320 0 320 0 320 0 320 0 320 0 320 0 320 0 320 6 
15985 321 4 321 0 321 0 321 0 321 0 321 0 321 0 321 0 321 0 321 0 321 4 
16000 322 8 322 0 322 0 322 0 322 0 322 0 322 0 322 0 322 0 322 0 322 8 
16015 323 5 323 0 323 0 323 0 323 0 323 0 323 0 323 0 323 0 323 0 323 5 
16030 324 0 324 0 324 0 324 0 324 0 324 0 324 0 324 0 324 0 324 0 324 0 
16120 325 3 325 0 325 0 325 0 325 0 325 0 325 0 325 0 325 0 325 0 325 3 
16150 326 4 326 0 326 0 326 0 326 0 326 0 326 0 326 0 326 0 326 0 326 4 
16195 327 3 327 0 327 0 327 0 327 0 327 0 327 0 327 0 327 0 327 0 327 3 
16210 328 4 328 0 328 0 328 0 328 0 328 0 328 0 328 0 328 0 328 0 328 4 
16225 329 0 329 0 329 0 329 0 329 0 329 0 329 0 329 0 329 0 329 0 329 0 
17035 330 3 330 0 330 0 330 0 330 0 330 0 330 0 330 0 330 0 330 0 330 3 
17050 331 4 331 0 331 0 331 0 331 0 331 0 331 0 331 0 331 0 331 0 331 4 
17095 332 3 332 0 332 0 332 0 332 0 332 0 332 0 332 0 332 0 332 0 332 3 
17110 333 4 333 0 333 0 333 0 333 0 333 0 333 0 333 0 333 0 333 0 333 4 
17155 334 1 334 0 334 0 334 0 334 0 334 0 334 0 334 0 334 0 334 0 334 1 
17162 335 8 335 0 335 8 335 0 335 0 335 0 335 0 335 0 335 0 335 0 335 1 
17170 336 0 336 0 336 8 336 0 336 0 336 0 336 0 336 0 336 0 336 0 336 0 
17177 337 10 337 0 337 10 337 0 337 0 337 0 337 0 337 0 337 0 337 0 337 0 
17192 338 12 338 0 338 12 338 0 338 0 338 0 338 0 338 0 338 0 338 0 338 0 
17207 339 6 339 0 339 6 339 0 339 0 339 0 339 0 339 0 339 0 339 0 339 0 
17222 340 4 340 0 340 4 340 0 340 0 340 0 340 0 340 0 340 0 340 0 340 0 
17237 341 16 341 0 341 16 341 0 341 0 341 0 341 0 341 0 341 0 341 0 341 0 
17252 342 2 342 0 342 2 342 0 342 0 342 0 342 0 342 0 342 0 342 0 342 0 
17267 343 3 343 0 343 3 343 0 343 0 343 0 343 0 343 0 343 0 343 0 343 0 
17282 344 4 344 0 344 4 344 0 344 0 344 0 344 0 344 0 344 0 344 0 344 0 
17297 345 6 345 0 345 6 345 0 345 0 345 0 345 0 345 0 345 0 345 0 345 0 
17312 346 4 346 0 346 4 346 0 346 0 346 0 346 0 346 0 346 0 346 0 346 0 
17327 347 3 347 0 347 3 347 0 347 0 347 0 347 0 347 0 347 0 347 0 347 0 
17342 348 2 348 0 348 2 348 0 348 0 348 0 348 0 348 0 348 0 348 0 348 0 
17357 349 4 349 0 349 4 349 0 349 0 349 0 349 0 349 0 349 0 349 0 349 0 
17372 350 6 350 0 350 6 350 0 350 0 350 0 350 0 350 0 350 0 350 0 350 0 
17387 351 3 351 0 351 3 351 0 351 0 351 0 351 0 351 0 351 0 351 0 351 0 
17402 352 5 352 0 352 5 352 0 352 0 352 0 352 0 352 0 352 0 352 0 352 0 
17417 353 0 353 0 353 0 353 0 353 0 353 0 353 0 353 0 353 0 353 0 353 0 
18144 354 9 354 0 354 0 354 0 354 0 354 0 354 0 354 0 354 0 354 9 354 0 
18159 355 7 355 0 355 0 355 0 355 0 355 0 355 0 355 0 355 0 355 7 355 0 
18174 356 12 356 0 356 0 356 0 356 0 356 0 356 0 356 0 356 0 356 12 356 0 
18189 357 7 357 0 357 0 357 0 357 0 357 0 357 0 357 0 357 0 357 7 357 0 
18204 358 6 358 0 358 0 358 0 358 0 358 0 358 0 358 0 358 0 358 6 358 0 
18219 359 13 359 0 359 0 359 0 359 0 359 0 359 0 359 0 359 0 359 13 359 0 
18234 360 2 360 0 360 0 360 0 360 0 360 0 360 0 360 0 360 0 360 2 360 0 
18249 361 4 361 0 361 0 361 0 361 0 361 0 361 0 361 0 361 0 361 4 361 0 
18279 362 5 362 0 362 0 362 0 362 0 362 0 362 0 362 0 362 0 362 5 362 0 
18294 363 4 363 0 363 0 363 0 363 0 363 0 363 0 363 0 363 0 363 4 363 0 
18309 364 3 364 0 364 0 364 0 364 0 364 0 364 0 364 0 364 0 364 3 364 0 
18340 365 2 365 0 365 0 365 0 365 0 365 0 365 0 365 0 365 0 365 3 365 2 
18354 366 6 366 0 366 0 366 0 366 0 366 0 366 0 366 0 366 0 366 6 366 2 
18355 367 3 367 0 367 0 367 0 367 0 367 0 367 0 367 0 367 0 367 6 367 3 
18369 368 4 368 0 368 0 368 0 368 0 368 0 368 0 368 0 368 0 368 4 368 3 
18370 369 35 369 0 369 0 369 0 369 0 369 0 369 0 369 0 369 0 369 4 369 35 
18385 370 4 370 0 370 0 370 0 370 0 370 0 370 0 370 0 370 0 370 4 370 4 
18399 371 0 371 0 371 0 371 0 371 0 371 0 371 0 371 0 371 0 371 0 371 4 
18415 372 5 372 0 372 0 372 0 372 0 372 0 372 0 372 0 372 0 372 0 372 5 
18430 373 2 373 0 373 0 373 0 373 0 373 0 373 0 373 0 373 0 373 0 373 2 
18445 374 0 374 0 374 0 374 0 374 0 374 0 374 0 374 0 374 0 374 0 374 0 
18452 375 4 375 0 375 4 375 0 375 0 375 0 375 0 375 0 375 0 375 0 375 0 
18467 376 3 376 0 376 3 376 0 376 0 376 0 376 0 376 0 376 0 376 0 376 0 
18482 377 4 377 0 377 4 377 0 377 0 377 0 377 0 377 0 377 0 377 0 377 0 
18527 378 3 378 0 378 3 378 0 378 0 378 0 378 0 378 0 378 0 378 0 378 0 
18542 379 4 379 0 379 4 379 0 379 0 379 0 379 0 379 0 379 0 379 0 379 0 
18572 380 0 380 0 380 0 380 0 380 0 380 0 380 0 380 0 380 0 380 0 380 0 
18862 381 7 381 0 381 0 381 0 381 0 381 0 381 0 381 7 381 0 381 0 381 0 
18877 382 6 382 0 382 0 382 0 382 0 382 0 382 0 382 6 382 0 382 0 382 0 
18892 383 14 383 0 383 0 383 0 383 0 383 0 383 0 383 14 383 0 383 0 383 0 
18907 384 1 384 0 384 0 384 0 384 0 384 0 384 0 384 1 384 0 384 0 384 0 
18922 385 9 385 0 385 0 385 0 385 0 385 0 385 0 385 9 385 0 385 0 385 0 
18937 386 12 386 0 386 0 386 0 386 0 386 0 386 0 386 12 386 0 386 0 386 0 
18952 387 7 387 0 387 0 387 0 387 0 387 0 387 0 387 7 387 0 387 0 387 0 
18967 388 2 388 0 388 0 388 0 388 0 388 0 388 0 388 2 388 0 388 0 388 0 
18982 389 4 389 0 389 0 389 0 389 0 389 0 389 0 389 4 389 0 389 0 389 0 
18997 390 6 390 0 390 0 390 0 390 0 390 0 390 0 390 6 390 0 390 0 390 0 
19012 391 4 391 0 391 0 391 0 391 0 391 0 391 0 391 4 391 0 391 0 391 0 
19042 392 1 392 0 392 0 392 0 392 0 392 0 392 0 392 1 392 0 392 0 392 0 
19057 393 4 393 0 393 0 393 0 393 0 393 0 393 0 393 4 393 0 393 0 393 0 
19087 394 5 394 0 394 0 394 0 394 0 394 0 394 0 394 5 394 0 394 0 394 0 
19102 395 6 395 0 395 0 395 0 395 0 395 0 395 0 395 6 395 0 395 0 395 0 
19117 396 0 396 0 396 0 396 0 396 0 396 0 396 0 396 0 396 0 396 0 396 0 
19313 397 9 397 0 397 0 397 0 397 0 397 0 397 0 397 0 397 9 397 0 397 0 
19328 398 12 398 0 398 0 398 0 398 0 398 0 398 0 398 0 398 12 398 0 398 0 
19343 399 7 399 0 399 0 399 0 399 0 399 0 399 0 399 0 399 7 399 0 399 0 
19358 400 0 400 0 400 0 400 0 400 0 400 0 400 0 400 0 400 0 400 0 400 0 
19373 401 7 401 0 401 0 401 0 401 0 401 0 401 0 401 0 401 7 401 0 401 0 
19388 402 6 402 0 402 0 402 0 402 0 402 0 402 0 402 0 402 6 402 0 402 0 
19403 403 13 403 0 403 0 403 0 403 0 403 0 403 0 403 0 403 13 403 0 403 0 
19418 404 4 404 0 404 0 404 0 404 0 404 0 404 0 404 0 404 4 404 0 404 0 
19463 405 5 405 0 405 0 405 0 405 0 405 0 405 0 405 0 405 5 405 0 405 0 
19478 406 4 406 0 406 0 406 0 406 0 406 0 406 0 406 0 406 4 406 0 406 0 
19493 407 3 407 0 407 0 407 0 407 0 407 0 407 0 407 0 407 3 407 0 407 0 
19538 408 6 408 0 408 0 408 0 408 0 408 0 408 0 408 0 408 6 408 0 408 0 
19553 409 4 409 0 409 0 409 0 409 0 409 0 409 0 409 0 409 4 409 0 409 0 
19583 410 0 410 0 410 0 410 0 410 0 410 0 410 0 410 0 410 0 410 0 410 0 
19912 411 1 411 0 411 0 411 0 411 0 411 0 411 0 411 1 411 0 411 0 411 0 
19927 412 3 412 0 412 0 412 0 412 0 412 0 412 0 412 3 412 0 412 0 412 0 
19942 413 15 413 0 413 0 413 0 413 0 413 0 413 0 413 15 413 0 413 0 413 0 
19957 414 4 414 0 414 0 414 0 414 0 414 0 414 0 414 4 414 0 414 0 414 0 
19972 415 6 415 0 415 0 415 0 415 0 415 0 415 0 415 6 415 0 415 0 415 0 
19987 416 2 416 0 416 0 416 0 416 0 416 0 416 0 416 2 416 0 416 0 416 0 
20002 417 0 417 0 417 0 417 0 417 0 417 0 417 0 417 0 417 0 417 0 417 0 
20702 418 2 418 0 418 2 418 0 418 0 418 0 418 0 418 0 418 0 418 0 418 0 
20717 419 4 419 0 419 4 419 0 419 0 419 0 419 0 419 0 419 0 419 0 419 0 
20732 420 71 420 0 420 71 420 0 420 0 420 0 420 0 420 0 420 0 420 0 420 0 
20747 421 5 421 0 421 5 421 0 421 0 421 0 421 0 421 0 421 0 421 0 421 0 
20762 422 4 422 0 422 4 422 0 422 0 422 0 422 0 422 0 422 0 422 0 422 0 
20777 423 2 423 0 423 2 423 0 423 0 423 0 423 0 423 0 423 0 423 0 423 0 
20792 424 0 424 0 424 0 424 0 424 0 424 0 424 0 424 0 424 0 424 0 424 0 
21094 425 -17 425 0 425 0 425 0 425 -17 425 0 425 0 425 0 425 0 425 0 425 0 
21124 426 -20 426 0 426 0 426 0 426 -20 426 0 426 0 426 0 426 0 426 0 426 0 
21129 427 3 427 0 427 0 427 0 427 -20 427 0 427 0 427 0 427 0 427 3 427 0 
21139 428 -14 428 0 428 0 428 0 428 -14 428 0 428 0 428 0 428 0 428 3 428 0 
21144 429 4 429 0 429 0 429 0 429 -14 429 0 429 0 429 0 429 0 429 4 429 0 
21154 430 -4 430 0 430 0 430 0 430 -4 430 0 430 0 430 0 430 0 430 4 430 0 
21159 431 3 431 0 431 0 431 0 431 -4 431 0 431 0 431 0 431 0 431 3 431 0 
21174 432 4 432 0 432 0 432 0 432 -4 432 0 432 0 432 0 432 0 432 4 432 0 
21199 433 -3 433 0 433 0 433 0 433 -3 433 0 433 0 433 0 433 0 433 4 433 0 
21201 434 9 434 0 434 0 434 0 434 -3 434 0 434 9 434 0 434 0 434 4 434 0 
21214 435 -4 435 0 435 0 435 0 435 -4 435 0 435 9 435 0 435 0 435 4 435 0 
21216 436 12 436 0 436 0 436 0 436 -4 436 0 436 12 436 0 436 0 436 4 436 0 
21219 437 18 437 0 437 0 437 0 437 -4 437 0 437 12 437 0 437 0 437 18 437 0 
21229 438 -7 438 0 438 0 438 0 438 -7 438 0 438 12 438 0 438 0 438 18 438 0 
21231 439 7 439 0 439 0 439 0 439 -7 439 0 439 7 439 0 439 0 439 18 439 0 
21234 440 4 440 0 440 0 440 0 440 -7 440 0 440 7 440 0 440 0 440 4 440 0 
21244 441 -4 441 0 441 0 441 0 441 -4 441 0 441 7 441 0 441 0 441 4 441 0 
21259 442 -6 442 0 442 0 442 0 442 -6 442 0 442 7 442 0 442 0 442 4 442 0 
21261 443 6 443 0 443 0 443 0 443 -6 443 0 443 6 443 0 443 0 443 4 443 0 
21274 444 -4 444 0 444 0 444 0 444 -4 444 0 444 6 444 0 444 0 444 4 444 0 
21276 445 14 445 0 445 0 445 0 445 -4 445 0 445 14 445 0 445 0 445 4 445 0 
21279 446 1 446 0 446 0 446 0 446 -4 446 0 446 14 446 0 446 0 446 1 446 0 
21306 447 4 447 0 447 0 447 0 447 -4 447 0 447 4 447 0 447 0 447 1 447 0 
21319 448 0.5 448 0 448 0 448 0 448 -3 448 0 448 4 448 0 448 0 448 4 448 0 
21321 449 6 449 0 449 0 449 0 449 -3 449 0 449 6 449 0 449 0 449 4 449 0 
21334 450 -4 450 0 450 0 450 0 450 -4 450 0 450 6 450 0 450 0 450 4 450 0 
21339 451 3 451 0 451 0 451 0 451 -4 451 0 451 6 451 0 451 0 451 3 451 0 
21354 452 2.5 452 0 452 0 452 0 452 -4 452 0 452 3 452 0 452 0 452 2 452 0 
21369 453 1 453 0 453 0 453 0 453 -4 453 0 453 3 453 0 453 0 453 1 453 0 
21379 454 -3 454 0 454 0 454 0 454 -3 454 0 454 3 454 0 454 0 454 1 454 0 
21384 455 4 455 0 455 0 455 0 455 -3 455 0 455 3 455 0 455 0 455 4 455 0 
21394 456 -4 456 0 456 0 456 0 456 -4 456 0 456 3 456 0 456 0 456 4 456 0 
21396 457 4 457 0 457 0 457 0 457 -4 457 0 457 4 457 0 457 0 457 4 457 0 
21399 458 3 458 0 458 0 458 0 458 -4 458 0 458 4 458 0 458 0 458 3 458 0 
21409 459 -7 459 0 459 0 459 0 459 -7 459 0 459 4 459 0 459 0 459 3 459 0 
21411 460 5 460 0 460 0 460 0 460 -7 460 0 460 5 460 0 460 0 460 3 460 0 
21414 461 4 461 0 461 0 461 0 461 -7 461 0 461 5 461 0 461 0 461 4 461 0 
21424 462 -4 462 0 462 0 462 0 462 -4 462 0 462 5 462 0 462 0 462 4 462 0 
21426 463 4 463 0 463 0 463 0 463 -4 463 0 463 4 463 0 463 0 463 4 463 0 
21439 464 -6 464 0 464 0 464 0 464 -6 464 0 464 4 464 0 464 0 464 4 464 0 
21454 465 -4 465 0 465 0 465 0 465 -4 465 0 465 4 465 0 465 0 465 4 465 0 
21456 466 0 466 0 466 0 466 0 466 -4 466 0 466 0 466 0 466 0 466 4 466 0 
21459 467 3 467 0 467 0 467 0 467 -4 467 0 467 0 467 0 467 0 467 3 467 0 
21469 468 -1 468 0 468 0 468 0 468 -1 468 0 468 0 468 0 468 0 468 3 468 0 
21474 469 0 469 0 469 0 469 0 469 -1 469 0 469 0 469 0 469 0 469 0 469 0 
21693 470 6 470 0 470 0 470 12 470 0 470 0 470 0 470 0 470 0 470 0 470 0 
21723 471 9 471 0 471 0 471 9 471 0 471 0 471 0 471 0 471 0 471 0 471 0 
21738 472 1 472 0 472 0 472 1 472 0 472 0 472 0 472 0 472 0 472 0 472 0 
21753 473 0 473 0 473 0 473 0 473 0 473 0 473 0 473 0 473 0 473 0 473 0 
21921 474 3 474 0 474 0 474 0 474 0 474 0 474 3 474 0 474 0 474 0 474 0 
21936 475 4 475 0 475 0 475 0 475 0 475 0 475 4 475 0 475 0 475 0 475 0 
21951 476 3 476 0 476 0 476 0 476 0 476 0 476 3 476 0 476 0 476 0 476 0 
21966 477 4 477 0 477 0 477 0 477 0 477 0 477 4 477 0 477 0 477 0 477 0 
21981 478 2 478 0 478 0 478 0 478 0 478 0 478 2 478 0 478 0 478 0 478 0 
21996 479 0 479 0 479 0 479 0 479 0 479 0 479 0 479 0 479 0 479 0 479 0 
22161 480 2 480 0 480 0 480 0 480 0 480 0 480 2 480 0 480 0 480 0 480 0 
22176 481 4 481 0 481 0 481 0 481 0 481 0 481 4 481 0 481 0 481 0 481 0 
22191 482 3 482 0 482 0 482 0 482 0 482 0 482 3 482 0 482 0 482 0 482 0 
22206 483 4 483 0 483 0 483 0 483 0 483 0 483 4 483 0 483 0 483 0 483 0 
22236 484 5 484 0 484 0 484 0 484 0 484 0 484 5 484 0 484 0 484 0 484 0 
22251 485 0 485 0 485 0 485 0 485 0 485 0 485 0 485 0 485 0 485 0 485 0 
22476 486 1 486 0 486 0 486 0 486 0 486 0 486 1 486 0 486 0 486 0 486 0 
22491 487 3 487 0 487 0 487 0 487 0 487 0 487 3 487 0 487 0 487 0 487 0 
22506 488 4 488 0 488 0 488 0 488 0 488 0 488 4 488 0 488 0 488 0 488 0 
22551 489 0 489 0 489 0 489 0 489 0 489 0 489 0 489 0 489 0 489 0 489 0 
22744 490 6 490 0 490 0 490 0 490 6 490 0 490 0 490 0 490 0 490 0 490 0 
22759 491 3 491 0 491 0 491 0 491 3 491 0 491 0 491 0 491 0 491 0 491 0 
22774 492 12 492 0 492 0 492 0 492 12 492 0 492 0 492 0 492 0 492 0 492 0 
22789 493 7 493 0 493 0 493 0 493 7 493 0 493 0 493 0 493 0 493 0 493 0 
22804 494 8 494 0 494 0 494 0 494 8 494 0 494 0 494 0 494 0 494 0 494 0 
22819 495 5 495 0 495 0 495 0 495 5 495 0 495 0 495 0 495 0 495 0 495 0 
22834 496 14 496 0 496 0 496 0 496 14 496 0 496 0 496 0 496 0 496 0 496 0 
22849 497 2 497 0 497 0 497 0 497 2 497 0 497 0 497 0 497 0 497 0 497 0 
22864 498 4 498 0 498 0 498 0 498 4 498 0 498 0 498 0 498 0 498 0 498 0 
22879 499 3 499 0 499 0 499 0 499 3 499 0 499 0 499 0 499 0 499 0 499 0 
22894 500 6 500 0 500 0 500 0 500 6 500 0 500 0 500 0 500 0 500 0 500 0 
22924 501 0 501 0 501 0 501 0 501 0 501 0 501 0 501 0 501 0 501 0 501 0 
22939 502 3 502 0 502 0 502 0 502 3 502 0 502 0 502 0 502 0 502 0 502 0 
22954 503 4 503 0 503 0 503 0 503 4 503 0 503 0 503 0 503 0 503 0 503 0 
22969 504 6 504 0 504 0 504 0 504 6 504 0 504 0 504 0 504 0 504 0 504 0 
22984 505 4 505 0 505 0 505 0 505 4 505 0 505 0 505 0 505 0 505 0 505 0 
22999 506 3 506 0 506 0 506 0 506 3 506 0 506 0 506 0 506 0 506 0 506 0 
23014 507 0 507 0 507 0 507 0 507 0 507 0 507 0 507 0 507 0 507 0 507 0 
23305 508 6 508 0 508 0 508 0 508 0 508 0 508 0 508 0 508 0 508 0 508 6 
23320 509 4 509 0 509 0 509 0 509 0 509 0 509 0 509 0 509 0 509 0 509 4 
23335 510 11 510 0 510 0 510 0 510 0 510 0 510 0 510 0 510 0 510 0 510 11 
23350 511 7 511 0 511 0 511 0 511 0 511 0 511 0 511 0 511 0 511 0 511 7 
23365 512 8 512 0 512 0 512 0 512 0 512 0 512 0 512 0 512 0 512 0 512 8 
23395 513 11 513 0 513 0 513 0 513 0 513 0 513 0 513 0 513 0 513 0 513 11 
23410 514 2 514 0 514 0 514 0 514 0 514 0 514 0 514 0 514 0 514 0 514 2 
23425 515 4 515 0 515 0 515 0 515 0 515 0 515 0 515 0 515 0 515 0 515 4 
23455 516 5 516 0 516 0 516 0 516 0 516 0 516 0 516 0 516 0 516 0 516 5 
23470 517 6 517 0 517 0 517 0 517 0 517 0 517 0 517 0 517 0 517 0 517 6 
23485 518 0 518 0 518 0 518 0 518 0 518 0 518 0 518 0 518 0 518 0 518 0 
23500 519 4 519 0 519 0 519 0 519 0 519 0 519 0 519 0 519 0 519 0 519 4 
23515 520 3 520 0 520 0 520 0 520 0 520 0 520 0 520 0 520 0 520 0 520 3 
23530 521 6 521 0 521 0 521 0 521 0 521 0 521 0 521 0 521 0 521 0 521 6 
23545 522 4 522 0 522 0 522 0 522 0 522 0 522 0 522 0 522 0 522 0 522 4 
23560 523 3.5 523 0 523 0 523 0 523 0 523 0 523 0 523 0 523 4 523 0 523 3 
23573 524 15 524 0 524 0 524 0 524 0 524 0 524 0 524 0 524 15 524 0 524 3 
23575 525 0 525 0 525 0 525 0 525 0 525 0 525 0 525 0 525 15 525 0 525 0 
23588 526 4 526 0 526 0 526 0 526 0 526 0 526 0 526 0 526 4 526 0 526 0 
23603 527 3 527 0 527 0 527 0 527 0 527 0 527 0 527 0 527 3 527 0 527 0 
23618 528 4 528 0 528 0 528 0 528 0 528 0 528 0 528 0 528 4 528 0 528 0 
23663 529 3 529 0 529 0 529 0 529 0 529 0 529 0 529 0 529 3 529 0 529 0 
23678 530 1 530 0 530 0 530 0 530 0 530 0 530 0 530 0 530 1 530 0 530 0 
23693 531 0 531 0 531 0 531 0 531 0 531 0 531 0 531 0 531 0 531 0 531 0 
23708 532 3 532 0 532 0 532 0 532 0 532 0 532 0 532 0 532 3 532 0 532 0 
23738 533 6 533 0 533 0 533 0 533 0 533 0 533 0 533 0 533 6 533 0 533 0 
23753 534 4 534 0 534 0 534 0 534 0 534 0 534 0 534 0 534 4 534 0 534 0 
23783 535 5 535 0 535 0 535 0 535 0 535 0 535 0 535 0 535 5 535 0 535 0 
23798 536 4 536 0 536 0 536 0 536 0 536 0 536 0 536 0 536 4 536 0 536 0 
23813 537 2 537 0 537 0 537 0 537 0 537 0 537 0 537 0 537 2 537 0 537 0 
23828 538 0 538 0 538 0 538 0 538 0 538 0 538 0 538 0 538 0 538 0 538 0 
24023 539 1 539 0 539 0 539 0 539 0 539 0 539 0 539 0 539 1 539 0 539 0 
24038 540 4 540 0 540 0 540 0 540 0 540 0 540 0 540 0 540 4 540 0 540 0 
24083 541 3 541 0 541 0 541 0 541 0 541 0 541 0 541 0 541 3 541 0 541 0 
24098 542 6 542 0 542 0 542 0 542 0 542 0 542 0 542 0 542 6 542 0 542 0 
24113 543 4 543 0 543 0 543 0 543 0 543 0 543 0 543 0 543 4 543 0 543 0 
24128 544 3 544 0 544 0 544 0 544 0 544 0 544 0 544 0 544 3 544 0 544 0 
24143 545 0 545 0 545 0 545 0 545 0 545 0 545 0 545 0 545 0 545 0 545 0 
24392 546 3 546 0 546 3 546 0 546 0 546 0 546 0 546 0 546 0 546 0 546 0 
24422 547 4 547 0 547 4 547 0 547 0 547 0 547 0 547 0 547 0 547 0 547 0 
24467 548 3 548 0 548 3 548 0 548 0 548 0 548 0 548 0 548 0 548 0 548 0 
24482 549 4 549 0 549 4 549 0 549 0 549 0 549 0 549 0 549 0 549 0 549 0 
24512 550 6 550 0 550 6 550 0 550 0 550 0 550 0 550 0 550 0 550 0 550 0 
24527 551 3 551 0 551 3 551 0 551 0 551 0 551 0 551 0 551 0 551 0 551 0 
24542 552 4 552 0 552 4 552 0 552 0 552 0 552 0 552 0 552 0 552 0 552 0 
24572 553 3 553 0 553 3 553 0 553 0 553 0 553 0 553 0 553 0 553 0 553 0 
24587 554 0 554 0 554 0 554 0 554 0 554 0 554 0 554 0 554 0 554 0 554 0 
24664 555 1 555 0 555 0 555 0 555 1 555 0 555 0 555 0 555 0 555 0 555 0 
24679 556 3 556 0 556 0 556 0 556 3 556 0 556 0 556 0 556 0 556 0 556 0 
24694 557 4 557 0 557 0 557 0 557 4 557 0 557 0 557 0 557 0 557 0 557 0 
24709 558 21 558 0 558 0 558 0 558 21 558 0 558 0 558 0 558 0 558 0 558 0 
24724 559 4 559 0 559 0 559 0 559 4 559 0 559 0 559 0 559 0 559 0 559 0 
24739 560 3 560 0 560 0 560 0 560 3 560 0 560 0 560 0 560 0 560 0 560 0 
24769 561 0 561 0 561 0 561 0 561 0 561 0 561 0 561 0 561 0 561 0 561 0 
24889 562 4 562 0 562 0 562 0 562 4 562 0 562 0 562 0 562 0 562 0 562 0 
24919 563 3 563 0 563 0 563 0 563 3 563 0 563 0 563 0 563 0 563 0 563 0 
24934 564 4 564 0 564 0 564 0 564 4 564 0 564 0 564 0 564 0 564 0 564 0 
24964 565 18 565 0 565 0 565 0 565 18 565 0 565 0 565 0 565 0 565 0 565 0 
24979 566 0 566 0 566 0 566 0 566 0 566 0 566 0 566 0 566 0 566 0 566 0 
25045 567 1 567 0 567 0 567 0 567 0 567 0 567 0 567 0 567 0 567 0 567 1 
25060 568 4 568 0 568 0 568 0 568 0 568 0 568 0 568 0 568 0 568 0 568 4 
25075 569 3 569 0 569 0 569 0 569 0 569 0 569 0 569 0 569 0 569 0 569 3 
25090 570 4 570 0 570 0 570 0 570 0 570 0 570 0 570 0 570 0 570 0 570 4 
25105 571 39 571 0 571 0 571 0 571 0 571 0 571 0 571 0 571 0 571 0 571 39 
25120 572 4 572 0 572 0 572 0 572 0 572 0 572 0 572 0 572 0 572 0 572 4 
25135 573 0 573 0 573 0 573 0 573 0 573 0 573 0 573 0 573 0 573 0 573 0 
25846 574 4 574 4 574 0 574 0 574 0 574 0 574 0 574 0 574 0 574 0 574 0 
25861 575 10 575 10 575 0 575 0 575 0 575 0 575 0 575 0 575 0 575 0 575 0 
25876 576 7 576 7 576 0 576 0 576 0 576 0 576 0 576 0 576 0 576 0 576 0 
25906 577 0 577 0 577 0 577 0 577 0 577 0 577 0 577 0 577 0 577 0 577 0 
26209 578 3 578 0 578 0 578 0 578 3 578 0 578 0 578 0 578 0 578 0 578 0 
26224 579 4 579 0 579 0 579 0 579 4 579 0 579 0 579 0 579 0 579 0 579 0 
26239 580 3 580 0 580 0 580 0 580 3 580 0 580 0 580 0 580 0 580 0 580 0 
26254 581 4 581 0 581 0 581 0 581 4 581 0 581 0 581 0 581 0 581 0 581 0 
26299 582 3 582 0 582 0 582 0 582 3 582 0 582 0 582 0 582 0 582 0 582 0 
26314 583 0 583 0 583 0 583 0 583 0 583 0 583 0 583 0 583 0 583 0 583 0 
