# deltaRoads deltaRailVehicles
10 0 0 0 0 0 0 0 0 0 0 0 0 0 0 0 0 0 0 0 0 0 0 
121 16 0 16 0 0 0 0 0 0 0 0 0 0 0 0 0 0 0 0 0 0 0 
124 7 0 16 0 0 0 0 0 7 0 0 0 0 0 0 0 0 0 0 0 0 0 
126 6 0 16 0 0 0 0 0 7 0 0 0 6 0 0 0 0 0 0 0 0 0 
136 6.5 0 7 0 0 0 0 0 7 0 0 0 6 0 0 0 0 0 6 0 0 0 
139 15 0 7 0 0 0 0 0 15 0 0 0 6 0 0 0 0 0 6 0 0 0 
141 4 0 7 0 0 0 0 0 15 0 0 0 4 0 0 0 0 0 6 0 0 0 
151 1 0 1 0 0 0 0 0 15 0 0 0 4 0 0 0 0 0 6 0 0 0 
154 4 0 1 0 0 0 0 0 4 0 0 0 4 0 0 0 0 0 6 0 0 0 
156 2 0 1 0 0 0 0 0 4 0 0 0 2 0 0 0 0 0 6 0 0 0 
159 4 0 1 0 0 0 0 0 4 0 0 0 2 0 0 0 0 0 4 0 0 0 
166 -4 0 -4 0 0 0 0 0 4 0 0 0 2 0 0 0 0 0 4 0 0 0 
169 0 0 -4 0 0 0 0 0 0 0 0 0 2 0 0 0 0 0 4 0 0 0 
574 1 0 0 0 0 0 0 0 4 0 0 0 0 0 0 0 0 0 0 0 0 0 
578 0 11 0 0 0 0 0 0 4 0 0 0 0 0 0 0 0 11 0 0 0 0 
589 8 0 0 0 0 0 0 0 8 0 0 0 0 0 0 0 0 11 0 0 0 0 
593 0 0 0 0 0 0 0 0 8 0 0 0 0 0 0 0 0 0 0 0 0 0 
604 7 0 0 0 0 0 0 0 7 0 0 0 0 0 0 0 0 0 0 0 0 0 
619 5 0 0 0 0 0 0 0 5 0 0 0 0 0 0 0 0 0 0 0 0 0 
634 18 0 0 0 0 0 0 0 18 0 0 0 0 0 0 0 0 0 0 0 0 0 
649 8 0 0 0 0 0 0 0 8 0 0 0 0 0 0 0 0 0 0 0 0 0 
664 27 0 0 0 0 0 0 0 27 0 0 0 0 0 0 0 0 0 0 0 0 0 
679 5 0 0 0 0 0 0 0 5 0 0 0 0 0 0 0 0 0 0 0 0 0 
694 8 0 0 0 0 0 0 0 8 0 0 0 0 0 0 0 0 0 0 0 0 0 
709 0 0 0 0 0 0 0 0 0 0 0 0 0 0 0 0 0 0 0 0 0 0 
710 0 1 0 0 0 0 0 0 0 0 0 1 0 0 0 0 0 0 0 0 0 0 
725 0 0 0 0 0 0 0 0 0 0 0 0 0 0 0 0 0 0 0 0 0 0 
996 4 0 0 0 0 0 0 0 0 0 0 0 4 0 0 0 0 0 0 0 0 0 
1011 6 0 0 0 0 0 0 0 0 0 0 0 6 0 0 0 0 0 0 0 0 0 
1026 18 0 0 0 0 0 0 0 0 0 0 0 18 0 0 0 0 0 0 0 0 0 
1041 8 0 0 0 0 0 0 0 0 0 0 0 8 0 0 0 0 0 0 0 0 0 
1056 9 0 0 0 0 0 0 0 0 0 0 0 9 0 0 0 0 0 0 0 0 0 
1071 15 0 0 0 0 0 0 0 0 0 0 0 15 0 0 0 0 0 0 0 0 0 
1086 8 0 0 0 0 0 0 0 0 0 0 0 8 0 0 0 0 0 0 0 0 0 
1112 0 1 0 0 0 1 0 0 0 0 0 0 8 0 0 0 0 0 0 0 0 0 
1127 0 0 0 0 0 0 0 0 0 0 0 0 8 0 0 0 0 0 0 0 0 0 
1131 6 0 0 0 0 0 0 0 0 0 0 0 6 0 0 0 0 0 0 0 0 0 
1146 8 0 0 0 0 0 0 0 0 0 0 0 8 0 0 0 0 0 0 0 0 0 
1157 0 1 0 0 0 1 0 0 0 0 0 0 8 0 0 0 0 0 0 0 0 0 
1172 0 0 0 0 0 0 0 0 0 0 0 0 8 0 0 0 0 0 0 0 0 0 
1186 1 0 1 0 0 0 0 0 0 0 0 0 8 0 0 0 0 0 0 0 0 0 
1191 3 0 1 0 0 0 0 0 0 0 0 0 3 0 0 0 0 0 0 0 0 0 
1201 0 0 0 0 0 0 0 0 0 0 0 0 3 0 0 0 0 0 0 0 0 0 
1578 0 0.5 0 0 0 0 0 1 0 0 0 0 0 0 0 0 0 0 0 0 0 0 
1582 0 1 0 0 0 0 0 1 0 0 0 0 0 0 0 1 0 0 0 0 0 0 
1593 0 0 0 0 0 0 0 0 0 0 0 0 0 0 0 1 0 0 0 0 0 0 
1597 0 10 0 0 0 0 0 0 0 0 0 0 0 0 0 10 0 0 0 0 0 0 
1612 0 0 0 0 0 0 0 0 0 0 0 0 0 0 0 0 0 0 0 0 0 0 
1623 0 11 0 0 0 0 0 11 0 0 0 0 0 0 0 0 0 0 0 0 0 0 
1638 0 5.5 0 0 0 0 0 0 0 0 0 0 0 0 0 11 0 0 0 0 0 0 
1642 0 0 0 0 0 0 0 0 0 0 0 0 0 0 0 0 0 0 0 0 0 0 
1870 0 1 0 0 0 0 0 0 0 0 0 0 0 0 0 0 0 0 0 0 0 1 
1885 0 0 0 0 0 0 0 0 0 0 0 0 0 0 0 0 0 0 0 0 0 0 
1900 0 10 0 0 0 0 0 0 0 0 0 0 0 0 0 0 0 0 0 0 0 10 
1915 0 1 0 0 0 0 0 0 0 0 0 0 0 0 0 0 0 0 0 0 0 1 
1930 0 0 0 0 0 0 0 0 0 0 0 0 0 0 0 0 0 0 0 0 0 0 
3429 2 0 0 0 0 0 0 0 0 0 0 0 0 0 0 0 0 0 2 0 0 0 
3444 18 0 0 0 0 0 0 0 0 0 0 0 0 0 0 0 0 0 18 0 0 0 
3459 6 0 0 0 0 0 0 0 0 0 0 0 0 0 0 0 0 0 6 0 0 0 
3474 8 0 0 0 0 0 0 0 0 0 0 0 0 0 0 0 0 0 8 0 0 0 
3519 6 0 0 0 0 0 0 0 0 0 0 0 0 0 0 0 0 0 6 0 0 0 
3534 8 0 0 0 0 0 0 0 0 0 0 0 0 0 0 0 0 0 8 0 0 0 
3564 18 0 0 0 0 0 0 0 0 0 0 0 0 0 0 0 0 0 18 0 0 0 
3579 6 0 0 0 0 0 0 0 0 0 0 0 0 0 0 0 0 0 6 0 0 0 
3594 18 0 0 0 0 0 0 0 0 0 0 0 0 0 0 0 0 0 18 0 0 0 
3609 8 0 0 0 0 0 0 0 0 0 0 0 0 0 0 0 0 0 8 0 0 0 
3624 50 0 0 0 0 0 0 0 0 0 0 0 0 0 0 0 0 0 50 0 0 0 
3639 4 0 0 0 0 0 0 0 0 0 0 0 0 0 0 0 0 0 4 0 0 0 
3654 18 0 0 0 0 0 0 0 0 0 0 0 0 0 0 0 0 0 18 0 0 0 
3669 8 0 0 0 0 0 0 0 0 0 0 0 0 0 0 0 0 0 8 0 0 0 
3699 6 0 0 0 0 0 0 0 0 0 0 0 0 0 0 0 0 0 6 0 0 0 
3714 4 0 0 0 0 0 0 0 0 0 0 0 0 0 0 0 0 0 4 0 0 0 
3729 0 0 0 0 0 0 0 0 0 0 0 0 0 0 0 0 0 0 0 0 0 0 
5570 6 0 0 0 0 0 0 0 0 0 6 0 0 0 0 0 0 0 0 0 0 0 
5584 7 0 0 0 0 0 0 0 7 0 6 0 0 0 0 0 0 0 0 0 0 0 
5585 4 0 0 0 0 0 0 0 7 0 4 0 0 0 0 0 0 0 0 0 0 0 
5599 3 0 0 0 0 0 0 0 3 0 4 0 0 0 0 0 0 0 0 0 0 0 
5614 6 0 0 0 0 0 0 0 6 0 4 0 0 0 0 0 0 0 0 0 0 0 
5615 0 0 0 0 0 0 0 0 6 0 0 0 0 0 0 0 0 0 0 0 0 0 
6066 3 0 0 0 0 0 0 0 0 0 0 0 6 0 0 0 0 0 0 0 0 0 
6096 4 0 0 0 0 0 0 0 0 0 0 0 4 0 0 0 0 0 0 0 0 0 
6111 0 0 0 0 0 0 0 0 0 0 0 0 0 0 0 0 0 0 0 0 0 0 
6151 0 1 0 1 0 0 0 0 0 0 0 0 0 0 0 0 0 0 0 0 0 0 
6166 0 0 0 0 0 0 0 0 0 0 0 0 0 0 0 0 0 0 0 0 0 0 
6211 0 11 0 11 0 0 0 0 0 0 0 0 0 0 0 0 0 0 0 0 0 0 
6226 0 0 0 0 0 0 0 0 0 0 0 0 0 0 0 0 0 0 0 0 0 0 
6438 16 0 0 0 0 0 16 0 0 0 0 0 0 0 0 0 0 0 0 0 0 0 
6453 6 0 0 0 0 0 6 0 0 0 0 0 0 0 0 0 0 0 0 0 0 0 
6468 4 0 0 0 0 0 4 0 0 0 0 0 0 0 0 0 0 0 0 0 0 0 
6483 0 0 0 0 0 0 0 0 0 0 0 0 0 0 0 0 0 0 0 0 0 0 
6917 0 1 0 0 0 1 0 0 0 0 0 0 0 0 0 0 0 0 0 0 0 0 
6932 0 0 0 0 0 0 0 0 0 0 0 0 0 0 0 0 0 0 0 0 0 0 
6938 0 1 0 0 0 0 0 0 0 0 0 0 0 0 0 0 0 1 0 0 0 0 
6953 0 0 0 0 0 0 0 0 0 0 0 0 0 0 0 0 0 0 0 0 0 0 
6968 0 10 0 0 0 0 0 0 0 0 0 0 0 0 0 0 0 10 0 0 0 0 
6983 0 11 0 0 0 0 0 0 0 0 0 0 0 0 0 0 0 11 0 0 0 0 
6996 8 0 0 0 0 0 0 0 0 0 0 0 8 0 0 0 0 11 0 0 0 0 
6998 0 0 0 0 0 0 0 0 0 0 0 0 8 0 0 0 0 0 0 0 0 0 
7011 6 0 0 0 0 0 0 0 0 0 0 0 6 0 0 0 0 0 0 0 0 0 
7026 9 0 0 0 0 0 0 0 0 0 0 0 9 0 0 0 0 0 0 0 0 0 
7041 7 0 0 0 0 0 0 0 0 0 0 0 7 0 0 0 0 0 0 0 0 0 
7056 8 0 0 0 0 0 0 0 0 0 0 0 8 0 0 0 0 0 0 0 0 0 
7071 16 0 0 0 0 0 0 0 0 0 0 0 16 0 0 0 0 0 0 0 0 0 
7086 8 0 0 0 0 0 0 0 0 0 0 0 8 0 0 0 0 0 0 0 0 0 
7131 6 0 0 0 0 0 0 0 0 0 0 0 6 0 0 0 0 0 0 0 0 0 
7146 8 0 0 0 0 0 0 0 0 0 0 0 8 0 0 0 0 0 0 0 0 0 
7191 0 0 0 0 0 0 0 0 0 0 0 0 0 0 0 0 0 0 0 0 0 0 
7867 0 1 0 0 0 0 0 0 0 0 0 0 0 0 0 1 0 0 0 0 0 0 
7882 0 0 0 0 0 0 0 0 0 0 0 0 0 0 0 0 0 0 0 0 0 0 
7912 0 1 0 0 0 0 0 0 0 0 0 0 0 0 0 1 0 0 0 0 0 0 
7927 0 0 0 0 0 0 0 0 0 0 0 0 0 0 0 0 0 0 0 0 0 0 
8913 5 0 0 0 0 0 5 0 0 0 0 0 0 0 0 0 0 0 0 0 0 0 
8928 29 0 0 0 0 0 29 0 0 0 0 0 0 0 0 0 0 0 0 0 0 0 
8943 6 0 0 0 0 0 6 0 0 0 0 0 0 0 0 0 0 0 0 0 0 0 
8958 7 0 0 0 0 0 7 0 0 0 0 0 0 0 0 0 0 0 0 0 0 0 
8988 8 0 0 0 0 0 8 0 0 0 0 0 0 0 0 0 0 0 0 0 0 0 
9003 6 0 0 0 0 0 6 0 0 0 0 0 0 0 0 0 0 0 0 0 0 0 
9018 8 0 0 0 0 0 8 0 0 0 0 0 0 0 0 0 0 0 0 0 0 0 
9063 16 0 0 0 0 0 16 0 0 0 0 0 0 0 0 0 0 0 0 0 0 0 
9078 50 0 0 0 0 0 50 0 0 0 0 0 0 0 0 0 0 0 0 0 0 0 
9093 8 0 0 0 0 0 8 0 0 0 0 0 0 0 0 0 0 0 0 0 0 0 
9108 0 0 0 0 0 0 0 0 0 0 0 0 0 0 0 0 0 0 0 0 0 0 
10084 7 0 0 0 0 0 0 0 7 0 0 0 0 0 0 0 0 0 0 0 0 0 
10099 6 0 0 0 0 0 0 0 6 0 0 0 0 0 0 0 0 0 0 0 0 0 
10114 7 0 0 0 0 0 0 0 7 0 0 0 0 0 0 0 0 0 0 0 0 0 
10129 18 0 0 0 0 0 0 0 18 0 0 0 0 0 0 0 0 0 0 0 0 0 
10144 8 0 0 0 0 0 0 0 8 0 0 0 0 0 0 0 0 0 0 0 0 0 
10159 6 0 0 0 0 0 0 0 6 0 0 0 0 0 0 0 0 0 0 0 0 0 
10174 8 0 0 0 0 0 0 0 8 0 0 0 0 0 0 0 0 0 0 0 0 0 
10219 6 0 0 0 0 0 0 0 6 0 0 0 0 0 0 0 0 0 0 0 0 0 
10234 34 0 0 0 0 0 0 0 34 0 0 0 0 0 0 0 0 0 0 0 0 0 
10249 8 0 0 0 0 0 0 0 8 0 0 0 0 0 0 0 0 0 0 0 0 0 
10264 18 0 0 0 0 0 0 0 18 0 0 0 0 0 0 0 0 0 0 0 0 0 
10279 6 0 0 0 0 0 0 0 6 0 0 0 0 0 0 0 0 0 0 0 0 0 
10294 18 0 0 0 0 0 0 0 18 0 0 0 0 0 0 0 0 0 0 0 0 0 
10309 8 0 0 0 0 0 0 0 8 0 0 0 0 0 0 0 0 0 0 0 0 0 
10324 7 0 0 0 0 0 0 0 7 0 0 0 0 0 0 0 0 0 0 0 0 0 
10339 1 0 0 0 0 0 0 0 1 0 0 0 0 0 0 0 0 0 0 0 0 0 
10354 0 0 0 0 0 0 0 0 0 0 0 0 0 0 0 0 0 0 0 0 0 0 
11911 0 1 0 1 0 0 0 0 0 0 0 0 0 0 0 0 0 0 0 0 0 0 
11926 0 0 0 0 0 0 0 0 0 0 0 0 0 0 0 0 0 0 0 0 0 0 
11956 0 11 0 11 0 0 0 0 0 0 0 0 0 0 0 0 0 0 0 0 0 0 
11971 0 0 0 0 0 0 0 0 0 0 0 0 0 0 0 0 0 0 0 0 0 0 
12351 0 1 0 0 0 0 0 0 0 0 0 0 0 1 0 0 0 0 0 0 0 0 
12366 0 0 0 0 0 0 0 0 0 0 0 0 0 0 0 0 0 0 0 0 0 0 
12742 4 0 0 0 0 0 0 0 0 0 0 0 0 0 4 0 0 0 0 0 0 0 
12757 0 0 0 0 0 0 0 0 0 0 0 0 0 0 0 0 0 0 0 0 0 0 
12772 -2 0 0 0 0 0 0 0 0 0 0 0 0 0 -2 0 0 0 0 0 0 0 
12785 2 0 0 0 0 0 0 0 0 0 2 0 0 0 -2 0 0 0 0 0 0 0 
12787 0 0 0 0 0 0 0 0 0 0 2 0 0 0 0 0 0 0 0 0 0 0 
12800 8 0 0 0 0 0 0 0 0 0 8 0 0 0 0 0 0 0 0 0 0 0 
12815 144 0 0 0 0 0 0 0 0 0 144 0 0 0 0 0 0 0 0 0 0 0 
12830 8 0 0 0 0 0 0 0 0 0 8 0 0 0 0 0 0 0 0 0 0 0 
12860 9 0 0 0 0 0 0 0 0 0 9 0 0 0 0 0 0 0 0 0 0 0 
12875 5 0 0 0 0 0 0 0 0 0 5 0 0 0 0 0 0 0 0 0 0 0 
12890 8 0 0 0 0 0 0 0 0 0 8 0 0 0 0 0 0 0 0 0 0 0 
12920 18 0 0 0 0 0 0 0 0 0 18 0 0 0 0 0 0 0 0 0 0 0 
12935 7 0 0 0 0 0 0 0 0 0 7 0 0 0 0 0 0 0 0 0 0 0 
12965 8 0 0 0 0 0 0 0 0 0 8 0 0 0 0 0 0 0 0 0 0 0 
12995 6 0 0 0 0 0 0 0 0 0 6 0 0 0 0 0 0 0 0 0 0 0 
13010 8 0 0 0 0 0 0 0 0 0 8 0 0 0 0 0 0 0 0 0 0 0 
13055 6 0 0 0 0 0 0 0 0 0 6 0 0 0 0 0 0 0 0 0 0 0 
13070 18 0 0 0 0 0 0 0 0 0 18 0 0 0 0 0 0 0 0 0 0 0 
13085 8 0 0 0 0 0 0 0 0 0 8 0 0 0 0 0 0 0 0 0 0 0 
13100 18 0 0 0 0 0 0 0 0 0 18 0 0 0 0 0 0 0 0 0 0 0 
13115 6 0 0 0 0 0 0 0 0 0 6 0 0 0 0 0 0 0 0 0 0 0 
13130 8 0 0 0 0 0 0 0 0 0 8 0 0 0 0 0 0 0 0 0 0 0 
13145 1 0 0 0 0 0 0 0 0 0 1 0 0 0 0 0 0 0 0 0 0 0 
13160 0 0 0 0 0 0 0 0 0 0 0 0 0 0 0 0 0 0 0 0 0 0 
13177 4 0 0 0 0 0 0 0 0 0 0 0 0 0 4 0 0 0 0 0 0 0 
13192 6 0 0 0 0 0 0 0 0 0 0 0 0 0 6 0 0 0 0 0 0 0 
13207 5 0 0 0 0 0 0 0 0 0 0 0 0 0 5 0 0 0 0 0 0 0 
13222 1 0 0 0 0 0 0 0 0 0 0 0 0 0 1 0 0 0 0 0 0 0 
13237 0 0 0 0 0 0 0 0 0 0 0 0 0 0 0 0 0 0 0 0 0 0 
13240 0 11 0 0 0 0 0 0 0 0 0 0 0 0 0 0 0 0 0 0 0 11 
13255 0 0 0 0 0 0 0 0 0 0 0 0 0 0 0 0 0 0 0 0 0 0 
13592 0 1 0 0 0 1 0 0 0 0 0 0 0 0 0 0 0 0 0 0 0 0 
13607 0 0 0 0 0 0 0 0 0 0 0 0 0 0 0 0 0 0 0 0 0 0 
13652 0 11 0 0 0 11 0 0 0 0 0 0 0 0 0 0 0 0 0 0 0 0 
13667 0 0 0 0 0 0 0 0 0 0 0 0 0 0 0 0 0 0 0 0 0 0 
13972 6 0 0 0 0 0 0 0 0 0 0 0 0 0 6 0 0 0 0 0 0 0 
13987 25 0 0 0 0 0 0 0 0 0 0 0 0 0 25 0 0 0 0 0 0 0 
14002 17 0 0 0 0 0 0 0 0 0 0 0 0 0 17 0 0 0 0 0 0 0 
14017 8 0 0 0 0 0 0 0 0 0 0 0 0 0 8 0 0 0 0 0 0 0 
14047 16 0 0 0 0 0 0 0 0 0 0 0 0 0 16 0 0 0 0 0 0 0 
14062 27 0 0 0 0 0 0 0 0 0 0 0 0 0 27 0 0 0 0 0 0 0 
14077 17 0 0 0 0 0 0 0 0 0 0 0 0 0 17 0 0 0 0 0 0 0 
14092 8 0 0 0 0 0 0 0 0 0 0 0 0 0 8 0 0 0 0 0 0 0 
14107 6 0 0 0 0 0 0 0 0 0 0 0 0 0 6 0 0 0 0 0 0 0 
14122 8 0 0 0 0 0 0 0 0 0 0 0 0 0 8 0 0 0 0 0 0 0 
14137 2 0 0 0 0 0 0 0 0 0 0 0 0 0 2 0 0 0 0 0 0 0 
14152 0 0 0 0 0 0 0 0 0 0 0 0 0 0 0 0 0 0 0 0 0 0 
14433 6 0 0 0 0 0 6 0 0 0 0 0 0 0 0 0 0 0 0 0 0 0 
14448 16 0 0 0 0 0 16 0 0 0 0 0 0 0 0 0 0 0 0 0 0 0 
14463 4 0 0 0 0 0 4 0 0 0 0 0 0 0 0 0 0 0 0 0 0 0 
14478 0 0 0 0 0 0 0 0 0 0 0 0 0 0 0 0 0 0 0 0 0 0 
14763 4 0 0 0 0 0 4 0 0 0 0 0 0 0 0 0 0 0 0 0 0 0 
14778 8 0 0 0 0 0 8 0 0 0 0 0 0 0 0 0 0 0 0 0 0 0 
14793 9 0 0 0 0 0 9 0 0 0 0 0 0 0 0 0 0 0 0 0 0 0 
14808 7 0 0 0 0 0 7 0 0 0 0 0 0 0 0 0 0 0 0 0 0 0 
14823 6 0 0 0 0 0 6 0 0 0 0 0 0 0 0 0 0 0 0 0 0 0 
14838 34 0 0 0 0 0 34 0 0 0 0 0 0 0 0 0 0 0 0 0 0 0 
14853 2 0 0 0 0 0 2 0 0 0 0 0 0 0 0 0 0 0 0 0 0 0 
14868 0 0 0 0 0 0 0 0 0 0 0 0 0 0 0 0 0 0 0 0 0 0 
15189 0 1 0 0 0 0 0 0 0 0 0 0 0 0 0 0 0 0 0 1 0 0 
15204 0 0 0 0 0 0 0 0 0 0 0 0 0 0 0 0 0 0 0 0 0 0 
15249 0 11 0 0 0 0 0 0 0 0 0 0 0 0 0 0 0 0 0 11 0 0 
15264 0 0 0 0 0 0 0 0 0 0 0 0 0 0 0 0 0 0 0 0 0 0 
16786 6 0 6 0 0 0 0 0 0 0 0 0 0 0 0 0 0 0 0 0 0 0 
16801 3 0 3 0 0 0 0 0 0 0 0 0 0 0 0 0 0 0 0 0 0 0 
16831 0 0 0 0 0 0 0 0 0 0 0 0 0 0 0 0 0 0 0 0 0 0 
17761 2 0 2 0 0 0 0 0 0 0 0 0 0 0 0 0 0 0 0 0 0 0 
17776 8 0 8 0 0 0 0 0 0 0 0 0 0 0 0 0 0 0 0 0 0 0 
17791 6 0 6 0 0 0 0 0 0 0 0 0 0 0 0 0 0 0 0 0 0 0 
17806 8 0 8 0 0 0 0 0 0 0 0 0 0 0 0 0 0 0 0 0 0 0 
17851 6 0 6 0 0 0 0 0 0 0 0 0 0 0 0 0 0 0 0 0 0 0 
17866 8 0 8 0 0 0 0 0 0 0 0 0 0 0 0 0 0 0 0 0 0 0 
17881 18 0 18 0 0 0 0 0 0 0 0 0 0 0 0 0 0 0 0 0 0 0 
17896 8 0 8 0 0 0 0 0 0 0 0 0 0 0 0 0 0 0 0 0 0 0 
17911 6 0 6 0 0 0 0 0 0 0 0 0 0 0 0 0 0 0 0 0 0 0 
17926 3 0 3 0 0 0 0 0 0 0 0 0 0 0 0 0 0 0 0 0 0 0 
17941 0 0 0 0 0 0 0 0 0 0 0 0 0 0 0 0 0 0 0 0 0 0 
18100 1 0 0 0 0 0 0 0 0 0 0 0 0 0 0 0 0 0 0 0 1 0 
18115 3 0 0 0 0 0 0 0 0 0 0 0 0 0 0 0 0 0 0 0 3 0 
18130 -4 0 0 0 0 0 0 0 0 0 0 0 0 0 0 0 0 0 0 0 -4 0 
18145 0 0 0 0 0 0 0 0 0 0 0 0 0 0 0 0 0 0 0 0 0 0 
18169 0 1 0 0 0 0 0 0 0 1 0 0 0 0 0 0 0 0 0 0 0 0 
18184 0 0 0 0 0 0 0 0 0 0 0 0 0 0 0 0 0 0 0 0 0 0 
18550 7 0 0 0 0 0 0 0 0 0 0 0 0 0 0 0 0 0 0 0 7 0 
18580 2 0 0 0 0 0 0 0 0 0 0 0 0 0 0 0 0 0 0 0 2 0 
18595 0 0 0 0 0 0 0 0 0 0 0 0 0 0 0 0 0 0 0 0 0 0 
18725 2 0 0 0 0 0 0 0 0 0 2 0 0 0 0 0 0 0 0 0 0 0 
18740 6 0 0 0 0 0 0 0 0 0 6 0 0 0 0 0 0 0 0 0 0 0 
18755 -4 0 0 0 0 0 0 0 0 0 -4 0 0 0 0 0 0 0 0 0 0 0 
18785 0 0 0 0 0 0 0 0 0 0 0 0 0 0 0 0 0 0 0 0 0 0 
19175 2 0 0 0 0 0 0 0 0 0 2 0 0 0 0 0 0 0 0 0 0 0 
19190 6 0 0 0 0 0 0 0 0 0 6 0 0 0 0 0 0 0 0 0 0 0 
19205 17 0 0 0 0 0 0 0 0 0 17 0 0 0 0 0 0 0 0 0 0 0 
19220 1 0 0 0 0 0 0 0 0 0 1 0 0 0 0 0 0 0 0 0 0 0 
19235 0 0 0 0 0 0 0 0 0 0 0 0 0 0 0 0 0 0 0 0 0 0 
19583 0 1 0 0 0 0 0 0 0 0 0 0 0 0 0 0 0 1 0 0 0 0 
19598 0 0 0 0 0 0 0 0 0 0 0 0 0 0 0 0 0 0 0 0 0 0 
19628 0 11 0 0 0 0 0 0 0 0 0 0 0 0 0 0 0 11 0 0 0 0 
19643 0 0 0 0 0 0 0 0 0 0 0 0 0 0 0 0 0 0 0 0 0 0 
19731 0 1 0 0 0 0 0 0 0 0 0 0 0 1 0 0 0 0 0 0 0 0 
19746 0 0 0 0 0 0 0 0 0 0 0 0 0 0 0 0 0 0 0 0 0 0 
19776 0 11 0 0 0 0 0 0 0 0 0 0 0 11 0 0 0 0 0 0 0 0 
19791 0 0 0 0 0 0 0 0 0 0 0 0 0 0 0 0 0 0 0 0 0 0 
20180 6 0 0 0 0 0 0 0 0 0 6 0 0 0 0 0 0 0 0 0 0 0 
20210 8 0 0 0 0 0 0 0 0 0 8 0 0 0 0 0 0 0 0 0 0 0 
20255 6 0 0 0 0 0 0 0 0 0 6 0 0 0 0 0 0 0 0 0 0 0 
20270 5 0 0 0 0 0 0 0 0 0 5 0 0 0 0 0 0 0 0 0 0 0 
20285 36 0 0 0 0 0 0 0 0 0 36 0 0 0 0 0 0 0 0 0 0 0 
20289 2 0 0 0 0 0 0 0 0 0 36 0 0 0 0 0 0 0 2 0 0 0 
20300 26 0 0 0 0 0 0 0 0 0 26 0 0 0 0 0 0 0 2 0 0 0 
20304 0 0 0 0 0 0 0 0 0 0 26 0 0 0 0 0 0 0 0 0 0 0 
20315 3 0 0 0 0 0 0 0 0 0 3 0 0 0 0 0 0 0 0 0 0 0 
20316 2 0 0 0 0 0 0 0 0 0 3 0 2 0 0 0 0 0 0 0 0 0 
20331 1 0 0 0 0 0 0 0 0 0 2 0 0 0 0 0 0 0 0 0 0 0 
20345 0 0 0 0 0 0 0 0 0 0 0 0 0 0 0 0 0 0 0 0 0 0 
20410 2 0 0 0 0 0 0 0 0 0 0 0 0 0 0 0 0 0 0 0 2 0 
20425 18 0 0 0 0 0 0 0 0 0 0 0 0 0 0 0 0 0 0 0 18 0 
20440 8 0 0 0 0 0 0 0 0 0 0 0 0 0 0 0 0 0 0 0 8 0 
20455 6 0 0 0 0 0 0 0 0 0 0 0 0 0 0 0 0 0 0 0 6 0 
20470 8 0 0 0 0 0 0 0 0 0 0 0 0 0 0 0 0 0 0 0 8 0 
20515 16 0 0 0 0 0 0 0 0 0 0 0 0 0 0 0 0 0 0 0 16 0 
20530 8 0 0 0 0 0 0 0 0 0 0 0 0 0 0 0 0 0 0 0 8 0 
20540 2 0 0 0 0 0 0 0 0 0 2 0 0 0 0 0 0 0 0 0 8 0 
20545 4 0 0 0 0 0 0 0 0 0 2 0 0 0 0 0 0 0 0 0 4 0 
20555 0 0 0 0 0 0 0 0 0 0 0 0 0 0 0 0 0 0 0 0 4 0 
20785 6 0 0 0 0 0 0 0 0 0 0 0 0 0 0 0 0 0 0 0 6 0 
20800 8 0 0 0 0 0 0 0 0 0 0 0 0 0 0 0 0 0 0 0 8 0 
20815 6 0 0 0 0 0 0 0 0 0 0 0 0 0 0 0 0 0 0 0 6 0 
20830 8 0 0 0 0 0 0 0 0 0 0 0 0 0 0 0 0 0 0 0 8 0 
20845 0 0 0 0 0 0 0 0 0 0 0 0 0 0 0 0 0 0 0 0 0 0 
22803 0 1 0 0 0 0 0 1 0 0 0 0 0 0 0 0 0 0 0 0 0 0 
22818 0 0 0 0 0 0 0 0 0 0 0 0 0 0 0 0 0 0 0 0 0 0 
22833 0 10 0 0 0 0 0 10 0 0 0 0 0 0 0 0 0 0 0 0 0 0 
22848 0 0 0 0 0 0 0 0 0 0 0 0 0 0 0 0 0 0 0 0 0 0 
23267 0 1 0 0 0 1 0 0 0 0 0 0 0 0 0 0 0 0 0 0 0 0 
23282 0 0 0 0 0 0 0 0 0 0 0 0 0 0 0 0 0 0 0 0 0 0 
23297 0 10 0 0 0 10 0 0 0 0 0 0 0 0 0 0 0 0 0 0 0 0 
23312 0 11 0 0 0 11 0 0 0 0 0 0 0 0 0 0 0 0 0 0 0 0 
23327 0 0 0 0 0 0 0 0 0 0 0 0 0 0 0 0 0 0 0 0 0 0 
24606 2 0 0 0 0 0 0 0 0 0 0 0 2 0 0 0 0 0 0 0 0 0 
24621 6 0 0 0 0 0 0 0 0 0 0 0 6 0 0 0 0 0 0 0 0 0 
24636 -6 0 0 0 0 0 0 0 0 0 0 0 -6 0 0 0 0 0 0 0 0 0 
24651 -2 0 0 0 0 0 0 0 0 0 0 0 -2 0 0 0 0 0 0 0 0 0 
24666 0 0 0 0 0 0 0 0 0 0 0 0 0 0 0 0 0 0 0 0 0 0 
25071 6 0 0 0 0 0 0 0 0 0 0 0 6 0 0 0 0 0 0 0 0 0 
25086 0 0 0 0 0 0 0 0 0 0 0 0 0 0 0 0 0 0 0 0 0 0 
25101 -6 0 0 0 0 0 0 0 0 0 0 0 -6 0 0 0 0 0 0 0 0 0 
25116 0 0 0 0 0 0 0 0 0 0 0 0 0 0 0 0 0 0 0 0 0 0 
25464 0 1 0 0 0 0 0 0 0 0 0 0 0 0 0 0 0 0 0 1 0 0 
25479 0 0 0 0 0 0 0 0 0 0 0 0 0 0 0 0 0 0 0 0 0 0 
25509 0 1 0 0 0 0 0 0 0 0 0 0 0 0 0 0 0 0 0 1 0 0 
25521 7 0 0 0 0 0 0 0 0 0 0 0 7 0 0 0 0 0 0 1 0 0 
25524 0 0 0 0 0 0 0 0 0 0 0 0 7 0 0 0 0 0 0 0 0 0 
25551 2 0 0 0 0 0 0 0 0 0 0 0 2 0 0 0 0 0 0 0 0 0 
25566 0 0 0 0 0 0 0 0 0 0 0 0 0 0 0 0 0 0 0 0 0 0 
25658 6 0 0 0 0 0 0 0 0 0 0 0 0 0 0 0 6 0 0 0 0 0 
25688 4 0 0 0 0 0 0 0 0 0 0 0 0 0 0 0 4 0 0 0 0 0 
25703 0 0 0 0 0 0 0 0 0 0 0 0 0 0 0 0 0 0 0 0 0 0 
25720 13 0 0 0 0 0 0 0 0 0 0 0 0 0 0 0 0 0 0 0 13 0 
25735 -1 0 0 0 0 0 0 0 0 0 0 0 0 0 0 0 0 0 0 0 -1 0 
25750 -2 0 0 0 0 0 0 0 0 0 0 0 0 0 0 0 0 0 0 0 -2 0 
25765 0 0 0 0 0 0 0 0 0 0 0 0 0 0 0 0 0 0 0 0 0 0 
26061 8 0 0 0 0 0 0 0 0 0 0 0 8 0 0 0 0 0 0 0 0 0 
26091 7 0 0 0 0 0 0 0 0 0 0 0 7 0 0 0 0 0 0 0 0 0 
26121 8 0 0 0 0 0 0 0 0 0 0 0 8 0 0 0 0 0 0 0 0 0 
26151 6 0 0 0 0 0 0 0 0 0 0 0 6 0 0 0 0 0 0 0 0 0 
26166 18 0 0 0 0 0 0 0 0 0 0 0 18 0 0 0 0 0 0 0 0 0 
26181 8 0 0 0 0 0 0 0 0 0 0 0 8 0 0 0 0 0 0 0 0 0 
26196 9 0 0 0 0 0 0 0 0 0 0 0 9 0 0 0 0 0 0 0 0 0 
26211 5 0 0 0 0 0 0 0 0 0 0 0 5 0 0 0 0 0 0 0 0 0 
26213 4 0 0 0 0 0 0 0 0 0 0 0 5 0 0 0 4 0 0 0 0 0 
26228 16 0 0 0 0 0 0 0 0 0 0 0 4 0 0 0 28 0 0 0 0 0 
26241 0 0 0 0 0 0 0 0 0 0 0 0 0 0 0 0 28 0 0 0 0 0 
26243 24 0 0 0 0 0 0 0 0 0 0 0 0 0 0 0 24 0 0 0 0 0 
26258 8 0 0 0 0 0 0 0 0 0 0 0 0 0 0 0 8 0 0 0 0 0 
26303 6 0 0 0 0 0 0 0 0 0 0 0 0 0 0 0 6 0 0 0 0 0 
26318 18 0 0 0 0 0 0 0 0 0 0 0 0 0 0 0 18 0 0 0 0 0 
26333 0 0 0 0 0 0 0 0 0 0 0 0 0 0 0 0 0 0 0 0 0 0 
