# ValueCount deltaRoads
10 0 0 0 0 0 0 0 0 0 0 0 0 0 0 0 0 0 0 0 0 0 0 
122 1 6 1 0 1 6 1 0 1 0 1 0 1 0 1 0 1 0 1 0 1 0 
128 2 7 2 0 2 6 2 0 2 0 2 0 2 0 2 0 2 7 2 0 2 0 
129 3 16 3 0 3 6 3 0 3 0 3 0 3 0 3 0 3 7 3 16 3 0 
143 4 5 4 0 4 6 4 0 4 0 4 0 4 0 4 0 4 5 4 16 4 0 
144 5 6 5 0 5 6 5 0 5 0 5 0 5 0 5 0 5 5 5 6 5 0 
152 6 4 6 0 6 4 6 0 6 0 6 0 6 0 6 0 6 5 6 6 6 0 
167 7 2.66667 7 0 7 0 7 0 7 0 7 0 7 0 7 0 7 4 7 4 7 0 
173 8 0 8 0 8 0 8 0 8 0 8 0 8 0 8 0 8 0 8 4 8 0 
694 9 3 9 0 9 0 9 0 9 6 9 0 9 0 9 0 9 0 9 0 9 0 
724 10 4 10 0 10 0 10 0 10 4 10 0 10 0 10 0 10 0 10 0 10 0 
737 11 2 11 0 11 2 11 0 11 4 11 0 11 0 11 0 11 0 11 0 11 0 
739 12 0 12 0 12 2 12 0 12 0 12 0 12 0 12 0 12 0 12 0 12 0 
752 13 8 13 0 13 8 13 0 13 0 13 0 13 0 13 0 13 0 13 0 13 0 
767 14 6 14 0 14 6 14 0 14 0 14 0 14 0 14 0 14 0 14 0 14 0 
782 15 8 15 0 15 8 15 0 15 0 15 0 15 0 15 0 15 0 15 0 15 0 
797 16 9 16 0 16 9 16 0 16 0 16 0 16 0 16 0 16 0 16 0 16 0 
812 17 8 17 0 17 8 17 0 17 0 17 0 17 0 17 0 17 0 17 0 17 0 
827 18 5 18 0 18 5 18 0 18 0 18 0 18 0 18 0 18 0 18 0 18 0 
842 19 8 19 0 19 8 19 0 19 0 19 0 19 0 19 0 19 0 19 0 19 0 
857 20 18 20 0 20 18 20 0 20 0 20 0 20 0 20 0 20 0 20 0 20 0 
872 21 8 21 0 21 8 21 0 21 0 21 0 21 0 21 0 21 0 21 0 21 0 
887 22 4 22 0 22 4 22 0 22 0 22 0 22 0 22 0 22 0 22 0 22 0 
902 23 0 23 0 23 0 23 0 23 0 23 0 23 0 23 0 23 0 23 0 23 0 
1373 24 8 24 0 24 0 24 0 24 0 24 0 24 0 24 0 24 8 24 0 24 0 
1403 25 6 25 0 25 0 25 0 25 0 25 0 25 0 25 0 25 6 25 0 25 0 
1418 26 8 26 0 26 0 26 0 26 0 26 0 26 0 26 0 26 8 26 0 26 0 
1463 27 3 27 0 27 0 27 0 27 0 27 0 27 0 27 0 27 3 27 0 27 0 
1478 28 45 28 0 28 0 28 0 28 0 28 0 28 0 28 0 28 45 28 0 28 0 
1493 29 8 29 0 29 0 29 0 29 0 29 0 29 0 29 0 29 8 29 0 29 0 
1523 30 6 30 0 30 0 30 0 30 0 30 0 30 0 30 0 30 6 30 0 30 0 
1538 31 8 31 0 31 0 31 0 31 0 31 0 31 0 31 0 31 8 31 0 31 0 
1553 32 2 32 0 32 0 32 0 32 0 32 0 32 0 32 0 32 2 32 0 32 0 
1568 33 0 33 0 33 0 33 0 33 0 33 0 33 0 33 0 33 0 33 0 33 0 
1789 34 4 34 0 34 0 34 0 34 4 34 0 34 0 34 0 34 0 34 0 34 0 
1804 35 8 35 0 35 0 35 0 35 8 35 0 35 0 35 0 35 0 35 0 35 0 
1819 36 6 36 0 36 0 36 0 36 6 36 0 36 0 36 0 36 0 36 0 36 0 
1834 37 8 37 0 37 0 37 0 37 8 37 0 37 0 37 0 37 0 37 0 37 0 
1879 38 16 38 0 38 0 38 0 38 16 38 0 38 0 38 0 38 0 38 0 38 0 
1894 39 6 39 0 39 0 39 0 39 6 39 0 39 0 39 0 39 0 39 0 39 0 
1909 40 8 40 0 40 0 40 0 40 8 40 0 40 0 40 0 40 0 40 0 40 0 
1939 41 6 41 0 41 0 41 0 41 6 41 0 41 0 41 0 41 0 41 0 41 0 
1954 42 2 42 0 42 0 42 0 42 2 42 0 42 0 42 0 42 0 42 0 42 0 
1969 43 0 43 0 43 0 43 0 43 0 43 0 43 0 43 0 43 0 43 0 43 0 
6226 44 4 44 4 44 0 44 0 44 0 44 0 44 0 44 0 44 0 44 0 44 0 
6241 45 6 45 6 45 0 45 0 45 0 45 0 45 0 45 0 45 0 45 0 45 0 
6247 46 4 46 6 46 0 46 0 46 0 46 0 46 0 46 4 46 0 46 0 46 0 
6262 47 6 47 6 47 0 47 0 47 0 47 0 47 0 47 6 47 0 47 0 47 0 
6271 48 0 48 0 48 0 48 0 48 0 48 0 48 0 48 6 48 0 48 0 48 0 
6277 49 16 49 0 49 0 49 0 49 0 49 0 49 0 49 16 49 0 49 0 49 0 
6292 50 0 50 0 50 0 50 0 50 0 50 0 50 0 50 0 50 0 50 0 50 0 
6412 51 18 51 0 51 0 51 0 51 0 51 0 51 0 51 18 51 0 51 0 51 0 
6413 52 2 52 0 52 0 52 0 52 0 52 0 52 0 52 18 52 2 52 0 52 0 
6427 53 6 53 0 53 0 53 0 53 0 53 0 53 0 53 6 53 2 53 0 53 0 
6428 54 16 54 0 54 0 54 0 54 0 54 0 54 0 54 6 54 16 54 0 54 0 
6442 55 18 55 0 55 0 55 0 55 0 55 0 55 0 55 18 55 16 55 0 55 0 
6443 56 6 56 0 56 0 56 0 56 0 56 0 56 0 56 18 56 6 56 0 56 0 
6457 57 8 57 0 57 0 57 0 57 0 57 0 57 0 57 8 57 6 57 0 57 0 
6458 58 2 58 0 58 0 58 0 58 0 58 0 58 0 58 8 58 2 58 0 58 0 
6473 59 1 59 0 59 0 59 0 59 0 59 0 59 0 59 2 59 0 59 0 59 0 
6487 60 0 60 0 60 0 60 0 60 0 60 0 60 0 60 0 60 0 60 0 60 0 
6500 61 6 61 0 61 0 61 0 61 0 61 6 61 0 61 0 61 0 61 0 61 0 
6515 62 2 62 0 62 0 62 0 62 0 62 2 62 0 62 0 62 0 62 0 62 0 
6530 63 7 63 0 63 0 63 0 63 0 63 7 63 0 63 0 63 0 63 0 63 0 
6545 64 1 64 0 64 0 64 0 64 0 64 1 64 0 64 0 64 0 64 0 64 0 
6560 65 0 65 0 65 0 65 0 65 0 65 0 65 0 65 0 65 0 65 0 65 0 
6591 66 1 66 0 66 0 66 0 66 0 66 0 66 1 66 0 66 0 66 0 66 0 
6606 67 3 67 0 67 0 67 0 67 0 67 0 67 3 67 0 67 0 67 0 67 0 
6621 68 5 68 0 68 0 68 0 68 0 68 0 68 5 68 0 68 0 68 0 68 0 
6636 69 1 69 0 69 0 69 0 69 0 69 0 69 1 69 0 69 0 69 0 69 0 
6651 70 0 70 0 70 0 70 0 70 0 70 0 70 0 70 0 70 0 70 0 70 0 
6728 71 8 71 0 71 0 71 0 71 0 71 0 71 0 71 0 71 8 71 0 71 0 
6743 72 6 72 0 72 0 72 0 72 0 72 0 72 0 72 0 72 6 72 0 72 0 
6758 73 8 73 0 73 0 73 0 73 0 73 0 73 0 73 0 73 8 73 0 73 0 
6803 74 6 74 0 74 0 74 0 74 0 74 0 74 0 74 0 74 6 74 0 74 0 
6814 75 2 75 0 75 0 75 0 75 2 75 0 75 0 75 0 75 6 75 0 75 0 
6829 76 4 76 0 76 0 76 0 76 6 76 0 76 0 76 0 76 2 76 0 76 0 
6833 77 0 77 0 77 0 77 0 77 6 77 0 77 0 77 0 77 0 77 0 77 0 
6844 78 7 78 0 78 0 78 0 78 7 78 0 78 0 78 0 78 0 78 0 78 0 
6859 79 1 79 0 79 0 79 0 79 1 79 0 79 0 79 0 79 0 79 0 79 0 
6874 80 0 80 0 80 0 80 0 80 0 80 0 80 0 80 0 80 0 80 0 80 0 
7051 81 4 81 4 81 0 81 0 81 0 81 0 81 0 81 0 81 0 81 0 81 0 
7066 82 26 82 26 82 0 82 0 82 0 82 0 82 0 82 0 82 0 82 0 82 0 
7081 83 16 83 16 83 0 83 0 83 0 83 0 83 0 83 0 83 0 83 0 83 0 
7096 84 28 84 28 84 0 84 0 84 0 84 0 84 0 84 0 84 0 84 0 84 0 
7111 85 6 85 6 85 0 85 0 85 0 85 0 85 0 85 0 85 0 85 0 85 0 
7126 86 18 86 18 86 0 86 0 86 0 86 0 86 0 86 0 86 0 86 0 86 0 
7141 87 36 87 36 87 0 87 0 87 0 87 0 87 0 87 0 87 0 87 0 87 0 
7156 88 18 88 18 88 0 88 0 88 0 88 0 88 0 88 0 88 0 88 0 88 0 
7171 89 16 89 16 89 0 89 0 89 0 89 0 89 0 89 0 89 0 89 0 89 0 
7186 90 8 90 8 90 0 90 0 90 0 90 0 90 0 90 0 90 0 90 0 90 0 
7216 91 6 91 6 91 0 91 0 91 0 91 0 91 0 91 0 91 0 91 0 91 0 
7231 92 0 92 0 92 0 92 0 92 0 92 0 92 0 92 0 92 0 92 0 92 0 
7566 93 5 93 0 93 0 93 0 93 0 93 0 93 5 93 0 93 0 93 0 93 0 
7581 94 8 94 0 94 0 94 0 94 0 94 0 94 8 94 0 94 0 94 0 94 0 
7596 95 9 95 0 95 0 95 0 95 0 95 0 95 9 95 0 95 0 95 0 95 0 
7611 96 5 96 0 96 0 96 0 96 0 96 0 96 5 96 0 96 0 96 0 96 0 
7626 97 8 97 0 97 0 97 0 97 0 97 0 97 8 97 0 97 0 97 0 97 0 
7671 98 6 98 0 98 0 98 0 98 0 98 0 98 6 98 0 98 0 98 0 98 0 
7686 99 5 99 0 99 0 99 0 99 0 99 0 99 5 99 0 99 0 99 0 99 0 
7701 100 0 100 0 100 0 100 0 100 0 100 0 100 0 100 0 100 0 100 0 100 0 
8088 101 7 101 0 101 0 101 7 101 0 101 0 101 0 101 0 101 0 101 0 101 0 
8103 102 5 102 0 102 0 102 5 102 0 102 0 102 0 102 0 102 0 102 0 102 0 
8118 103 4 103 0 103 0 103 4 103 0 103 0 103 0 103 0 103 0 103 0 103 0 
8133 104 0 104 0 104 0 104 0 104 0 104 0 104 0 104 0 104 0 104 0 104 0 
8214 105 4 105 0 105 0 105 0 105 0 105 0 105 0 105 0 105 0 105 4 105 0 
8229 106 8 106 0 106 0 106 0 106 0 106 0 106 0 106 0 106 0 106 8 106 0 
8259 107 6 107 0 107 0 107 0 107 0 107 0 107 0 107 0 107 0 107 6 107 0 
8274 108 8 108 0 108 0 108 0 108 0 108 0 108 0 108 0 108 0 108 8 108 0 
8319 109 6 109 0 109 0 109 0 109 0 109 0 109 0 109 0 109 0 109 6 109 0 
8334 110 8 110 0 110 0 110 0 110 0 110 0 110 0 110 0 110 0 110 8 110 0 
8349 111 18 111 0 111 0 111 0 111 0 111 0 111 0 111 0 111 0 111 18 111 0 
8359 112 1 112 0 112 0 112 0 112 1 112 0 112 0 112 0 112 0 112 18 112 0 
8364 113 7 113 0 113 0 113 0 113 1 113 0 113 0 113 0 113 0 113 7 113 0 
8374 114 0 114 0 114 0 114 0 114 0 114 0 114 0 114 0 114 0 114 7 114 0 
8379 115 6 115 0 115 0 115 0 115 0 115 0 115 0 115 0 115 0 115 6 115 0 
8394 116 8 116 0 116 0 116 0 116 0 116 0 116 0 116 0 116 0 116 8 116 0 
8424 117 9 117 0 117 0 117 0 117 0 117 0 117 0 117 0 117 0 117 9 117 0 
8439 118 41 118 0 118 0 118 0 118 0 118 0 118 0 118 0 118 0 118 41 118 0 
8454 119 8 119 0 119 0 119 0 119 0 119 0 119 0 119 0 119 0 119 8 119 0 
8469 120 7 120 0 120 0 120 0 120 0 120 0 120 0 120 0 120 0 120 7 120 0 
8484 121 8 121 0 121 0 121 0 121 0 121 0 121 0 121 0 121 0 121 8 121 0 
8499 122 6 122 0 122 0 122 0 122 0 122 0 122 0 122 0 122 0 122 6 122 0 
8514 123 8 123 0 123 0 123 0 123 0 123 0 123 0 123 0 123 0 123 8 123 0 
8544 124 18 124 0 124 0 124 0 124 0 124 0 124 0 124 0 124 0 124 18 124 0 
8559 125 0 125 0 125 0 125 0 125 0 125 0 125 0 125 0 125 0 125 0 125 0 
8574 126 4 126 0 126 0 126 0 126 0 126 0 126 0 126 0 126 0 126 4 126 0 
8584 127 1 127 0 127 0 127 0 127 1 127 0 127 0 127 0 127 0 127 4 127 0 
8589 128 5 128 0 128 0 128 0 128 1 128 0 128 0 128 0 128 0 128 5 128 0 
8599 129 0 129 0 129 0 129 0 129 0 129 0 129 0 129 0 129 0 129 5 129 0 
8689 130 2 130 0 130 0 130 0 130 4 130 0 130 0 130 0 130 0 130 0 130 0 
8704 131 8 131 0 131 0 131 0 131 8 131 0 131 0 131 0 131 0 131 0 131 0 
8719 132 16 132 0 132 0 132 0 132 16 132 0 132 0 132 0 132 0 132 0 132 0 
8734 133 8 133 0 133 0 133 0 133 8 133 0 133 0 133 0 133 0 133 0 133 0 
8769 134 13 134 0 134 0 134 0 134 8 134 0 134 0 134 0 134 0 134 13 134 0 
8779 135 6 135 0 135 0 135 0 135 6 135 0 135 0 135 0 135 0 135 13 135 0 
8784 136 43 136 0 136 0 136 0 136 6 136 0 136 0 136 0 136 0 136 43 136 0 
8794 137 17 137 0 137 0 137 0 137 17 137 0 137 0 137 0 137 0 137 43 137 0 
8799 138 1 138 0 138 0 138 0 138 17 138 0 138 0 138 0 138 0 138 1 138 0 
8809 139 0 139 0 139 0 139 0 139 0 139 0 139 0 139 0 139 0 139 1 139 0 
10085 140 3 140 0 140 0 140 0 140 0 140 6 140 0 140 0 140 0 140 0 140 0 
10100 141 8 141 0 141 0 141 0 141 0 141 8 141 0 141 0 141 0 141 0 141 0 
10115 142 33 142 0 142 0 142 0 142 0 142 33 142 0 142 0 142 0 142 0 142 0 
10130 143 7 143 0 143 0 143 0 143 0 143 7 143 0 143 0 143 0 143 0 143 0 
10145 144 8 144 0 144 0 144 0 144 0 144 8 144 0 144 0 144 0 144 0 144 0 
10160 145 18 145 0 145 0 145 0 145 0 145 18 145 0 145 0 145 0 145 0 145 0 
10175 146 6 146 0 146 0 146 0 146 0 146 6 146 0 146 0 146 0 146 0 146 0 
10190 147 18 147 0 147 0 147 0 147 0 147 18 147 0 147 0 147 0 147 0 147 0 
10220 148 8 148 0 148 0 148 0 148 0 148 8 148 0 148 0 148 0 148 0 148 0 
10235 149 6 149 0 149 0 149 0 149 0 149 6 149 0 149 0 149 0 149 0 149 0 
10250 150 8 150 0 150 0 150 0 150 0 150 8 150 0 150 0 150 0 150 0 150 0 
10295 151 6 151 0 151 0 151 0 151 0 151 6 151 0 151 0 151 0 151 0 151 0 
10310 152 5 152 0 152 0 152 0 152 0 152 5 152 0 152 0 152 0 152 0 152 0 
10325 153 29 153 0 153 0 153 0 153 0 153 29 153 0 153 0 153 0 153 0 153 0 
10340 154 4 154 0 154 0 154 0 154 0 154 4 154 0 154 0 154 0 154 0 154 0 
10355 155 0 155 0 155 0 155 0 155 0 155 0 155 0 155 0 155 0 155 0 155 0 
10563 156 4 156 0 156 0 156 4 156 0 156 0 156 0 156 0 156 0 156 0 156 0 
10578 157 8 157 0 157 0 157 8 157 0 157 0 157 0 157 0 157 0 157 0 157 0 
10593 158 18 158 0 158 0 158 18 158 0 158 0 158 0 158 0 158 0 158 0 158 0 
10608 159 50 159 0 159 0 159 50 159 0 159 0 159 0 159 0 159 0 159 0 159 0 
10623 160 6 160 0 160 0 160 6 160 0 160 0 160 0 160 0 160 0 160 0 160 0 
10638 161 8 161 0 161 0 161 8 161 0 161 0 161 0 161 0 161 0 161 0 161 0 
10653 162 18 162 0 162 0 162 18 162 0 162 0 162 0 162 0 162 0 162 0 162 0 
10668 163 8 163 0 163 0 163 8 163 0 163 0 163 0 163 0 163 0 163 0 163 0 
10683 164 6 164 0 164 0 164 6 164 0 164 0 164 0 164 0 164 0 164 0 164 0 
10698 165 9 165 0 165 0 165 9 165 0 165 0 165 0 165 0 165 0 165 0 165 0 
10713 166 7 166 0 166 0 166 7 166 0 166 0 166 0 166 0 166 0 166 0 166 0 
10728 167 8 167 0 167 0 167 8 167 0 167 0 167 0 167 0 167 0 167 0 167 0 
10743 168 6 168 0 168 0 168 6 168 0 168 0 168 0 168 0 168 0 168 0 168 0 
10758 169 9 169 0 169 0 169 9 169 0 169 0 169 0 169 0 169 0 169 0 169 0 
10773 170 1 170 0 170 0 170 1 170 0 170 0 170 0 170 0 170 0 170 0 170 0 
10788 171 0 171 0 171 0 171 0 171 0 171 0 171 0 171 0 171 0 171 0 171 0 
11693 172 6 172 0 172 0 172 0 172 0 172 0 172 0 172 0 172 6 172 0 172 0 
11708 173 14 173 0 173 0 173 0 173 0 173 0 173 0 173 0 173 14 173 0 173 0 
11723 174 5 174 0 174 0 174 0 174 0 174 0 174 0 174 0 174 5 174 0 174 0 
11738 175 1 175 0 175 0 175 0 175 0 175 0 175 0 175 0 175 1 175 0 175 0 
11753 176 0 176 0 176 0 176 0 176 0 176 0 176 0 176 0 176 0 176 0 176 0 
12091 177 4 177 4 177 0 177 0 177 0 177 0 177 0 177 0 177 0 177 0 177 0 
12106 178 6 178 6 178 0 178 0 178 0 178 0 178 0 178 0 178 0 178 0 178 0 
12136 179 0 179 0 179 0 179 0 179 0 179 0 179 0 179 0 179 0 179 0 179 0 
12452 180 2 180 0 180 2 180 0 180 0 180 0 180 0 180 0 180 0 180 0 180 0 
12467 181 5 181 0 181 5 181 0 181 0 181 0 181 0 181 0 181 0 181 0 181 0 
12482 182 7 182 0 182 7 182 0 182 0 182 0 182 0 182 0 182 0 182 0 182 0 
12497 183 2 183 0 183 2 183 0 183 0 183 0 183 0 183 0 183 0 183 0 183 0 
12512 184 0 184 0 184 0 184 0 184 0 184 0 184 0 184 0 184 0 184 0 184 0 
12561 185 4 185 0 185 0 185 0 185 0 185 0 185 4 185 0 185 0 185 0 185 0 
12591 186 6 186 0 186 0 186 0 186 0 186 0 186 6 186 0 186 0 186 0 186 0 
12606 187 2 187 0 187 0 187 0 187 0 187 0 187 2 187 0 187 0 187 0 187 0 
12621 188 0 188 0 188 0 188 0 188 0 188 0 188 0 188 0 188 0 188 0 188 0 
12706 189 4 189 4 189 0 189 0 189 0 189 0 189 0 189 0 189 0 189 0 189 0 
12721 190 8 190 8 190 0 190 0 190 0 190 0 190 0 190 0 190 0 190 0 190 0 
12736 191 18 191 18 191 0 191 0 191 0 191 0 191 0 191 0 191 0 191 0 191 0 
12751 192 6 192 6 192 0 192 0 192 0 192 0 192 0 192 0 192 0 192 0 192 0 
12766 193 8 193 8 193 0 193 0 193 0 193 0 193 0 193 0 193 0 193 0 193 0 
12811 194 6 194 6 194 0 194 0 194 0 194 0 194 0 194 0 194 0 194 0 194 0 
12826 195 8 195 8 195 0 195 0 195 0 195 0 195 0 195 0 195 0 195 0 195 0 
12841 196 60 196 60 196 0 196 0 196 0 196 0 196 0 196 0 196 0 196 0 196 0 
12856 197 16 197 16 197 0 197 0 197 0 197 0 197 0 197 0 197 0 197 0 197 0 
12871 198 0 198 0 198 0 198 0 198 0 198 0 198 0 198 0 198 0 198 0 198 0 
13517 199 4 199 0 199 4 199 0 199 0 199 0 199 0 199 0 199 0 199 0 199 0 
13532 200 8 200 0 200 8 200 0 200 0 200 0 200 0 200 0 200 0 200 0 200 0 
13547 201 6 201 0 201 6 201 0 201 0 201 0 201 0 201 0 201 0 201 0 201 0 
13566 202 1 202 0 202 6 202 0 202 0 202 0 202 1 202 0 202 0 202 0 202 0 
13577 203 8 203 0 203 8 203 0 203 0 203 0 203 1 203 0 203 0 203 0 203 0 
13581 204 0 204 0 204 8 204 0 204 0 204 0 204 0 204 0 204 0 204 0 204 0 
13607 205 6 205 0 205 6 205 0 205 0 205 0 205 0 205 0 205 0 205 0 205 0 
13622 206 8 206 0 206 8 206 0 206 0 206 0 206 0 206 0 206 0 206 0 206 0 
13667 207 6 207 0 207 6 207 0 207 0 207 0 207 0 207 0 207 0 207 0 207 0 
13682 208 8 208 0 208 8 208 0 208 0 208 0 208 0 208 0 208 0 208 0 208 0 
13697 209 6 209 0 209 6 209 0 209 0 209 0 209 0 209 0 209 0 209 0 209 0 
13712 210 0 210 0 210 0 210 0 210 0 210 0 210 0 210 0 210 0 210 0 210 0 
14946 211 4 211 0 211 0 211 0 211 0 211 0 211 4 211 0 211 0 211 0 211 0 
14961 212 8 212 0 212 0 212 0 212 0 212 0 212 8 212 0 212 0 212 0 212 0 
14991 213 6 213 0 213 0 213 0 213 0 213 0 213 6 213 0 213 0 213 0 213 0 
15006 214 8 214 0 214 0 214 0 214 0 214 0 214 8 214 0 214 0 214 0 214 0 
15051 215 6 215 0 215 0 215 0 215 0 215 0 215 6 215 0 215 0 215 0 215 0 
15066 216 18 216 0 216 0 216 0 216 0 216 0 216 18 216 0 216 0 216 0 216 0 
15081 217 8 217 0 217 0 217 0 217 0 217 0 217 8 217 0 217 0 217 0 217 0 
15107 218 1 218 0 218 1 218 0 218 0 218 0 218 8 218 0 218 0 218 0 218 0 
15111 219 4 219 0 219 1 219 0 219 0 219 0 219 4 219 0 219 0 219 0 219 0 
15126 220 8 220 0 220 1 220 0 220 0 220 0 220 8 220 0 220 0 220 0 220 0 
15137 221 0 221 0 221 0 221 0 221 0 221 0 221 8 221 0 221 0 221 0 221 0 
15141 222 51 222 0 222 0 222 0 222 0 222 0 222 51 222 0 222 0 222 0 222 0 
15156 223 7 223 0 223 0 223 0 223 0 223 0 223 7 223 0 223 0 223 0 223 0 
15171 224 6 224 0 224 0 224 0 224 0 224 0 224 6 224 0 224 0 224 0 224 0 
15186 225 8 225 0 225 0 225 0 225 0 225 0 225 8 225 0 225 0 225 0 225 0 
15216 226 4 226 0 226 0 226 0 226 0 226 0 226 4 226 0 226 0 226 0 226 0 
15231 227 0 227 0 227 0 227 0 227 0 227 0 227 0 227 0 227 0 227 0 227 0 
16088 228 8 228 0 228 0 228 0 228 0 228 0 228 0 228 0 228 8 228 0 228 0 
16103 229 6 229 0 229 0 229 0 229 0 229 0 229 0 229 0 229 6 229 0 229 0 
16118 230 18 230 0 230 0 230 0 230 0 230 0 230 0 230 0 230 18 230 0 230 0 
16133 231 8 231 0 231 0 231 0 231 0 231 0 231 0 231 0 231 8 231 0 231 0 
16163 232 6 232 0 232 0 232 0 232 0 232 0 232 0 232 0 232 6 232 0 232 0 
16178 233 18 233 0 233 0 233 0 233 0 233 0 233 0 233 0 233 18 233 0 233 0 
16193 234 8 234 0 234 0 234 0 234 0 234 0 234 0 234 0 234 8 234 0 234 0 
16208 235 90 235 0 235 0 235 0 235 0 235 0 235 0 235 0 235 90 235 0 235 0 
16223 236 6 236 0 236 0 236 0 236 0 236 0 236 0 236 0 236 6 236 0 236 0 
16238 237 8 237 0 237 0 237 0 237 0 237 0 237 0 237 0 237 8 237 0 237 0 
16283 238 6 238 0 238 0 238 0 238 0 238 0 238 0 238 0 238 6 238 0 238 0 
16298 239 8 239 0 239 0 239 0 239 0 239 0 239 0 239 0 239 8 239 0 239 0 
16328 240 18 240 0 240 0 240 0 240 0 240 0 240 0 240 0 240 18 240 0 240 0 
16343 241 24 241 0 241 0 241 0 241 0 241 0 241 0 241 0 241 24 241 0 241 0 
16358 242 8 242 0 242 0 242 0 242 0 242 0 242 0 242 0 242 8 242 0 242 0 
16388 243 6 243 0 243 0 243 0 243 0 243 0 243 0 243 0 243 6 243 0 243 0 
16389 244 2 244 0 244 0 244 0 244 0 244 0 244 0 244 0 244 6 244 2 244 0 
16404 245 0 245 0 245 0 245 0 245 0 245 0 245 0 245 0 245 6 245 0 245 0 
16418 246 2 246 0 246 0 246 0 246 0 246 0 246 0 246 0 246 2 246 0 246 0 
16433 247 0 247 0 247 0 247 0 247 0 247 0 247 0 247 0 247 0 247 0 247 0 
17731 248 2 248 2 248 0 248 0 248 0 248 0 248 0 248 0 248 0 248 0 248 0 
17746 249 16 249 16 249 0 249 0 249 0 249 0 249 0 249 0 249 0 249 0 249 0 
17761 250 4 250 4 250 0 250 0 250 0 250 0 250 0 250 0 250 0 250 0 250 0 
17776 251 2 251 2 251 0 251 0 251 0 251 0 251 0 251 0 251 0 251 0 251 0 
17791 252 0 252 0 252 0 252 0 252 0 252 0 252 0 252 0 252 0 252 0 252 0 
18587 253 4 253 0 253 4 253 0 253 0 253 0 253 0 253 0 253 0 253 0 253 0 
18617 254 7 254 0 254 7 254 0 254 0 254 0 254 0 254 0 254 0 254 0 254 0 
18632 255 1 255 0 255 1 255 0 255 0 255 0 255 0 255 0 255 0 255 0 255 0 
18647 256 0 256 0 256 0 256 0 256 0 256 0 256 0 256 0 256 0 256 0 256 0 
19299 257 6 257 0 257 0 257 0 257 0 257 0 257 0 257 0 257 0 257 6 257 0 
19314 258 4 258 0 258 0 258 0 258 0 258 0 258 0 258 0 258 0 258 4 258 0 
19329 259 6 259 0 259 0 259 0 259 0 259 0 259 0 259 0 259 0 259 6 259 0 
19344 260 0 260 0 260 0 260 0 260 0 260 0 260 0 260 0 260 0 260 0 260 0 
22352 261 6 261 0 261 6 261 0 261 0 261 0 261 0 261 0 261 0 261 0 261 0 
22382 262 8 262 0 262 8 262 0 262 0 262 0 262 0 262 0 262 0 262 0 262 0 
22397 263 18 263 0 263 18 263 0 263 0 263 0 263 0 263 0 263 0 263 0 263 0 
22427 264 1 264 0 264 1 264 0 264 0 264 0 264 0 264 0 264 0 264 0 264 0 
22442 265 0.5 265 0 265 0 265 0 265 0 265 1 265 0 265 0 265 0 265 0 265 0 
22445 266 0 266 0 266 0 266 0 266 0 266 0 266 0 266 0 266 0 266 0 266 0 
22546 267 8 267 8 267 0 267 0 267 0 267 0 267 0 267 0 267 0 267 0 267 0 
22561 268 9 268 9 268 0 268 0 268 0 268 0 268 0 268 0 268 0 268 0 268 0 
22576 269 8 269 8 269 0 269 0 269 0 269 0 269 0 269 0 269 0 269 0 269 0 
22591 270 5 270 5 270 0 270 0 270 0 270 0 270 0 270 0 270 0 270 0 270 0 
22606 271 8 271 8 271 0 271 0 271 0 271 0 271 0 271 0 271 0 271 0 271 0 
22621 272 6 272 6 272 0 272 0 272 0 272 0 272 0 272 0 272 0 272 0 272 0 
22626 273 2 273 6 273 0 273 0 273 0 273 0 273 2 273 0 273 0 273 0 273 0 
22636 274 8 274 8 274 0 274 0 274 0 274 0 274 2 274 0 274 0 274 0 274 0 
22641 275 0 275 8 275 0 275 0 275 0 275 0 275 0 275 0 275 0 275 0 275 0 
22651 276 6 276 6 276 0 276 0 276 0 276 0 276 0 276 0 276 0 276 0 276 0 
22666 277 8 277 8 277 0 277 0 277 0 277 0 277 0 277 0 277 0 277 0 277 0 
22696 278 6 278 6 278 0 278 0 278 0 278 0 278 0 278 0 278 0 278 0 278 0 
22711 279 14 279 14 279 0 279 0 279 0 279 0 279 0 279 0 279 0 279 0 279 0 
22726 280 0 280 0 280 0 280 0 280 0 280 0 280 0 280 0 280 0 280 0 280 0 
22727 281 3 281 0 281 3 281 0 281 0 281 0 281 0 281 0 281 0 281 0 281 0 
22730 282 1 282 0 282 3 282 0 282 0 282 1 282 0 282 0 282 0 282 0 282 0 
22742 283 0 283 0 283 0 283 0 283 0 283 1 283 0 283 0 283 0 283 0 283 0 
23239 284 3 284 0 284 0 284 0 284 6 284 0 284 0 284 0 284 0 284 0 284 0 
23269 285 4 285 0 285 0 285 0 285 4 285 0 285 0 285 0 285 0 285 0 285 0 
23284 286 0 286 0 286 0 286 0 286 0 286 0 286 0 286 0 286 0 286 0 286 0 
