# ValueCount deltaRailVehicles
10 0 0 0 0 0 0 0 0 0 0 0 0 0 0 0 0 0 0 0 0 0 0 
456 1 1 1 0 1 0 1 0 1 0 1 0 1 1 1 0 1 0 1 0 1 0 
471 2 0 2 0 2 0 2 0 2 0 2 0 2 0 2 0 2 0 2 0 2 0 
813 3 1 3 0 3 0 3 1 3 0 3 0 3 0 3 0 3 0 3 0 3 0 
828 4 0 4 0 4 0 4 0 4 0 4 0 4 0 4 0 4 0 4 0 4 0 
858 5 5 5 0 5 0 5 5 5 0 5 0 5 0 5 0 5 0 5 0 5 0 
873 6 0 6 0 6 0 6 0 6 0 6 0 6 0 6 0 6 0 6 0 6 0 
1029 7 1 7 0 7 0 7 0 7 0 7 0 7 0 7 0 7 0 7 1 7 0 
1044 8 0 8 0 8 0 8 0 8 0 8 0 8 0 8 0 8 0 8 0 8 0 
1141 9 1 9 1 9 0 9 0 9 0 9 0 9 0 9 0 9 0 9 0 9 0 
1156 10 0 10 0 10 0 10 0 10 0 10 0 10 0 10 0 10 0 10 0 10 0 
1186 11 1 11 1 11 0 11 0 11 0 11 0 11 0 11 0 11 0 11 0 11 0 
1201 12 0 12 0 12 0 12 0 12 0 12 0 12 0 12 0 12 0 12 0 12 0 
1294 13 1 13 0 13 0 13 0 13 1 13 0 13 0 13 0 13 0 13 0 13 0 
1309 14 0 14 0 14 0 14 0 14 0 14 0 14 0 14 0 14 0 14 0 14 0 
1339 15 5 15 0 15 0 15 0 15 5 15 0 15 0 15 0 15 0 15 0 15 0 
1354 16 0 16 0 16 0 16 0 16 0 16 0 16 0 16 0 16 0 16 0 16 0 
5541 17 1 17 0 17 0 17 0 17 0 17 0 17 1 17 0 17 0 17 0 17 0 
5556 18 0 18 0 18 0 18 0 18 0 18 0 18 0 18 0 18 0 18 0 18 0 
8299 19 1 19 0 19 0 19 0 19 1 19 0 19 0 19 0 19 0 19 0 19 0 
8314 20 0 20 0 20 0 20 0 20 0 20 0 20 0 20 0 20 0 20 0 20 0 
8329 21 2 21 0 21 0 21 0 21 2 21 0 21 0 21 0 21 0 21 0 21 0 
8344 22 1 22 0 22 0 22 0 22 1 22 0 22 0 22 0 22 0 22 0 22 0 
8359 23 0 23 0 23 0 23 0 23 0 23 0 23 0 23 0 23 0 23 0 23 0 
11301 24 1 24 0 24 0 24 0 24 0 24 0 24 1 24 0 24 0 24 0 24 0 
11316 25 0 25 0 25 0 25 0 25 0 25 0 25 0 25 0 25 0 25 0 25 0 
11318 26 1 26 0 26 0 26 0 26 0 26 0 26 0 26 0 26 1 26 0 26 0 
11333 27 0 27 0 27 0 27 0 27 0 27 0 27 0 27 0 27 0 27 0 27 0 
11346 28 3 28 0 28 0 28 0 28 0 28 0 28 3 28 0 28 0 28 0 28 0 
11361 29 0 29 0 29 0 29 0 29 0 29 0 29 0 29 0 29 0 29 0 29 0 
11363 30 1 30 0 30 0 30 0 30 0 30 0 30 0 30 0 30 1 30 0 30 0 
11378 31 0 31 0 31 0 31 0 31 0 31 0 31 0 31 0 31 0 31 0 31 0 
15496 32 1 32 1 32 0 32 0 32 0 32 0 32 0 32 0 32 0 32 0 32 0 
15511 33 0 33 0 33 0 33 0 33 0 33 0 33 0 33 0 33 0 33 0 33 0 
15541 34 5 34 5 34 0 34 0 34 0 34 0 34 0 34 0 34 0 34 0 34 0 
15556 35 0 35 0 35 0 35 0 35 0 35 0 35 0 35 0 35 0 35 0 35 0 
18171 36 1 36 0 36 0 36 0 36 0 36 0 36 1 36 0 36 0 36 0 36 0 
18186 37 0 37 0 37 0 37 0 37 0 37 0 37 0 37 0 37 0 37 0 37 0 
18201 38 2 38 0 38 0 38 0 38 0 38 0 38 2 38 0 38 0 38 0 38 0 
18216 39 3 39 0 39 0 39 0 39 0 39 0 39 3 39 0 39 0 39 0 39 0 
18231 40 0 40 0 40 0 40 0 40 0 40 0 40 0 40 0 40 0 40 0 40 0 
19360 41 1 41 0 41 0 41 0 41 0 41 0 41 0 41 0 41 0 41 0 41 1 
19375 42 0 42 0 42 0 42 0 42 0 42 0 42 0 42 0 42 0 42 0 42 0 
19390 43 2 43 0 43 0 43 0 43 0 43 0 43 0 43 0 43 0 43 0 43 2 
19405 44 5 44 0 44 0 44 0 44 0 44 0 44 0 44 0 44 0 44 0 44 5 
19420 45 0 45 0 45 0 45 0 45 0 45 0 45 0 45 0 45 0 45 0 45 0 
21428 46 1 46 0 46 0 46 0 46 0 46 0 46 0 46 0 46 1 46 0 46 0 
21443 47 0 47 0 47 0 47 0 47 0 47 0 47 0 47 0 47 0 47 0 47 0 
21458 48 2 48 0 48 0 48 0 48 0 48 0 48 0 48 0 48 2 48 0 48 0 
21473 49 1 49 0 49 0 49 0 49 0 49 0 49 0 49 0 49 1 49 0 49 0 
21488 50 0.5 50 1 50 0 50 0 50 0 50 0 50 0 50 0 50 0 50 0 50 0 
21496 51 0 51 0 51 0 51 0 51 0 51 0 51 0 51 0 51 0 51 0 51 0 
21526 52 5 52 5 52 0 52 0 52 0 52 0 52 0 52 0 52 0 52 0 52 0 
21541 53 0 53 0 53 0 53 0 53 0 53 0 53 0 53 0 53 0 53 0 53 0 
24202 54 1 54 0 54 0 54 0 54 0 54 0 54 0 54 1 54 0 54 0 54 0 
24217 55 0 55 0 55 0 55 0 55 0 55 0 55 0 55 0 55 0 55 0 55 0 
24247 56 5 56 0 56 0 56 0 56 0 56 0 56 0 56 5 56 0 56 0 56 0 
24262 57 0 57 0 57 0 57 0 57 0 57 0 57 0 57 0 57 0 57 0 57 0 
24377 58 1 58 0 58 1 58 0 58 0 58 0 58 0 58 0 58 0 58 0 58 0 
24392 59 0 59 0 59 0 59 0 59 0 59 0 59 0 59 0 59 0 59 0 59 0 
24407 60 2 60 0 60 2 60 0 60 0 60 0 60 0 60 0 60 0 60 0 60 0 
24422 61 3 61 0 61 3 61 0 61 0 61 0 61 0 61 0 61 0 61 0 61 0 
24437 62 0 62 0 62 0 62 0 62 0 62 0 62 0 62 0 62 0 62 0 62 0 
